================================================================================
W&B RUN DATA: scaled-strategic-TD3-Hockey-NORMAL-strong-lr0.0003-seed51
================================================================================

## RUN METADATA
Run ID: 90ap0ae5
Created: 2026-01-09T18:53:15Z
State: running
Duration: 61513.32743936 seconds

## CONFIGURATION
  algorithm: TD3
  mode: NORMAL
  opponent: strong
  learning_rate_actor: 0.0003
  learning_rate_critic: 0.0003
  batch_size: 512
  buffer_size: 1000000
  max_episodes: 100000
  random_seed: 51
  self_play_start: 5000
  self_play_pool_size: 25
  gamma: 0.99
  tau: 0.005

## FINAL SUMMARY

## NOTE: Data discretized to fit 100000 char limit
  Showing ~50 points per metric (of 476 total)

## METRICS DATA

### behavior/action_magnitude_avg
  Total points: 100
  Min: 0.7486, Max: 1.3329, Mean: 1.1395
  Data: [
    0.8914, 0.9966, 0.8438, 0.8179, 0.8269, 0.7486, 0.9452, 0.7730, 0.9749, 0.8786,
    0.9828, 1.0347, 1.0529, 1.0023, 0.9569, 1.0700, 1.0305, 1.0638, 0.9432, 1.0524,
    1.0259, 0.9955, 1.0178, 1.0583, 1.0356, 0.9988, 1.0106, 1.0393, 1.0493, 1.0421,
    1.0235, 1.0164, 1.0210, 1.0144, 0.9897, 0.9687, 1.0380, 1.0199, 1.0968, 1.0188,
    1.0150, 1.1229, 1.1323, 1.0747, 1.0376, 1.1003, 1.0049, 1.0887, 1.0319, 1.0789,
    1.2444, 1.2697, 1.2700, 1.3329, 1.2477, 1.2470, 1.2811, 1.2873, 1.2809, 1.3127,
    1.2863, 1.2915, 1.2848, 1.3094, 1.2655, 1.2616, 1.2479, 1.2925, 1.2828, 1.2678,
    1.2739, 1.2895, 1.2588, 1.2814, 1.2681, 1.2682, 1.2653, 1.3015, 1.3087, 1.2633,
    1.2657, 1.2742, 1.2727, 1.2758, 1.2759, 1.2533, 1.2824, 1.2918, 1.2603, 1.2882,
    1.2756, 1.2813, 1.2878, 1.2634, 1.3034, 1.3031, 1.3054, 1.2393, 1.2702, 1.2848,
  ]

### behavior/action_magnitude_max
  Total points: 100
  Min: 1.2621, Max: 1.4142, Mean: 1.4046
  Data: [
    1.3792, 1.3840, 1.3494, 1.2999, 1.3433, 1.2621, 1.4022, 1.3395, 1.3732, 1.3562,
    1.3946, 1.4142, 1.4142, 1.4117, 1.4066, 1.3883, 1.3974, 1.4142, 1.4023, 1.4142,
    1.3982, 1.4030, 1.4046, 1.4014, 1.4051, 1.3839, 1.4118, 1.4142, 1.4027, 1.4142,
    1.4142, 1.3965, 1.4129, 1.4011, 1.4142, 1.4142, 1.4142, 1.4141, 1.4142, 1.3976,
    1.4141, 1.4142, 1.4142, 1.4119, 1.4142, 1.4106, 1.4142, 1.4142, 1.4087, 1.4019,
    1.4122, 1.4136, 1.4142, 1.4133, 1.4142, 1.4134, 1.4141, 1.4115, 1.4141, 1.4128,
    1.4142, 1.4121, 1.4142, 1.4114, 1.4131, 1.4131, 1.4109, 1.4134, 1.4142, 1.4141,
    1.4132, 1.4142, 1.4140, 1.4139, 1.4137, 1.4140, 1.4129, 1.4142, 1.4142, 1.4141,
    1.4127, 1.4095, 1.4127, 1.4131, 1.4142, 1.4138, 1.4142, 1.4121, 1.4108, 1.4140,
    1.4134, 1.4141, 1.4139, 1.4140, 1.4133, 1.4122, 1.4114, 1.4140, 1.4142, 1.4125,
  ]

### behavior/dist_to_puck_avg
  Total points: 100
  Min: 1.7668, Max: 3.7623, Mean: 2.4451
  Data: [
    3.5360, 3.4070, 3.4303, 3.7152, 3.2597, 2.8696, 3.4838, 3.5527, 3.2658, 3.7623,
    2.4143, 2.6313, 2.4923, 2.7740, 2.5783, 2.7880, 2.5344, 2.5753, 2.8269, 3.0055,
    2.7310, 2.8091, 2.8959, 2.5978, 2.6746, 2.8562, 2.5893, 2.6566, 2.7720, 2.8317,
    2.8750, 3.0412, 2.8666, 2.8860, 3.0971, 2.9137, 2.8242, 2.7032, 2.6876, 2.7203,
    2.9061, 2.9217, 2.5782, 2.8040, 2.9863, 2.8048, 2.9919, 2.9334, 2.9109, 2.6983,
    2.0204, 1.9560, 1.8000, 2.1635, 2.1147, 1.9352, 1.8894, 1.9856, 1.8711, 2.2824,
    1.9968, 1.9761, 2.0184, 1.9371, 1.9712, 2.1575, 2.1102, 1.8909, 1.8148, 1.8657,
    1.8873, 1.8230, 1.9202, 2.0703, 1.7668, 1.7971, 1.9869, 1.8943, 1.8726, 2.0691,
    1.9999, 1.9022, 1.8786, 1.9154, 1.9757, 2.0269, 1.7978, 2.1037, 2.1672, 1.9448,
    2.2838, 1.9460, 1.9245, 1.9963, 1.8024, 2.2550, 2.2464, 1.9251, 1.9639, 2.1405,
  ]

### behavior/dist_to_puck_min
  Total points: 100
  Min: 0.1708, Max: 1.2734, Mean: 0.4323
  Data: [
    1.0459, 1.1389, 0.9246, 0.9545, 0.7175, 0.8711, 0.8879, 1.1290, 0.9404, 1.2734,
    0.7162, 0.4664, 0.3475, 0.5331, 0.5745, 0.5033, 0.6574, 0.4130, 0.5107, 0.5783,
    0.3703, 0.3460, 0.3641, 0.3557, 0.2525, 0.5351, 0.4554, 0.4134, 0.3939, 0.4952,
    0.3433, 0.2763, 0.3866, 0.4598, 0.3576, 0.3203, 0.3225, 0.2688, 0.3132, 0.3134,
    0.2934, 0.3485, 0.2545, 0.3815, 0.2679, 0.7258, 0.2871, 0.6011, 0.4131, 0.2481,
    0.2618, 0.1708, 0.2161, 0.9000, 0.3077, 0.2507, 0.2578, 0.4742, 0.2455, 0.2496,
    0.2184, 0.3284, 0.2202, 0.3184, 0.2195, 0.2594, 0.5382, 0.3017, 0.2755, 0.2451,
    0.4697, 0.2269, 0.4491, 0.2608, 0.2781, 0.2347, 0.6537, 0.2282, 0.2360, 0.3849,
    0.3819, 0.2978, 0.2449, 0.2787, 0.1955, 0.2167, 0.2366, 0.2758, 0.3265, 0.2322,
    0.2962, 0.2337, 0.2845, 0.1975, 0.7676, 0.9867, 1.0108, 0.1768, 0.2488, 0.3139,
  ]

### behavior/distance_traveled
  Total points: 100
  Min: 4.7389, Max: 20.8856, Mean: 11.5414
  Data: [
    12.7830, 8.0090, 8.5480, 8.2675, 9.9848, 9.7397, 8.5235, 9.5181, 10.3505, 8.2232,
    8.7939, 11.2094, 11.1017, 8.7969, 10.9007, 10.8636, 8.7912, 10.4140, 14.0078, 14.6129,
    12.8072, 15.9610, 15.2874, 9.2949, 14.6466, 11.0390, 11.7353, 15.1180, 13.1700, 13.4708,
    13.8686, 13.9365, 11.5043, 14.3772, 14.6145, 15.4545, 14.5209, 16.4451, 12.4785, 16.5819,
    12.6538, 18.0339, 11.9782, 15.2862, 18.7555, 10.0170, 15.2993, 16.4250, 13.9789, 13.9764,
    8.7593, 15.6730, 13.4591, 6.6488, 6.1918, 7.3570, 12.9006, 7.6748, 13.8248, 6.5230,
    15.4966, 4.7389, 16.8123, 5.5581, 13.3747, 5.7118, 4.8019, 9.2412, 16.7924, 10.5343,
    8.2708, 19.9575, 5.1307, 6.4644, 14.0730, 13.0275, 9.9849, 20.0361, 20.8856, 12.4121,
    9.8219, 9.9258, 11.1504, 5.8550, 12.2091, 12.6660, 15.0632, 5.3221, 8.4377, 14.9399,
    4.7672, 17.0660, 6.7983, 15.5486, 8.5672, 6.1639, 7.4654, 7.3430, 8.7044, 7.8527,
  ]

### behavior/lazy_action_ratio
  Total points: 100
  Min: 0.0000, Max: 0.0254, Mean: 0.0025
  Data: [
    0.0086, 0.0070, 0.0164, 0.0122, 0.0249, 0.0153, 0.0053, 0.0254, 0.0120, 0.0120,
    0.0040, 0.0043, 0.0024, 0.0083, 0.0069, 0.0004, 0.0010, 0.0016, 0.0081, 0.0036,
    0.0008, 0.0024, 0.0008, 0.0036, 0.0011, 0.0041, 0.0019, 0.0004, 0.0047, 0.0016,
    0.0030, 0.0021, 0.0044, 0.0036, 0.0066, 0.0042, 0.0004, 0.0056, 0.0020, 0.0032,
    0.0028, 0.0000, 0.0004, 0.0016, 0.0018, 0.0000, 0.0020, 0.0020, 0.0021, 0.0000,
    0.0000, 0.0008, 0.0004, 0.0000, 0.0000, 0.0000, 0.0000, 0.0000, 0.0000, 0.0000,
    0.0000, 0.0000, 0.0000, 0.0000, 0.0004, 0.0000, 0.0000, 0.0000, 0.0000, 0.0000,
    0.0000, 0.0000, 0.0000, 0.0000, 0.0000, 0.0004, 0.0000, 0.0000, 0.0004, 0.0004,
    0.0000, 0.0000, 0.0000, 0.0000, 0.0000, 0.0000, 0.0000, 0.0000, 0.0000, 0.0000,
    0.0000, 0.0000, 0.0000, 0.0000, 0.0000, 0.0000, 0.0000, 0.0000, 0.0000, 0.0000,
  ]

### behavior/puck_touches
  Total points: 100
  Min: 0.2000, Max: 9.0000, Mean: 3.0140
  Data: [
    0.5000, 0.7000, 1.0000, 1.0000, 2.4000, 0.3000, 1.1000, 0.2000, 0.5000, 0.3000,
    0.6000, 1.2000, 1.8000, 1.9000, 2.3000, 1.8000, 1.0000, 2.2000, 2.2000, 1.2000,
    3.0000, 2.8000, 4.3000, 1.8000, 3.6000, 2.2000, 2.6000, 3.5000, 4.1000, 2.6000,
    2.5000, 2.8000, 2.6000, 3.7000, 3.3000, 4.6000, 4.1000, 4.1000, 3.0000, 2.8000,
    3.1000, 2.9000, 2.4000, 3.6000, 3.8000, 3.6000, 3.6000, 2.9000, 3.6000, 4.1000,
    2.2000, 7.5000, 5.5000, 1.5000, 1.8000, 2.4000, 4.2000, 1.3000, 4.7000, 3.3000,
    5.2000, 0.9000, 5.5000, 1.3000, 5.1000, 2.2000, 1.4000, 2.1000, 4.6000, 4.7000,
    1.9000, 5.5000, 1.5000, 2.3000, 4.2000, 6.1000, 2.4000, 5.8000, 6.0000, 7.9000,
    3.2000, 1.4000, 6.2000, 3.3000, 6.9000, 6.8000, 4.9000, 1.6000, 2.2000, 4.5000,
    1.5000, 5.7000, 1.4000, 9.0000, 1.1000, 1.0000, 0.7000, 3.2000, 2.6000, 1.4000,
  ]

### behavior/time_near_puck
  Total points: 100
  Min: 0.6000, Max: 55.0000, Mean: 15.6230
  Data: [
    4.2000, 6.3000, 5.8000, 3.6000, 4.7000, 1.6000, 4.8000, 1.1000, 3.2000, 0.6000,
    1.6000, 4.3000, 5.9000, 3.8000, 8.3000, 3.9000, 1.4000, 7.2000, 6.8000, 2.6000,
    8.5000, 7.9000, 10.1000, 5.8000, 17.4000, 4.6000, 9.1000, 10.6000, 7.0000, 5.6000,
    3.9000, 3.5000, 7.7000, 4.3000, 5.3000, 8.4000, 11.8000, 14.3000, 8.9000, 10.6000,
    7.2000, 5.8000, 6.4000, 7.2000, 7.3000, 7.7000, 6.6000, 10.0000, 4.4000, 6.8000,
    16.0000, 55.0000, 43.2000, 7.8000, 13.4000, 15.0000, 35.9000, 7.8000, 40.7000, 10.0000,
    39.3000, 7.0000, 45.9000, 7.1000, 35.5000, 8.4000, 8.4000, 18.0000, 43.9000, 29.0000,
    12.4000, 53.0000, 8.1000, 12.2000, 38.5000, 39.3000, 13.8000, 47.6000, 54.4000, 45.6000,
    20.7000, 8.1000, 39.7000, 17.3000, 42.4000, 40.4000, 39.8000, 7.9000, 12.9000, 38.1000,
    6.6000, 43.1000, 9.3000, 46.4000, 6.2000, 5.6000, 5.0000, 20.0000, 16.7000, 7.5000,
  ]

### behavior/velocity_avg
  Total points: 100
  Min: 0.0432, Max: 0.1419, Mean: 0.0963
  Data: [
    0.0528, 0.0435, 0.0536, 0.0544, 0.0523, 0.0578, 0.0496, 0.0541, 0.0432, 0.0529,
    0.0475, 0.0809, 0.0960, 0.0868, 0.0922, 0.0719, 0.0904, 0.0805, 0.0901, 0.0895,
    0.1015, 0.0952, 0.0851, 0.0893, 0.0883, 0.0892, 0.0969, 0.0868, 0.0981, 0.0877,
    0.0945, 0.0959, 0.0943, 0.0853, 0.1007, 0.0888, 0.0807, 0.0899, 0.0951, 0.0922,
    0.0946, 0.0914, 0.0955, 0.0963, 0.0845, 0.1052, 0.0916, 0.1031, 0.0991, 0.0928,
    0.1151, 0.0886, 0.1019, 0.1008, 0.1030, 0.1221, 0.0981, 0.1101, 0.0959, 0.1145,
    0.1034, 0.1332, 0.1037, 0.1419, 0.1078, 0.1238, 0.1075, 0.1228, 0.0977, 0.1061,
    0.1240, 0.1090, 0.1099, 0.1261, 0.1078, 0.1065, 0.1056, 0.1017, 0.1078, 0.0989,
    0.1228, 0.1215, 0.0922, 0.1064, 0.0995, 0.0865, 0.1083, 0.1114, 0.1211, 0.1039,
    0.1139, 0.1065, 0.1319, 0.0930, 0.1129, 0.1038, 0.1173, 0.1068, 0.1155, 0.1312,
  ]

### behavior/velocity_max
  Total points: 100
  Min: 0.2062, Max: 0.2392, Mean: 0.2250
  Data: [
    0.2149, 0.2119, 0.2078, 0.2062, 0.2077, 0.2101, 0.2129, 0.2079, 0.2128, 0.2140,
    0.2263, 0.2178, 0.2230, 0.2179, 0.2136, 0.2213, 0.2227, 0.2225, 0.2282, 0.2254,
    0.2287, 0.2249, 0.2213, 0.2194, 0.2309, 0.2187, 0.2276, 0.2361, 0.2240, 0.2259,
    0.2281, 0.2245, 0.2200, 0.2225, 0.2251, 0.2206, 0.2236, 0.2258, 0.2273, 0.2241,
    0.2216, 0.2233, 0.2212, 0.2251, 0.2225, 0.2181, 0.2208, 0.2285, 0.2173, 0.2260,
    0.2265, 0.2280, 0.2298, 0.2321, 0.2263, 0.2299, 0.2278, 0.2294, 0.2262, 0.2300,
    0.2252, 0.2326, 0.2331, 0.2301, 0.2291, 0.2261, 0.2210, 0.2284, 0.2331, 0.2290,
    0.2319, 0.2277, 0.2275, 0.2347, 0.2293, 0.2294, 0.2289, 0.2334, 0.2392, 0.2257,
    0.2262, 0.2261, 0.2266, 0.2216, 0.2284, 0.2278, 0.2321, 0.2249, 0.2294, 0.2290,
    0.2225, 0.2305, 0.2338, 0.2331, 0.2320, 0.2305, 0.2303, 0.2254, 0.2270, 0.2313,
  ]

### eval/selfplay/avg_reward
  Total points: 3
  Min: 5.2858, Max: 7.5110, Mean: 6.2766
  Data: [
    6.0329, 7.5110, 5.2858,
  ]

### eval/selfplay/loss_rate
  Total points: 3
  Min: 0.0600, Max: 0.1800, Mean: 0.1067
  Data: [
    0.0800, 0.0600, 0.1800,
  ]

### eval/selfplay/losses
  Total points: 3
  Min: 3.0000, Max: 9.0000, Mean: 5.3333
  Data: [
    4.0000, 3.0000, 9.0000,
  ]

### eval/selfplay/opponent_age
  Total points: 3
  Min: -40499.0000, Max: -9999.0000, Mean: -20999.0000
  Data: [
    -12499.0000, -9999.0000, -40499.0000,
  ]

### eval/selfplay/tie_rate
  Total points: 3
  Min: 0.0200, Max: 0.1200, Mean: 0.0733
  Data: [
    0.1200, 0.0800, 0.0200,
  ]

### eval/selfplay/ties
  Total points: 3
  Min: 1.0000, Max: 6.0000, Mean: 3.6667
  Data: [
    6.0000, 4.0000, 1.0000,
  ]

### eval/selfplay/win_rate
  Total points: 3
  Min: 0.8000, Max: 0.8600, Mean: 0.8200
  Data: [
    0.8000, 0.8600, 0.8000,
  ]

### eval/selfplay/win_rate_decisive
  Total points: 3
  Min: 0.8163, Max: 0.9348, Mean: 0.8867
  Data: [
    0.9091, 0.9348, 0.8163,
  ]

### eval/selfplay/wins
  Total points: 3
  Min: 40.0000, Max: 43.0000, Mean: 41.0000
  Data: [
    40.0000, 43.0000, 40.0000,
  ]

### eval/strong/avg_reward
  Total points: 25
  Min: -18.0508, Max: 5.2157, Mean: 0.4657
  Data: [
    -18.0508, -4.8080, -3.8213, -1.5561, -0.9772, -0.5127, 1.3813, -3.3748, 0.6572, 3.9148,
    2.6586, 2.8141, 2.6161, 2.6937, 3.2399, 4.0429, 4.7448, 0.3243, -1.1433, 3.8212,
    5.2157, 2.7661, 0.1667, 2.0467, 2.7822,
  ]

### eval/strong/loss_rate
  Total points: 25
  Min: 0.0000, Max: 0.5000, Mean: 0.1160
  Data: [
    0.2800, 0.4000, 0.2400, 0.1400, 0.0600, 0.0000, 0.0200, 0.5000, 0.1000, 0.0200,
    0.0800, 0.1000, 0.0800, 0.0200, 0.2000, 0.1000, 0.1400, 0.0400, 0.0800, 0.0600,
    0.0000, 0.0600, 0.0800, 0.0400, 0.0600,
  ]

### eval/strong/losses
  Total points: 25
  Min: 0.0000, Max: 25.0000, Mean: 5.8000
  Data: [
    14.0000, 20.0000, 12.0000, 7.0000, 3.0000, 0.0000, 1.0000, 25.0000, 5.0000, 1.0000,
    4.0000, 5.0000, 4.0000, 1.0000, 10.0000, 5.0000, 7.0000, 2.0000, 4.0000, 3.0000,
    0.0000, 3.0000, 4.0000, 2.0000, 3.0000,
  ]

### eval/strong/tie_rate
  Total points: 25
  Min: 0.0800, Max: 0.9000, Mean: 0.4360
  Data: [
    0.5400, 0.3000, 0.6800, 0.6600, 0.8400, 0.9000, 0.6000, 0.1200, 0.5000, 0.4000,
    0.2600, 0.2400, 0.4200, 0.4800, 0.1200, 0.2400, 0.0800, 0.6200, 0.6400, 0.2400,
    0.2600, 0.3600, 0.5400, 0.4800, 0.3800,
  ]

### eval/strong/ties
  Total points: 25
  Min: 4.0000, Max: 45.0000, Mean: 21.8000
  Data: [
    27.0000, 15.0000, 34.0000, 33.0000, 42.0000, 45.0000, 30.0000, 6.0000, 25.0000, 20.0000,
    13.0000, 12.0000, 21.0000, 24.0000, 6.0000, 12.0000, 4.0000, 31.0000, 32.0000, 12.0000,
    13.0000, 18.0000, 27.0000, 24.0000, 19.0000,
  ]

### eval/strong/win_rate
  Total points: 25
  Min: 0.0800, Max: 0.7800, Mean: 0.4480
  Data: [
    0.1800, 0.3000, 0.0800, 0.2000, 0.1000, 0.1000, 0.3800, 0.3800, 0.4000, 0.5800,
    0.6600, 0.6600, 0.5000, 0.5000, 0.6800, 0.6600, 0.7800, 0.3400, 0.2800, 0.7000,
    0.7400, 0.5800, 0.3800, 0.4800, 0.5600,
  ]

### eval/strong/win_rate_decisive
  Total points: 25
  Min: 0.2500, Max: 1.0000, Mean: 0.7863
  Data: [
    0.3913, 0.4286, 0.2500, 0.5882, 0.6250, 1.0000, 0.9500, 0.4318, 0.8000, 0.9667,
    0.8919, 0.8684, 0.8621, 0.9615, 0.7727, 0.8684, 0.8478, 0.8947, 0.7778, 0.9211,
    1.0000, 0.9062, 0.8261, 0.9231, 0.9032,
  ]

### eval/strong/wins
  Total points: 25
  Min: 4.0000, Max: 39.0000, Mean: 22.4000
  Data: [
    9.0000, 15.0000, 4.0000, 10.0000, 5.0000, 5.0000, 19.0000, 19.0000, 20.0000, 29.0000,
    33.0000, 33.0000, 25.0000, 25.0000, 34.0000, 33.0000, 39.0000, 17.0000, 14.0000, 35.0000,
    37.0000, 29.0000, 19.0000, 24.0000, 28.0000,
  ]

### eval/weak/avg_reward
  Total points: 25
  Min: -17.7749, Max: 6.7671, Mean: 1.7869
  Data: [
    -17.7749, -4.7937, -4.8673, -0.7760, 0.0768, -0.5644, 2.4338, -1.2387, 1.0237, 5.3292,
    1.6023, 1.6527, 2.2841, 4.1297, 3.1007, 4.0997, 4.7338, 5.4454, 5.8568, 5.8772,
    4.8478, 6.2718, 6.7671, 5.8024, 3.3515,
  ]

### eval/weak/loss_rate
  Total points: 25
  Min: 0.0400, Max: 0.4200, Mean: 0.1512
  Data: [
    0.4000, 0.4200, 0.4200, 0.1000, 0.1600, 0.1200, 0.1200, 0.2200, 0.1600, 0.0800,
    0.1200, 0.1000, 0.2200, 0.0600, 0.1200, 0.1600, 0.1200, 0.0800, 0.1000, 0.0800,
    0.1000, 0.1000, 0.0800, 0.0400, 0.1000,
  ]

### eval/weak/losses
  Total points: 25
  Min: 2.0000, Max: 21.0000, Mean: 7.5600
  Data: [
    20.0000, 21.0000, 21.0000, 5.0000, 8.0000, 6.0000, 6.0000, 11.0000, 8.0000, 4.0000,
    6.0000, 5.0000, 11.0000, 3.0000, 6.0000, 8.0000, 6.0000, 4.0000, 5.0000, 4.0000,
    5.0000, 5.0000, 4.0000, 2.0000, 5.0000,
  ]

### eval/weak/tie_rate
  Total points: 25
  Min: 0.0600, Max: 0.6600, Mean: 0.2952
  Data: [
    0.5600, 0.3200, 0.4000, 0.6600, 0.5400, 0.6600, 0.3000, 0.4400, 0.3800, 0.1600,
    0.3200, 0.3800, 0.2000, 0.3200, 0.2600, 0.1200, 0.1400, 0.1600, 0.1000, 0.1400,
    0.1600, 0.0600, 0.0600, 0.2000, 0.3400,
  ]

### eval/weak/ties
  Total points: 25
  Min: 3.0000, Max: 33.0000, Mean: 14.7600
  Data: [
    28.0000, 16.0000, 20.0000, 33.0000, 27.0000, 33.0000, 15.0000, 22.0000, 19.0000, 8.0000,
    16.0000, 19.0000, 10.0000, 16.0000, 13.0000, 6.0000, 7.0000, 8.0000, 5.0000, 7.0000,
    8.0000, 3.0000, 3.0000, 10.0000, 17.0000,
  ]

### eval/weak/win_rate
  Total points: 25
  Min: 0.0400, Max: 0.8600, Mean: 0.5536
  Data: [
    0.0400, 0.2600, 0.1800, 0.2400, 0.3000, 0.2200, 0.5800, 0.3400, 0.4600, 0.7600,
    0.5600, 0.5200, 0.5800, 0.6200, 0.6200, 0.7200, 0.7400, 0.7600, 0.8000, 0.7800,
    0.7400, 0.8400, 0.8600, 0.7600, 0.5600,
  ]

### eval/weak/win_rate_decisive
  Total points: 25
  Min: 0.0909, Max: 0.9500, Mean: 0.7546
  Data: [
    0.0909, 0.3824, 0.3000, 0.7059, 0.6522, 0.6471, 0.8286, 0.6071, 0.7419, 0.9048,
    0.8235, 0.8387, 0.7250, 0.9118, 0.8378, 0.8182, 0.8605, 0.9048, 0.8889, 0.9070,
    0.8810, 0.8936, 0.9149, 0.9500, 0.8485,
  ]

### eval/weak/wins
  Total points: 25
  Min: 2.0000, Max: 43.0000, Mean: 27.6800
  Data: [
    2.0000, 13.0000, 9.0000, 12.0000, 15.0000, 11.0000, 29.0000, 17.0000, 23.0000, 38.0000,
    28.0000, 26.0000, 29.0000, 31.0000, 31.0000, 36.0000, 37.0000, 38.0000, 40.0000, 39.0000,
    37.0000, 42.0000, 43.0000, 38.0000, 28.0000,
  ]

### losses/actor_loss
  Total points: 100
  Min: -1.5458, Max: 2.0422, Mean: 0.1063
  Data: [
    0.0000, 0.0000, 0.0000, 0.0000, 0.0000, 0.0000, 0.0000, 0.0000, 0.0000, 0.0000,
    0.3353, 1.7598, 1.9960, 1.9729, 2.0289, 2.0272, 2.0202, 2.0422, 1.9979, 1.9899,
    1.9092, 1.9229, 1.7840, 1.7342, 1.7086, 1.6504, 1.6352, 1.5703, 1.4963, 1.4743,
    1.5730, 1.6876, 1.6696, 1.5369, 1.6030, 1.6213, 1.6210, 1.5793, 1.5565, 1.5712,
    1.5939, 1.6595, 1.6209, 1.6113, 1.7094, 1.7555, 1.7499, 1.8252, 1.7303, 1.8320,
    -1.2423, -1.3446, -1.2211, -1.2677, -1.1795, -1.2934, -1.3635, -1.4278, -1.5017, -1.4731,
    -1.5458, -1.5413, -1.4871, -1.3595, -1.3257, -1.2801, -1.3323, -1.2738, -1.1844, -1.0493,
    -1.2978, -1.2095, -1.0849, -0.9638, -1.2521, -1.0720, -1.0931, -0.9415, -1.1027, -1.0815,
    -0.9289, -0.8008, -0.9298, -0.9332, -0.8860, -0.9006, -0.8366, -0.6423, -0.8161, -0.7447,
    -0.8455, -0.7670, -0.8454, -0.7504, -1.2991, -1.4557, -1.5002, -1.1803, -1.3747, -1.3027,
  ]

### losses/critic_loss
  Total points: 100
  Min: 0.0000, Max: 0.2279, Mean: 0.1305
  Data: [
    0.0000, 0.0000, 0.0000, 0.0000, 0.0000, 0.0000, 0.0000, 0.0000, 0.0000, 0.0000,
    0.0217, 0.0248, 0.0359, 0.0433, 0.0471, 0.0439, 0.0444, 0.0487, 0.0672, 0.0674,
    0.0669, 0.0721, 0.0904, 0.0716, 0.0770, 0.0769, 0.0766, 0.0914, 0.0892, 0.0954,
    0.1063, 0.1107, 0.1075, 0.1053, 0.0989, 0.0894, 0.0948, 0.1064, 0.1074, 0.1157,
    0.0916, 0.1015, 0.1012, 0.0977, 0.1025, 0.0927, 0.1076, 0.0748, 0.0930, 0.1002,
    0.2008, 0.1982, 0.1892, 0.2072, 0.1671, 0.1838, 0.2158, 0.1942, 0.1881, 0.1971,
    0.2000, 0.2074, 0.1987, 0.2118, 0.1934, 0.1954, 0.2279, 0.2088, 0.2067, 0.2129,
    0.1958, 0.2099, 0.1952, 0.2019, 0.1907, 0.1980, 0.1848, 0.1980, 0.1952, 0.1884,
    0.1806, 0.2066, 0.1965, 0.1959, 0.2008, 0.1698, 0.1868, 0.2053, 0.1946, 0.1904,
    0.2146, 0.1747, 0.1839, 0.1809, 0.2147, 0.2124, 0.1880, 0.1731, 0.1765, 0.1814,
  ]

### pbrs/annealing_weight
  Total points: 100
  Min: 0.0000, Max: 0.0000, Mean: 0.0000
  Data: [
    0.0000, 0.0000, 0.0000, 0.0000, 0.0000, 0.0000, 0.0000, 0.0000, 0.0000, 0.0000,
    0.0000, 0.0000, 0.0000, 0.0000, 0.0000, 0.0000, 0.0000, 0.0000, 0.0000, 0.0000,
    0.0000, 0.0000, 0.0000, 0.0000, 0.0000, 0.0000, 0.0000, 0.0000, 0.0000, 0.0000,
    0.0000, 0.0000, 0.0000, 0.0000, 0.0000, 0.0000, 0.0000, 0.0000, 0.0000, 0.0000,
    0.0000, 0.0000, 0.0000, 0.0000, 0.0000, 0.0000, 0.0000, 0.0000, 0.0000, 0.0000,
    0.0000, 0.0000, 0.0000, 0.0000, 0.0000, 0.0000, 0.0000, 0.0000, 0.0000, 0.0000,
    0.0000, 0.0000, 0.0000, 0.0000, 0.0000, 0.0000, 0.0000, 0.0000, 0.0000, 0.0000,
    0.0000, 0.0000, 0.0000, 0.0000, 0.0000, 0.0000, 0.0000, 0.0000, 0.0000, 0.0000,
    0.0000, 0.0000, 0.0000, 0.0000, 0.0000, 0.0000, 0.0000, 0.0000, 0.0000, 0.0000,
    0.0000, 0.0000, 0.0000, 0.0000, 0.0000, 0.0000, 0.0000, 0.0000, 0.0000, 0.0000,
  ]

### pbrs/avg_per_episode
  Total points: 100
  Min: 0.0003, Max: 0.0033, Mean: 0.0015
  Data: [
    0.0016, 0.0021, 0.0022, 0.0021, 0.0022, 0.0023, 0.0023, 0.0023, 0.0023, 0.0023,
    0.0023, 0.0026, 0.0028, 0.0028, 0.0028, 0.0028, 0.0028, 0.0030, 0.0030, 0.0030,
    0.0031, 0.0031, 0.0031, 0.0032, 0.0032, 0.0032, 0.0032, 0.0032, 0.0033, 0.0033,
    0.0033, 0.0033, 0.0032, 0.0032, 0.0032, 0.0032, 0.0032, 0.0032, 0.0031, 0.0031,
    0.0030, 0.0029, 0.0028, 0.0028, 0.0027, 0.0026, 0.0026, 0.0026, 0.0025, 0.0025,
    0.0003, 0.0003, 0.0003, 0.0003, 0.0003, 0.0003, 0.0003, 0.0003, 0.0003, 0.0003,
    0.0003, 0.0003, 0.0003, 0.0003, 0.0003, 0.0003, 0.0003, 0.0003, 0.0003, 0.0003,
    0.0003, 0.0003, 0.0003, 0.0003, 0.0003, 0.0003, 0.0003, 0.0003, 0.0003, 0.0003,
    0.0003, 0.0003, 0.0003, 0.0003, 0.0003, 0.0003, 0.0003, 0.0003, 0.0003, 0.0003,
    0.0003, 0.0003, 0.0003, 0.0003, 0.0003, 0.0003, 0.0003, 0.0003, 0.0003, 0.0003,
  ]

### performance/cumulative_win_rate
  Total points: 100
  Min: 0.0437, Max: 0.5924, Mean: 0.3741
  Data: [
    0.0500, 0.0437, 0.0848, 0.0829, 0.0851, 0.0897, 0.0918, 0.0920, 0.0910, 0.0913,
    0.0921, 0.1174, 0.1304, 0.1310, 0.1318, 0.1333, 0.1342, 0.1449, 0.1513, 0.1561,
    0.1617, 0.1631, 0.1704, 0.1742, 0.1795, 0.1798, 0.1811, 0.1842, 0.1871, 0.1909,
    0.1917, 0.1954, 0.2006, 0.2024, 0.2028, 0.2028, 0.2049, 0.2056, 0.2123, 0.2135,
    0.2188, 0.2207, 0.2219, 0.2222, 0.2210, 0.2210, 0.2217, 0.2217, 0.2215, 0.2228,
    0.5793, 0.5792, 0.5795, 0.5798, 0.5799, 0.5806, 0.5812, 0.5817, 0.5820, 0.5821,
    0.5823, 0.5827, 0.5832, 0.5832, 0.5838, 0.5841, 0.5845, 0.5847, 0.5848, 0.5848,
    0.5849, 0.5849, 0.5852, 0.5852, 0.5852, 0.5853, 0.5852, 0.5853, 0.5852, 0.5853,
    0.5856, 0.5856, 0.5857, 0.5858, 0.5860, 0.5868, 0.5870, 0.5874, 0.5877, 0.5883,
    0.5885, 0.5889, 0.5895, 0.5895, 0.5898, 0.5908, 0.5909, 0.5922, 0.5923, 0.5924,
  ]

### performance/losses
  Total points: 100
  Min: 4.0000, Max: 13473.0000, Mean: 7290.7600
  Data: [
    4.0000, 46.0000, 164.0000, 200.0000, 235.0000, 320.0000, 381.0000, 393.0000, 436.0000, 456.0000,
    531.0000, 720.0000, 838.0000, 853.0000, 862.0000, 889.0000, 908.0000, 1033.0000, 1203.0000, 1246.0000,
    1304.0000, 1328.0000, 1405.0000, 1429.0000, 1487.0000, 1533.0000, 1556.0000, 1598.0000, 1635.0000, 1672.0000,
    1680.0000, 1765.0000, 1905.0000, 1932.0000, 1947.0000, 1960.0000, 1978.0000, 1995.0000, 2147.0000, 2169.0000,
    2254.0000, 2393.0000, 2450.0000, 2485.0000, 2577.0000, 2628.0000, 2669.0000, 2692.0000, 2736.0000, 2785.0000,
    12797.0000, 12798.0000, 12802.0000, 12811.0000, 12815.0000, 12864.0000, 12916.0000, 12946.0000, 12960.0000, 12963.0000,
    12971.0000, 12981.0000, 12998.0000, 13010.0000, 13032.0000, 13061.0000, 13081.0000, 13095.0000, 13101.0000, 13119.0000,
    13124.0000, 13126.0000, 13155.0000, 13161.0000, 13164.0000, 13166.0000, 13173.0000, 13175.0000, 13178.0000, 13179.0000,
    13194.0000, 13214.0000, 13217.0000, 13223.0000, 13244.0000, 13269.0000, 13275.0000, 13286.0000, 13299.0000, 13319.0000,
    13323.0000, 13343.0000, 13359.0000, 13362.0000, 13383.0000, 13413.0000, 13417.0000, 13464.0000, 13465.0000, 13473.0000,
  ]

### performance/ties
  Total points: 100
  Min: 15.0000, Max: 23423.0000, Mean: 12525.5800
  Data: [
    15.0000, 107.0000, 440.0000, 552.0000, 625.0000, 827.0000, 945.0000, 969.0000, 1073.0000, 1107.0000,
    1303.0000, 1557.0000, 1649.0000, 1667.0000, 1673.0000, 1711.0000, 1724.0000, 1823.0000, 2005.0000, 2079.0000,
    2150.0000, 2187.0000, 2262.0000, 2287.0000, 2353.0000, 2404.0000, 2424.0000, 2481.0000, 2527.0000, 2600.0000,
    2604.0000, 2773.0000, 3051.0000, 3109.0000, 3139.0000, 3158.0000, 3190.0000, 3216.0000, 3477.0000, 3525.0000,
    3714.0000, 3997.0000, 4164.0000, 4266.0000, 4496.0000, 4601.0000, 4694.0000, 4764.0000, 4831.0000, 4940.0000,
    21577.0000, 21588.0000, 21601.0000, 21608.0000, 21617.0000, 21706.0000, 21845.0000, 21937.0000, 21975.0000, 21976.0000,
    22028.0000, 22058.0000, 22124.0000, 22126.0000, 22202.0000, 22321.0000, 22383.0000, 22423.0000, 22433.0000, 22490.0000,
    22504.0000, 22522.0000, 22644.0000, 22650.0000, 22663.0000, 22668.0000, 22681.0000, 22700.0000, 22715.0000, 22721.0000,
    22753.0000, 22827.0000, 22831.0000, 22855.0000, 22928.0000, 23002.0000, 23025.0000, 23046.0000, 23113.0000, 23146.0000,
    23156.0000, 23237.0000, 23277.0000, 23291.0000, 23336.0000, 23370.0000, 23383.0000, 23419.0000, 23419.0000, 23423.0000,
  ]

### performance/wins
  Total points: 100
  Min: 1.0000, Max: 53624.0000, Mean: 25690.2600
  Data: [
    1.0000, 7.0000, 56.0000, 68.0000, 80.0000, 113.0000, 134.0000, 138.0000, 151.0000, 157.0000,
    186.0000, 303.0000, 373.0000, 380.0000, 385.0000, 400.0000, 408.0000, 484.0000, 572.0000, 615.0000,
    666.0000, 685.0000, 753.0000, 784.0000, 840.0000, 863.0000, 880.0000, 921.0000, 958.0000, 1008.0000,
    1016.0000, 1102.0000, 1244.0000, 1279.0000, 1294.0000, 1302.0000, 1332.0000, 1349.0000, 1516.0000, 1546.0000,
    1672.0000, 1810.0000, 1886.0000, 1929.0000, 2007.0000, 2051.0000, 2097.0000, 2124.0000, 2153.0000, 2215.0000,
    47326.0000, 47334.0000, 47417.0000, 47501.0000, 47528.0000, 47850.0000, 48239.0000, 48517.0000, 48645.0000, 48661.0000,
    48781.0000, 48921.0000, 49138.0000, 49164.0000, 49426.0000, 49698.0000, 49896.0000, 50002.0000, 50046.0000, 50151.0000,
    50212.0000, 50232.0000, 50501.0000, 50529.0000, 50553.0000, 50566.0000, 50586.0000, 50625.0000, 50647.0000, 50660.0000,
    50793.0000, 50939.0000, 50952.0000, 51022.0000, 51208.0000, 51509.0000, 51600.0000, 51728.0000, 51908.0000, 52115.0000,
    52161.0000, 52400.0000, 52604.0000, 52627.0000, 52801.0000, 53097.0000, 53160.0000, 53557.0000, 53576.0000, 53624.0000,
  ]

### rewards/p1
  Total points: 100
  Min: -29.9222, Max: 10.2583, Mean: -1.7044
  Data: [
    -29.9222, -24.7835, -25.2796, -28.0463, -19.2283, -20.1081, -29.0821, -28.1796, -26.0613, -26.2860,
    -9.4846, -9.4978, -2.6987, -5.9706, -4.4451, -6.0111, -11.5631, -8.3646, -7.0863, -14.0869,
    -1.8486, -3.8427, -6.9703, -6.8770, -2.1559, -6.3630, -4.5292, -5.8353, -3.6722, -1.9420,
    -5.2987, -0.7885, -5.2905, -4.6060, -4.3908, -5.3699, -1.1203, -4.8823, -6.5123, -1.9332,
    1.7313, -0.8881, 0.4293, -6.1496, -6.9193, -1.9654, -3.4136, -2.5688, -4.2016, -4.0290,
    8.4117, 2.8366, 2.7571, 3.9288, 10.0464, 9.7696, 9.0661, 6.5867, 6.4897, 7.9186,
    0.3934, 7.8643, 3.7588, 0.8678, 7.8139, 9.5829, 9.1522, 8.6784, 2.3937, 6.2959,
    6.7211, -1.5922, 6.8431, 7.6598, 4.4084, 5.6570, 3.8856, 2.2408, 0.1970, 3.6876,
    4.6214, 3.2565, 8.0911, 8.7361, 5.8943, 2.9610, 4.0275, 8.1612, 4.4740, 5.2409,
    10.2583, 2.3875, 9.5863, 0.7103, 1.2521, 6.9912, 2.2250, 9.7131, 9.0929, 5.9514,
  ]

### rewards/p2
  Total points: 100
  Min: 0.0000, Max: 0.0000, Mean: 0.0000
  Data: [
    0.0000, 0.0000, 0.0000, 0.0000, 0.0000, 0.0000, 0.0000, 0.0000, 0.0000, 0.0000,
    0.0000, 0.0000, 0.0000, 0.0000, 0.0000, 0.0000, 0.0000, 0.0000, 0.0000, 0.0000,
    0.0000, 0.0000, 0.0000, 0.0000, 0.0000, 0.0000, 0.0000, 0.0000, 0.0000, 0.0000,
    0.0000, 0.0000, 0.0000, 0.0000, 0.0000, 0.0000, 0.0000, 0.0000, 0.0000, 0.0000,
    0.0000, 0.0000, 0.0000, 0.0000, 0.0000, 0.0000, 0.0000, 0.0000, 0.0000, 0.0000,
    0.0000, 0.0000, 0.0000, 0.0000, 0.0000, 0.0000, 0.0000, 0.0000, 0.0000, 0.0000,
    0.0000, 0.0000, 0.0000, 0.0000, 0.0000, 0.0000, 0.0000, 0.0000, 0.0000, 0.0000,
    0.0000, 0.0000, 0.0000, 0.0000, 0.0000, 0.0000, 0.0000, 0.0000, 0.0000, 0.0000,
    0.0000, 0.0000, 0.0000, 0.0000, 0.0000, 0.0000, 0.0000, 0.0000, 0.0000, 0.0000,
    0.0000, 0.0000, 0.0000, 0.0000, 0.0000, 0.0000, 0.0000, 0.0000, 0.0000, 0.0000,
  ]

### rewards/sparse_only
  Total points: 100
  Min: 0.0000, Max: 0.0000, Mean: 0.0000
  Data: [
    0.0000, 0.0000, 0.0000, 0.0000, 0.0000, 0.0000, 0.0000, 0.0000, 0.0000, 0.0000,
    0.0000, 0.0000, 0.0000, 0.0000, 0.0000, 0.0000, 0.0000, 0.0000, 0.0000, 0.0000,
    0.0000, 0.0000, 0.0000, 0.0000, 0.0000, 0.0000, 0.0000, 0.0000, 0.0000, 0.0000,
    0.0000, 0.0000, 0.0000, 0.0000, 0.0000, 0.0000, 0.0000, 0.0000, 0.0000, 0.0000,
    0.0000, 0.0000, 0.0000, 0.0000, 0.0000, 0.0000, 0.0000, 0.0000, 0.0000, 0.0000,
    0.0000, 0.0000, 0.0000, 0.0000, 0.0000, 0.0000, 0.0000, 0.0000, 0.0000, 0.0000,
    0.0000, 0.0000, 0.0000, 0.0000, 0.0000, 0.0000, 0.0000, 0.0000, 0.0000, 0.0000,
    0.0000, 0.0000, 0.0000, 0.0000, 0.0000, 0.0000, 0.0000, 0.0000, 0.0000, 0.0000,
    0.0000, 0.0000, 0.0000, 0.0000, 0.0000, 0.0000, 0.0000, 0.0000, 0.0000, 0.0000,
    0.0000, 0.0000, 0.0000, 0.0000, 0.0000, 0.0000, 0.0000, 0.0000, 0.0000, 0.0000,
  ]

### rewards/sparse_ratio
  Total points: 100
  Min: 0.0000, Max: 0.0000, Mean: 0.0000
  Data: [
    0.0000, 0.0000, 0.0000, 0.0000, 0.0000, 0.0000, 0.0000, 0.0000, 0.0000, 0.0000,
    0.0000, 0.0000, 0.0000, 0.0000, 0.0000, 0.0000, 0.0000, 0.0000, 0.0000, 0.0000,
    0.0000, 0.0000, 0.0000, 0.0000, 0.0000, 0.0000, 0.0000, 0.0000, 0.0000, 0.0000,
    0.0000, 0.0000, 0.0000, 0.0000, 0.0000, 0.0000, 0.0000, 0.0000, 0.0000, 0.0000,
    0.0000, 0.0000, 0.0000, 0.0000, 0.0000, 0.0000, 0.0000, 0.0000, 0.0000, 0.0000,
    0.0000, 0.0000, 0.0000, 0.0000, 0.0000, 0.0000, 0.0000, 0.0000, 0.0000, 0.0000,
    0.0000, 0.0000, 0.0000, 0.0000, 0.0000, 0.0000, 0.0000, 0.0000, 0.0000, 0.0000,
    0.0000, 0.0000, 0.0000, 0.0000, 0.0000, 0.0000, 0.0000, 0.0000, 0.0000, 0.0000,
    0.0000, 0.0000, 0.0000, 0.0000, 0.0000, 0.0000, 0.0000, 0.0000, 0.0000, 0.0000,
    0.0000, 0.0000, 0.0000, 0.0000, 0.0000, 0.0000, 0.0000, 0.0000, 0.0000, 0.0000,
  ]

### scoring/goals_conceded
  Total points: 100
  Min: 4.0000, Max: 13473.0000, Mean: 7290.7600
  Data: [
    4.0000, 46.0000, 164.0000, 200.0000, 235.0000, 320.0000, 381.0000, 393.0000, 436.0000, 456.0000,
    531.0000, 720.0000, 838.0000, 853.0000, 862.0000, 889.0000, 908.0000, 1033.0000, 1203.0000, 1246.0000,
    1304.0000, 1328.0000, 1405.0000, 1429.0000, 1487.0000, 1533.0000, 1556.0000, 1598.0000, 1635.0000, 1672.0000,
    1680.0000, 1765.0000, 1905.0000, 1932.0000, 1947.0000, 1960.0000, 1978.0000, 1995.0000, 2147.0000, 2169.0000,
    2254.0000, 2393.0000, 2450.0000, 2485.0000, 2577.0000, 2628.0000, 2669.0000, 2692.0000, 2736.0000, 2785.0000,
    12797.0000, 12798.0000, 12802.0000, 12811.0000, 12815.0000, 12864.0000, 12916.0000, 12946.0000, 12960.0000, 12963.0000,
    12971.0000, 12981.0000, 12998.0000, 13010.0000, 13032.0000, 13061.0000, 13081.0000, 13095.0000, 13101.0000, 13119.0000,
    13124.0000, 13126.0000, 13155.0000, 13161.0000, 13164.0000, 13166.0000, 13173.0000, 13175.0000, 13178.0000, 13179.0000,
    13194.0000, 13214.0000, 13217.0000, 13223.0000, 13244.0000, 13269.0000, 13275.0000, 13286.0000, 13299.0000, 13319.0000,
    13323.0000, 13343.0000, 13359.0000, 13362.0000, 13383.0000, 13413.0000, 13417.0000, 13464.0000, 13465.0000, 13473.0000,
  ]

### scoring/goals_scored
  Total points: 100
  Min: 1.0000, Max: 53624.0000, Mean: 25690.2600
  Data: [
    1.0000, 7.0000, 56.0000, 68.0000, 80.0000, 113.0000, 134.0000, 138.0000, 151.0000, 157.0000,
    186.0000, 303.0000, 373.0000, 380.0000, 385.0000, 400.0000, 408.0000, 484.0000, 572.0000, 615.0000,
    666.0000, 685.0000, 753.0000, 784.0000, 840.0000, 863.0000, 880.0000, 921.0000, 958.0000, 1008.0000,
    1016.0000, 1102.0000, 1244.0000, 1279.0000, 1294.0000, 1302.0000, 1332.0000, 1349.0000, 1516.0000, 1546.0000,
    1672.0000, 1810.0000, 1886.0000, 1929.0000, 2007.0000, 2051.0000, 2097.0000, 2124.0000, 2153.0000, 2215.0000,
    47326.0000, 47334.0000, 47417.0000, 47501.0000, 47528.0000, 47850.0000, 48239.0000, 48517.0000, 48645.0000, 48661.0000,
    48781.0000, 48921.0000, 49138.0000, 49164.0000, 49426.0000, 49698.0000, 49896.0000, 50002.0000, 50046.0000, 50151.0000,
    50212.0000, 50232.0000, 50501.0000, 50529.0000, 50553.0000, 50566.0000, 50586.0000, 50625.0000, 50647.0000, 50660.0000,
    50793.0000, 50939.0000, 50952.0000, 51022.0000, 51208.0000, 51509.0000, 51600.0000, 51728.0000, 51908.0000, 52115.0000,
    52161.0000, 52400.0000, 52604.0000, 52627.0000, 52801.0000, 53097.0000, 53160.0000, 53557.0000, 53576.0000, 53624.0000,
  ]

### selfplay/active
  Total points: 100
  Min: 0.0000, Max: 1.0000, Mean: 0.5000
  Data: [
    0.0000, 0.0000, 0.0000, 0.0000, 0.0000, 0.0000, 0.0000, 0.0000, 0.0000, 0.0000,
    0.0000, 0.0000, 0.0000, 0.0000, 0.0000, 0.0000, 0.0000, 0.0000, 0.0000, 0.0000,
    0.0000, 0.0000, 0.0000, 0.0000, 0.0000, 0.0000, 0.0000, 0.0000, 0.0000, 0.0000,
    0.0000, 0.0000, 0.0000, 0.0000, 0.0000, 0.0000, 0.0000, 0.0000, 0.0000, 0.0000,
    0.0000, 0.0000, 0.0000, 0.0000, 0.0000, 0.0000, 0.0000, 0.0000, 0.0000, 0.0000,
    1.0000, 1.0000, 1.0000, 1.0000, 1.0000, 1.0000, 1.0000, 1.0000, 1.0000, 1.0000,
    1.0000, 1.0000, 1.0000, 1.0000, 1.0000, 1.0000, 1.0000, 1.0000, 1.0000, 1.0000,
    1.0000, 1.0000, 1.0000, 1.0000, 1.0000, 1.0000, 1.0000, 1.0000, 1.0000, 1.0000,
    1.0000, 1.0000, 1.0000, 1.0000, 1.0000, 1.0000, 1.0000, 1.0000, 1.0000, 1.0000,
    1.0000, 1.0000, 1.0000, 1.0000, 1.0000, 1.0000, 1.0000, 1.0000, 1.0000, 1.0000,
  ]

### selfplay/anchor_balance_score
  Total points: 100
  Min: 0.0000, Max: 1.0000, Mean: 0.9736
  Data: [
    0.0000, 0.0000, 0.8571, 0.8889, 0.9231, 0.9333, 0.9677, 1.0000, 0.9756, 0.9796,
    1.0000, 1.0000, 1.0000, 0.9890, 0.9892, 0.9892, 0.9892, 0.9895, 1.0000, 0.9897,
    0.9899, 1.0000, 1.0000, 0.9907, 1.0000, 1.0000, 0.9922, 0.9926, 0.9931, 0.9932,
    1.0000, 1.0000, 1.0000, 0.9949, 1.0000, 0.9958, 1.0000, 1.0000, 0.9960, 1.0000,
    0.9964, 0.9965, 0.9966, 0.9967, 1.0000, 0.9968, 1.0000, 0.9969, 1.0000, 0.9970,
    1.0000, 0.9995, 0.9995, 0.9995, 0.9995, 1.0000, 1.0000, 1.0000, 1.0000, 1.0000,
    0.9995, 0.9995, 1.0000, 1.0000, 0.9995, 0.9995, 1.0000, 0.9995, 1.0000, 1.0000,
    1.0000, 1.0000, 1.0000, 0.9995, 1.0000, 0.9995, 1.0000, 0.9995, 0.9995, 1.0000,
    0.9995, 1.0000, 0.9995, 0.9995, 0.9995, 0.9995, 0.9995, 0.9995, 0.9995, 1.0000,
    1.0000, 0.9995, 0.9995, 0.9995, 1.0000, 1.0000, 0.9995, 1.0000, 0.9996, 0.9996,
  ]

### selfplay/anchor_ratio_current
  Total points: 100
  Min: 0.5000, Max: 0.7000, Mean: 0.6000
  Data: [
    0.5000, 0.5000, 0.5000, 0.5000, 0.5000, 0.5000, 0.5000, 0.5000, 0.5000, 0.5000,
    0.5000, 0.5000, 0.5000, 0.5000, 0.5000, 0.5000, 0.5000, 0.5000, 0.5000, 0.5000,
    0.5000, 0.5000, 0.5000, 0.5000, 0.5000, 0.5000, 0.5000, 0.5000, 0.5000, 0.5000,
    0.5000, 0.5000, 0.5000, 0.5000, 0.5000, 0.5000, 0.5000, 0.5000, 0.5000, 0.5000,
    0.5000, 0.5000, 0.5000, 0.5000, 0.5000, 0.5000, 0.5000, 0.5000, 0.5000, 0.5000,
    0.7000, 0.7000, 0.7000, 0.7000, 0.7000, 0.7000, 0.7000, 0.7000, 0.7000, 0.7000,
    0.7000, 0.7000, 0.7000, 0.7000, 0.7000, 0.7000, 0.7000, 0.7000, 0.7000, 0.7000,
    0.7000, 0.7000, 0.7000, 0.7000, 0.7000, 0.7000, 0.7000, 0.7000, 0.7000, 0.7000,
    0.7000, 0.7000, 0.7000, 0.7000, 0.7000, 0.7000, 0.7000, 0.7000, 0.7000, 0.7000,
    0.7000, 0.7000, 0.7000, 0.7000, 0.7000, 0.7000, 0.7000, 0.7000, 0.7000, 0.7000,
  ]

### selfplay/anchor_strong_episodes
  Total points: 100
  Min: 0.0000, Max: 1116.0000, Mean: 556.9200
  Data: [
    0.0000, 0.0000, 4.0000, 5.0000, 7.0000, 8.0000, 15.0000, 16.0000, 20.0000, 25.0000,
    25.0000, 44.0000, 45.0000, 45.0000, 47.0000, 47.0000, 47.0000, 47.0000, 48.0000, 49.0000,
    49.0000, 50.0000, 53.0000, 54.0000, 55.0000, 64.0000, 64.0000, 67.0000, 73.0000, 73.0000,
    74.0000, 78.0000, 82.0000, 99.0000, 114.0000, 120.0000, 120.0000, 125.0000, 125.0000, 128.0000,
    140.0000, 143.0000, 148.0000, 149.0000, 153.0000, 155.0000, 156.0000, 159.0000, 163.0000, 164.0000,
    959.0000, 960.0000, 962.0000, 962.0000, 963.0000, 972.0000, 982.0000, 990.0000, 993.0000, 993.0000,
    998.0000, 1000.0000, 1005.0000, 1005.0000, 1012.0000, 1020.0000, 1024.0000, 1027.0000, 1028.0000, 1031.0000,
    1032.0000, 1033.0000, 1040.0000, 1040.0000, 1041.0000, 1041.0000, 1042.0000, 1043.0000, 1044.0000, 1044.0000,
    1047.0000, 1053.0000, 1053.0000, 1055.0000, 1060.0000, 1068.0000, 1071.0000, 1072.0000, 1078.0000, 1083.0000,
    1084.0000, 1092.0000, 1095.0000, 1096.0000, 1100.0000, 1105.0000, 1106.0000, 1115.0000, 1116.0000, 1116.0000,
  ]

### selfplay/anchor_strong_ratio
  Total points: 100
  Min: 0.0000, Max: 0.5714, Mean: 0.4918
  Data: [
    0.0000, 0.0000, 0.5714, 0.5556, 0.5385, 0.5333, 0.4839, 0.5000, 0.4878, 0.5102,
    0.5000, 0.5000, 0.5000, 0.4945, 0.5054, 0.5054, 0.5054, 0.4947, 0.5000, 0.5052,
    0.4949, 0.5000, 0.5000, 0.5047, 0.5000, 0.5000, 0.4961, 0.4963, 0.5034, 0.4966,
    0.5000, 0.5000, 0.5000, 0.5025, 0.5000, 0.5021, 0.5000, 0.5000, 0.4980, 0.5000,
    0.4982, 0.5018, 0.5017, 0.4983, 0.5000, 0.5016, 0.5000, 0.4984, 0.5000, 0.4985,
    0.5000, 0.5003, 0.5003, 0.4997, 0.4997, 0.5000, 0.5000, 0.5000, 0.5000, 0.5000,
    0.5003, 0.4998, 0.5000, 0.5000, 0.4998, 0.5002, 0.5000, 0.4998, 0.5000, 0.5000,
    0.5000, 0.5000, 0.5000, 0.4998, 0.5000, 0.4998, 0.5000, 0.5002, 0.5002, 0.5000,
    0.4998, 0.5000, 0.4998, 0.4998, 0.4998, 0.4998, 0.5002, 0.4998, 0.4998, 0.5000,
    0.5000, 0.5002, 0.4998, 0.4998, 0.5000, 0.5000, 0.4998, 0.5000, 0.5002, 0.4998,
  ]

### selfplay/anchor_weak_episodes
  Total points: 100
  Min: 1.0000, Max: 1117.0000, Mean: 557.0000
  Data: [
    1.0000, 1.0000, 3.0000, 4.0000, 6.0000, 7.0000, 16.0000, 16.0000, 21.0000, 24.0000,
    25.0000, 44.0000, 45.0000, 46.0000, 46.0000, 46.0000, 46.0000, 48.0000, 48.0000, 48.0000,
    50.0000, 50.0000, 53.0000, 53.0000, 55.0000, 64.0000, 65.0000, 68.0000, 72.0000, 74.0000,
    74.0000, 78.0000, 82.0000, 98.0000, 114.0000, 119.0000, 120.0000, 125.0000, 126.0000, 128.0000,
    141.0000, 142.0000, 147.0000, 150.0000, 153.0000, 154.0000, 156.0000, 160.0000, 163.0000, 165.0000,
    959.0000, 959.0000, 961.0000, 963.0000, 964.0000, 972.0000, 982.0000, 990.0000, 993.0000, 993.0000,
    997.0000, 1001.0000, 1005.0000, 1005.0000, 1013.0000, 1019.0000, 1024.0000, 1028.0000, 1028.0000, 1031.0000,
    1032.0000, 1033.0000, 1040.0000, 1041.0000, 1041.0000, 1042.0000, 1042.0000, 1042.0000, 1043.0000, 1044.0000,
    1048.0000, 1053.0000, 1054.0000, 1056.0000, 1061.0000, 1069.0000, 1070.0000, 1073.0000, 1079.0000, 1083.0000,
    1084.0000, 1091.0000, 1096.0000, 1097.0000, 1100.0000, 1105.0000, 1107.0000, 1115.0000, 1115.0000, 1117.0000,
  ]

### selfplay/anchor_weak_ratio
  Total points: 100
  Min: 0.4286, Max: 1.0000, Mean: 0.5082
  Data: [
    1.0000, 1.0000, 0.4286, 0.4444, 0.4615, 0.4667, 0.5161, 0.5000, 0.5122, 0.4898,
    0.5000, 0.5000, 0.5000, 0.5055, 0.4946, 0.4946, 0.4946, 0.5053, 0.5000, 0.4948,
    0.5051, 0.5000, 0.5000, 0.4953, 0.5000, 0.5000, 0.5039, 0.5037, 0.4966, 0.5034,
    0.5000, 0.5000, 0.5000, 0.4975, 0.5000, 0.4979, 0.5000, 0.5000, 0.5020, 0.5000,
    0.5018, 0.4982, 0.4983, 0.5017, 0.5000, 0.4984, 0.5000, 0.5016, 0.5000, 0.5015,
    0.5000, 0.4997, 0.4997, 0.5003, 0.5003, 0.5000, 0.5000, 0.5000, 0.5000, 0.5000,
    0.4997, 0.5002, 0.5000, 0.5000, 0.5002, 0.4998, 0.5000, 0.5002, 0.5000, 0.5000,
    0.5000, 0.5000, 0.5000, 0.5002, 0.5000, 0.5002, 0.5000, 0.4998, 0.4998, 0.5000,
    0.5002, 0.5000, 0.5002, 0.5002, 0.5002, 0.5002, 0.4998, 0.5002, 0.5002, 0.5000,
    0.5000, 0.4998, 0.5002, 0.5002, 0.5000, 0.5000, 0.5002, 0.5000, 0.4998, 0.5002,
  ]

### selfplay/best_eval_vs_weak
  Total points: 100
  Min: 0.0000, Max: 1.0000, Mean: 0.5000
  Data: [
    0.0000, 0.0000, 0.0000, 0.0000, 0.0000, 0.0000, 0.0000, 0.0000, 0.0000, 0.0000,
    0.0000, 0.0000, 0.0000, 0.0000, 0.0000, 0.0000, 0.0000, 0.0000, 0.0000, 0.0000,
    0.0000, 0.0000, 0.0000, 0.0000, 0.0000, 0.0000, 0.0000, 0.0000, 0.0000, 0.0000,
    0.0000, 0.0000, 0.0000, 0.0000, 0.0000, 0.0000, 0.0000, 0.0000, 0.0000, 0.0000,
    0.0000, 0.0000, 0.0000, 0.0000, 0.0000, 0.0000, 0.0000, 0.0000, 0.0000, 0.0000,
    1.0000, 1.0000, 1.0000, 1.0000, 1.0000, 1.0000, 1.0000, 1.0000, 1.0000, 1.0000,
    1.0000, 1.0000, 1.0000, 1.0000, 1.0000, 1.0000, 1.0000, 1.0000, 1.0000, 1.0000,
    1.0000, 1.0000, 1.0000, 1.0000, 1.0000, 1.0000, 1.0000, 1.0000, 1.0000, 1.0000,
    1.0000, 1.0000, 1.0000, 1.0000, 1.0000, 1.0000, 1.0000, 1.0000, 1.0000, 1.0000,
    1.0000, 1.0000, 1.0000, 1.0000, 1.0000, 1.0000, 1.0000, 1.0000, 1.0000, 1.0000,
  ]

### selfplay/consecutive_eval_drops
  Total points: 100
  Min: 0.0000, Max: 2.0000, Mean: 0.1000
  Data: [
    0.0000, 0.0000, 0.0000, 0.0000, 0.0000, 0.0000, 0.0000, 0.0000, 0.0000, 0.0000,
    0.0000, 0.0000, 0.0000, 0.0000, 0.0000, 0.0000, 0.0000, 0.0000, 0.0000, 0.0000,
    0.0000, 0.0000, 0.0000, 0.0000, 0.0000, 0.0000, 0.0000, 0.0000, 0.0000, 0.0000,
    0.0000, 0.0000, 0.0000, 0.0000, 0.0000, 0.0000, 0.0000, 0.0000, 0.0000, 0.0000,
    0.0000, 0.0000, 0.0000, 0.0000, 0.0000, 0.0000, 0.0000, 0.0000, 0.0000, 0.0000,
    0.0000, 0.0000, 0.0000, 0.0000, 0.0000, 0.0000, 0.0000, 0.0000, 0.0000, 0.0000,
    0.0000, 0.0000, 0.0000, 0.0000, 0.0000, 0.0000, 0.0000, 0.0000, 0.0000, 0.0000,
    0.0000, 0.0000, 0.0000, 0.0000, 0.0000, 0.0000, 0.0000, 0.0000, 0.0000, 0.0000,
    0.0000, 0.0000, 0.0000, 1.0000, 1.0000, 0.0000, 0.0000, 0.0000, 0.0000, 0.0000,
    0.0000, 0.0000, 1.0000, 1.0000, 2.0000, 2.0000, 2.0000, 0.0000, 0.0000, 0.0000,
  ]

### selfplay/episode_opponent_type_selfplay
  Total points: 100
  Min: 0.0000, Max: 1.0000, Mean: 0.2000
  Data: [
    0.0000, 0.0000, 0.0000, 0.0000, 0.0000, 0.0000, 0.0000, 0.0000, 0.0000, 0.0000,
    0.0000, 0.0000, 0.0000, 0.0000, 0.0000, 0.0000, 0.0000, 0.0000, 0.0000, 0.0000,
    0.0000, 0.0000, 0.0000, 0.0000, 0.0000, 0.0000, 0.0000, 0.0000, 0.0000, 0.0000,
    0.0000, 0.0000, 0.0000, 0.0000, 0.0000, 0.0000, 0.0000, 0.0000, 0.0000, 0.0000,
    0.0000, 0.0000, 0.0000, 0.0000, 0.0000, 0.0000, 0.0000, 0.0000, 0.0000, 0.0000,
    0.0000, 0.0000, 0.0000, 1.0000, 0.0000, 0.0000, 0.0000, 1.0000, 0.0000, 1.0000,
    0.0000, 1.0000, 0.0000, 1.0000, 0.0000, 1.0000, 1.0000, 0.0000, 0.0000, 0.0000,
    1.0000, 0.0000, 1.0000, 1.0000, 0.0000, 0.0000, 1.0000, 1.0000, 0.0000, 0.0000,
    0.0000, 1.0000, 0.0000, 0.0000, 0.0000, 0.0000, 0.0000, 1.0000, 0.0000, 0.0000,
    1.0000, 0.0000, 1.0000, 0.0000, 1.0000, 1.0000, 1.0000, 0.0000, 0.0000, 1.0000,
  ]

### selfplay/episode_opponent_type_strong
  Total points: 100
  Min: 0.0000, Max: 1.0000, Mean: 0.1500
  Data: [
    0.0000, 0.0000, 0.0000, 0.0000, 0.0000, 0.0000, 0.0000, 0.0000, 0.0000, 0.0000,
    0.0000, 0.0000, 0.0000, 0.0000, 0.0000, 0.0000, 0.0000, 0.0000, 0.0000, 0.0000,
    0.0000, 0.0000, 0.0000, 0.0000, 0.0000, 0.0000, 0.0000, 0.0000, 0.0000, 0.0000,
    0.0000, 0.0000, 0.0000, 0.0000, 0.0000, 0.0000, 0.0000, 0.0000, 0.0000, 0.0000,
    0.0000, 0.0000, 0.0000, 0.0000, 0.0000, 0.0000, 0.0000, 0.0000, 0.0000, 0.0000,
    0.0000, 1.0000, 1.0000, 0.0000, 0.0000, 0.0000, 1.0000, 0.0000, 1.0000, 0.0000,
    1.0000, 0.0000, 1.0000, 0.0000, 0.0000, 0.0000, 0.0000, 0.0000, 1.0000, 0.0000,
    0.0000, 1.0000, 0.0000, 0.0000, 1.0000, 0.0000, 0.0000, 0.0000, 1.0000, 0.0000,
    0.0000, 0.0000, 0.0000, 0.0000, 0.0000, 0.0000, 1.0000, 0.0000, 0.0000, 1.0000,
    0.0000, 1.0000, 0.0000, 0.0000, 0.0000, 0.0000, 0.0000, 1.0000, 1.0000, 0.0000,
  ]

### selfplay/episode_opponent_type_weak
  Total points: 100
  Min: 0.0000, Max: 1.0000, Mean: 0.6500
  Data: [
    1.0000, 1.0000, 1.0000, 1.0000, 1.0000, 1.0000, 1.0000, 1.0000, 1.0000, 1.0000,
    1.0000, 1.0000, 1.0000, 1.0000, 1.0000, 1.0000, 1.0000, 1.0000, 1.0000, 1.0000,
    1.0000, 1.0000, 1.0000, 1.0000, 1.0000, 1.0000, 1.0000, 1.0000, 1.0000, 1.0000,
    1.0000, 1.0000, 1.0000, 1.0000, 1.0000, 1.0000, 1.0000, 1.0000, 1.0000, 1.0000,
    1.0000, 1.0000, 1.0000, 1.0000, 1.0000, 1.0000, 1.0000, 1.0000, 1.0000, 1.0000,
    1.0000, 0.0000, 0.0000, 0.0000, 1.0000, 1.0000, 0.0000, 0.0000, 0.0000, 0.0000,
    0.0000, 0.0000, 0.0000, 0.0000, 1.0000, 0.0000, 0.0000, 1.0000, 0.0000, 1.0000,
    0.0000, 0.0000, 0.0000, 0.0000, 0.0000, 1.0000, 0.0000, 0.0000, 0.0000, 1.0000,
    1.0000, 0.0000, 1.0000, 1.0000, 1.0000, 1.0000, 0.0000, 0.0000, 1.0000, 0.0000,
    0.0000, 0.0000, 0.0000, 1.0000, 0.0000, 0.0000, 0.0000, 0.0000, 0.0000, 0.0000,
  ]

### selfplay/opponent_age_episodes
  Total points: 100
  Min: -61999.0000, Max: 0.0000, Mean: -27679.1600
  Data: [
    0.0000, 0.0000, 0.0000, 0.0000, 0.0000, -499.0000, 0.0000, 0.0000, 0.0000, 0.0000,
    0.0000, 0.0000, -1999.0000, -1499.0000, -1499.0000, 0.0000, -1499.0000, -1999.0000, -2999.0000, 0.0000,
    0.0000, 0.0000, -1499.0000, -499.0000, -499.0000, -2999.0000, -2999.0000, -499.0000, -499.0000, -499.0000,
    -499.0000, -2999.0000, -3999.0000, -1999.0000, -3999.0000, -6499.0000, -6499.0000, -999.0000, -4499.0000, -1499.0000,
    0.0000, -7999.0000, -2999.0000, -8499.0000, -6499.0000, -7499.0000, -7499.0000, -8499.0000, -7499.0000, -5999.0000,
    -54999.0000, -54999.0000, -53499.0000, -54499.0000, -54499.0000, -54999.0000, -51999.0000, -54999.0000, -56499.0000, -52999.0000,
    -52999.0000, -50999.0000, -57499.0000, -50499.0000, -49499.0000, -46999.0000, -57999.0000, -48999.0000, -48999.0000, -50499.0000,
    -54499.0000, -54499.0000, -56499.0000, -48499.0000, -49499.0000, -49499.0000, -51499.0000, -47999.0000, -47999.0000, -47999.0000,
    -50499.0000, -52499.0000, -52499.0000, -54999.0000, -51499.0000, -55499.0000, -58499.0000, -58499.0000, -49999.0000, -50999.0000,
    -61499.0000, -61999.0000, -50499.0000, -50499.0000, -55499.0000, -55499.0000, -51999.0000, -52499.0000, -52499.0000, -53999.0000,
  ]

### selfplay/opponent_checkpoint_episode
  Total points: 100
  Min: 26501.0000, Max: 88500.0000, Mean: 54180.1600
  Data: [
    26501.0000, 26501.0000, 26501.0000, 26501.0000, 26501.0000, 27000.0000, 26501.0000, 26501.0000, 26501.0000, 26501.0000,
    26501.0000, 26501.0000, 28500.0000, 28000.0000, 28000.0000, 26501.0000, 28000.0000, 28500.0000, 29500.0000, 26501.0000,
    26501.0000, 26501.0000, 28000.0000, 27000.0000, 27000.0000, 29500.0000, 29500.0000, 27000.0000, 27000.0000, 27000.0000,
    27000.0000, 29500.0000, 30500.0000, 28500.0000, 30500.0000, 33000.0000, 33000.0000, 27500.0000, 31000.0000, 28000.0000,
    26501.0000, 34500.0000, 29500.0000, 35000.0000, 33000.0000, 34000.0000, 34000.0000, 35000.0000, 34000.0000, 32500.0000,
    81500.0000, 81500.0000, 80000.0000, 81000.0000, 81000.0000, 81500.0000, 78500.0000, 81500.0000, 83000.0000, 79500.0000,
    79500.0000, 77500.0000, 84000.0000, 77000.0000, 76000.0000, 73500.0000, 84500.0000, 75500.0000, 75500.0000, 77000.0000,
    81000.0000, 81000.0000, 83000.0000, 75000.0000, 76000.0000, 76000.0000, 78000.0000, 74500.0000, 74500.0000, 74500.0000,
    77000.0000, 79000.0000, 79000.0000, 81500.0000, 78000.0000, 82000.0000, 85000.0000, 85000.0000, 76500.0000, 77500.0000,
    88000.0000, 88500.0000, 77000.0000, 77000.0000, 82000.0000, 82000.0000, 78500.0000, 79000.0000, 79000.0000, 80500.0000,
  ]

### selfplay/opponent_pool_index
  Total points: 100
  Min: 0.0000, Max: 24.0000, Mean: 7.9900
  Data: [
    0.0000, 0.0000, 0.0000, 0.0000, 0.0000, 1.0000, 0.0000, 0.0000, 0.0000, 0.0000,
    0.0000, 0.0000, 4.0000, 3.0000, 3.0000, 0.0000, 3.0000, 4.0000, 6.0000, 0.0000,
    0.0000, 0.0000, 3.0000, 1.0000, 1.0000, 6.0000, 6.0000, 1.0000, 1.0000, 1.0000,
    1.0000, 6.0000, 8.0000, 4.0000, 8.0000, 13.0000, 13.0000, 2.0000, 9.0000, 3.0000,
    0.0000, 16.0000, 6.0000, 17.0000, 13.0000, 15.0000, 15.0000, 17.0000, 15.0000, 12.0000,
    24.0000, 24.0000, 21.0000, 23.0000, 23.0000, 23.0000, 16.0000, 21.0000, 23.0000, 16.0000,
    16.0000, 12.0000, 24.0000, 10.0000, 7.0000, 1.0000, 23.0000, 5.0000, 4.0000, 7.0000,
    15.0000, 15.0000, 18.0000, 2.0000, 4.0000, 4.0000, 8.0000, 1.0000, 1.0000, 1.0000,
    5.0000, 9.0000, 9.0000, 13.0000, 6.0000, 13.0000, 19.0000, 18.0000, 1.0000, 2.0000,
    23.0000, 24.0000, 0.0000, 0.0000, 9.0000, 9.0000, 2.0000, 2.0000, 2.0000, 4.0000,
  ]

### selfplay/pfsp_avg_winrate
  Total points: 100
  Min: 0.3364, Max: 0.8724, Mean: 0.6337
  Data: [
    0.5500, 0.5000, 0.5250, 0.5500, 0.5500, 0.4950, 0.4600, 0.4600, 0.5233, 0.5233,
    0.5233, 0.4058, 0.3811, 0.3861, 0.3861, 0.3978, 0.3954, 0.4067, 0.4129, 0.4157,
    0.4157, 0.4157, 0.4346, 0.4332, 0.4332, 0.4572, 0.4572, 0.4634, 0.4634, 0.4634,
    0.4634, 0.4462, 0.4447, 0.3591, 0.3364, 0.3412, 0.3412, 0.3412, 0.3424, 0.3581,
    0.3881, 0.3888, 0.3924, 0.3933, 0.4018, 0.4002, 0.4002, 0.4072, 0.4083, 0.4070,
    0.8401, 0.8401, 0.8405, 0.8415, 0.8415, 0.8409, 0.8360, 0.8350, 0.8289, 0.8268,
    0.8268, 0.8281, 0.8355, 0.8335, 0.8337, 0.8328, 0.8316, 0.8268, 0.8256, 0.8213,
    0.8296, 0.8296, 0.8300, 0.8292, 0.8296, 0.8296, 0.8292, 0.8200, 0.8200, 0.8200,
    0.8252, 0.8212, 0.8229, 0.8229, 0.8277, 0.8388, 0.8419, 0.8516, 0.8520, 0.8558,
    0.8558, 0.8608, 0.8688, 0.8688, 0.8724, 0.8614, 0.8610, 0.8593, 0.8593, 0.8664,
  ]

### selfplay/pfsp_diversity_metric
  Total points: 100
  Min: 0.0000, Max: 0.1240, Mean: 0.0862
  Data: [
    0.0000, 0.0000, 0.0000, 0.0000, 0.0000, 0.0050, 0.0600, 0.0600, 0.0613, 0.0613,
    0.0613, 0.1240, 0.1125, 0.1143, 0.1143, 0.1156, 0.1147, 0.1236, 0.1155, 0.1182,
    0.1182, 0.1182, 0.0646, 0.0580, 0.0580, 0.0756, 0.0756, 0.0682, 0.0682, 0.0682,
    0.0682, 0.0791, 0.0763, 0.0891, 0.1139, 0.1199, 0.1199, 0.1199, 0.1143, 0.0995,
    0.0962, 0.0934, 0.1048, 0.1045, 0.1072, 0.1061, 0.1061, 0.0933, 0.0883, 0.0926,
    0.0732, 0.0732, 0.0736, 0.0718, 0.0718, 0.0719, 0.0806, 0.0794, 0.0796, 0.0784,
    0.0784, 0.0779, 0.0854, 0.0872, 0.0906, 0.0904, 0.0842, 0.0841, 0.0812, 0.0846,
    0.0890, 0.0890, 0.1047, 0.1050, 0.1050, 0.1050, 0.1054, 0.1019, 0.1019, 0.1019,
    0.0995, 0.0963, 0.0979, 0.0979, 0.0972, 0.0993, 0.0971, 0.0905, 0.0903, 0.0902,
    0.0902, 0.0896, 0.0892, 0.0892, 0.0937, 0.0960, 0.0971, 0.0979, 0.0979, 0.0935,
  ]

### selfplay/pfsp_max_winrate
  Total points: 100
  Min: 0.4700, Max: 1.0000, Mean: 0.7671
  Data: [
    0.5500, 0.5000, 0.5250, 0.5500, 0.5500, 0.5000, 0.5200, 0.5200, 0.6000, 0.6000,
    0.6000, 0.5500, 0.5000, 0.5000, 0.5000, 0.5000, 0.5000, 0.5300, 0.5300, 0.5300,
    0.5300, 0.5300, 0.5000, 0.5000, 0.5000, 0.6000, 0.6000, 0.6000, 0.6000, 0.6000,
    0.6000, 0.6000, 0.6000, 0.4700, 0.4700, 0.4700, 0.4700, 0.4700, 0.4700, 0.4700,
    0.5000, 0.5000, 0.5500, 0.5500, 0.5500, 0.5500, 0.5500, 0.5500, 0.5500, 0.5500,
    1.0000, 1.0000, 1.0000, 1.0000, 1.0000, 1.0000, 1.0000, 1.0000, 1.0000, 1.0000,
    1.0000, 1.0000, 1.0000, 1.0000, 1.0000, 1.0000, 1.0000, 1.0000, 1.0000, 1.0000,
    1.0000, 1.0000, 1.0000, 1.0000, 1.0000, 1.0000, 1.0000, 1.0000, 1.0000, 1.0000,
    1.0000, 1.0000, 1.0000, 1.0000, 1.0000, 1.0000, 1.0000, 1.0000, 1.0000, 1.0000,
    1.0000, 1.0000, 1.0000, 1.0000, 1.0000, 1.0000, 1.0000, 1.0000, 1.0000, 1.0000,
  ]

### selfplay/pfsp_median_winrate
  Total points: 100
  Min: 0.3550, Max: 0.9000, Mean: 0.6405
  Data: [
    0.5500, 0.5000, 0.5250, 0.5500, 0.5500, 0.4950, 0.4600, 0.4600, 0.5200, 0.5200,
    0.5200, 0.4250, 0.4000, 0.4150, 0.4150, 0.4400, 0.4350, 0.4350, 0.4400, 0.4600,
    0.4600, 0.4600, 0.4700, 0.4500, 0.4500, 0.4600, 0.4600, 0.4600, 0.4600, 0.4600,
    0.4600, 0.4500, 0.4450, 0.3750, 0.3550, 0.3750, 0.3750, 0.3750, 0.4000, 0.4000,
    0.4125, 0.4000, 0.4187, 0.4187, 0.4250, 0.4250, 0.4250, 0.4250, 0.4250, 0.4250,
    0.8500, 0.8500, 0.8500, 0.8500, 0.8500, 0.8400, 0.8267, 0.8250, 0.8100, 0.8100,
    0.8100, 0.8200, 0.8200, 0.8200, 0.8250, 0.8200, 0.8200, 0.8150, 0.8150, 0.8150,
    0.8200, 0.8200, 0.8200, 0.8200, 0.8200, 0.8200, 0.8200, 0.8000, 0.8000, 0.8000,
    0.8100, 0.8100, 0.8150, 0.8150, 0.8200, 0.8333, 0.8333, 0.8367, 0.8367, 0.8617,
    0.8617, 0.8833, 0.8917, 0.8917, 0.9000, 0.8700, 0.8700, 0.8700, 0.8700, 0.8750,
  ]

### selfplay/pfsp_min_winrate
  Total points: 100
  Min: 0.1000, Max: 0.6900, Mean: 0.4503
  Data: [
    0.5500, 0.5000, 0.5250, 0.5500, 0.5500, 0.4900, 0.4000, 0.4000, 0.4500, 0.4500,
    0.4500, 0.1500, 0.1500, 0.1500, 0.1500, 0.1500, 0.1500, 0.1500, 0.1500, 0.1500,
    0.1500, 0.1500, 0.3300, 0.3500, 0.3500, 0.3500, 0.3500, 0.3625, 0.3625, 0.3625,
    0.3625, 0.3000, 0.3000, 0.1500, 0.1000, 0.1000, 0.1000, 0.1000, 0.1000, 0.1500,
    0.1500, 0.1500, 0.1500, 0.1500, 0.1500, 0.1500, 0.1500, 0.2000, 0.2000, 0.2000,
    0.6750, 0.6750, 0.6750, 0.6750, 0.6750, 0.6750, 0.6750, 0.6900, 0.6900, 0.6900,
    0.6900, 0.6900, 0.6900, 0.6900, 0.6900, 0.6900, 0.6900, 0.6900, 0.6900, 0.6900,
    0.6900, 0.6900, 0.5700, 0.5700, 0.5700, 0.5700, 0.5700, 0.5700, 0.5700, 0.5700,
    0.5700, 0.5700, 0.5700, 0.5700, 0.5700, 0.5700, 0.5700, 0.6500, 0.6500, 0.6500,
    0.6500, 0.6500, 0.6500, 0.6500, 0.6500, 0.6100, 0.6000, 0.6000, 0.6000, 0.6000,
  ]

### selfplay/pfsp_num_opponents_tracked
  Total points: 100
  Min: 1.0000, Max: 25.0000, Mean: 16.8400
  Data: [
    1.0000, 1.0000, 1.0000, 1.0000, 1.0000, 2.0000, 2.0000, 2.0000, 3.0000, 3.0000,
    3.0000, 6.0000, 6.0000, 6.0000, 6.0000, 6.0000, 6.0000, 6.0000, 7.0000, 7.0000,
    7.0000, 7.0000, 7.0000, 7.0000, 7.0000, 8.0000, 8.0000, 8.0000, 8.0000, 8.0000,
    8.0000, 10.0000, 10.0000, 11.0000, 14.0000, 14.0000, 14.0000, 14.0000, 15.0000, 15.0000,
    16.0000, 17.0000, 18.0000, 18.0000, 19.0000, 19.0000, 19.0000, 19.0000, 19.0000, 19.0000,
    25.0000, 25.0000, 25.0000, 25.0000, 25.0000, 25.0000, 24.0000, 24.0000, 24.0000, 24.0000,
    24.0000, 24.0000, 25.0000, 25.0000, 24.0000, 23.0000, 25.0000, 24.0000, 24.0000, 24.0000,
    25.0000, 25.0000, 25.0000, 25.0000, 25.0000, 25.0000, 25.0000, 24.0000, 24.0000, 24.0000,
    25.0000, 25.0000, 24.0000, 24.0000, 25.0000, 25.0000, 25.0000, 24.0000, 24.0000, 24.0000,
    24.0000, 25.0000, 24.0000, 24.0000, 24.0000, 25.0000, 25.0000, 25.0000, 25.0000, 24.0000,
  ]

### selfplay/pfsp_std_winrate
  Total points: 100
  Min: 0.0000, Max: 0.1240, Mean: 0.0862
  Data: [
    0.0000, 0.0000, 0.0000, 0.0000, 0.0000, 0.0050, 0.0600, 0.0600, 0.0613, 0.0613,
    0.0613, 0.1240, 0.1125, 0.1143, 0.1143, 0.1156, 0.1147, 0.1236, 0.1155, 0.1182,
    0.1182, 0.1182, 0.0646, 0.0580, 0.0580, 0.0756, 0.0756, 0.0682, 0.0682, 0.0682,
    0.0682, 0.0791, 0.0763, 0.0891, 0.1139, 0.1199, 0.1199, 0.1199, 0.1143, 0.0995,
    0.0962, 0.0934, 0.1048, 0.1045, 0.1072, 0.1061, 0.1061, 0.0933, 0.0883, 0.0926,
    0.0732, 0.0732, 0.0736, 0.0718, 0.0718, 0.0719, 0.0806, 0.0794, 0.0796, 0.0784,
    0.0784, 0.0779, 0.0854, 0.0872, 0.0906, 0.0904, 0.0842, 0.0841, 0.0812, 0.0846,
    0.0890, 0.0890, 0.1047, 0.1050, 0.1050, 0.1050, 0.1054, 0.1019, 0.1019, 0.1019,
    0.0995, 0.0963, 0.0979, 0.0979, 0.0972, 0.0993, 0.0971, 0.0905, 0.0903, 0.0902,
    0.0902, 0.0896, 0.0892, 0.0892, 0.0937, 0.0960, 0.0971, 0.0979, 0.0979, 0.0935,
  ]

### selfplay/pool_size
  Total points: 100
  Min: 0.0000, Max: 25.0000, Mean: 12.5000
  Data: [
    0.0000, 0.0000, 0.0000, 0.0000, 0.0000, 0.0000, 0.0000, 0.0000, 0.0000, 0.0000,
    0.0000, 0.0000, 0.0000, 0.0000, 0.0000, 0.0000, 0.0000, 0.0000, 0.0000, 0.0000,
    0.0000, 0.0000, 0.0000, 0.0000, 0.0000, 0.0000, 0.0000, 0.0000, 0.0000, 0.0000,
    0.0000, 0.0000, 0.0000, 0.0000, 0.0000, 0.0000, 0.0000, 0.0000, 0.0000, 0.0000,
    0.0000, 0.0000, 0.0000, 0.0000, 0.0000, 0.0000, 0.0000, 0.0000, 0.0000, 0.0000,
    25.0000, 25.0000, 25.0000, 25.0000, 25.0000, 25.0000, 25.0000, 25.0000, 25.0000, 25.0000,
    25.0000, 25.0000, 25.0000, 25.0000, 25.0000, 25.0000, 25.0000, 25.0000, 25.0000, 25.0000,
    25.0000, 25.0000, 25.0000, 25.0000, 25.0000, 25.0000, 25.0000, 25.0000, 25.0000, 25.0000,
    25.0000, 25.0000, 25.0000, 25.0000, 25.0000, 25.0000, 25.0000, 25.0000, 25.0000, 25.0000,
    25.0000, 25.0000, 25.0000, 25.0000, 25.0000, 25.0000, 25.0000, 25.0000, 25.0000, 25.0000,
  ]

### selfplay/rollback_enabled
  Total points: 100
  Min: 1.0000, Max: 1.0000, Mean: 1.0000
  Data: [
    1.0000, 1.0000, 1.0000, 1.0000, 1.0000, 1.0000, 1.0000, 1.0000, 1.0000, 1.0000,
    1.0000, 1.0000, 1.0000, 1.0000, 1.0000, 1.0000, 1.0000, 1.0000, 1.0000, 1.0000,
    1.0000, 1.0000, 1.0000, 1.0000, 1.0000, 1.0000, 1.0000, 1.0000, 1.0000, 1.0000,
    1.0000, 1.0000, 1.0000, 1.0000, 1.0000, 1.0000, 1.0000, 1.0000, 1.0000, 1.0000,
    1.0000, 1.0000, 1.0000, 1.0000, 1.0000, 1.0000, 1.0000, 1.0000, 1.0000, 1.0000,
    1.0000, 1.0000, 1.0000, 1.0000, 1.0000, 1.0000, 1.0000, 1.0000, 1.0000, 1.0000,
    1.0000, 1.0000, 1.0000, 1.0000, 1.0000, 1.0000, 1.0000, 1.0000, 1.0000, 1.0000,
    1.0000, 1.0000, 1.0000, 1.0000, 1.0000, 1.0000, 1.0000, 1.0000, 1.0000, 1.0000,
    1.0000, 1.0000, 1.0000, 1.0000, 1.0000, 1.0000, 1.0000, 1.0000, 1.0000, 1.0000,
    1.0000, 1.0000, 1.0000, 1.0000, 1.0000, 1.0000, 1.0000, 1.0000, 1.0000, 1.0000,
  ]

### selfplay/weak_ratio_target
  Total points: 100
  Min: 0.5000, Max: 0.5000, Mean: 0.5000
  Data: [
    0.5000, 0.5000, 0.5000, 0.5000, 0.5000, 0.5000, 0.5000, 0.5000, 0.5000, 0.5000,
    0.5000, 0.5000, 0.5000, 0.5000, 0.5000, 0.5000, 0.5000, 0.5000, 0.5000, 0.5000,
    0.5000, 0.5000, 0.5000, 0.5000, 0.5000, 0.5000, 0.5000, 0.5000, 0.5000, 0.5000,
    0.5000, 0.5000, 0.5000, 0.5000, 0.5000, 0.5000, 0.5000, 0.5000, 0.5000, 0.5000,
    0.5000, 0.5000, 0.5000, 0.5000, 0.5000, 0.5000, 0.5000, 0.5000, 0.5000, 0.5000,
    0.5000, 0.5000, 0.5000, 0.5000, 0.5000, 0.5000, 0.5000, 0.5000, 0.5000, 0.5000,
    0.5000, 0.5000, 0.5000, 0.5000, 0.5000, 0.5000, 0.5000, 0.5000, 0.5000, 0.5000,
    0.5000, 0.5000, 0.5000, 0.5000, 0.5000, 0.5000, 0.5000, 0.5000, 0.5000, 0.5000,
    0.5000, 0.5000, 0.5000, 0.5000, 0.5000, 0.5000, 0.5000, 0.5000, 0.5000, 0.5000,
    0.5000, 0.5000, 0.5000, 0.5000, 0.5000, 0.5000, 0.5000, 0.5000, 0.5000, 0.5000,
  ]

### strategic/attack_diversity_bonus
  Total points: 100
  Min: 0.0000, Max: 3.0000, Mean: 0.8000
  Data: [
    0.0000, 0.0000, 0.0000, 3.0000, 0.0000, 0.0000, 0.0000, 0.0000, 0.0000, 0.0000,
    0.0000, 0.0000, 0.0000, 0.0000, 0.0000, 0.0000, 0.0000, 0.0000, 0.0000, 0.0000,
    0.0000, 0.0000, 0.0000, 0.0000, 0.0000, 2.0000, 0.0000, 0.0000, 0.0000, 0.0000,
    0.0000, 0.0000, 0.0000, 3.0000, 2.0000, 2.0000, 0.0000, 2.0000, 0.0000, 3.0000,
    0.0000, 0.0000, 0.0000, 2.0000, 0.0000, 0.0000, 0.0000, 0.0000, 0.0000, 0.0000,
    3.0000, 2.0000, 3.0000, 0.0000, 0.0000, 3.0000, 2.0000, 0.0000, 2.0000, 0.0000,
    3.0000, 0.0000, 3.0000, 2.0000, 0.0000, 0.0000, 0.0000, 0.0000, 3.0000, 0.0000,
    0.0000, 2.0000, 0.0000, 0.0000, 3.0000, 0.0000, 0.0000, 3.0000, 0.0000, 0.0000,
    0.0000, 3.0000, 3.0000, 2.0000, 2.0000, 0.0000, 0.0000, 3.0000, 0.0000, 3.0000,
    0.0000, 3.0000, 0.0000, 0.0000, 0.0000, 3.0000, 2.0000, 3.0000, 0.0000, 0.0000,
  ]

### strategic/attack_sides_unique
  Total points: 100
  Min: 0.0000, Max: 3.0000, Mean: 1.2000
  Data: [
    0.0000, 0.0000, 0.0000, 3.0000, 0.0000, 0.0000, 1.0000, 0.0000, 0.0000, 0.0000,
    0.0000, 1.0000, 1.0000, 0.0000, 1.0000, 0.0000, 1.0000, 0.0000, 0.0000, 1.0000,
    2.0000, 0.0000, 0.0000, 0.0000, 1.0000, 2.0000, 0.0000, 1.0000, 1.0000, 0.0000,
    1.0000, 1.0000, 0.0000, 3.0000, 2.0000, 2.0000, 1.0000, 2.0000, 0.0000, 3.0000,
    1.0000, 1.0000, 1.0000, 2.0000, 1.0000, 1.0000, 2.0000, 0.0000, 0.0000, 1.0000,
    3.0000, 2.0000, 3.0000, 0.0000, 1.0000, 3.0000, 2.0000, 0.0000, 2.0000, 1.0000,
    3.0000, 1.0000, 3.0000, 2.0000, 1.0000, 1.0000, 1.0000, 0.0000, 3.0000, 1.0000,
    0.0000, 2.0000, 1.0000, 1.0000, 3.0000, 1.0000, 0.0000, 3.0000, 0.0000, 0.0000,
    1.0000, 3.0000, 3.0000, 2.0000, 2.0000, 1.0000, 1.0000, 3.0000, 1.0000, 3.0000,
    1.0000, 3.0000, 1.0000, 1.0000, 0.0000, 3.0000, 2.0000, 3.0000, 1.0000, 0.0000,
  ]

### strategic/forcing_bonus
  Total points: 100
  Min: 0.0000, Max: 2.0000, Mean: 1.0855
  Data: [
    2.0000, 1.8835, 0.0000, 2.0000, 0.0000, 2.0000, 2.0000, 2.0000, 2.0000, 2.0000,
    2.0000, 1.0286, 2.0000, 0.0000, 1.1796, 0.0000, 0.0000, 0.0000, 0.0000, 2.0000,
    1.7749, 0.0000, 1.6001, 1.3902, 2.0000, 1.1667, 0.0000, 1.9509, 2.0000, 0.0000,
    1.8530, 1.7682, 0.0000, 2.0000, 1.6003, 1.7286, 2.0000, 1.8434, 0.0000, 2.0000,
    0.0000, 1.0246, 1.9914, 1.9121, 1.2788, 0.0000, 1.9144, 0.0000, 0.0000, 1.6974,
    1.0158, 1.5250, 2.0000, 1.1195, 0.0000, 2.0000, 0.0000, 0.0000, 1.1405, 2.0000,
    2.0000, 0.0000, 2.0000, 0.0000, 0.0000, 0.0000, 0.0000, 0.0000, 2.0000, 0.0000,
    2.0000, 2.0000, 0.0000, 1.1553, 2.0000, 1.7087, 2.0000, 2.0000, 0.0000, 0.0000,
    0.0000, 2.0000, 1.8014, 1.0090, 0.0000, 0.0000, 1.4641, 1.1142, 0.0000, 2.0000,
    1.5679, 2.0000, 2.0000, 0.0000, 0.0000, 0.0000, 0.0000, 2.0000, 1.3401, 0.0000,
  ]

### strategic/opponent_avg_movement
  Total points: 100
  Min: 0.0188, Max: 0.1628, Mean: 0.0746
  Data: [
    0.0627, 0.0448, 0.0694, 0.0510, 0.0515, 0.0685, 0.0542, 0.0478, 0.0475, 0.0614,
    0.0565, 0.0432, 0.0425, 0.0689, 0.0702, 0.0649, 0.0657, 0.0569, 0.0754, 0.0545,
    0.0374, 0.0561, 0.0321, 0.0457, 0.0460, 0.0810, 0.0566, 0.0392, 0.0437, 0.0451,
    0.0372, 0.0355, 0.0522, 0.0423, 0.0321, 0.0752, 0.0421, 0.0370, 0.0315, 0.0415,
    0.0684, 0.0280, 0.0400, 0.0384, 0.0467, 0.0254, 0.0384, 0.0603, 0.0591, 0.0341,
    0.0546, 0.1030, 0.0797, 0.0225, 0.0618, 0.0579, 0.0862, 0.1575, 0.0704, 0.1391,
    0.0964, 0.1353, 0.0944, 0.1581, 0.1484, 0.1542, 0.1063, 0.0852, 0.0878, 0.0693,
    0.1266, 0.0759, 0.1467, 0.1256, 0.0936, 0.0343, 0.1064, 0.1026, 0.1246, 0.0609,
    0.0709, 0.1063, 0.0604, 0.0701, 0.0596, 0.0188, 0.1126, 0.1013, 0.1083, 0.0741,
    0.1206, 0.0855, 0.1169, 0.0604, 0.1488, 0.1628, 0.1480, 0.0966, 0.1241, 0.1403,
  ]

### strategic/opponent_total_movement
  Total points: 100
  Min: 1.7653, Max: 31.5119, Mean: 8.7376
  Data: [
    15.6082, 9.4174, 2.6357, 12.7085, 4.0153, 17.0482, 13.4997, 11.9137, 11.8158, 15.2975,
    14.0765, 5.1432, 10.5732, 2.6885, 5.8979, 4.7411, 4.0733, 4.4416, 2.7128, 13.5659,
    8.8747, 2.9183, 8.0004, 6.9510, 11.4575, 5.8334, 2.0940, 9.7544, 10.8753, 3.4285,
    9.2651, 8.8408, 4.8070, 10.5424, 8.0014, 8.6428, 10.4817, 9.2170, 1.7653, 10.3241,
    3.1481, 5.1230, 9.9570, 9.5604, 6.3942, 3.9105, 9.5719, 2.1114, 2.1866, 8.4869,
    5.0789, 7.6251, 12.6001, 5.5975, 4.2056, 12.0504, 4.5667, 3.3069, 5.7027, 15.4449,
    23.9989, 4.8715, 23.4964, 3.3204, 3.8582, 3.5471, 4.7815, 3.4083, 21.8653, 4.3680,
    31.5119, 11.3021, 4.9890, 5.7763, 23.3144, 8.5436, 26.5029, 25.5585, 4.6099, 2.1322,
    3.8300, 18.7166, 9.0069, 5.0451, 4.4128, 4.6877, 7.3204, 5.5708, 3.2494, 14.7376,
    7.8396, 21.2877, 19.1707, 3.3228, 3.4214, 4.2332, 3.8486, 10.8188, 6.7005, 4.2103,
  ]

### strategic/shot_quality_ratio
  Total points: 100
  Min: 0.0000, Max: 1.0000, Mean: 0.6272
  Data: [
    0.0000, 0.0000, 0.0000, 1.0000, 0.0000, 0.0000, 0.7778, 0.0000, 0.0000, 0.0000,
    0.0000, 1.0000, 1.0000, 0.0000, 0.8000, 0.0000, 1.0000, 0.0000, 0.0000, 1.0000,
    1.0000, 0.0000, 0.0000, 0.0000, 0.9167, 0.8889, 0.0000, 1.0000, 1.0000, 0.0000,
    1.0000, 1.0000, 0.0000, 1.0000, 1.0000, 1.0000, 1.0000, 1.0000, 0.0000, 0.9762,
    1.0000, 1.0000, 1.0000, 1.0000, 1.0000, 1.0000, 1.0000, 0.0000, 0.0000, 1.0000,
    0.9000, 1.0000, 1.0000, 0.0000, 1.0000, 1.0000, 1.0000, 0.0000, 1.0000, 1.0000,
    0.9464, 1.0000, 0.8235, 0.7500, 0.2857, 1.0000, 0.1538, 0.0000, 0.9091, 1.0000,
    0.0000, 1.0000, 1.0000, 0.6667, 1.0000, 1.0000, 0.0000, 0.9216, 0.0000, 0.0000,
    1.0000, 1.0000, 1.0000, 1.0000, 1.0000, 1.0000, 0.2500, 1.0000, 0.1250, 0.9630,
    1.0000, 1.0000, 0.6667, 1.0000, 0.0000, 1.0000, 1.0000, 0.5000, 0.5000, 0.0000,
  ]

### strategic/shots_blocked
  Total points: 100
  Min: 0.0000, Max: 11.0000, Mean: 1.0500
  Data: [
    0.0000, 0.0000, 0.0000, 0.0000, 0.0000, 0.0000, 2.0000, 0.0000, 0.0000, 0.0000,
    0.0000, 0.0000, 0.0000, 0.0000, 1.0000, 0.0000, 0.0000, 0.0000, 0.0000, 0.0000,
    0.0000, 0.0000, 0.0000, 0.0000, 1.0000, 1.0000, 0.0000, 0.0000, 0.0000, 0.0000,
    0.0000, 0.0000, 0.0000, 0.0000, 0.0000, 0.0000, 0.0000, 0.0000, 0.0000, 1.0000,
    0.0000, 0.0000, 0.0000, 0.0000, 0.0000, 0.0000, 0.0000, 0.0000, 0.0000, 0.0000,
    1.0000, 0.0000, 0.0000, 0.0000, 0.0000, 0.0000, 0.0000, 9.0000, 0.0000, 0.0000,
    3.0000, 0.0000, 9.0000, 2.0000, 5.0000, 0.0000, 11.0000, 2.0000, 3.0000, 0.0000,
    0.0000, 0.0000, 0.0000, 2.0000, 0.0000, 0.0000, 0.0000, 4.0000, 1.0000, 0.0000,
    0.0000, 0.0000, 0.0000, 0.0000, 0.0000, 0.0000, 9.0000, 0.0000, 7.0000, 1.0000,
    0.0000, 0.0000, 3.0000, 0.0000, 5.0000, 0.0000, 0.0000, 10.0000, 7.0000, 5.0000,
  ]

### strategic/shots_clear
  Total points: 100
  Min: 0.0000, Max: 75.0000, Mean: 8.3200
  Data: [
    0.0000, 0.0000, 0.0000, 8.0000, 0.0000, 0.0000, 7.0000, 0.0000, 0.0000, 0.0000,
    0.0000, 3.0000, 9.0000, 0.0000, 4.0000, 0.0000, 2.0000, 0.0000, 0.0000, 1.0000,
    2.0000, 0.0000, 0.0000, 0.0000, 11.0000, 8.0000, 0.0000, 2.0000, 6.0000, 0.0000,
    1.0000, 3.0000, 0.0000, 9.0000, 3.0000, 6.0000, 2.0000, 15.0000, 0.0000, 41.0000,
    1.0000, 21.0000, 2.0000, 5.0000, 1.0000, 1.0000, 2.0000, 0.0000, 0.0000, 2.0000,
    9.0000, 8.0000, 19.0000, 0.0000, 3.0000, 32.0000, 15.0000, 0.0000, 8.0000, 4.0000,
    53.0000, 6.0000, 42.0000, 6.0000, 2.0000, 7.0000, 2.0000, 0.0000, 30.0000, 2.0000,
    0.0000, 25.0000, 5.0000, 4.0000, 39.0000, 48.0000, 0.0000, 47.0000, 0.0000, 0.0000,
    6.0000, 11.0000, 19.0000, 5.0000, 6.0000, 75.0000, 3.0000, 12.0000, 1.0000, 26.0000,
    2.0000, 31.0000, 6.0000, 2.0000, 0.0000, 8.0000, 8.0000, 10.0000, 7.0000, 0.0000,
  ]

### training/avg_episode_length
  Total points: 100
  Min: 38.9000, Max: 242.8000, Mean: 143.7010
  Data: [
    241.0000, 200.3000, 189.8000, 182.6000, 201.5000, 187.1000, 194.1000, 198.6000, 242.8000, 184.6000,
    213.0000, 165.0000, 137.3000, 115.6000, 132.1000, 176.3000, 109.5000, 139.2000, 177.2000, 183.9000,
    135.8000, 173.3000, 206.0000, 121.2000, 173.5000, 129.6000, 140.8000, 195.3000, 150.8000, 168.1000,
    171.1000, 165.9000, 140.7000, 189.3000, 172.7000, 185.1000, 201.3000, 192.8000, 151.0000, 191.8000,
    155.3000, 211.3000, 157.0000, 189.4000, 225.0000, 122.1000, 189.0000, 182.8000, 166.7000, 173.2000,
    80.6000, 186.4000, 150.0000, 113.3000, 67.2000, 68.5000, 141.7000, 103.4000, 152.6000, 75.3000,
    161.3000, 38.9000, 180.4000, 41.4000, 135.9000, 49.6000, 63.3000, 83.9000, 178.5000, 117.3000,
    77.1000, 196.6000, 65.4000, 54.8000, 140.3000, 147.7000, 116.7000, 203.1000, 202.9000, 159.0000,
    92.3000, 86.4000, 137.7000, 67.0000, 143.0000, 159.6000, 145.7000, 51.8000, 83.7000, 160.4000,
    46.7000, 178.2000, 55.1000, 182.1000, 112.6000, 98.4000, 99.7000, 73.7000, 77.0000, 66.5000,
  ]

### training/calls_per_episode
  Total points: 100
  Min: 0.0000, Max: 0.0000, Mean: 0.0000
  Data: [
    0.0000, 0.0000, 0.0000, 0.0000, 0.0000, 0.0000, 0.0000, 0.0000, 0.0000, 0.0000,
    0.0000, 0.0000, 0.0000, 0.0000, 0.0000, 0.0000, 0.0000, 0.0000, 0.0000, 0.0000,
    0.0000, 0.0000, 0.0000, 0.0000, 0.0000, 0.0000, 0.0000, 0.0000, 0.0000, 0.0000,
    0.0000, 0.0000, 0.0000, 0.0000, 0.0000, 0.0000, 0.0000, 0.0000, 0.0000, 0.0000,
    0.0000, 0.0000, 0.0000, 0.0000, 0.0000, 0.0000, 0.0000, 0.0000, 0.0000, 0.0000,
    0.0000, 0.0000, 0.0000, 0.0000, 0.0000, 0.0000, 0.0000, 0.0000, 0.0000, 0.0000,
    0.0000, 0.0000, 0.0000, 0.0000, 0.0000, 0.0000, 0.0000, 0.0000, 0.0000, 0.0000,
    0.0000, 0.0000, 0.0000, 0.0000, 0.0000, 0.0000, 0.0000, 0.0000, 0.0000, 0.0000,
    0.0000, 0.0000, 0.0000, 0.0000, 0.0000, 0.0000, 0.0000, 0.0000, 0.0000, 0.0000,
    0.0000, 0.0000, 0.0000, 0.0000, 0.0000, 0.0000, 0.0000, 0.0000, 0.0000, 0.0000,
  ]

### training/episode
  Total points: 100
  Min: 20.0000, Max: 90520.0000, Mean: 45506.6000
  Data: [
    20.0000, 160.0000, 660.0000, 820.0000, 940.0000, 1260.0000, 1460.0000, 1500.0000, 1660.0000, 1720.0000,
    2020.0000, 2580.0000, 2860.0000, 2900.0000, 2920.0000, 3000.0000, 3040.0000, 3340.0000, 3780.0000, 3940.0000,
    4120.0000, 4200.0000, 4420.0000, 4500.0000, 4680.0000, 4800.0000, 4860.0000, 5000.0000, 5120.0000, 5280.0000,
    5300.0000, 5640.0000, 6200.0000, 6320.0000, 6380.0000, 6420.0000, 6500.0000, 6560.0000, 7140.0000, 7240.0000,
    7640.0000, 8200.0000, 8500.0000, 8680.0000, 9080.0000, 9280.0000, 9460.0000, 9580.0000, 9720.0000, 9940.0000,
    81700.0000, 81720.0000, 81820.0000, 81920.0000, 81960.0000, 82420.0000, 83000.0000, 83400.0000, 83580.0000, 83600.0000,
    83780.0000, 83960.0000, 84260.0000, 84300.0000, 84660.0000, 85080.0000, 85360.0000, 85520.0000, 85580.0000, 85760.0000,
    85840.0000, 85880.0000, 86300.0000, 86340.0000, 86380.0000, 86400.0000, 86440.0000, 86500.0000, 86540.0000, 86560.0000,
    86740.0000, 86980.0000, 87000.0000, 87100.0000, 87380.0000, 87780.0000, 87900.0000, 88060.0000, 88320.0000, 88580.0000,
    88640.0000, 88980.0000, 89240.0000, 89280.0000, 89520.0000, 89880.0000, 89960.0000, 90440.0000, 90460.0000, 90520.0000,
  ]

### training/episode_block_size
  Total points: 100
  Min: 20.0000, Max: 20.0000, Mean: 20.0000
  Data: [
    20.0000, 20.0000, 20.0000, 20.0000, 20.0000, 20.0000, 20.0000, 20.0000, 20.0000, 20.0000,
    20.0000, 20.0000, 20.0000, 20.0000, 20.0000, 20.0000, 20.0000, 20.0000, 20.0000, 20.0000,
    20.0000, 20.0000, 20.0000, 20.0000, 20.0000, 20.0000, 20.0000, 20.0000, 20.0000, 20.0000,
    20.0000, 20.0000, 20.0000, 20.0000, 20.0000, 20.0000, 20.0000, 20.0000, 20.0000, 20.0000,
    20.0000, 20.0000, 20.0000, 20.0000, 20.0000, 20.0000, 20.0000, 20.0000, 20.0000, 20.0000,
    20.0000, 20.0000, 20.0000, 20.0000, 20.0000, 20.0000, 20.0000, 20.0000, 20.0000, 20.0000,
    20.0000, 20.0000, 20.0000, 20.0000, 20.0000, 20.0000, 20.0000, 20.0000, 20.0000, 20.0000,
    20.0000, 20.0000, 20.0000, 20.0000, 20.0000, 20.0000, 20.0000, 20.0000, 20.0000, 20.0000,
    20.0000, 20.0000, 20.0000, 20.0000, 20.0000, 20.0000, 20.0000, 20.0000, 20.0000, 20.0000,
    20.0000, 20.0000, 20.0000, 20.0000, 20.0000, 20.0000, 20.0000, 20.0000, 20.0000, 20.0000,
  ]

### training/episodes_in_current_block
  Total points: 100
  Min: 19.0000, Max: 19.0000, Mean: 19.0000
  Data: [
    19.0000, 19.0000, 19.0000, 19.0000, 19.0000, 19.0000, 19.0000, 19.0000, 19.0000, 19.0000,
    19.0000, 19.0000, 19.0000, 19.0000, 19.0000, 19.0000, 19.0000, 19.0000, 19.0000, 19.0000,
    19.0000, 19.0000, 19.0000, 19.0000, 19.0000, 19.0000, 19.0000, 19.0000, 19.0000, 19.0000,
    19.0000, 19.0000, 19.0000, 19.0000, 19.0000, 19.0000, 19.0000, 19.0000, 19.0000, 19.0000,
    19.0000, 19.0000, 19.0000, 19.0000, 19.0000, 19.0000, 19.0000, 19.0000, 19.0000, 19.0000,
    19.0000, 19.0000, 19.0000, 19.0000, 19.0000, 19.0000, 19.0000, 19.0000, 19.0000, 19.0000,
    19.0000, 19.0000, 19.0000, 19.0000, 19.0000, 19.0000, 19.0000, 19.0000, 19.0000, 19.0000,
    19.0000, 19.0000, 19.0000, 19.0000, 19.0000, 19.0000, 19.0000, 19.0000, 19.0000, 19.0000,
    19.0000, 19.0000, 19.0000, 19.0000, 19.0000, 19.0000, 19.0000, 19.0000, 19.0000, 19.0000,
    19.0000, 19.0000, 19.0000, 19.0000, 19.0000, 19.0000, 19.0000, 19.0000, 19.0000, 19.0000,
  ]

### training/eps_per_sec
  Total points: 100
  Min: 0.1987, Max: 5.0760, Mean: 2.0402
  Data: [
    3.5769, 4.4848, 4.6468, 4.9489, 4.5872, 4.6983, 5.0081, 4.2848, 4.7842, 5.0760,
    0.2126, 1.3931, 1.5236, 1.5795, 1.7745, 1.5893, 1.7642, 1.6875, 1.2932, 1.4047,
    1.4409, 1.4759, 1.2630, 1.5368, 1.3613, 1.4185, 1.7558, 1.2789, 1.4866, 1.3608,
    1.7216, 1.3288, 1.3463, 1.2850, 1.4721, 1.4734, 1.3344, 1.2992, 1.5438, 1.3236,
    1.3774, 1.2909, 1.4363, 1.2636, 1.1509, 1.5459, 1.4589, 1.2497, 1.3904, 1.3696,
    2.5988, 1.2040, 1.4231, 2.0323, 3.7488, 2.9369, 1.4104, 2.5439, 1.2846, 2.1020,
    1.3925, 3.2961, 1.1808, 3.7274, 2.0082, 2.7195, 3.0365, 0.1987, 1.2395, 1.8977,
    3.1258, 1.1921, 2.3618, 2.9154, 1.2025, 1.6549, 1.6621, 1.2540, 1.3163, 1.7129,
    2.1164, 2.7575, 1.9707, 2.5684, 1.4638, 1.6322, 1.6025, 3.6878, 1.9768, 1.4886,
    4.1969, 1.2417, 3.3739, 1.4130, 0.2094, 1.5976, 1.6757, 2.6378, 3.2176, 0.4554,
  ]

### training/epsilon
  Total points: 100
  Min: 0.0500, Max: 0.9991, Mean: 0.4342
  Data: [
    0.9991, 0.9931, 0.9720, 0.9654, 0.9604, 0.9473, 0.9391, 0.9375, 0.9311, 0.9287,
    0.9168, 0.8950, 0.8843, 0.8828, 0.8820, 0.8790, 0.8775, 0.8662, 0.8500, 0.8442,
    0.8376, 0.8348, 0.8269, 0.8241, 0.8177, 0.8135, 0.8114, 0.8065, 0.8024, 0.7969,
    0.7962, 0.7846, 0.7660, 0.7620, 0.7601, 0.7588, 0.7562, 0.7542, 0.7356, 0.7325,
    0.7200, 0.7029, 0.6938, 0.6885, 0.6768, 0.6710, 0.6658, 0.6624, 0.6584, 0.6522,
    0.0500, 0.0500, 0.0500, 0.0500, 0.0500, 0.0500, 0.0500, 0.0500, 0.0500, 0.0500,
    0.0500, 0.0500, 0.0500, 0.0500, 0.0500, 0.0500, 0.0500, 0.0500, 0.0500, 0.0500,
    0.0500, 0.0500, 0.0500, 0.0500, 0.0500, 0.0500, 0.0500, 0.0500, 0.0500, 0.0500,
    0.0500, 0.0500, 0.0500, 0.0500, 0.0500, 0.0500, 0.0500, 0.0500, 0.0500, 0.0500,
    0.0500, 0.0500, 0.0500, 0.0500, 0.0500, 0.0500, 0.0500, 0.0500, 0.0500, 0.0500,
  ]

### training/lr_actor
  Total points: 100
  Min: 0.0000, Max: 0.0003, Mean: 0.0002
  Data: [
    0.0003, 0.0003, 0.0003, 0.0003, 0.0003, 0.0003, 0.0003, 0.0003, 0.0003, 0.0003,
    0.0003, 0.0003, 0.0003, 0.0003, 0.0003, 0.0003, 0.0003, 0.0003, 0.0003, 0.0003,
    0.0003, 0.0003, 0.0003, 0.0003, 0.0003, 0.0003, 0.0003, 0.0003, 0.0003, 0.0003,
    0.0003, 0.0003, 0.0003, 0.0003, 0.0003, 0.0003, 0.0003, 0.0003, 0.0003, 0.0003,
    0.0003, 0.0003, 0.0003, 0.0003, 0.0003, 0.0003, 0.0003, 0.0003, 0.0003, 0.0003,
    0.0001, 0.0001, 0.0001, 0.0001, 0.0001, 0.0001, 0.0000, 0.0000, 0.0000, 0.0000,
    0.0000, 0.0000, 0.0000, 0.0000, 0.0000, 0.0000, 0.0000, 0.0000, 0.0000, 0.0000,
    0.0000, 0.0000, 0.0000, 0.0000, 0.0000, 0.0000, 0.0000, 0.0000, 0.0000, 0.0000,
    0.0000, 0.0000, 0.0000, 0.0000, 0.0000, 0.0000, 0.0000, 0.0000, 0.0000, 0.0000,
    0.0000, 0.0000, 0.0000, 0.0000, 0.0000, 0.0000, 0.0000, 0.0000, 0.0000, 0.0000,
  ]

### training/lr_critic
  Total points: 100
  Min: 0.0000, Max: 0.0003, Mean: 0.0002
  Data: [
    0.0003, 0.0003, 0.0003, 0.0003, 0.0003, 0.0003, 0.0003, 0.0003, 0.0003, 0.0003,
    0.0003, 0.0003, 0.0003, 0.0003, 0.0003, 0.0003, 0.0003, 0.0003, 0.0003, 0.0003,
    0.0003, 0.0003, 0.0003, 0.0003, 0.0003, 0.0003, 0.0003, 0.0003, 0.0003, 0.0003,
    0.0003, 0.0003, 0.0003, 0.0003, 0.0003, 0.0003, 0.0003, 0.0003, 0.0003, 0.0003,
    0.0003, 0.0003, 0.0003, 0.0003, 0.0003, 0.0003, 0.0003, 0.0003, 0.0003, 0.0003,
    0.0001, 0.0001, 0.0001, 0.0001, 0.0001, 0.0001, 0.0000, 0.0000, 0.0000, 0.0000,
    0.0000, 0.0000, 0.0000, 0.0000, 0.0000, 0.0000, 0.0000, 0.0000, 0.0000, 0.0000,
    0.0000, 0.0000, 0.0000, 0.0000, 0.0000, 0.0000, 0.0000, 0.0000, 0.0000, 0.0000,
    0.0000, 0.0000, 0.0000, 0.0000, 0.0000, 0.0000, 0.0000, 0.0000, 0.0000, 0.0000,
    0.0000, 0.0000, 0.0000, 0.0000, 0.0000, 0.0000, 0.0000, 0.0000, 0.0000, 0.0000,
  ]

### training/pbrs_enabled
  Total points: 100
  Min: 1.0000, Max: 1.0000, Mean: 1.0000
  Data: [
    1.0000, 1.0000, 1.0000, 1.0000, 1.0000, 1.0000, 1.0000, 1.0000, 1.0000, 1.0000,
    1.0000, 1.0000, 1.0000, 1.0000, 1.0000, 1.0000, 1.0000, 1.0000, 1.0000, 1.0000,
    1.0000, 1.0000, 1.0000, 1.0000, 1.0000, 1.0000, 1.0000, 1.0000, 1.0000, 1.0000,
    1.0000, 1.0000, 1.0000, 1.0000, 1.0000, 1.0000, 1.0000, 1.0000, 1.0000, 1.0000,
    1.0000, 1.0000, 1.0000, 1.0000, 1.0000, 1.0000, 1.0000, 1.0000, 1.0000, 1.0000,
    1.0000, 1.0000, 1.0000, 1.0000, 1.0000, 1.0000, 1.0000, 1.0000, 1.0000, 1.0000,
    1.0000, 1.0000, 1.0000, 1.0000, 1.0000, 1.0000, 1.0000, 1.0000, 1.0000, 1.0000,
    1.0000, 1.0000, 1.0000, 1.0000, 1.0000, 1.0000, 1.0000, 1.0000, 1.0000, 1.0000,
    1.0000, 1.0000, 1.0000, 1.0000, 1.0000, 1.0000, 1.0000, 1.0000, 1.0000, 1.0000,
    1.0000, 1.0000, 1.0000, 1.0000, 1.0000, 1.0000, 1.0000, 1.0000, 1.0000, 1.0000,
  ]

### training/tie_penalty
  Total points: 100
  Min: -3.0000, Max: 0.0000, Mean: -1.0800
  Data: [
    -3.0000, 0.0000, 0.0000, -3.0000, 0.0000, -3.0000, -3.0000, -3.0000, -3.0000, -3.0000,
    -3.0000, 0.0000, -3.0000, 0.0000, 0.0000, 0.0000, 0.0000, 0.0000, 0.0000, -3.0000,
    0.0000, 0.0000, -3.0000, 0.0000, -3.0000, 0.0000, 0.0000, -3.0000, -3.0000, 0.0000,
    -3.0000, -3.0000, 0.0000, -3.0000, -3.0000, 0.0000, -3.0000, -3.0000, 0.0000, -3.0000,
    0.0000, 0.0000, -3.0000, -3.0000, 0.0000, 0.0000, -3.0000, 0.0000, 0.0000, -3.0000,
    0.0000, 0.0000, 0.0000, -3.0000, 0.0000, 0.0000, 0.0000, 0.0000, 0.0000, 0.0000,
    -3.0000, 0.0000, -3.0000, 0.0000, 0.0000, 0.0000, 0.0000, 0.0000, -3.0000, 0.0000,
    -3.0000, 0.0000, 0.0000, 0.0000, -3.0000, -3.0000, -3.0000, -3.0000, 0.0000, 0.0000,
    0.0000, 0.0000, 0.0000, 0.0000, 0.0000, -3.0000, 0.0000, 0.0000, 0.0000, 0.0000,
    0.0000, -3.0000, 0.0000, 0.0000, 0.0000, 0.0000, 0.0000, 0.0000, 0.0000, 0.0000,
  ]

### values/Q_avg
  Total points: 50
  Min: -2.6219, Max: 3.5391, Mean: 0.1058
  Data: [
    -0.0002, -1.6628, -2.0674, -2.3243, -1.6488, -1.6474, -1.4428, -1.1076, -1.0731, -1.9335,
    -1.7048, -1.6974, -2.0846, -0.9737, -2.1263, -2.6219, -2.5421, -0.4836, -2.5533, -0.0204,
    -0.1003, -0.4382, -0.4808, -0.6788, -1.1651, -0.7030, 1.5417, 2.5500, 1.6905, 1.3068,
    2.4270, 3.5391, 1.7326, 2.1928, 1.8908, 0.2575, 1.3778, 1.6347, 1.1699, 1.8974,
    1.7941, 1.2391, 1.4365, 1.9003, 1.6603, 1.2266, 2.1902, 0.9939, 1.6160, 1.3045,
  ]

### values/Q_max
  Total points: 50
  Min: 0.1693, Max: 19.0377, Mean: 9.5526
  Data: [
    0.1693, 0.8214, 0.7401, 2.2832, 8.5031, 2.4024, 4.2222, 10.8683, 9.5207, 5.9452,
    9.5137, 9.0788, 9.3030, 9.0240, 14.8330, 11.7478, 6.1492, 19.0377, 11.2594, 10.3904,
    9.6648, 8.8667, 9.3479, 7.8184, 10.5219, 10.4401, 10.0105, 10.6389, 10.8740, 10.0534,
    11.8992, 10.6989, 11.7579, 16.3972, 12.8801, 11.6407, 9.8597, 9.9600, 10.4015, 10.5849,
    10.7577, 9.9001, 10.5062, 12.7911, 11.5125, 11.1022, 10.8896, 9.3154, 10.7203, 10.0076,
  ]

### values/Q_min
  Total points: 50
  Min: -24.0334, Max: -0.1006, Mean: -12.3698
  Data: [
    -0.1006, -5.1386, -5.5699, -9.6462, -10.9882, -8.8443, -10.2116, -11.5048, -10.4124, -9.5189,
    -10.1470, -10.5032, -14.1596, -17.2002, -17.7525, -22.1338, -21.5303, -23.2087, -22.5619, -22.0496,
    -22.7159, -24.0334, -22.9931, -20.2598, -13.3533, -6.9104, -12.1240, -12.6464, -11.3682, -12.0150,
    -7.8222, -12.3247, -12.4782, -11.8073, -9.9945, -11.2347, -8.1805, -12.9428, -9.3928, -7.2719,
    -8.5050, -10.5484, -7.4053, -6.3596, -8.6555, -11.2599, -8.1647, -10.8687, -11.3946, -10.2781,
  ]

### values/Q_std
  Total points: 50
  Min: 0.0536, Max: 6.9943, Mean: 4.2511
  Data: [
    0.0536, 1.6758, 1.9101, 2.3806, 2.8551, 2.1700, 2.3884, 3.1141, 3.1578, 2.6935,
    3.5516, 3.3560, 4.0179, 3.9007, 4.9573, 5.0610, 5.5660, 5.3558, 6.9943, 5.5398,
    5.3407, 6.4254, 5.0776, 4.7233, 4.7837, 3.9168, 4.7319, 4.5846, 4.4959, 4.7941,
    4.7042, 4.6663, 5.5821, 5.2616, 4.9690, 5.7457, 4.3620, 4.5716, 4.1910, 3.9422,
    4.5677, 4.6258, 4.3958, 4.0573, 4.5932, 4.8801, 4.6435, 4.5507, 4.4613, 4.2106,
  ]
