================================================================================
W&B RUN DATA: faster-p0.5r1.0TD3-Hockey-NORMAL-weak-lr0.0003-seed102
================================================================================

## RUN METADATA
Run ID: ou6f98ec
Created: 2026-01-11T18:31:05Z
State: failed
Duration: 23092.698878998 seconds

## CONFIGURATION
  algorithm: TD3
  mode: NORMAL
  opponent: weak
  learning_rate_actor: 0.0003
  learning_rate_critic: 0.0003
  batch_size: 1024
  buffer_size: 1000000
  max_episodes: 100000
  random_seed: 102
  self_play_start: 0
  self_play_pool_size: 25
  gamma: 0.99
  tau: 0.005

## FINAL SUMMARY

## NOTE: Data discretized to fit 100000 char limit
  Showing ~50 points per metric (of 452 total)

## METRICS DATA

### behavior/action_magnitude_avg
  Total points: 100
  Min: 0.5645, Max: 1.2914, Mean: 1.1117
  Data: [
    0.8133, 0.7776, 0.8174, 0.7491, 0.6354, 0.7689, 0.7468, 0.7192, 0.7451, 0.5645,
    0.7279, 0.8176, 0.7715, 1.0573, 1.0706, 0.9893, 1.0335, 1.0852, 1.0643, 1.0997,
    1.0603, 0.9709, 1.0475, 1.0184, 1.0332, 1.0539, 1.0891, 1.0788, 1.0530, 0.9729,
    1.0791, 1.0361, 1.0207, 1.0630, 1.0778, 0.9986, 1.0838, 1.0526, 1.0511, 1.0026,
    1.0694, 1.0694, 1.0631, 1.0805, 1.0472, 1.0630, 1.0820, 1.0208, 1.0764, 1.1037,
    1.2558, 1.2306, 1.2317, 1.2516, 1.2387, 1.2504, 1.2465, 1.2513, 1.2407, 1.2422,
    1.2373, 1.2510, 1.2429, 1.2275, 1.2591, 1.2347, 1.2413, 1.2592, 1.2564, 1.2639,
    1.2469, 1.2546, 1.2350, 1.2586, 1.2641, 1.2602, 1.2332, 1.2520, 1.2627, 1.2481,
    1.2432, 1.2493, 1.2362, 1.2413, 1.2670, 1.2602, 1.2588, 1.2541, 1.2606, 1.2524,
    1.2569, 1.2611, 1.2688, 1.2484, 1.2641, 1.2555, 1.2658, 1.2586, 1.2914, 1.2756,
  ]

### behavior/action_magnitude_max
  Total points: 100
  Min: 1.1509, Max: 1.4142, Mean: 1.3887
  Data: [
    1.3390, 1.2756, 1.3654, 1.1772, 1.1766, 1.2330, 1.2248, 1.3250, 1.2618, 1.1509,
    1.2264, 1.2643, 1.2811, 1.3711, 1.4142, 1.3930, 1.3937, 1.3992, 1.4142, 1.3860,
    1.3954, 1.4012, 1.4107, 1.4063, 1.3924, 1.4037, 1.4024, 1.4127, 1.4037, 1.4045,
    1.4111, 1.4093, 1.4038, 1.3962, 1.4142, 1.3922, 1.4012, 1.4000, 1.3977, 1.3850,
    1.4077, 1.4107, 1.4142, 1.3966, 1.4013, 1.3986, 1.4142, 1.4142, 1.4042, 1.4142,
    1.4142, 1.4140, 1.4116, 1.4139, 1.4142, 1.4142, 1.4142, 1.4142, 1.4142, 1.4131,
    1.4142, 1.4142, 1.4142, 1.4142, 1.4142, 1.4116, 1.4142, 1.4142, 1.4107, 1.4139,
    1.4142, 1.4129, 1.4119, 1.4142, 1.4142, 1.4134, 1.4136, 1.4115, 1.4142, 1.4142,
    1.4137, 1.4122, 1.4101, 1.4139, 1.4142, 1.4142, 1.4140, 1.4128, 1.4142, 1.4142,
    1.4138, 1.4124, 1.4137, 1.4142, 1.4098, 1.4142, 1.4142, 1.4136, 1.4142, 1.4139,
  ]

### behavior/dist_to_puck_avg
  Total points: 100
  Min: 1.8120, Max: 4.0625, Mean: 2.4459
  Data: [
    3.4352, 3.4246, 3.0058, 3.4125, 3.2166, 3.4884, 4.0625, 3.5090, 3.4826, 3.0088,
    3.3431, 3.3658, 3.5160, 2.7643, 2.8991, 2.9690, 2.8304, 2.7779, 2.4277, 2.8859,
    2.6026, 2.5058, 3.0052, 2.5247, 2.5845, 2.5448, 2.5922, 2.7263, 2.6802, 2.7819,
    2.6087, 2.5152, 2.5831, 2.4860, 2.7222, 2.7321, 2.2625, 2.5195, 2.6468, 2.5030,
    2.5559, 2.7255, 2.7580, 2.4358, 2.6839, 2.2923, 2.7749, 2.2921, 2.3725, 2.5576,
    2.0268, 1.9987, 2.1207, 2.1547, 2.1018, 2.1146, 2.1581, 2.1584, 2.0254, 2.0166,
    1.9318, 2.0730, 2.0901, 2.1478, 2.0093, 2.0586, 2.1379, 2.0448, 2.1415, 2.0093,
    2.1664, 2.1798, 2.1248, 2.0109, 2.0697, 2.0454, 1.9791, 1.9985, 1.8935, 2.1362,
    2.0265, 2.2037, 1.8120, 2.0335, 2.1280, 1.9102, 2.0125, 2.1459, 1.9553, 1.9705,
    2.1052, 2.0215, 2.1625, 2.0229, 1.9496, 2.0614, 2.0820, 2.2325, 2.2321, 2.0003,
  ]

### behavior/dist_to_puck_min
  Total points: 100
  Min: 0.1693, Max: 1.6242, Mean: 0.4484
  Data: [
    1.6242, 1.1345, 0.8696, 1.5974, 1.4222, 1.4186, 1.5488, 1.0722, 0.5291, 0.7596,
    0.9883, 1.1748, 1.4195, 0.9464, 0.4933, 0.6099, 0.5298, 0.4864, 0.5865, 0.8502,
    0.7208, 0.3547, 0.2851, 0.3793, 0.4078, 0.4275, 0.4543, 0.4777, 0.4212, 0.3310,
    0.5045, 0.4044, 0.3222, 0.3496, 0.4769, 0.3484, 0.3519, 0.3234, 0.3520, 0.3429,
    0.4209, 0.2700, 0.4344, 0.2892, 0.4953, 0.3929, 0.5379, 0.4053, 0.3417, 0.5361,
    0.2309, 0.2146, 0.2206, 0.2461, 0.2122, 0.1693, 0.2408, 0.1993, 0.2069, 0.2982,
    0.2735, 0.2792, 0.2362, 0.3119, 0.2755, 0.2695, 0.2666, 0.2824, 0.2966, 0.2291,
    0.2710, 0.2228, 0.2520, 0.2370, 0.2855, 0.2510, 0.2410, 0.2612, 0.1925, 0.2246,
    0.2353, 0.3193, 0.1970, 0.2579, 0.3195, 0.2659, 0.2811, 0.3081, 0.2976, 0.2747,
    0.2638, 0.2259, 0.3031, 0.2144, 0.2623, 0.2268, 0.2391, 0.2235, 0.2336, 0.2700,
  ]

### behavior/distance_traveled
  Total points: 100
  Min: 4.9097, Max: 15.0252, Mean: 9.3025
  Data: [
    8.5799, 6.9038, 7.9155, 5.9261, 7.5697, 5.0515, 7.6353, 7.3221, 7.5936, 5.8169,
    8.5828, 5.5231, 6.5956, 6.0276, 9.3536, 7.2809, 9.3114, 7.9623, 5.7174, 5.6568,
    6.9182, 6.5410, 11.3323, 8.8431, 7.9574, 9.0794, 7.1242, 8.8379, 10.0626, 13.9804,
    4.9097, 8.8242, 11.6334, 7.5945, 6.1449, 9.3566, 6.3158, 12.1766, 11.3578, 9.0242,
    7.1727, 9.6747, 12.3465, 8.8603, 11.5396, 7.7370, 9.0992, 9.8638, 7.9452, 7.7384,
    11.0341, 13.4977, 13.6810, 10.3445, 10.2663, 12.9914, 12.0384, 10.3027, 10.6907, 11.7398,
    9.1393, 7.5017, 11.7976, 9.6007, 8.8489, 10.4983, 13.9020, 8.8984, 10.7560, 8.2234,
    9.5149, 13.4197, 10.6007, 15.0252, 8.8556, 9.9281, 8.2684, 8.0081, 10.7704, 9.3259,
    10.2036, 13.5107, 10.6704, 9.1690, 11.0586, 6.2607, 9.4812, 5.3446, 7.4775, 12.6046,
    5.8953, 10.8021, 8.9387, 10.7898, 9.9309, 12.2562, 10.8948, 11.4352, 11.7283, 10.0070,
  ]

### behavior/lazy_action_ratio
  Total points: 100
  Min: 0.0000, Max: 0.0342, Mean: 0.0034
  Data: [
    0.0277, 0.0255, 0.0341, 0.0205, 0.0218, 0.0126, 0.0215, 0.0342, 0.0114, 0.0139,
    0.0272, 0.0128, 0.0158, 0.0012, 0.0024, 0.0010, 0.0060, 0.0007, 0.0004, 0.0008,
    0.0020, 0.0051, 0.0013, 0.0033, 0.0024, 0.0024, 0.0000, 0.0000, 0.0008, 0.0019,
    0.0000, 0.0007, 0.0028, 0.0000, 0.0024, 0.0004, 0.0027, 0.0028, 0.0000, 0.0000,
    0.0014, 0.0020, 0.0000, 0.0000, 0.0028, 0.0000, 0.0006, 0.0024, 0.0024, 0.0004,
    0.0000, 0.0000, 0.0004, 0.0000, 0.0000, 0.0000, 0.0000, 0.0000, 0.0000, 0.0000,
    0.0000, 0.0000, 0.0000, 0.0000, 0.0000, 0.0000, 0.0000, 0.0000, 0.0000, 0.0000,
    0.0000, 0.0000, 0.0000, 0.0000, 0.0000, 0.0000, 0.0000, 0.0000, 0.0000, 0.0010,
    0.0000, 0.0000, 0.0000, 0.0000, 0.0000, 0.0000, 0.0000, 0.0000, 0.0000, 0.0000,
    0.0000, 0.0000, 0.0000, 0.0000, 0.0000, 0.0000, 0.0000, 0.0000, 0.0000, 0.0000,
  ]

### behavior/puck_touches
  Total points: 100
  Min: 0.0000, Max: 5.7000, Mean: 2.3610
  Data: [
    0.7000, 0.5000, 0.7000, 0.0000, 0.1000, 0.6000, 0.7000, 0.9000, 1.5000, 0.7000,
    0.8000, 0.2000, 0.1000, 0.6000, 1.3000, 1.0000, 1.3000, 1.6000, 1.0000, 0.5000,
    0.8000, 1.8000, 2.5000, 2.5000, 1.0000, 2.0000, 1.0000, 1.5000, 1.7000, 1.7000,
    1.2000, 2.8000, 1.9000, 2.1000, 1.4000, 1.7000, 1.5000, 2.5000, 2.4000, 1.3000,
    1.7000, 2.0000, 2.7000, 1.9000, 1.4000, 1.7000, 1.2000, 1.1000, 1.8000, 1.5000,
    3.8000, 4.1000, 4.2000, 3.6000, 4.3000, 4.8000, 2.3000, 3.1000, 5.7000, 2.8000,
    2.7000, 1.9000, 4.1000, 3.7000, 2.6000, 4.3000, 3.9000, 2.8000, 3.3000, 4.3000,
    3.5000, 4.0000, 4.1000, 4.4000, 2.4000, 3.3000, 3.2000, 2.8000, 4.2000, 3.2000,
    3.1000, 1.9000, 4.4000, 4.2000, 2.9000, 3.0000, 2.5000, 2.2000, 2.4000, 4.0000,
    2.7000, 4.0000, 2.3000, 3.6000, 2.6000, 3.5000, 3.2000, 3.2000, 3.3000, 2.6000,
  ]

### behavior/time_near_puck
  Total points: 100
  Min: 0.0000, Max: 28.1000, Mean: 13.3090
  Data: [
    5.6000, 5.3000, 4.6000, 0.0000, 0.8000, 6.8000, 5.8000, 6.8000, 9.9000, 7.4000,
    6.0000, 3.1000, 1.3000, 2.2000, 2.4000, 2.7000, 1.0000, 5.4000, 5.5000, 5.2000,
    4.7000, 6.9000, 17.6000, 11.4000, 3.0000, 5.6000, 2.3000, 2.0000, 1.5000, 3.6000,
    1.4000, 11.6000, 10.6000, 10.5000, 9.8000, 15.6000, 14.1000, 14.7000, 18.5000, 12.9000,
    17.3000, 18.0000, 19.5000, 16.0000, 11.6000, 11.6000, 7.4000, 7.9000, 15.8000, 12.4000,
    20.8000, 25.2000, 23.3000, 16.5000, 23.0000, 22.3000, 11.4000, 16.9000, 28.1000, 17.7000,
    15.8000, 10.3000, 24.1000, 19.5000, 15.8000, 24.0000, 20.5000, 17.5000, 17.0000, 21.3000,
    17.4000, 19.4000, 18.5000, 25.0000, 14.5000, 19.4000, 17.0000, 17.0000, 26.1000, 15.2000,
    17.2000, 11.3000, 22.2000, 22.6000, 17.9000, 18.4000, 15.3000, 12.1000, 16.3000, 22.5000,
    14.1000, 21.2000, 13.2000, 19.9000, 16.5000, 18.4000, 17.0000, 17.5000, 19.0000, 14.2000,
  ]

### behavior/velocity_avg
  Total points: 100
  Min: 0.0464, Max: 0.1088, Mean: 0.0873
  Data: [
    0.0638, 0.0592, 0.0651, 0.0552, 0.0618, 0.0688, 0.0506, 0.0542, 0.0564, 0.0736,
    0.0464, 0.0572, 0.0564, 0.0807, 0.0566, 0.0670, 0.0773, 0.0797, 0.0821, 0.0981,
    0.0867, 0.0770, 0.0694, 0.0747, 0.1003, 0.0959, 0.0949, 0.0938, 0.0886, 0.0967,
    0.0992, 0.0848, 0.0835, 0.0958, 0.0933, 0.0880, 0.0757, 0.0790, 0.0743, 0.0814,
    0.0826, 0.0813, 0.0812, 0.0843, 0.0922, 0.0982, 0.0884, 0.0875, 0.0890, 0.0786,
    0.0947, 0.0893, 0.0890, 0.0974, 0.0846, 0.0886, 0.1022, 0.0970, 0.0869, 0.1005,
    0.0907, 0.1037, 0.0868, 0.0912, 0.0981, 0.0872, 0.0857, 0.1088, 0.1036, 0.0940,
    0.1019, 0.0823, 0.0958, 0.1008, 0.1051, 0.1018, 0.1042, 0.1002, 0.0925, 0.0935,
    0.0953, 0.0999, 0.0815, 0.0965, 0.1062, 0.0904, 0.0942, 0.0975, 0.1048, 0.0935,
    0.1002, 0.0901, 0.1051, 0.0919, 0.1049, 0.1057, 0.1047, 0.0962, 0.0997, 0.1088,
  ]

### behavior/velocity_max
  Total points: 100
  Min: 0.1812, Max: 0.2335, Mean: 0.2191
  Data: [
    0.2081, 0.1812, 0.2016, 0.1903, 0.1888, 0.1885, 0.1875, 0.1913, 0.1920, 0.1966,
    0.1812, 0.2043, 0.2078, 0.2169, 0.2197, 0.2129, 0.2197, 0.2171, 0.2106, 0.2219,
    0.2210, 0.2175, 0.2150, 0.2119, 0.2119, 0.2149, 0.2158, 0.2222, 0.2162, 0.2218,
    0.2216, 0.2214, 0.2196, 0.2176, 0.2201, 0.2206, 0.2190, 0.2211, 0.2211, 0.2124,
    0.2151, 0.2188, 0.2206, 0.2190, 0.2169, 0.2196, 0.2199, 0.2210, 0.2186, 0.2214,
    0.2291, 0.2313, 0.2277, 0.2258, 0.2275, 0.2307, 0.2261, 0.2232, 0.2258, 0.2304,
    0.2299, 0.2236, 0.2267, 0.2250, 0.2248, 0.2226, 0.2271, 0.2281, 0.2335, 0.2233,
    0.2235, 0.2321, 0.2240, 0.2269, 0.2291, 0.2242, 0.2257, 0.2202, 0.2242, 0.2239,
    0.2236, 0.2246, 0.2221, 0.2257, 0.2258, 0.2221, 0.2258, 0.2203, 0.2207, 0.2296,
    0.2231, 0.2281, 0.2296, 0.2299, 0.2288, 0.2285, 0.2240, 0.2258, 0.2321, 0.2278,
  ]

### eval/strong/avg_reward
  Total points: 45
  Min: -13.5386, Max: -0.5156, Mean: -6.1130
  Data: [
    -13.5386, -7.8528, -7.9720, -5.7704, -4.9734, -7.1832, -6.0424, -7.4483, -5.4514, -9.4115,
    -1.2776, -2.0825, -4.5382, -9.4668, -4.8806, -5.5733, -5.6603, -7.3784, -6.4702, -7.6147,
    -7.1307, -6.4506, -6.8099, -9.0267, -7.0872, -4.7206, -2.0183, -6.0249, -8.2201, -8.0405,
    -2.8392, -8.5240, -4.6695, -6.7504, -5.2931, -7.5533, -7.6361, -6.6691, -5.4788, -4.8869,
    -7.6637, -4.3911, -4.7355, -1.3645, -0.5156,
  ]

### eval/strong/loss_rate
  Total points: 45
  Min: 0.3200, Max: 0.7200, Mean: 0.5431
  Data: [
    0.3600, 0.4800, 0.5600, 0.5600, 0.4000, 0.5600, 0.5200, 0.6800, 0.5200, 0.7200,
    0.3200, 0.3200, 0.5200, 0.6400, 0.5600, 0.5600, 0.5200, 0.7200, 0.6400, 0.6800,
    0.5600, 0.5200, 0.6400, 0.6400, 0.6400, 0.6000, 0.3600, 0.5600, 0.6000, 0.6400,
    0.3600, 0.6400, 0.5200, 0.6000, 0.5200, 0.6000, 0.6800, 0.6400, 0.5600, 0.4000,
    0.6000, 0.4800, 0.4400, 0.4000, 0.4000,
  ]

### eval/strong/losses
  Total points: 45
  Min: 8.0000, Max: 18.0000, Mean: 13.5778
  Data: [
    9.0000, 12.0000, 14.0000, 14.0000, 10.0000, 14.0000, 13.0000, 17.0000, 13.0000, 18.0000,
    8.0000, 8.0000, 13.0000, 16.0000, 14.0000, 14.0000, 13.0000, 18.0000, 16.0000, 17.0000,
    14.0000, 13.0000, 16.0000, 16.0000, 16.0000, 15.0000, 9.0000, 14.0000, 15.0000, 16.0000,
    9.0000, 16.0000, 13.0000, 15.0000, 13.0000, 15.0000, 17.0000, 16.0000, 14.0000, 10.0000,
    15.0000, 12.0000, 11.0000, 10.0000, 10.0000,
  ]

### eval/strong/tie_rate
  Total points: 45
  Min: 0.0000, Max: 0.5200, Mean: 0.1858
  Data: [
    0.5200, 0.4000, 0.2400, 0.1600, 0.3600, 0.2400, 0.2000, 0.0800, 0.2000, 0.2000,
    0.2000, 0.2800, 0.1600, 0.3200, 0.1200, 0.1200, 0.2000, 0.0800, 0.1200, 0.0800,
    0.2400, 0.2400, 0.1200, 0.2400, 0.0800, 0.0400, 0.2000, 0.1600, 0.2400, 0.1200,
    0.2400, 0.1600, 0.1600, 0.2000, 0.2400, 0.1600, 0.0800, 0.0800, 0.1200, 0.2400,
    0.2400, 0.1200, 0.2400, 0.1200, 0.0000,
  ]

### eval/strong/ties
  Total points: 45
  Min: 0.0000, Max: 13.0000, Mean: 4.6444
  Data: [
    13.0000, 10.0000, 6.0000, 4.0000, 9.0000, 6.0000, 5.0000, 2.0000, 5.0000, 5.0000,
    5.0000, 7.0000, 4.0000, 8.0000, 3.0000, 3.0000, 5.0000, 2.0000, 3.0000, 2.0000,
    6.0000, 6.0000, 3.0000, 6.0000, 2.0000, 1.0000, 5.0000, 4.0000, 6.0000, 3.0000,
    6.0000, 4.0000, 4.0000, 5.0000, 6.0000, 4.0000, 2.0000, 2.0000, 3.0000, 6.0000,
    6.0000, 3.0000, 6.0000, 3.0000, 0.0000,
  ]

### eval/strong/win_rate
  Total points: 45
  Min: 0.0400, Max: 0.6000, Mean: 0.2711
  Data: [
    0.1200, 0.1200, 0.2000, 0.2800, 0.2400, 0.2000, 0.2800, 0.2400, 0.2800, 0.0800,
    0.4800, 0.4000, 0.3200, 0.0400, 0.3200, 0.3200, 0.2800, 0.2000, 0.2400, 0.2400,
    0.2000, 0.2400, 0.2400, 0.1200, 0.2800, 0.3600, 0.4400, 0.2800, 0.1600, 0.2400,
    0.4000, 0.2000, 0.3200, 0.2000, 0.2400, 0.2400, 0.2400, 0.2800, 0.3200, 0.3600,
    0.1600, 0.4000, 0.3200, 0.4800, 0.6000,
  ]

### eval/strong/win_rate_decisive
  Total points: 45
  Min: 0.0588, Max: 0.6000, Mean: 0.3301
  Data: [
    0.2500, 0.2000, 0.2632, 0.3333, 0.3750, 0.2632, 0.3500, 0.2609, 0.3500, 0.1000,
    0.6000, 0.5556, 0.3810, 0.0588, 0.3636, 0.3636, 0.3500, 0.2174, 0.2727, 0.2609,
    0.2632, 0.3158, 0.2727, 0.1579, 0.3043, 0.3750, 0.5500, 0.3333, 0.2105, 0.2727,
    0.5263, 0.2381, 0.3810, 0.2500, 0.3158, 0.2857, 0.2609, 0.3043, 0.3636, 0.4737,
    0.2105, 0.4545, 0.4211, 0.5455, 0.6000,
  ]

### eval/strong/wins
  Total points: 45
  Min: 1.0000, Max: 15.0000, Mean: 6.7778
  Data: [
    3.0000, 3.0000, 5.0000, 7.0000, 6.0000, 5.0000, 7.0000, 6.0000, 7.0000, 2.0000,
    12.0000, 10.0000, 8.0000, 1.0000, 8.0000, 8.0000, 7.0000, 5.0000, 6.0000, 6.0000,
    5.0000, 6.0000, 6.0000, 3.0000, 7.0000, 9.0000, 11.0000, 7.0000, 4.0000, 6.0000,
    10.0000, 5.0000, 8.0000, 5.0000, 6.0000, 6.0000, 6.0000, 7.0000, 8.0000, 9.0000,
    4.0000, 10.0000, 8.0000, 12.0000, 15.0000,
  ]

### eval/weak/avg_reward
  Total points: 45
  Min: -10.9878, Max: 6.6786, Mean: -1.0219
  Data: [
    -10.9878, -9.9062, -1.7546, -2.3825, -6.4723, -2.4945, -4.8157, -5.0148, -3.3013, -2.7123,
    -0.5637, 1.0580, -1.8371, -0.7326, -6.2795, -5.4595, -3.8133, -2.7955, -0.4158, -1.8691,
    -1.8768, -3.7160, -2.8213, -0.3311, -2.9907, -2.6420, 0.4163, 0.7378, -0.2702, 3.7877,
    -4.3165, -1.7685, -1.1407, 0.5904, -1.2728, 4.2180, 3.3933, 4.4073, 1.9511, 1.8871,
    5.7597, 5.6434, 6.6786, 4.7641, 5.4774,
  ]

### eval/weak/loss_rate
  Total points: 45
  Min: 0.0400, Max: 0.6800, Mean: 0.3556
  Data: [
    0.5600, 0.6800, 0.3600, 0.4000, 0.6000, 0.3600, 0.5600, 0.5200, 0.4000, 0.3200,
    0.4000, 0.2000, 0.4000, 0.3200, 0.6800, 0.5200, 0.4000, 0.4400, 0.3600, 0.3200,
    0.4000, 0.5600, 0.4400, 0.3600, 0.4000, 0.3200, 0.2800, 0.2800, 0.2000, 0.2000,
    0.5600, 0.4400, 0.4400, 0.3200, 0.3200, 0.2000, 0.2000, 0.2000, 0.2400, 0.2800,
    0.1600, 0.1200, 0.1200, 0.1200, 0.0400,
  ]

### eval/weak/losses
  Total points: 45
  Min: 1.0000, Max: 17.0000, Mean: 8.8889
  Data: [
    14.0000, 17.0000, 9.0000, 10.0000, 15.0000, 9.0000, 14.0000, 13.0000, 10.0000, 8.0000,
    10.0000, 5.0000, 10.0000, 8.0000, 17.0000, 13.0000, 10.0000, 11.0000, 9.0000, 8.0000,
    10.0000, 14.0000, 11.0000, 9.0000, 10.0000, 8.0000, 7.0000, 7.0000, 5.0000, 5.0000,
    14.0000, 11.0000, 11.0000, 8.0000, 8.0000, 5.0000, 5.0000, 5.0000, 6.0000, 7.0000,
    4.0000, 3.0000, 3.0000, 3.0000, 1.0000,
  ]

### eval/weak/tie_rate
  Total points: 45
  Min: 0.0000, Max: 0.4400, Mean: 0.1956
  Data: [
    0.2800, 0.2400, 0.2400, 0.2400, 0.2000, 0.3200, 0.2000, 0.2400, 0.3200, 0.4000,
    0.1200, 0.3200, 0.2000, 0.2800, 0.0800, 0.2800, 0.3600, 0.2000, 0.1600, 0.3600,
    0.2000, 0.0800, 0.2000, 0.1200, 0.2800, 0.3600, 0.2000, 0.1600, 0.4400, 0.0800,
    0.1600, 0.1200, 0.0800, 0.1200, 0.2800, 0.0400, 0.1200, 0.0400, 0.1200, 0.1200,
    0.0000, 0.0800, 0.0000, 0.1600, 0.2000,
  ]

### eval/weak/ties
  Total points: 45
  Min: 0.0000, Max: 11.0000, Mean: 4.8889
  Data: [
    7.0000, 6.0000, 6.0000, 6.0000, 5.0000, 8.0000, 5.0000, 6.0000, 8.0000, 10.0000,
    3.0000, 8.0000, 5.0000, 7.0000, 2.0000, 7.0000, 9.0000, 5.0000, 4.0000, 9.0000,
    5.0000, 2.0000, 5.0000, 3.0000, 7.0000, 9.0000, 5.0000, 4.0000, 11.0000, 2.0000,
    4.0000, 3.0000, 2.0000, 3.0000, 7.0000, 1.0000, 3.0000, 1.0000, 3.0000, 3.0000,
    0.0000, 2.0000, 0.0000, 4.0000, 5.0000,
  ]

### eval/weak/win_rate
  Total points: 45
  Min: 0.0800, Max: 0.8800, Mean: 0.4489
  Data: [
    0.1600, 0.0800, 0.4000, 0.3600, 0.2000, 0.3200, 0.2400, 0.2400, 0.2800, 0.2800,
    0.4800, 0.4800, 0.4000, 0.4000, 0.2400, 0.2000, 0.2400, 0.3600, 0.4800, 0.3200,
    0.4000, 0.3600, 0.3600, 0.5200, 0.3200, 0.3200, 0.5200, 0.5600, 0.3600, 0.7200,
    0.2800, 0.4400, 0.4800, 0.5600, 0.4000, 0.7600, 0.6800, 0.7600, 0.6400, 0.6000,
    0.8400, 0.8000, 0.8800, 0.7200, 0.7600,
  ]

### eval/weak/win_rate_decisive
  Total points: 45
  Min: 0.1053, Max: 0.9500, Mean: 0.5469
  Data: [
    0.2222, 0.1053, 0.5263, 0.4737, 0.2500, 0.4706, 0.3000, 0.3158, 0.4118, 0.4667,
    0.5455, 0.7059, 0.5000, 0.5556, 0.2609, 0.2778, 0.3750, 0.4500, 0.5714, 0.5000,
    0.5000, 0.3913, 0.4500, 0.5909, 0.4444, 0.5000, 0.6500, 0.6667, 0.6429, 0.7826,
    0.3333, 0.5000, 0.5217, 0.6364, 0.5556, 0.7917, 0.7727, 0.7917, 0.7273, 0.6818,
    0.8400, 0.8696, 0.8800, 0.8571, 0.9500,
  ]

### eval/weak/wins
  Total points: 45
  Min: 2.0000, Max: 22.0000, Mean: 11.2222
  Data: [
    4.0000, 2.0000, 10.0000, 9.0000, 5.0000, 8.0000, 6.0000, 6.0000, 7.0000, 7.0000,
    12.0000, 12.0000, 10.0000, 10.0000, 6.0000, 5.0000, 6.0000, 9.0000, 12.0000, 8.0000,
    10.0000, 9.0000, 9.0000, 13.0000, 8.0000, 8.0000, 13.0000, 14.0000, 9.0000, 18.0000,
    7.0000, 11.0000, 12.0000, 14.0000, 10.0000, 19.0000, 17.0000, 19.0000, 16.0000, 15.0000,
    21.0000, 20.0000, 22.0000, 18.0000, 19.0000,
  ]

### losses/actor_loss
  Total points: 100
  Min: -4.6856, Max: 1.5217, Mean: 0.0581
  Data: [
    0.0000, 0.0000, 0.0000, 0.0000, 0.0000, 0.0000, 0.0000, 0.0000, 0.0000, 0.0000,
    0.0000, 0.0000, -4.6856, -4.4590, -4.3001, -4.1874, -4.0587, -3.9536, -3.4776, -3.3789,
    -3.2987, -2.9714, -2.7487, -2.6574, -2.2240, -2.0374, -1.6720, -1.6067, -1.5528, -1.4674,
    -1.4304, -1.0266, -0.9107, -0.8232, -0.7577, -0.5235, -0.4622, -0.3806, -0.1524, -0.0783,
    -0.0094, 0.0528, 0.1934, 0.3303, 0.4232, 0.4967, 0.5194, 0.6846, 0.7747, 0.8606,
    1.5217, 1.4875, 1.4205, 1.4938, 1.4438, 1.4609, 1.4436, 1.4261, 1.4189, 1.3632,
    1.4204, 1.3632, 1.4074, 1.3561, 1.4026, 1.3359, 1.3389, 1.3676, 1.2865, 1.3356,
    1.3008, 1.3231, 1.2394, 1.2333, 1.2973, 1.2951, 1.2432, 1.2760, 1.2245, 1.2922,
    1.2536, 1.2324, 1.0935, 1.1171, 1.0734, 1.0896, 1.0603, 1.0774, 1.0840, 1.0060,
    1.0512, 1.0789, 1.0486, 1.0822, 1.0911, 1.0643, 1.0931, 1.0564, 1.1343, 1.1616,
  ]

### losses/critic_loss
  Total points: 100
  Min: 0.0000, Max: 0.1368, Mean: 0.0846
  Data: [
    0.0000, 0.0000, 0.0000, 0.0000, 0.0000, 0.0000, 0.0000, 0.0000, 0.0000, 0.0000,
    0.0000, 0.0000, 0.0949, 0.0316, 0.0264, 0.0425, 0.0530, 0.0437, 0.0360, 0.0483,
    0.0546, 0.0583, 0.0410, 0.0500, 0.0510, 0.0588, 0.0489, 0.0544, 0.0469, 0.0610,
    0.0631, 0.0677, 0.0676, 0.0703, 0.0678, 0.0704, 0.0658, 0.0646, 0.0822, 0.0737,
    0.0775, 0.0791, 0.0738, 0.0840, 0.0890, 0.0933, 0.0905, 0.0897, 0.0837, 0.0860,
    0.1247, 0.1266, 0.1170, 0.1198, 0.1167, 0.1334, 0.1191, 0.1221, 0.1172, 0.1186,
    0.1142, 0.1250, 0.1248, 0.1153, 0.1126, 0.1104, 0.1132, 0.1200, 0.1167, 0.1210,
    0.1127, 0.1184, 0.1218, 0.1182, 0.1103, 0.1345, 0.1138, 0.1088, 0.1191, 0.1231,
    0.1221, 0.1153, 0.1205, 0.1106, 0.1221, 0.1165, 0.1275, 0.1255, 0.1243, 0.1187,
    0.1226, 0.1241, 0.1217, 0.1237, 0.1368, 0.1294, 0.1185, 0.1237, 0.1256, 0.1215,
  ]

### pbrs/avg_per_episode
  Total points: 100
  Min: 0.0122, Max: 0.0280, Mean: 0.0238
  Data: [
    0.0122, 0.0145, 0.0165, 0.0167, 0.0168, 0.0170, 0.0170, 0.0170, 0.0168, 0.0168,
    0.0168, 0.0169, 0.0170, 0.0170, 0.0171, 0.0173, 0.0175, 0.0177, 0.0183, 0.0185,
    0.0187, 0.0190, 0.0194, 0.0195, 0.0202, 0.0204, 0.0208, 0.0209, 0.0210, 0.0210,
    0.0212, 0.0215, 0.0217, 0.0218, 0.0221, 0.0224, 0.0225, 0.0226, 0.0228, 0.0228,
    0.0229, 0.0230, 0.0230, 0.0234, 0.0234, 0.0235, 0.0236, 0.0238, 0.0239, 0.0239,
    0.0278, 0.0278, 0.0278, 0.0278, 0.0278, 0.0278, 0.0278, 0.0278, 0.0278, 0.0278,
    0.0278, 0.0278, 0.0278, 0.0278, 0.0278, 0.0278, 0.0278, 0.0278, 0.0278, 0.0278,
    0.0278, 0.0278, 0.0278, 0.0278, 0.0278, 0.0278, 0.0279, 0.0279, 0.0279, 0.0279,
    0.0279, 0.0279, 0.0279, 0.0279, 0.0279, 0.0279, 0.0279, 0.0279, 0.0279, 0.0279,
    0.0279, 0.0279, 0.0279, 0.0279, 0.0279, 0.0280, 0.0280, 0.0280, 0.0280, 0.0280,
  ]

### performance/cumulative_win_rate
  Total points: 100
  Min: 0.0000, Max: 0.3913, Mean: 0.2366
  Data: [
    0.0000, 0.0200, 0.0600, 0.0578, 0.0509, 0.0543, 0.0525, 0.0585, 0.0578, 0.0552,
    0.0542, 0.0626, 0.0610, 0.0615, 0.0629, 0.0651, 0.0682, 0.0729, 0.0751, 0.0784,
    0.0792, 0.0800, 0.0871, 0.0877, 0.0974, 0.1031, 0.1082, 0.1107, 0.1120, 0.1121,
    0.1144, 0.1153, 0.1180, 0.1220, 0.1287, 0.1375, 0.1395, 0.1451, 0.1498, 0.1517,
    0.1563, 0.1576, 0.1600, 0.1688, 0.1698, 0.1718, 0.1712, 0.1770, 0.1792, 0.1784,
    0.3560, 0.3573, 0.3577, 0.3580, 0.3582, 0.3587, 0.3588, 0.3588, 0.3594, 0.3600,
    0.3606, 0.3613, 0.3616, 0.3624, 0.3625, 0.3634, 0.3636, 0.3652, 0.3656, 0.3663,
    0.3668, 0.3669, 0.3674, 0.3679, 0.3682, 0.3697, 0.3701, 0.3705, 0.3709, 0.3711,
    0.3718, 0.3732, 0.3733, 0.3781, 0.3786, 0.3792, 0.3808, 0.3811, 0.3815, 0.3826,
    0.3830, 0.3837, 0.3841, 0.3845, 0.3849, 0.3856, 0.3866, 0.3875, 0.3883, 0.3913,
  ]

### performance/losses
  Total points: 100
  Min: 11.0000, Max: 11894.0000, Mean: 6187.9300
  Data: [
    11.0000, 24.0000, 94.0000, 107.0000, 132.0000, 167.0000, 194.0000, 308.0000, 315.0000, 343.0000,
    369.0000, 456.0000, 470.0000, 481.0000, 493.0000, 508.0000, 522.0000, 536.0000, 600.0000, 613.0000,
    631.0000, 678.0000, 703.0000, 721.0000, 797.0000, 824.0000, 886.0000, 900.0000, 916.0000, 932.0000,
    948.0000, 1037.0000, 1067.0000, 1095.0000, 1122.0000, 1172.0000, 1186.0000, 1222.0000, 1258.0000, 1278.0000,
    1302.0000, 1330.0000, 1366.0000, 1449.0000, 1461.0000, 1491.0000, 1528.0000, 1633.0000, 1676.0000, 1694.0000,
    11204.0000, 11241.0000, 11255.0000, 11272.0000, 11279.0000, 11292.0000, 11298.0000, 11309.0000, 11318.0000, 11351.0000,
    11363.0000, 11385.0000, 11396.0000, 11415.0000, 11420.0000, 11440.0000, 11448.0000, 11476.0000, 11480.0000, 11505.0000,
    11507.0000, 11513.0000, 11523.0000, 11532.0000, 11539.0000, 11564.0000, 11567.0000, 11571.0000, 11573.0000, 11578.0000,
    11595.0000, 11624.0000, 11633.0000, 11706.0000, 11719.0000, 11720.0000, 11742.0000, 11749.0000, 11751.0000, 11768.0000,
    11772.0000, 11780.0000, 11783.0000, 11787.0000, 11799.0000, 11806.0000, 11818.0000, 11833.0000, 11854.0000, 11894.0000,
  ]

### performance/ties
  Total points: 100
  Min: 14.0000, Max: 4845.0000, Mean: 2605.8700
  Data: [
    14.0000, 25.0000, 94.0000, 105.0000, 129.0000, 164.0000, 185.0000, 304.0000, 321.0000, 342.0000,
    364.0000, 458.0000, 469.0000, 481.0000, 491.0000, 497.0000, 503.0000, 507.0000, 533.0000, 539.0000,
    543.0000, 564.0000, 575.0000, 579.0000, 602.0000, 611.0000, 630.0000, 634.0000, 638.0000, 644.0000,
    646.0000, 666.0000, 675.0000, 683.0000, 686.0000, 704.0000, 707.0000, 723.0000, 740.0000, 758.0000,
    765.0000, 776.0000, 797.0000, 816.0000, 822.0000, 828.0000, 834.0000, 877.0000, 889.0000, 894.0000,
    4444.0000, 4473.0000, 4481.0000, 4488.0000, 4493.0000, 4501.0000, 4507.0000, 4512.0000, 4521.0000, 4538.0000,
    4542.0000, 4551.0000, 4565.0000, 4574.0000, 4581.0000, 4586.0000, 4590.0000, 4615.0000, 4617.0000, 4622.0000,
    4625.0000, 4632.0000, 4640.0000, 4650.0000, 4652.0000, 4666.0000, 4668.0000, 4669.0000, 4673.0000, 4679.0000,
    4690.0000, 4704.0000, 4707.0000, 4743.0000, 4747.0000, 4747.0000, 4760.0000, 4760.0000, 4764.0000, 4777.0000,
    4780.0000, 4782.0000, 4784.0000, 4786.0000, 4794.0000, 4797.0000, 4806.0000, 4812.0000, 4816.0000, 4845.0000,
  ]

### performance/wins
  Total points: 100
  Min: 0.0000, Max: 10761.0000, Mean: 4885.9500
  Data: [
    0.0000, 1.0000, 12.0000, 13.0000, 14.0000, 19.0000, 21.0000, 38.0000, 39.0000, 40.0000,
    42.0000, 61.0000, 61.0000, 63.0000, 66.0000, 70.0000, 75.0000, 82.0000, 92.0000, 98.0000,
    101.0000, 108.0000, 122.0000, 125.0000, 151.0000, 165.0000, 184.0000, 191.0000, 196.0000, 199.0000,
    206.0000, 222.0000, 233.0000, 247.0000, 267.0000, 299.0000, 307.0000, 330.0000, 352.0000, 364.0000,
    383.0000, 394.0000, 412.0000, 460.0000, 467.0000, 481.0000, 488.0000, 540.0000, 560.0000, 562.0000,
    8652.0000, 8736.0000, 8764.0000, 8790.0000, 8803.0000, 8832.0000, 8845.0000, 8854.0000, 8886.0000, 8936.0000,
    8970.0000, 9014.0000, 9039.0000, 9086.0000, 9099.0000, 9149.0000, 9162.0000, 9259.0000, 9278.0000, 9323.0000,
    9343.0000, 9355.0000, 9387.0000, 9418.0000, 9434.0000, 9520.0000, 9540.0000, 9560.0000, 9579.0000, 9593.0000,
    9640.0000, 9722.0000, 9735.0000, 10001.0000, 10034.0000, 10058.0000, 10148.0000, 10166.0000, 10185.0000, 10255.0000,
    10273.0000, 10313.0000, 10333.0000, 10352.0000, 10382.0000, 10422.0000, 10476.0000, 10530.0000, 10580.0000, 10761.0000,
  ]

### rewards/p1
  Total points: 100
  Min: -26.2038, Max: 9.2645, Mean: -3.9738
  Data: [
    -20.1267, -17.1385, -17.7461, -26.2038, -24.1356, -11.3440, -23.9770, -20.1329, -15.3427, -15.5683,
    -24.7361, -19.5092, -25.3119, -12.1113, -10.9117, -10.4325, -12.4204, -0.6649, -9.8788, -7.6955,
    -12.7195, -5.7011, -8.3390, -8.3718, -3.7344, -7.3192, -6.3138, -5.1752, -5.1171, -8.0419,
    -5.4912, -13.1059, -8.1799, -2.8517, -0.6534, -4.7877, -2.7351, -8.1840, -4.7502, -3.0000,
    -1.9713, -1.7459, -4.0844, -4.8079, -8.4507, -5.0523, -6.1888, -9.2263, -5.2265, -10.6637,
    -6.7115, 4.4965, -1.0268, -0.2358, -2.4298, -3.6826, -0.6033, -3.5810, 3.1223, -1.6245,
    2.2457, 0.2011, -0.2784, 2.5164, 3.2961, -1.9525, -3.2907, 6.8867, 7.0427, -1.6105,
    4.3687, -1.5942, 1.1773, 3.9625, 3.3751, 7.8096, 5.2785, 9.0745, 2.9776, -1.9646,
    0.9409, 3.0939, -3.1956, 8.8061, 2.9653, 9.2645, 6.8289, 3.1919, 7.6896, 1.3363,
    5.1077, 6.5066, 2.1713, 5.4019, -4.5204, 2.3065, 3.0640, 3.1464, 3.1537, 5.4973,
  ]

### rewards/p2
  Total points: 100
  Min: -9.2669, Max: 25.4646, Mean: 3.6651
  Data: [
    19.3790, 16.3882, 17.1569, 25.4646, 23.5500, 10.8943, 23.0881, 19.5443, 14.4532, 15.4179,
    23.7009, 18.9164, 24.7247, 11.5240, 10.1943, 10.0058, 11.9910, 0.3873, 9.7369, 7.3960,
    12.5814, 5.4141, 7.7632, 7.9397, 3.4452, 7.0266, 6.3300, 5.0453, 4.6948, 7.4559,
    5.4956, 13.1272, 7.6030, 2.7106, 0.5142, 4.5053, 2.5927, 7.3101, 4.3285, 2.5645,
    1.6792, 1.1600, 3.3439, 4.6766, 8.0178, 4.9066, 5.9042, 8.9379, 5.0849, 10.3893,
    6.4180, -4.6297, 0.4340, -0.0526, 2.1451, 3.5495, 0.3195, 3.4424, -3.2642, 1.1761,
    -2.2379, -0.1945, -0.0152, -2.5070, -3.4359, 1.9636, 2.7027, -6.8812, -7.1859, 1.6166,
    -4.6625, 1.1620, -1.6158, -4.4021, -3.5260, -7.9516, -5.4217, -9.0709, -3.4215, 1.6704,
    -1.3860, -3.5312, 3.0551, -8.7993, -3.1073, -9.2669, -7.1176, -3.1953, -7.8412, -1.6304,
    -5.1083, -6.4965, -2.1697, -5.5438, 4.2277, -2.4474, -3.5009, -3.2889, -3.2893, -5.6383,
  ]

### rewards/sparse_only
  Total points: 100
  Min: -25.4646, Max: 9.2669, Mean: -3.6651
  Data: [
    -19.3790, -16.3882, -17.1569, -25.4646, -23.5500, -10.8943, -23.0881, -19.5443, -14.4532, -15.4179,
    -23.7009, -18.9164, -24.7247, -11.5240, -10.1943, -10.0058, -11.9910, -0.3873, -9.7369, -7.3960,
    -12.5814, -5.4141, -7.7632, -7.9397, -3.4452, -7.0266, -6.3300, -5.0453, -4.6948, -7.4559,
    -5.4956, -13.1272, -7.6030, -2.7106, -0.5142, -4.5053, -2.5927, -7.3101, -4.3285, -2.5645,
    -1.6792, -1.1600, -3.3439, -4.6766, -8.0178, -4.9066, -5.9042, -8.9379, -5.0849, -10.3893,
    -6.4180, 4.6297, -0.4340, 0.0526, -2.1451, -3.5495, -0.3195, -3.4424, 3.2642, -1.1761,
    2.2379, 0.1945, 0.0152, 2.5070, 3.4359, -1.9636, -2.7027, 6.8812, 7.1859, -1.6166,
    4.6625, -1.1620, 1.6158, 4.4021, 3.5260, 7.9516, 5.4217, 9.0709, 3.4215, -1.6704,
    1.3860, 3.5312, -3.0551, 8.7993, 3.1073, 9.2669, 7.1176, 3.1953, 7.8412, 1.6304,
    5.1083, 6.4965, 2.1697, 5.5438, -4.2277, 2.4474, 3.5009, 3.2889, 3.2893, 5.6383,
  ]

### rewards/sparse_ratio
  Total points: 100
  Min: -0.2229, Max: 1.4731, Mean: 0.9438
  Data: [
    0.9629, 0.9562, 0.9668, 0.9718, 0.9757, 0.9604, 0.9629, 0.9708, 0.9420, 0.9903,
    0.9582, 0.9696, 0.9768, 0.9515, 0.9343, 0.9591, 0.9654, 0.5825, 0.9856, 0.9611,
    0.9891, 0.9497, 0.9310, 0.9484, 0.9225, 0.9600, 1.0026, 0.9749, 0.9175, 0.9271,
    1.0008, 1.0016, 0.9295, 0.9505, 0.7869, 0.9410, 0.9479, 0.8932, 0.9112, 0.8548,
    0.8518, 0.6644, 0.8187, 0.9727, 0.9488, 0.9712, 0.9540, 0.9687, 0.9729, 0.9743,
    0.9563, 1.0296, 0.4226, -0.2229, 0.8828, 0.9639, 0.5296, 0.9613, 1.0455, 0.7240,
    0.9965, 0.9676, -0.0547, 0.9963, 1.0424, 1.0056, 0.8213, 0.9992, 1.0203, 1.0038,
    1.0672, 0.7289, 1.3724, 1.1109, 1.0447, 1.0182, 1.0271, 0.9996, 1.1491, 0.8503,
    1.4731, 1.1413, 0.9560, 0.9992, 1.0479, 1.0003, 1.0423, 1.0011, 1.0197, 1.2201,
    1.0001, 0.9985, 0.9993, 1.0263, 0.9352, 1.0611, 1.1426, 1.0453, 1.0430, 1.0257,
  ]

### scoring/goals_conceded
  Total points: 100
  Min: 11.0000, Max: 11894.0000, Mean: 6187.9300
  Data: [
    11.0000, 24.0000, 94.0000, 107.0000, 132.0000, 167.0000, 194.0000, 308.0000, 315.0000, 343.0000,
    369.0000, 456.0000, 470.0000, 481.0000, 493.0000, 508.0000, 522.0000, 536.0000, 600.0000, 613.0000,
    631.0000, 678.0000, 703.0000, 721.0000, 797.0000, 824.0000, 886.0000, 900.0000, 916.0000, 932.0000,
    948.0000, 1037.0000, 1067.0000, 1095.0000, 1122.0000, 1172.0000, 1186.0000, 1222.0000, 1258.0000, 1278.0000,
    1302.0000, 1330.0000, 1366.0000, 1449.0000, 1461.0000, 1491.0000, 1528.0000, 1633.0000, 1676.0000, 1694.0000,
    11204.0000, 11241.0000, 11255.0000, 11272.0000, 11279.0000, 11292.0000, 11298.0000, 11309.0000, 11318.0000, 11351.0000,
    11363.0000, 11385.0000, 11396.0000, 11415.0000, 11420.0000, 11440.0000, 11448.0000, 11476.0000, 11480.0000, 11505.0000,
    11507.0000, 11513.0000, 11523.0000, 11532.0000, 11539.0000, 11564.0000, 11567.0000, 11571.0000, 11573.0000, 11578.0000,
    11595.0000, 11624.0000, 11633.0000, 11706.0000, 11719.0000, 11720.0000, 11742.0000, 11749.0000, 11751.0000, 11768.0000,
    11772.0000, 11780.0000, 11783.0000, 11787.0000, 11799.0000, 11806.0000, 11818.0000, 11833.0000, 11854.0000, 11894.0000,
  ]

### scoring/goals_scored
  Total points: 100
  Min: 0.0000, Max: 10761.0000, Mean: 4885.9500
  Data: [
    0.0000, 1.0000, 12.0000, 13.0000, 14.0000, 19.0000, 21.0000, 38.0000, 39.0000, 40.0000,
    42.0000, 61.0000, 61.0000, 63.0000, 66.0000, 70.0000, 75.0000, 82.0000, 92.0000, 98.0000,
    101.0000, 108.0000, 122.0000, 125.0000, 151.0000, 165.0000, 184.0000, 191.0000, 196.0000, 199.0000,
    206.0000, 222.0000, 233.0000, 247.0000, 267.0000, 299.0000, 307.0000, 330.0000, 352.0000, 364.0000,
    383.0000, 394.0000, 412.0000, 460.0000, 467.0000, 481.0000, 488.0000, 540.0000, 560.0000, 562.0000,
    8652.0000, 8736.0000, 8764.0000, 8790.0000, 8803.0000, 8832.0000, 8845.0000, 8854.0000, 8886.0000, 8936.0000,
    8970.0000, 9014.0000, 9039.0000, 9086.0000, 9099.0000, 9149.0000, 9162.0000, 9259.0000, 9278.0000, 9323.0000,
    9343.0000, 9355.0000, 9387.0000, 9418.0000, 9434.0000, 9520.0000, 9540.0000, 9560.0000, 9579.0000, 9593.0000,
    9640.0000, 9722.0000, 9735.0000, 10001.0000, 10034.0000, 10058.0000, 10148.0000, 10166.0000, 10185.0000, 10255.0000,
    10273.0000, 10313.0000, 10333.0000, 10352.0000, 10382.0000, 10422.0000, 10476.0000, 10530.0000, 10580.0000, 10761.0000,
  ]

### selfplay/active
  Total points: 100
  Min: 0.0000, Max: 0.0000, Mean: 0.0000
  Data: [
    0.0000, 0.0000, 0.0000, 0.0000, 0.0000, 0.0000, 0.0000, 0.0000, 0.0000, 0.0000,
    0.0000, 0.0000, 0.0000, 0.0000, 0.0000, 0.0000, 0.0000, 0.0000, 0.0000, 0.0000,
    0.0000, 0.0000, 0.0000, 0.0000, 0.0000, 0.0000, 0.0000, 0.0000, 0.0000, 0.0000,
    0.0000, 0.0000, 0.0000, 0.0000, 0.0000, 0.0000, 0.0000, 0.0000, 0.0000, 0.0000,
    0.0000, 0.0000, 0.0000, 0.0000, 0.0000, 0.0000, 0.0000, 0.0000, 0.0000, 0.0000,
    0.0000, 0.0000, 0.0000, 0.0000, 0.0000, 0.0000, 0.0000, 0.0000, 0.0000, 0.0000,
    0.0000, 0.0000, 0.0000, 0.0000, 0.0000, 0.0000, 0.0000, 0.0000, 0.0000, 0.0000,
    0.0000, 0.0000, 0.0000, 0.0000, 0.0000, 0.0000, 0.0000, 0.0000, 0.0000, 0.0000,
    0.0000, 0.0000, 0.0000, 0.0000, 0.0000, 0.0000, 0.0000, 0.0000, 0.0000, 0.0000,
    0.0000, 0.0000, 0.0000, 0.0000, 0.0000, 0.0000, 0.0000, 0.0000, 0.0000, 0.0000,
  ]

### selfplay/episode_opponent_type_selfplay
  Total points: 100
  Min: 0.0000, Max: 0.0000, Mean: 0.0000
  Data: [
    0.0000, 0.0000, 0.0000, 0.0000, 0.0000, 0.0000, 0.0000, 0.0000, 0.0000, 0.0000,
    0.0000, 0.0000, 0.0000, 0.0000, 0.0000, 0.0000, 0.0000, 0.0000, 0.0000, 0.0000,
    0.0000, 0.0000, 0.0000, 0.0000, 0.0000, 0.0000, 0.0000, 0.0000, 0.0000, 0.0000,
    0.0000, 0.0000, 0.0000, 0.0000, 0.0000, 0.0000, 0.0000, 0.0000, 0.0000, 0.0000,
    0.0000, 0.0000, 0.0000, 0.0000, 0.0000, 0.0000, 0.0000, 0.0000, 0.0000, 0.0000,
    0.0000, 0.0000, 0.0000, 0.0000, 0.0000, 0.0000, 0.0000, 0.0000, 0.0000, 0.0000,
    0.0000, 0.0000, 0.0000, 0.0000, 0.0000, 0.0000, 0.0000, 0.0000, 0.0000, 0.0000,
    0.0000, 0.0000, 0.0000, 0.0000, 0.0000, 0.0000, 0.0000, 0.0000, 0.0000, 0.0000,
    0.0000, 0.0000, 0.0000, 0.0000, 0.0000, 0.0000, 0.0000, 0.0000, 0.0000, 0.0000,
    0.0000, 0.0000, 0.0000, 0.0000, 0.0000, 0.0000, 0.0000, 0.0000, 0.0000, 0.0000,
  ]

### selfplay/episode_opponent_type_strong
  Total points: 100
  Min: 0.0000, Max: 0.0000, Mean: 0.0000
  Data: [
    0.0000, 0.0000, 0.0000, 0.0000, 0.0000, 0.0000, 0.0000, 0.0000, 0.0000, 0.0000,
    0.0000, 0.0000, 0.0000, 0.0000, 0.0000, 0.0000, 0.0000, 0.0000, 0.0000, 0.0000,
    0.0000, 0.0000, 0.0000, 0.0000, 0.0000, 0.0000, 0.0000, 0.0000, 0.0000, 0.0000,
    0.0000, 0.0000, 0.0000, 0.0000, 0.0000, 0.0000, 0.0000, 0.0000, 0.0000, 0.0000,
    0.0000, 0.0000, 0.0000, 0.0000, 0.0000, 0.0000, 0.0000, 0.0000, 0.0000, 0.0000,
    0.0000, 0.0000, 0.0000, 0.0000, 0.0000, 0.0000, 0.0000, 0.0000, 0.0000, 0.0000,
    0.0000, 0.0000, 0.0000, 0.0000, 0.0000, 0.0000, 0.0000, 0.0000, 0.0000, 0.0000,
    0.0000, 0.0000, 0.0000, 0.0000, 0.0000, 0.0000, 0.0000, 0.0000, 0.0000, 0.0000,
    0.0000, 0.0000, 0.0000, 0.0000, 0.0000, 0.0000, 0.0000, 0.0000, 0.0000, 0.0000,
    0.0000, 0.0000, 0.0000, 0.0000, 0.0000, 0.0000, 0.0000, 0.0000, 0.0000, 0.0000,
  ]

### selfplay/episode_opponent_type_weak
  Total points: 100
  Min: 1.0000, Max: 1.0000, Mean: 1.0000
  Data: [
    1.0000, 1.0000, 1.0000, 1.0000, 1.0000, 1.0000, 1.0000, 1.0000, 1.0000, 1.0000,
    1.0000, 1.0000, 1.0000, 1.0000, 1.0000, 1.0000, 1.0000, 1.0000, 1.0000, 1.0000,
    1.0000, 1.0000, 1.0000, 1.0000, 1.0000, 1.0000, 1.0000, 1.0000, 1.0000, 1.0000,
    1.0000, 1.0000, 1.0000, 1.0000, 1.0000, 1.0000, 1.0000, 1.0000, 1.0000, 1.0000,
    1.0000, 1.0000, 1.0000, 1.0000, 1.0000, 1.0000, 1.0000, 1.0000, 1.0000, 1.0000,
    1.0000, 1.0000, 1.0000, 1.0000, 1.0000, 1.0000, 1.0000, 1.0000, 1.0000, 1.0000,
    1.0000, 1.0000, 1.0000, 1.0000, 1.0000, 1.0000, 1.0000, 1.0000, 1.0000, 1.0000,
    1.0000, 1.0000, 1.0000, 1.0000, 1.0000, 1.0000, 1.0000, 1.0000, 1.0000, 1.0000,
    1.0000, 1.0000, 1.0000, 1.0000, 1.0000, 1.0000, 1.0000, 1.0000, 1.0000, 1.0000,
    1.0000, 1.0000, 1.0000, 1.0000, 1.0000, 1.0000, 1.0000, 1.0000, 1.0000, 1.0000,
  ]

### selfplay/pool_size
  Total points: 100
  Min: 0.0000, Max: 0.0000, Mean: 0.0000
  Data: [
    0.0000, 0.0000, 0.0000, 0.0000, 0.0000, 0.0000, 0.0000, 0.0000, 0.0000, 0.0000,
    0.0000, 0.0000, 0.0000, 0.0000, 0.0000, 0.0000, 0.0000, 0.0000, 0.0000, 0.0000,
    0.0000, 0.0000, 0.0000, 0.0000, 0.0000, 0.0000, 0.0000, 0.0000, 0.0000, 0.0000,
    0.0000, 0.0000, 0.0000, 0.0000, 0.0000, 0.0000, 0.0000, 0.0000, 0.0000, 0.0000,
    0.0000, 0.0000, 0.0000, 0.0000, 0.0000, 0.0000, 0.0000, 0.0000, 0.0000, 0.0000,
    0.0000, 0.0000, 0.0000, 0.0000, 0.0000, 0.0000, 0.0000, 0.0000, 0.0000, 0.0000,
    0.0000, 0.0000, 0.0000, 0.0000, 0.0000, 0.0000, 0.0000, 0.0000, 0.0000, 0.0000,
    0.0000, 0.0000, 0.0000, 0.0000, 0.0000, 0.0000, 0.0000, 0.0000, 0.0000, 0.0000,
    0.0000, 0.0000, 0.0000, 0.0000, 0.0000, 0.0000, 0.0000, 0.0000, 0.0000, 0.0000,
    0.0000, 0.0000, 0.0000, 0.0000, 0.0000, 0.0000, 0.0000, 0.0000, 0.0000, 0.0000,
  ]

### selfplay/weak_ratio_target
  Total points: 100
  Min: 0.5000, Max: 0.5000, Mean: 0.5000
  Data: [
    0.5000, 0.5000, 0.5000, 0.5000, 0.5000, 0.5000, 0.5000, 0.5000, 0.5000, 0.5000,
    0.5000, 0.5000, 0.5000, 0.5000, 0.5000, 0.5000, 0.5000, 0.5000, 0.5000, 0.5000,
    0.5000, 0.5000, 0.5000, 0.5000, 0.5000, 0.5000, 0.5000, 0.5000, 0.5000, 0.5000,
    0.5000, 0.5000, 0.5000, 0.5000, 0.5000, 0.5000, 0.5000, 0.5000, 0.5000, 0.5000,
    0.5000, 0.5000, 0.5000, 0.5000, 0.5000, 0.5000, 0.5000, 0.5000, 0.5000, 0.5000,
    0.5000, 0.5000, 0.5000, 0.5000, 0.5000, 0.5000, 0.5000, 0.5000, 0.5000, 0.5000,
    0.5000, 0.5000, 0.5000, 0.5000, 0.5000, 0.5000, 0.5000, 0.5000, 0.5000, 0.5000,
    0.5000, 0.5000, 0.5000, 0.5000, 0.5000, 0.5000, 0.5000, 0.5000, 0.5000, 0.5000,
    0.5000, 0.5000, 0.5000, 0.5000, 0.5000, 0.5000, 0.5000, 0.5000, 0.5000, 0.5000,
    0.5000, 0.5000, 0.5000, 0.5000, 0.5000, 0.5000, 0.5000, 0.5000, 0.5000, 0.5000,
  ]

### strategic/attack_diversity_bonus
  Total points: 100
  Min: 0.0000, Max: 0.0000, Mean: 0.0000
  Data: [
    0.0000, 0.0000, 0.0000, 0.0000, 0.0000, 0.0000, 0.0000, 0.0000, 0.0000, 0.0000,
    0.0000, 0.0000, 0.0000, 0.0000, 0.0000, 0.0000, 0.0000, 0.0000, 0.0000, 0.0000,
    0.0000, 0.0000, 0.0000, 0.0000, 0.0000, 0.0000, 0.0000, 0.0000, 0.0000, 0.0000,
    0.0000, 0.0000, 0.0000, 0.0000, 0.0000, 0.0000, 0.0000, 0.0000, 0.0000, 0.0000,
    0.0000, 0.0000, 0.0000, 0.0000, 0.0000, 0.0000, 0.0000, 0.0000, 0.0000, 0.0000,
    0.0000, 0.0000, 0.0000, 0.0000, 0.0000, 0.0000, 0.0000, 0.0000, 0.0000, 0.0000,
    0.0000, 0.0000, 0.0000, 0.0000, 0.0000, 0.0000, 0.0000, 0.0000, 0.0000, 0.0000,
    0.0000, 0.0000, 0.0000, 0.0000, 0.0000, 0.0000, 0.0000, 0.0000, 0.0000, 0.0000,
    0.0000, 0.0000, 0.0000, 0.0000, 0.0000, 0.0000, 0.0000, 0.0000, 0.0000, 0.0000,
    0.0000, 0.0000, 0.0000, 0.0000, 0.0000, 0.0000, 0.0000, 0.0000, 0.0000, 0.0000,
  ]

### strategic/attack_sides_unique
  Total points: 100
  Min: 0.0000, Max: 0.0000, Mean: 0.0000
  Data: [
    0.0000, 0.0000, 0.0000, 0.0000, 0.0000, 0.0000, 0.0000, 0.0000, 0.0000, 0.0000,
    0.0000, 0.0000, 0.0000, 0.0000, 0.0000, 0.0000, 0.0000, 0.0000, 0.0000, 0.0000,
    0.0000, 0.0000, 0.0000, 0.0000, 0.0000, 0.0000, 0.0000, 0.0000, 0.0000, 0.0000,
    0.0000, 0.0000, 0.0000, 0.0000, 0.0000, 0.0000, 0.0000, 0.0000, 0.0000, 0.0000,
    0.0000, 0.0000, 0.0000, 0.0000, 0.0000, 0.0000, 0.0000, 0.0000, 0.0000, 0.0000,
    0.0000, 0.0000, 0.0000, 0.0000, 0.0000, 0.0000, 0.0000, 0.0000, 0.0000, 0.0000,
    0.0000, 0.0000, 0.0000, 0.0000, 0.0000, 0.0000, 0.0000, 0.0000, 0.0000, 0.0000,
    0.0000, 0.0000, 0.0000, 0.0000, 0.0000, 0.0000, 0.0000, 0.0000, 0.0000, 0.0000,
    0.0000, 0.0000, 0.0000, 0.0000, 0.0000, 0.0000, 0.0000, 0.0000, 0.0000, 0.0000,
    0.0000, 0.0000, 0.0000, 0.0000, 0.0000, 0.0000, 0.0000, 0.0000, 0.0000, 0.0000,
  ]

### strategic/forcing_bonus
  Total points: 100
  Min: 0.0000, Max: 0.0000, Mean: 0.0000
  Data: [
    0.0000, 0.0000, 0.0000, 0.0000, 0.0000, 0.0000, 0.0000, 0.0000, 0.0000, 0.0000,
    0.0000, 0.0000, 0.0000, 0.0000, 0.0000, 0.0000, 0.0000, 0.0000, 0.0000, 0.0000,
    0.0000, 0.0000, 0.0000, 0.0000, 0.0000, 0.0000, 0.0000, 0.0000, 0.0000, 0.0000,
    0.0000, 0.0000, 0.0000, 0.0000, 0.0000, 0.0000, 0.0000, 0.0000, 0.0000, 0.0000,
    0.0000, 0.0000, 0.0000, 0.0000, 0.0000, 0.0000, 0.0000, 0.0000, 0.0000, 0.0000,
    0.0000, 0.0000, 0.0000, 0.0000, 0.0000, 0.0000, 0.0000, 0.0000, 0.0000, 0.0000,
    0.0000, 0.0000, 0.0000, 0.0000, 0.0000, 0.0000, 0.0000, 0.0000, 0.0000, 0.0000,
    0.0000, 0.0000, 0.0000, 0.0000, 0.0000, 0.0000, 0.0000, 0.0000, 0.0000, 0.0000,
    0.0000, 0.0000, 0.0000, 0.0000, 0.0000, 0.0000, 0.0000, 0.0000, 0.0000, 0.0000,
    0.0000, 0.0000, 0.0000, 0.0000, 0.0000, 0.0000, 0.0000, 0.0000, 0.0000, 0.0000,
  ]

### strategic/opponent_avg_movement
  Total points: 100
  Min: 0.0000, Max: 0.0000, Mean: 0.0000
  Data: [
    0.0000, 0.0000, 0.0000, 0.0000, 0.0000, 0.0000, 0.0000, 0.0000, 0.0000, 0.0000,
    0.0000, 0.0000, 0.0000, 0.0000, 0.0000, 0.0000, 0.0000, 0.0000, 0.0000, 0.0000,
    0.0000, 0.0000, 0.0000, 0.0000, 0.0000, 0.0000, 0.0000, 0.0000, 0.0000, 0.0000,
    0.0000, 0.0000, 0.0000, 0.0000, 0.0000, 0.0000, 0.0000, 0.0000, 0.0000, 0.0000,
    0.0000, 0.0000, 0.0000, 0.0000, 0.0000, 0.0000, 0.0000, 0.0000, 0.0000, 0.0000,
    0.0000, 0.0000, 0.0000, 0.0000, 0.0000, 0.0000, 0.0000, 0.0000, 0.0000, 0.0000,
    0.0000, 0.0000, 0.0000, 0.0000, 0.0000, 0.0000, 0.0000, 0.0000, 0.0000, 0.0000,
    0.0000, 0.0000, 0.0000, 0.0000, 0.0000, 0.0000, 0.0000, 0.0000, 0.0000, 0.0000,
    0.0000, 0.0000, 0.0000, 0.0000, 0.0000, 0.0000, 0.0000, 0.0000, 0.0000, 0.0000,
    0.0000, 0.0000, 0.0000, 0.0000, 0.0000, 0.0000, 0.0000, 0.0000, 0.0000, 0.0000,
  ]

### strategic/opponent_total_movement
  Total points: 100
  Min: 0.0000, Max: 0.0000, Mean: 0.0000
  Data: [
    0.0000, 0.0000, 0.0000, 0.0000, 0.0000, 0.0000, 0.0000, 0.0000, 0.0000, 0.0000,
    0.0000, 0.0000, 0.0000, 0.0000, 0.0000, 0.0000, 0.0000, 0.0000, 0.0000, 0.0000,
    0.0000, 0.0000, 0.0000, 0.0000, 0.0000, 0.0000, 0.0000, 0.0000, 0.0000, 0.0000,
    0.0000, 0.0000, 0.0000, 0.0000, 0.0000, 0.0000, 0.0000, 0.0000, 0.0000, 0.0000,
    0.0000, 0.0000, 0.0000, 0.0000, 0.0000, 0.0000, 0.0000, 0.0000, 0.0000, 0.0000,
    0.0000, 0.0000, 0.0000, 0.0000, 0.0000, 0.0000, 0.0000, 0.0000, 0.0000, 0.0000,
    0.0000, 0.0000, 0.0000, 0.0000, 0.0000, 0.0000, 0.0000, 0.0000, 0.0000, 0.0000,
    0.0000, 0.0000, 0.0000, 0.0000, 0.0000, 0.0000, 0.0000, 0.0000, 0.0000, 0.0000,
    0.0000, 0.0000, 0.0000, 0.0000, 0.0000, 0.0000, 0.0000, 0.0000, 0.0000, 0.0000,
    0.0000, 0.0000, 0.0000, 0.0000, 0.0000, 0.0000, 0.0000, 0.0000, 0.0000, 0.0000,
  ]

### strategic/shot_quality_ratio
  Total points: 100
  Min: 0.0000, Max: 0.0000, Mean: 0.0000
  Data: [
    0.0000, 0.0000, 0.0000, 0.0000, 0.0000, 0.0000, 0.0000, 0.0000, 0.0000, 0.0000,
    0.0000, 0.0000, 0.0000, 0.0000, 0.0000, 0.0000, 0.0000, 0.0000, 0.0000, 0.0000,
    0.0000, 0.0000, 0.0000, 0.0000, 0.0000, 0.0000, 0.0000, 0.0000, 0.0000, 0.0000,
    0.0000, 0.0000, 0.0000, 0.0000, 0.0000, 0.0000, 0.0000, 0.0000, 0.0000, 0.0000,
    0.0000, 0.0000, 0.0000, 0.0000, 0.0000, 0.0000, 0.0000, 0.0000, 0.0000, 0.0000,
    0.0000, 0.0000, 0.0000, 0.0000, 0.0000, 0.0000, 0.0000, 0.0000, 0.0000, 0.0000,
    0.0000, 0.0000, 0.0000, 0.0000, 0.0000, 0.0000, 0.0000, 0.0000, 0.0000, 0.0000,
    0.0000, 0.0000, 0.0000, 0.0000, 0.0000, 0.0000, 0.0000, 0.0000, 0.0000, 0.0000,
    0.0000, 0.0000, 0.0000, 0.0000, 0.0000, 0.0000, 0.0000, 0.0000, 0.0000, 0.0000,
    0.0000, 0.0000, 0.0000, 0.0000, 0.0000, 0.0000, 0.0000, 0.0000, 0.0000, 0.0000,
  ]

### strategic/shots_blocked
  Total points: 100
  Min: 0.0000, Max: 0.0000, Mean: 0.0000
  Data: [
    0.0000, 0.0000, 0.0000, 0.0000, 0.0000, 0.0000, 0.0000, 0.0000, 0.0000, 0.0000,
    0.0000, 0.0000, 0.0000, 0.0000, 0.0000, 0.0000, 0.0000, 0.0000, 0.0000, 0.0000,
    0.0000, 0.0000, 0.0000, 0.0000, 0.0000, 0.0000, 0.0000, 0.0000, 0.0000, 0.0000,
    0.0000, 0.0000, 0.0000, 0.0000, 0.0000, 0.0000, 0.0000, 0.0000, 0.0000, 0.0000,
    0.0000, 0.0000, 0.0000, 0.0000, 0.0000, 0.0000, 0.0000, 0.0000, 0.0000, 0.0000,
    0.0000, 0.0000, 0.0000, 0.0000, 0.0000, 0.0000, 0.0000, 0.0000, 0.0000, 0.0000,
    0.0000, 0.0000, 0.0000, 0.0000, 0.0000, 0.0000, 0.0000, 0.0000, 0.0000, 0.0000,
    0.0000, 0.0000, 0.0000, 0.0000, 0.0000, 0.0000, 0.0000, 0.0000, 0.0000, 0.0000,
    0.0000, 0.0000, 0.0000, 0.0000, 0.0000, 0.0000, 0.0000, 0.0000, 0.0000, 0.0000,
    0.0000, 0.0000, 0.0000, 0.0000, 0.0000, 0.0000, 0.0000, 0.0000, 0.0000, 0.0000,
  ]

### strategic/shots_clear
  Total points: 100
  Min: 0.0000, Max: 0.0000, Mean: 0.0000
  Data: [
    0.0000, 0.0000, 0.0000, 0.0000, 0.0000, 0.0000, 0.0000, 0.0000, 0.0000, 0.0000,
    0.0000, 0.0000, 0.0000, 0.0000, 0.0000, 0.0000, 0.0000, 0.0000, 0.0000, 0.0000,
    0.0000, 0.0000, 0.0000, 0.0000, 0.0000, 0.0000, 0.0000, 0.0000, 0.0000, 0.0000,
    0.0000, 0.0000, 0.0000, 0.0000, 0.0000, 0.0000, 0.0000, 0.0000, 0.0000, 0.0000,
    0.0000, 0.0000, 0.0000, 0.0000, 0.0000, 0.0000, 0.0000, 0.0000, 0.0000, 0.0000,
    0.0000, 0.0000, 0.0000, 0.0000, 0.0000, 0.0000, 0.0000, 0.0000, 0.0000, 0.0000,
    0.0000, 0.0000, 0.0000, 0.0000, 0.0000, 0.0000, 0.0000, 0.0000, 0.0000, 0.0000,
    0.0000, 0.0000, 0.0000, 0.0000, 0.0000, 0.0000, 0.0000, 0.0000, 0.0000, 0.0000,
    0.0000, 0.0000, 0.0000, 0.0000, 0.0000, 0.0000, 0.0000, 0.0000, 0.0000, 0.0000,
    0.0000, 0.0000, 0.0000, 0.0000, 0.0000, 0.0000, 0.0000, 0.0000, 0.0000, 0.0000,
  ]

### training/avg_episode_length
  Total points: 100
  Min: 52.9000, Max: 187.3000, Mean: 122.3480
  Data: [
    157.2000, 149.3000, 143.6000, 146.5000, 146.5000, 110.6000, 179.0000, 156.9000, 172.0000, 85.4000,
    187.3000, 137.1000, 155.4000, 128.6000, 178.8000, 136.9000, 138.1000, 122.6000, 80.0000, 93.3000,
    90.4000, 110.3000, 186.4000, 136.0000, 97.4000, 110.5000, 87.2000, 108.8000, 137.3000, 152.2000,
    52.9000, 111.7000, 160.6000, 93.2000, 87.9000, 126.1000, 95.9000, 176.2000, 158.2000, 124.1000,
    105.7000, 141.8000, 164.6000, 123.8000, 136.8000, 88.9000, 115.2000, 115.3000, 102.1000, 120.2000,
    130.9000, 156.2000, 163.0000, 116.7000, 130.5000, 150.9000, 126.8000, 109.6000, 141.4000, 125.6000,
    106.2000, 78.7000, 140.0000, 116.0000, 93.7000, 125.8000, 166.6000, 95.1000, 109.2000, 104.1000,
    109.8000, 163.5000, 125.0000, 158.2000, 89.5000, 114.0000, 91.6000, 87.2000, 136.7000, 108.0000,
    114.2000, 131.8000, 127.0000, 109.5000, 114.6000, 75.5000, 103.7000, 57.5000, 79.3000, 138.4000,
    66.5000, 119.7000, 84.1000, 123.5000, 103.3000, 120.9000, 122.5000, 116.7000, 127.7000, 105.1000,
  ]

### training/calls_per_episode
  Total points: 100
  Min: 0.0000, Max: 0.0000, Mean: 0.0000
  Data: [
    0.0000, 0.0000, 0.0000, 0.0000, 0.0000, 0.0000, 0.0000, 0.0000, 0.0000, 0.0000,
    0.0000, 0.0000, 0.0000, 0.0000, 0.0000, 0.0000, 0.0000, 0.0000, 0.0000, 0.0000,
    0.0000, 0.0000, 0.0000, 0.0000, 0.0000, 0.0000, 0.0000, 0.0000, 0.0000, 0.0000,
    0.0000, 0.0000, 0.0000, 0.0000, 0.0000, 0.0000, 0.0000, 0.0000, 0.0000, 0.0000,
    0.0000, 0.0000, 0.0000, 0.0000, 0.0000, 0.0000, 0.0000, 0.0000, 0.0000, 0.0000,
    0.0000, 0.0000, 0.0000, 0.0000, 0.0000, 0.0000, 0.0000, 0.0000, 0.0000, 0.0000,
    0.0000, 0.0000, 0.0000, 0.0000, 0.0000, 0.0000, 0.0000, 0.0000, 0.0000, 0.0000,
    0.0000, 0.0000, 0.0000, 0.0000, 0.0000, 0.0000, 0.0000, 0.0000, 0.0000, 0.0000,
    0.0000, 0.0000, 0.0000, 0.0000, 0.0000, 0.0000, 0.0000, 0.0000, 0.0000, 0.0000,
    0.0000, 0.0000, 0.0000, 0.0000, 0.0000, 0.0000, 0.0000, 0.0000, 0.0000, 0.0000,
  ]

### training/episode
  Total points: 100
  Min: 25.0000, Max: 27500.0000, Mean: 13679.7500
  Data: [
    25.0000, 50.0000, 200.0000, 225.0000, 275.0000, 350.0000, 400.0000, 650.0000, 675.0000, 725.0000,
    775.0000, 975.0000, 1000.0000, 1025.0000, 1050.0000, 1075.0000, 1100.0000, 1125.0000, 1225.0000, 1250.0000,
    1275.0000, 1350.0000, 1400.0000, 1425.0000, 1550.0000, 1600.0000, 1700.0000, 1725.0000, 1750.0000, 1775.0000,
    1800.0000, 1925.0000, 1975.0000, 2025.0000, 2075.0000, 2175.0000, 2200.0000, 2275.0000, 2350.0000, 2400.0000,
    2450.0000, 2500.0000, 2575.0000, 2725.0000, 2750.0000, 2800.0000, 2850.0000, 3050.0000, 3125.0000, 3150.0000,
    24300.0000, 24450.0000, 24500.0000, 24550.0000, 24575.0000, 24625.0000, 24650.0000, 24675.0000, 24725.0000, 24825.0000,
    24875.0000, 24950.0000, 25000.0000, 25075.0000, 25100.0000, 25175.0000, 25200.0000, 25350.0000, 25375.0000, 25450.0000,
    25475.0000, 25500.0000, 25550.0000, 25600.0000, 25625.0000, 25750.0000, 25775.0000, 25800.0000, 25825.0000, 25850.0000,
    25925.0000, 26050.0000, 26075.0000, 26450.0000, 26500.0000, 26525.0000, 26650.0000, 26675.0000, 26700.0000, 26800.0000,
    26825.0000, 26875.0000, 26900.0000, 26925.0000, 26975.0000, 27025.0000, 27100.0000, 27175.0000, 27250.0000, 27500.0000,
  ]

### training/eps_per_sec
  Total points: 100
  Min: 0.2772, Max: 6.4033, Mean: 1.8888
  Data: [
    3.8549, 5.7655, 5.9150, 5.3495, 0.4232, 6.4033, 5.5980, 5.8056, 4.5125, 5.4371,
    0.4117, 5.5431, 2.8620, 0.2772, 1.2346, 1.5967, 1.4672, 1.6582, 1.4610, 1.6097,
    0.4469, 1.2737, 1.3226, 1.6593, 1.8587, 1.6389, 1.4775, 1.5943, 1.6393, 0.2925,
    2.4388, 1.5212, 1.5752, 0.5263, 2.3285, 1.5209, 1.9529, 0.3102, 1.2497, 1.2841,
    1.6287, 1.4163, 1.2141, 1.7559, 1.4630, 1.6920, 1.7693, 1.6433, 1.5855, 1.5411,
    1.8368, 1.2141, 1.4408, 1.8878, 1.2474, 1.3596, 1.3397, 1.3590, 1.2145, 1.5355,
    1.8813, 1.8790, 1.1953, 1.4340, 1.2890, 1.3182, 1.4903, 1.9054, 1.6373, 1.7506,
    1.9573, 1.3099, 1.3909, 1.2686, 1.9387, 1.8644, 0.5299, 1.9977, 1.5926, 1.4900,
    1.4409, 1.5639, 1.4648, 1.8411, 1.8217, 0.3586, 2.0563, 2.4393, 1.6183, 1.5399,
    1.8997, 1.5548, 1.7316, 1.6960, 1.9865, 0.3969, 1.7354, 1.4990, 1.9484, 1.9297,
  ]

### training/epsilon
  Total points: 100
  Min: 0.1108, Max: 0.9980, Mean: 0.5055
  Data: [
    0.9980, 0.9960, 0.9841, 0.9822, 0.9782, 0.9724, 0.9685, 0.9493, 0.9474, 0.9436,
    0.9399, 0.9250, 0.9231, 0.9213, 0.9194, 0.9176, 0.9158, 0.9139, 0.9066, 0.9048,
    0.9030, 0.8976, 0.8940, 0.8923, 0.8834, 0.8798, 0.8728, 0.8711, 0.8694, 0.8676,
    0.8659, 0.8573, 0.8538, 0.8504, 0.8470, 0.8403, 0.8386, 0.8336, 0.8286, 0.8253,
    0.8220, 0.8187, 0.8138, 0.8041, 0.8025, 0.7993, 0.7961, 0.7835, 0.7788, 0.7772,
    0.1431, 0.1414, 0.1408, 0.1403, 0.1400, 0.1394, 0.1392, 0.1389, 0.1383, 0.1372,
    0.1367, 0.1359, 0.1353, 0.1345, 0.1342, 0.1334, 0.1332, 0.1316, 0.1313, 0.1305,
    0.1303, 0.1300, 0.1295, 0.1290, 0.1287, 0.1274, 0.1272, 0.1269, 0.1267, 0.1264,
    0.1257, 0.1244, 0.1242, 0.1205, 0.1200, 0.1198, 0.1186, 0.1184, 0.1181, 0.1172,
    0.1169, 0.1165, 0.1162, 0.1160, 0.1155, 0.1151, 0.1144, 0.1137, 0.1130, 0.1108,
  ]

### training/pbrs_enabled
  Total points: 100
  Min: 1.0000, Max: 1.0000, Mean: 1.0000
  Data: [
    1.0000, 1.0000, 1.0000, 1.0000, 1.0000, 1.0000, 1.0000, 1.0000, 1.0000, 1.0000,
    1.0000, 1.0000, 1.0000, 1.0000, 1.0000, 1.0000, 1.0000, 1.0000, 1.0000, 1.0000,
    1.0000, 1.0000, 1.0000, 1.0000, 1.0000, 1.0000, 1.0000, 1.0000, 1.0000, 1.0000,
    1.0000, 1.0000, 1.0000, 1.0000, 1.0000, 1.0000, 1.0000, 1.0000, 1.0000, 1.0000,
    1.0000, 1.0000, 1.0000, 1.0000, 1.0000, 1.0000, 1.0000, 1.0000, 1.0000, 1.0000,
    1.0000, 1.0000, 1.0000, 1.0000, 1.0000, 1.0000, 1.0000, 1.0000, 1.0000, 1.0000,
    1.0000, 1.0000, 1.0000, 1.0000, 1.0000, 1.0000, 1.0000, 1.0000, 1.0000, 1.0000,
    1.0000, 1.0000, 1.0000, 1.0000, 1.0000, 1.0000, 1.0000, 1.0000, 1.0000, 1.0000,
    1.0000, 1.0000, 1.0000, 1.0000, 1.0000, 1.0000, 1.0000, 1.0000, 1.0000, 1.0000,
    1.0000, 1.0000, 1.0000, 1.0000, 1.0000, 1.0000, 1.0000, 1.0000, 1.0000, 1.0000,
  ]

### training/tie_penalty
  Total points: 100
  Min: -1.5000, Max: 0.0000, Mean: -0.3600
  Data: [
    -1.5000, 0.0000, 0.0000, -1.5000, -1.5000, 0.0000, -1.5000, -1.5000, 0.0000, 0.0000,
    -1.5000, -1.5000, 0.0000, -1.5000, 0.0000, 0.0000, 0.0000, 0.0000, 0.0000, -1.5000,
    0.0000, 0.0000, 0.0000, 0.0000, -1.5000, 0.0000, 0.0000, 0.0000, 0.0000, 0.0000,
    0.0000, 0.0000, 0.0000, 0.0000, 0.0000, -1.5000, 0.0000, 0.0000, 0.0000, 0.0000,
    0.0000, -1.5000, -1.5000, 0.0000, 0.0000, -1.5000, 0.0000, 0.0000, 0.0000, 0.0000,
    0.0000, -1.5000, 0.0000, -1.5000, -1.5000, 0.0000, 0.0000, 0.0000, 0.0000, 0.0000,
    0.0000, 0.0000, 0.0000, 0.0000, 0.0000, 0.0000, -1.5000, 0.0000, -1.5000, 0.0000,
    -1.5000, 0.0000, 0.0000, 0.0000, 0.0000, 0.0000, -1.5000, 0.0000, -1.5000, 0.0000,
    -1.5000, 0.0000, 0.0000, 0.0000, 0.0000, 0.0000, 0.0000, 0.0000, 0.0000, 0.0000,
    0.0000, 0.0000, 0.0000, 0.0000, -1.5000, 0.0000, 0.0000, 0.0000, 0.0000, 0.0000,
  ]

### values/Q_avg
  Total points: 56
  Min: -2.3717, Max: 4.8925, Mean: -0.5859
  Data: [
    4.8925, 4.8898, 4.6404, 4.0223, 2.6820, 2.0764, 1.8292, 1.4450, 0.3115, 0.4499,
    -0.0537, -0.0857, -1.1250, -1.3241, -1.2665, -1.6672, -0.8938, -1.8625, -1.1661, -1.1021,
    -1.3196, -1.4726, -1.1665, -1.2739, -1.4278, -0.9649, -1.2487, -0.6863, -1.0175, -1.9319,
    -2.1230, -1.5851, -1.8179, -2.3717, -1.7487, -1.3099, -1.7350, -2.0054, -1.5146, -1.6730,
    -1.7047, -1.4866, -1.7904, -1.3444, -1.4960, -1.4504, -1.0887, -1.1096, -1.2601, -1.3862,
    -1.3050, -0.2862, -0.9406, -0.6436, -1.2038, -0.6107,
  ]

### values/Q_max
  Total points: 56
  Min: 2.8702, Max: 9.7630, Mean: 6.7925
  Data: [
    5.1152, 5.0955, 5.1173, 4.6880, 3.9085, 3.5127, 3.5603, 4.0040, 2.8702, 3.4632,
    2.9572, 4.4042, 6.4691, 7.7538, 5.8450, 6.7010, 6.4800, 6.7557, 5.8817, 5.4992,
    4.8639, 5.2553, 5.0360, 5.9766, 4.2268, 5.7244, 6.2394, 6.9296, 8.5158, 5.7092,
    9.3669, 9.1172, 8.6042, 8.8298, 9.2603, 9.1168, 9.4079, 6.7497, 9.1633, 8.1650,
    6.0469, 8.2817, 9.7630, 8.6747, 9.6540, 5.9620, 8.6379, 8.9639, 9.7329, 8.5258,
    4.6589, 9.7557, 8.7075, 9.2929, 8.7375, 8.6432,
  ]

### values/Q_min
  Total points: 56
  Min: -9.7081, Max: 4.5548, Mean: -7.3659
  Data: [
    4.5548, 4.5395, 4.3619, 3.3529, -0.0525, -0.5990, -4.0662, -4.6506, -7.6528, -8.3272,
    -7.4679, -8.3084, -9.5132, -9.4749, -8.8961, -9.5620, -8.4051, -9.2736, -7.0781, -9.2253,
    -9.6066, -8.4708, -8.7198, -8.6802, -8.6837, -8.8761, -7.8033, -8.8398, -8.5007, -8.2948,
    -9.0263, -8.5565, -9.6582, -9.1848, -8.9047, -9.2939, -9.3106, -9.4813, -8.1210, -8.8383,
    -9.7081, -8.9008, -9.3030, -8.6516, -9.1654, -9.6624, -8.6045, -9.2221, -9.5458, -7.9743,
    -8.2259, -7.3994, -8.5286, -7.4691, -8.7705, -8.7643,
  ]

### values/Q_std
  Total points: 56
  Min: 0.1081, Max: 3.6633, Mean: 2.7643
  Data: [
    0.1081, 0.1120, 0.1862, 0.2753, 0.8817, 1.0662, 1.4092, 1.6184, 1.9275, 2.1669,
    2.1190, 2.3173, 3.4416, 3.4457, 2.9185, 3.2162, 3.3554, 3.2903, 3.1071, 3.3010,
    3.0400, 2.9458, 3.0190, 3.1589, 2.6939, 3.1361, 2.9678, 3.0016, 3.3751, 3.0992,
    2.9278, 3.2250, 3.1389, 3.2769, 3.2979, 3.2439, 3.6633, 2.9614, 3.1860, 2.6952,
    3.4091, 3.3884, 3.2713, 3.3069, 3.5103, 2.8466, 3.1219, 3.2490, 3.2984, 3.0961,
    2.9291, 3.4130, 3.6328, 3.0355, 3.3984, 3.5739,
  ]
