================================================================================
W&B RUN DATA: 1DreamerV3-NORMAL-weak-seed42
================================================================================

## RUN METADATA
Run ID: 4vy0nzvc
Created: 2026-01-19T12:59:32Z
State: running
Duration: 268.9915035 seconds

## CONFIGURATION
  [Environment]
    env/mode: NORMAL
    env/opponent: weak
    env/obs_dim: 18
    env/action_dim: 4
  [Architecture]
    arch/hidden_size: 512
    arch/latent_size: 32
    arch/recurrent_size: 512
  [Imagination]
    imagination/horizon: 15
    imagination/batch_size: 256
  [Training]
    train/batch_size: 16
    train/batch_length: 64
    train/lr_world: 0.0003
    train/lr_actor: 8e-05
    train/lr_critic: 0.0001
    train/gamma: 0.997
    train/lambda_gae: 0.95
  [DreamerV3]
    dreamer/kl_free: 1
    dreamer/entropy_scale: 0.001
  [Meta]
    seed: 42
    max_steps: 100000
    device: mps

## FINAL SUMMARY
  runtime: 0.07 hours (269 seconds)

## NOTE: Data discretized to fit 100000 char limit
  Showing ~100 points per metric (of 294 total)

## METRICS DATA

### behavior/actor_loss
  Total points: 100
  Min: -1.4501, Max: 0.0875, Mean: -0.3975
  Data: [
    -0.0036, -0.0037, -0.0037, -0.0037, -0.0037, -0.0037, -0.0038, -0.0038, -0.0038, -0.0038,
    -0.0039, -0.0039, -0.0039, -0.0039, -0.0040, -0.0040, -0.0040, -0.0041, -0.0761, 0.0838,
    0.0740, -0.0323, -0.0844, -0.0413, 0.0414, 0.0751, 0.0364, -0.0344, -0.0810, -0.0494,
    0.0336, 0.0875, 0.0528, -0.0213, -0.0506, -0.0326, 0.0049, 0.0396, 0.0368, 0.0005,
    -0.0377, -0.0349, 0.0068, 0.0371, 0.0389, 0.0166, -0.0047, 0.0060, 0.0219, 0.0344,
    -1.0415, -0.9983, -0.7383, -0.6306, -0.7351, -0.8705, -0.9287, -0.9589, -0.6490, -0.5095,
    -0.4966, -0.6408, -0.6513, -0.7652, -1.0838, -1.0544, -0.9982, -0.6436, -0.5862, -0.8691,
    -1.0681, -0.7192, -0.4816, -0.7200, -0.7477, -0.8975, -1.0778, -0.9539, -0.6232, -0.2858,
    -0.4848, -0.7159, -0.9227, -1.0077, -0.8405, -0.5262, -0.4982, -0.6901, -0.9975, -0.9332,
    -0.6535, -0.7774, -1.1789, -1.4501, -1.0918, -0.6177, -0.4219, -0.5853, -0.8035, -1.2024,
  ]

### behavior/advantage_mean
  Total points: 100
  Min: -0.0298, Max: 0.0373, Mean: 0.0117
  Data: [
    0.0000, 0.0000, 0.0000, 0.0000, 0.0000, 0.0000, 0.0000, 0.0000, 0.0000, 0.0000,
    0.0000, 0.0000, 0.0000, 0.0000, 0.0000, 0.0000, 0.0000, 0.0000, -0.0268, 0.0324,
    0.0289, -0.0104, -0.0298, -0.0138, 0.0170, 0.0295, 0.0151, -0.0111, -0.0285, -0.0167,
    0.0142, 0.0340, 0.0212, -0.0062, -0.0171, -0.0103, 0.0036, 0.0165, 0.0154, 0.0020,
    -0.0125, -0.0113, 0.0043, 0.0156, 0.0166, 0.0080, 0.0001, 0.0042, 0.0104, 0.0153,
    0.0273, 0.0262, 0.0197, 0.0171, 0.0197, 0.0230, 0.0245, 0.0252, 0.0175, 0.0141,
    0.0138, 0.0173, 0.0176, 0.0204, 0.0283, 0.0275, 0.0261, 0.0174, 0.0159, 0.0230,
    0.0279, 0.0192, 0.0134, 0.0193, 0.0199, 0.0237, 0.0281, 0.0250, 0.0169, 0.0085,
    0.0135, 0.0192, 0.0243, 0.0263, 0.0222, 0.0145, 0.0138, 0.0185, 0.0261, 0.0246,
    0.0177, 0.0207, 0.0307, 0.0373, 0.0285, 0.0168, 0.0120, 0.0160, 0.0214, 0.0312,
  ]

### behavior/critic_loss
  Total points: 100
  Min: 0.0000, Max: 0.0015, Mean: 0.0003
  Data: [
    0.0000, 0.0000, 0.0000, 0.0000, 0.0000, 0.0000, 0.0000, 0.0000, 0.0000, 0.0000,
    0.0000, 0.0000, 0.0000, 0.0000, 0.0000, 0.0000, 0.0000, 0.0000, 0.0015, 0.0013,
    0.0013, 0.0001, 0.0013, 0.0004, 0.0003, 0.0011, 0.0004, 0.0002, 0.0013, 0.0007,
    0.0002, 0.0014, 0.0006, 0.0001, 0.0008, 0.0005, 0.0000, 0.0005, 0.0004, 0.0001,
    0.0008, 0.0006, 0.0002, 0.0006, 0.0005, 0.0001, 0.0003, 0.0004, 0.0003, 0.0002,
    0.0002, 0.0002, 0.0002, 0.0003, 0.0001, 0.0001, 0.0001, 0.0002, 0.0001, 0.0002,
    0.0003, 0.0001, 0.0001, 0.0001, 0.0002, 0.0002, 0.0002, 0.0002, 0.0002, 0.0001,
    0.0003, 0.0002, 0.0003, 0.0002, 0.0004, 0.0002, 0.0003, 0.0003, 0.0002, 0.0003,
    0.0002, 0.0002, 0.0001, 0.0001, 0.0001, 0.0003, 0.0004, 0.0004, 0.0004, 0.0003,
    0.0006, 0.0002, 0.0004, 0.0007, 0.0003, 0.0002, 0.0004, 0.0003, 0.0002, 0.0002,
  ]

### behavior/entropy
  Total points: 100
  Min: -3.1605, Max: 4.1944, Mean: 0.5103
  Data: [
    3.6345, 3.6558, 3.6774, 3.6990, 3.7216, 3.7441, 3.7679, 3.7925, 3.8177, 3.8422,
    3.8677, 3.8929, 3.9173, 3.9442, 3.9710, 4.0009, 4.0327, 4.0646, 4.0958, 4.1199,
    4.1274, 4.1259, 4.1267, 4.1337, 4.1430, 4.1480, 4.1484, 4.1490, 4.1543, 4.1628,
    4.1740, 4.1824, 4.1809, 4.1774, 4.1741, 4.1701, 4.1789, 4.1770, 4.1769, 4.1793,
    4.1762, 4.1821, 4.1830, 4.1792, 4.1891, 4.1852, 4.1874, 4.1872, 4.1903, 4.1944,
    -2.8341, -2.8451, -2.8564, -2.8684, -2.8785, -2.8875, -2.8981, -2.9071, -2.9169, -2.9248,
    -2.9340, -2.9424, -2.9501, -2.9566, -2.9635, -2.9715, -2.9802, -2.9883, -2.9955, -3.0018,
    -3.0098, -3.0165, -3.0244, -3.0297, -3.0364, -3.0436, -3.0500, -3.0558, -3.0618, -3.0680,
    -3.0738, -3.0790, -3.0840, -3.0892, -3.0942, -3.0993, -3.1038, -3.1086, -3.1128, -3.1173,
    -3.1212, -3.1262, -3.1298, -3.1346, -3.1396, -3.1438, -3.1485, -3.1525, -3.1568, -3.1605,
  ]

### behavior/policy_loss
  Total points: 100
  Min: -1.4533, Max: 0.0917, Mean: -0.3969
  Data: [
    0.0000, 0.0000, 0.0000, 0.0000, 0.0000, 0.0000, 0.0000, 0.0000, 0.0000, 0.0000,
    0.0000, 0.0000, 0.0000, 0.0000, 0.0000, 0.0000, 0.0000, 0.0000, -0.0720, 0.0879,
    0.0781, -0.0282, -0.0803, -0.0371, 0.0455, 0.0793, 0.0406, -0.0303, -0.0769, -0.0453,
    0.0377, 0.0917, 0.0570, -0.0171, -0.0464, -0.0284, 0.0090, 0.0438, 0.0410, 0.0047,
    -0.0336, -0.0307, 0.0110, 0.0413, 0.0431, 0.0207, -0.0005, 0.0102, 0.0261, 0.0386,
    -1.0444, -1.0012, -0.7412, -0.6335, -0.7379, -0.8734, -0.9316, -0.9618, -0.6519, -0.5125,
    -0.4995, -0.6437, -0.6543, -0.7681, -1.0868, -1.0574, -1.0012, -0.6466, -0.5892, -0.8721,
    -1.0711, -0.7222, -0.4846, -0.7230, -0.7508, -0.9005, -1.0809, -0.9570, -0.6263, -0.2889,
    -0.4879, -0.7190, -0.9258, -1.0108, -0.8436, -0.5293, -0.5013, -0.6932, -1.0006, -0.9363,
    -0.6566, -0.7805, -1.1820, -1.4533, -1.0949, -0.6208, -0.4250, -0.5884, -0.8066, -1.2055,
  ]

### behavior/target_mean
  Total points: 100
  Min: -0.0370, Max: 0.0306, Mean: -0.0014
  Data: [
    0.0000, 0.0000, 0.0000, 0.0000, 0.0000, 0.0000, 0.0000, 0.0000, 0.0000, 0.0000,
    0.0000, 0.0000, 0.0000, 0.0000, 0.0000, 0.0000, 0.0000, 0.0000, -0.0370, 0.0273,
    0.0284, -0.0107, -0.0335, -0.0205, 0.0108, 0.0269, 0.0142, -0.0117, -0.0320, -0.0237,
    0.0078, 0.0306, 0.0196, -0.0071, -0.0190, -0.0129, 0.0005, 0.0154, 0.0134, 0.0008,
    -0.0180, -0.0159, -0.0025, 0.0079, 0.0097, 0.0005, -0.0078, -0.0042, 0.0038, 0.0102,
    0.0041, 0.0009, -0.0036, -0.0092, -0.0060, -0.0010, 0.0015, 0.0013, -0.0034, -0.0090,
    -0.0096, -0.0053, -0.0059, -0.0037, 0.0020, 0.0033, 0.0025, -0.0074, -0.0089, 0.0001,
    0.0056, -0.0020, -0.0099, -0.0024, -0.0024, 0.0041, 0.0090, 0.0061, -0.0029, -0.0104,
    -0.0050, -0.0008, 0.0043, 0.0045, 0.0016, -0.0075, -0.0100, -0.0072, 0.0002, -0.0014,
    -0.0095, -0.0047, 0.0031, 0.0119, 0.0048, -0.0089, -0.0133, -0.0090, -0.0043, 0.0054,
  ]

### behavior/value_mean
  Total points: 100
  Min: -0.0074, Max: 0.0037, Mean: -0.0017
  Data: [
    0.0000, 0.0000, 0.0000, 0.0000, 0.0000, 0.0000, 0.0000, 0.0000, 0.0000, 0.0000,
    0.0000, 0.0000, 0.0000, 0.0000, 0.0000, 0.0000, 0.0000, 0.0000, 0.0000, -0.0074,
    -0.0068, -0.0021, 0.0007, -0.0011, -0.0046, -0.0055, -0.0032, -0.0001, 0.0016, 0.0002,
    -0.0032, -0.0051, -0.0032, -0.0000, 0.0020, 0.0018, 0.0012, -0.0000, 0.0003, 0.0017,
    0.0029, 0.0019, -0.0005, -0.0025, -0.0032, -0.0028, -0.0015, -0.0021, -0.0020, -0.0014,
    -0.0044, -0.0063, -0.0043, -0.0063, -0.0054, -0.0049, -0.0033, -0.0054, -0.0013, -0.0028,
    -0.0015, -0.0016, -0.0014, -0.0031, -0.0061, -0.0044, -0.0046, -0.0043, -0.0044, -0.0027,
    -0.0039, -0.0026, -0.0019, -0.0010, -0.0021, -0.0010, -0.0002, 0.0007, 0.0008, 0.0033,
    0.0037, 0.0025, 0.0012, -0.0004, -0.0002, -0.0003, -0.0008, -0.0025, -0.0041, -0.0043,
    -0.0045, -0.0035, -0.0051, -0.0056, -0.0035, -0.0032, -0.0027, -0.0014, -0.0013, -0.0037,
  ]

### episode/length
  Total points: 100
  Min: 30.0000, Max: 250.0000, Mean: 173.4100
  Data: [
    250.0000, 250.0000, 250.0000, 32.0000, 250.0000, 54.0000, 250.0000, 250.0000, 210.0000, 71.0000,
    178.0000, 138.0000, 250.0000, 36.0000, 250.0000, 157.0000, 174.0000, 174.0000, 199.0000, 195.0000,
    250.0000, 77.0000, 250.0000, 40.0000, 250.0000, 32.0000, 250.0000, 46.0000, 250.0000, 78.0000,
    250.0000, 53.0000, 250.0000, 32.0000, 250.0000, 218.0000, 250.0000, 138.0000, 250.0000, 250.0000,
    250.0000, 250.0000, 250.0000, 48.0000, 123.0000, 31.0000, 250.0000, 250.0000, 250.0000, 30.0000,
    143.0000, 139.0000, 250.0000, 39.0000, 250.0000, 35.0000, 250.0000, 31.0000, 63.0000, 250.0000,
    250.0000, 250.0000, 250.0000, 250.0000, 250.0000, 250.0000, 250.0000, 250.0000, 250.0000, 93.0000,
    250.0000, 48.0000, 250.0000, 69.0000, 250.0000, 72.0000, 82.0000, 52.0000, 250.0000, 31.0000,
    250.0000, 43.0000, 250.0000, 52.0000, 250.0000, 54.0000, 250.0000, 137.0000, 250.0000, 250.0000,
    250.0000, 118.0000, 78.0000, 85.0000, 250.0000, 32.0000, 250.0000, 31.0000, 250.0000, 250.0000,
  ]

### episode/outcome
  Total points: 100
  Min: -1.0000, Max: 1.0000, Mean: -0.4100
  Data: [
    0.0000, 0.0000, 0.0000, -1.0000, 0.0000, 1.0000, 0.0000, 0.0000, -1.0000, -1.0000,
    1.0000, -1.0000, 0.0000, -1.0000, 0.0000, -1.0000, -1.0000, -1.0000, -1.0000, -1.0000,
    0.0000, -1.0000, 0.0000, -1.0000, 0.0000, -1.0000, 0.0000, -1.0000, 0.0000, -1.0000,
    0.0000, -1.0000, 0.0000, -1.0000, 0.0000, -1.0000, 0.0000, 1.0000, 0.0000, 0.0000,
    0.0000, 0.0000, 0.0000, -1.0000, -1.0000, -1.0000, 0.0000, 0.0000, 0.0000, -1.0000,
    -1.0000, -1.0000, 0.0000, -1.0000, 0.0000, -1.0000, 0.0000, -1.0000, -1.0000, 0.0000,
    0.0000, 0.0000, 0.0000, 0.0000, 0.0000, 0.0000, 0.0000, 0.0000, 0.0000, -1.0000,
    0.0000, -1.0000, 0.0000, -1.0000, 0.0000, -1.0000, -1.0000, -1.0000, 0.0000, -1.0000,
    0.0000, -1.0000, 0.0000, -1.0000, 0.0000, -1.0000, 0.0000, -1.0000, 0.0000, 0.0000,
    0.0000, -1.0000, -1.0000, -1.0000, 0.0000, -1.0000, 0.0000, -1.0000, 0.0000, 0.0000,
  ]

### episode/reward
  Total points: 100
  Min: -1.0000, Max: 1.0000, Mean: -0.4100
  Data: [
    0.0000, 0.0000, 0.0000, -1.0000, 0.0000, 1.0000, 0.0000, 0.0000, -1.0000, -1.0000,
    1.0000, -1.0000, 0.0000, -1.0000, 0.0000, -1.0000, -1.0000, -1.0000, -1.0000, -1.0000,
    0.0000, -1.0000, 0.0000, -1.0000, 0.0000, -1.0000, 0.0000, -1.0000, 0.0000, -1.0000,
    0.0000, -1.0000, 0.0000, -1.0000, 0.0000, -1.0000, 0.0000, 1.0000, 0.0000, 0.0000,
    0.0000, 0.0000, 0.0000, -1.0000, -1.0000, -1.0000, 0.0000, 0.0000, 0.0000, -1.0000,
    -1.0000, -1.0000, 0.0000, -1.0000, 0.0000, -1.0000, 0.0000, -1.0000, -1.0000, 0.0000,
    0.0000, 0.0000, 0.0000, 0.0000, 0.0000, 0.0000, 0.0000, 0.0000, 0.0000, -1.0000,
    0.0000, -1.0000, 0.0000, -1.0000, 0.0000, -1.0000, -1.0000, -1.0000, 0.0000, -1.0000,
    0.0000, -1.0000, 0.0000, -1.0000, 0.0000, -1.0000, 0.0000, -1.0000, 0.0000, 0.0000,
    0.0000, -1.0000, -1.0000, -1.0000, 0.0000, -1.0000, 0.0000, -1.0000, 0.0000, 0.0000,
  ]

### episode/time
  Total points: 100
  Min: 0.0766, Max: 1.4492, Mean: 0.5071
  Data: [
    0.6241, 0.9239, 0.6398, 0.0871, 0.6662, 0.1492, 0.6342, 0.6420, 0.5399, 0.1906,
    0.4578, 0.3577, 0.7889, 0.2754, 1.0065, 0.5172, 0.5013, 0.4436, 0.8647, 0.8276,
    0.7691, 0.4126, 1.1047, 0.2077, 1.4492, 0.1180, 0.7073, 0.1444, 1.2422, 0.3578,
    0.7057, 0.1399, 0.6374, 0.0914, 0.7182, 0.5281, 0.6186, 0.3397, 0.6057, 0.6436,
    0.6091, 0.6521, 0.7829, 0.1687, 0.3118, 0.1046, 1.1544, 1.0573, 0.7458, 0.0872,
    0.3340, 0.3517, 0.9622, 0.1264, 0.6214, 0.1206, 0.7696, 0.1098, 0.2055, 0.6285,
    0.7663, 0.7448, 0.5848, 0.5993, 0.6789, 0.5826, 0.5990, 0.6843, 0.6673, 0.2868,
    0.6066, 0.1407, 0.6518, 0.1912, 0.5758, 0.1883, 0.2745, 0.2045, 0.6359, 0.0824,
    0.5812, 0.1036, 0.6323, 0.1256, 0.6093, 0.1311, 0.6515, 0.3224, 0.6057, 0.5861,
    0.6050, 0.3234, 0.2395, 0.1986, 0.6957, 0.0821, 0.5876, 0.0766, 0.5968, 0.6290,
  ]

### episode/train_time
  Total points: 100
  Min: 0.3805, Max: 1.0484, Mean: 0.4830
  Data: [
    1.0484, 0.4351, 0.4175, 0.4167, 0.4076, 0.3983, 0.4211, 0.4196, 0.4183, 0.4071,
    0.4169, 0.4109, 0.6146, 0.9667, 0.5249, 0.4807, 0.4646, 0.5405, 0.6712, 0.7453,
    0.4633, 0.8938, 0.9304, 0.6117, 0.4737, 0.6302, 0.5304, 0.4625, 0.5962, 0.6657,
    0.4259, 0.3964, 0.4136, 0.4026, 0.4485, 0.5176, 0.3971, 0.3972, 0.4058, 0.4782,
    0.4433, 0.4367, 0.5372, 0.4226, 0.4377, 0.6097, 0.5496, 0.6412, 0.4563, 0.4527,
    0.4017, 0.4194, 0.4891, 0.4775, 0.4535, 0.4641, 0.5580, 0.4444, 0.3926, 0.6635,
    0.4797, 0.4907, 0.4843, 0.4097, 0.4536, 0.4037, 0.4944, 0.4253, 0.4455, 0.7467,
    0.4223, 0.4264, 0.4882, 0.4455, 0.4176, 0.3952, 0.4351, 0.4336, 0.4123, 0.4364,
    0.3805, 0.3862, 0.4214, 0.3860, 0.4134, 0.3822, 0.4386, 0.3955, 0.3816, 0.3955,
    0.3806, 0.4682, 0.4228, 0.3902, 0.4602, 0.4149, 0.3890, 0.3970, 0.5025, 0.4254,
  ]

### grad/actor
  Total points: 100
  Min: 0.0065, Max: 0.5966, Mean: 0.1406
  Data: [
    0.0065, 0.0067, 0.0069, 0.0070, 0.0072, 0.0074, 0.0076, 0.0078, 0.0080, 0.0081,
    0.0082, 0.0082, 0.0083, 0.0083, 0.0084, 0.0086, 0.0087, 0.0089, 0.1580, 0.1787,
    0.1674, 0.0677, 0.1956, 0.0941, 0.1011, 0.1793, 0.0864, 0.0744, 0.1990, 0.1163,
    0.0927, 0.2178, 0.1373, 0.0530, 0.1245, 0.0773, 0.0263, 0.1174, 0.1106, 0.0118,
    0.1264, 0.1045, 0.0339, 0.1295, 0.1476, 0.0560, 0.0263, 0.0316, 0.0852, 0.1460,
    0.5966, 0.5142, 0.3172, 0.2720, 0.3810, 0.5074, 0.5866, 0.4849, 0.2399, 0.1057,
    0.1126, 0.1881, 0.2242, 0.3605, 0.5511, 0.4394, 0.2571, 0.0867, 0.1149, 0.2079,
    0.3788, 0.2376, 0.1544, 0.1879, 0.1770, 0.1705, 0.1592, 0.1241, 0.1026, 0.0442,
    0.0905, 0.1361, 0.1943, 0.1720, 0.1285, 0.0605, 0.0608, 0.0910, 0.1374, 0.1143,
    0.0860, 0.0826, 0.1390, 0.1666, 0.1022, 0.0570, 0.0550, 0.0553, 0.0926, 0.1349,
  ]

### grad/critic
  Total points: 100
  Min: 0.0000, Max: 0.7077, Mean: 0.1448
  Data: [
    0.0000, 0.0000, 0.0000, 0.0000, 0.0000, 0.0000, 0.0000, 0.0000, 0.0000, 0.0000,
    0.0000, 0.0000, 0.0000, 0.0000, 0.0000, 0.0000, 0.0000, 0.0000, 0.7077, 0.6752,
    0.6743, 0.1624, 0.6184, 0.3362, 0.2593, 0.5200, 0.2823, 0.1900, 0.5585, 0.4074,
    0.1891, 0.6217, 0.3790, 0.1255, 0.3545, 0.2531, 0.0186, 0.2874, 0.2565, 0.0350,
    0.3830, 0.3060, 0.0895, 0.2672, 0.2765, 0.0725, 0.1536, 0.1353, 0.1114, 0.1863,
    0.1261, 0.1065, 0.0413, 0.0664, 0.0310, 0.0640, 0.0735, 0.1088, 0.0377, 0.1037,
    0.1352, 0.0549, 0.0654, 0.0179, 0.1229, 0.1166, 0.1021, 0.0645, 0.0792, 0.0471,
    0.1333, 0.0416, 0.1204, 0.0573, 0.0532, 0.0849, 0.1326, 0.0913, 0.0584, 0.2043,
    0.1261, 0.0658, 0.0457, 0.0673, 0.0395, 0.1066, 0.1308, 0.0813, 0.0957, 0.0718,
    0.0975, 0.0382, 0.1382, 0.2501, 0.1192, 0.0870, 0.1640, 0.1171, 0.0630, 0.1381,
  ]

### grad/world
  Total points: 100
  Min: 1.1319, Max: 4.8048, Mean: 2.3914
  Data: [
    4.4577, 3.5759, 4.0490, 4.0079, 3.9422, 3.9765, 4.0402, 4.0743, 4.7293, 4.8048,
    4.4053, 4.1969, 3.7246, 3.4762, 3.4773, 3.4193, 3.2118, 3.1737, 3.1090, 2.9775,
    2.9462, 3.0938, 3.5581, 3.2593, 2.4959, 2.9157, 3.2152, 3.0628, 3.1155, 2.4447,
    2.3539, 2.1211, 3.0611, 2.4810, 2.4196, 3.1396, 2.4862, 3.1475, 2.4675, 2.2880,
    2.4875, 2.9185, 2.8971, 2.5039, 2.6620, 2.2196, 2.7717, 2.2758, 2.3701, 2.9978,
    1.4455, 1.6293, 1.5516, 1.8964, 1.9073, 1.8337, 1.5084, 1.6671, 1.7627, 2.3712,
    1.7655, 2.0344, 1.6562, 1.6256, 2.7597, 1.7242, 1.8239, 1.9799, 1.6818, 1.7532,
    1.3067, 1.5793, 1.3638, 1.6827, 2.4290, 2.1786, 1.5349, 1.2178, 1.5960, 1.7513,
    1.5933, 1.7418, 1.4378, 1.3501, 1.3501, 1.1414, 1.2441, 1.3903, 1.1527, 1.3522,
    1.6764, 1.4802, 1.3861, 1.3962, 1.3768, 1.3129, 1.3034, 1.1448, 1.1517, 1.1319,
  ]

### imagine/continue_mean
  Total points: 100
  Min: 0.5088, Max: 0.9982, Mean: 0.8899
  Data: [
    0.5088, 0.5184, 0.5288, 0.5400, 0.5520, 0.5649, 0.5786, 0.5929, 0.6073, 0.6218,
    0.6361, 0.6503, 0.6644, 0.6786, 0.6929, 0.7073, 0.7215, 0.7354, 0.7488, 0.7617,
    0.7740, 0.7855, 0.7964, 0.8065, 0.8161, 0.8255, 0.8347, 0.8436, 0.8522, 0.8602,
    0.8678, 0.8751, 0.8813, 0.8874, 0.8926, 0.8967, 0.9024, 0.9061, 0.9102, 0.9160,
    0.9202, 0.9242, 0.9274, 0.9299, 0.9339, 0.9364, 0.9399, 0.9424, 0.9455, 0.9482,
    0.9977, 0.9977, 0.9977, 0.9977, 0.9977, 0.9977, 0.9978, 0.9977, 0.9978, 0.9977,
    0.9978, 0.9978, 0.9979, 0.9978, 0.9978, 0.9978, 0.9979, 0.9979, 0.9979, 0.9979,
    0.9979, 0.9979, 0.9980, 0.9980, 0.9979, 0.9980, 0.9981, 0.9980, 0.9980, 0.9981,
    0.9981, 0.9981, 0.9981, 0.9982, 0.9982, 0.9982, 0.9982, 0.9982, 0.9982, 0.9982,
    0.9981, 0.9982, 0.9982, 0.9982, 0.9982, 0.9982, 0.9982, 0.9982, 0.9982, 0.9982,
  ]

### imagine/reward_mean
  Total points: 100
  Min: -0.0129, Max: 0.0094, Mean: -0.0003
  Data: [
    0.0000, 0.0000, 0.0000, 0.0000, 0.0000, 0.0000, 0.0000, 0.0000, 0.0000, 0.0000,
    0.0000, 0.0000, 0.0000, 0.0000, 0.0000, 0.0000, 0.0000, 0.0000, -0.0129, 0.0093,
    0.0094, -0.0035, -0.0104, -0.0062, 0.0032, 0.0078, 0.0040, -0.0033, -0.0086, -0.0062,
    0.0021, 0.0077, 0.0048, -0.0017, -0.0046, -0.0031, 0.0002, 0.0035, 0.0030, 0.0002,
    -0.0037, -0.0034, -0.0006, 0.0016, 0.0020, 0.0001, -0.0016, -0.0009, 0.0006, 0.0020,
    0.0007, 0.0002, -0.0005, -0.0014, -0.0009, -0.0001, 0.0003, 0.0003, -0.0005, -0.0015,
    -0.0015, -0.0008, -0.0009, -0.0005, 0.0004, 0.0006, 0.0005, -0.0012, -0.0015, -0.0000,
    0.0010, -0.0003, -0.0016, -0.0005, -0.0003, 0.0006, 0.0014, 0.0010, -0.0005, -0.0017,
    -0.0008, -0.0001, 0.0008, 0.0008, 0.0003, -0.0013, -0.0016, -0.0012, 0.0000, -0.0003,
    -0.0017, -0.0009, 0.0005, 0.0020, 0.0008, -0.0014, -0.0021, -0.0014, -0.0007, 0.0010,
  ]

### imagine/reward_std
  Total points: 100
  Min: 0.0000, Max: 0.0046, Mean: 0.0023
  Data: [
    0.0000, 0.0000, 0.0000, 0.0000, 0.0000, 0.0000, 0.0000, 0.0000, 0.0000, 0.0000,
    0.0000, 0.0000, 0.0000, 0.0000, 0.0000, 0.0000, 0.0000, 0.0000, 0.0034, 0.0037,
    0.0029, 0.0023, 0.0022, 0.0027, 0.0031, 0.0033, 0.0034, 0.0033, 0.0035, 0.0034,
    0.0034, 0.0029, 0.0029, 0.0032, 0.0044, 0.0042, 0.0024, 0.0035, 0.0036, 0.0024,
    0.0046, 0.0040, 0.0032, 0.0044, 0.0040, 0.0023, 0.0028, 0.0038, 0.0033, 0.0019,
    0.0018, 0.0022, 0.0025, 0.0028, 0.0022, 0.0018, 0.0021, 0.0021, 0.0015, 0.0024,
    0.0026, 0.0019, 0.0018, 0.0018, 0.0016, 0.0017, 0.0018, 0.0022, 0.0022, 0.0018,
    0.0024, 0.0025, 0.0028, 0.0028, 0.0035, 0.0026, 0.0025, 0.0029, 0.0027, 0.0023,
    0.0023, 0.0026, 0.0023, 0.0020, 0.0015, 0.0020, 0.0026, 0.0030, 0.0033, 0.0036,
    0.0046, 0.0031, 0.0037, 0.0034, 0.0025, 0.0026, 0.0026, 0.0030, 0.0029, 0.0027,
  ]

### stats/buffer_episodes
  Total points: 100
  Min: 7.0000, Max: 300.0000, Mean: 153.5000
  Data: [
    7.0000, 8.0000, 9.0000, 10.0000, 11.0000, 12.0000, 13.0000, 14.0000, 15.0000, 16.0000,
    17.0000, 18.0000, 19.0000, 20.0000, 21.0000, 22.0000, 23.0000, 24.0000, 25.0000, 26.0000,
    27.0000, 28.0000, 29.0000, 30.0000, 31.0000, 32.0000, 33.0000, 34.0000, 35.0000, 36.0000,
    37.0000, 38.0000, 39.0000, 40.0000, 41.0000, 42.0000, 43.0000, 44.0000, 45.0000, 46.0000,
    47.0000, 48.0000, 49.0000, 50.0000, 51.0000, 52.0000, 53.0000, 54.0000, 55.0000, 56.0000,
    251.0000, 252.0000, 253.0000, 254.0000, 255.0000, 256.0000, 257.0000, 258.0000, 259.0000, 260.0000,
    261.0000, 262.0000, 263.0000, 264.0000, 265.0000, 266.0000, 267.0000, 268.0000, 269.0000, 270.0000,
    271.0000, 272.0000, 273.0000, 274.0000, 275.0000, 276.0000, 277.0000, 278.0000, 279.0000, 280.0000,
    281.0000, 282.0000, 283.0000, 284.0000, 285.0000, 286.0000, 287.0000, 288.0000, 289.0000, 290.0000,
    291.0000, 292.0000, 293.0000, 294.0000, 295.0000, 296.0000, 297.0000, 298.0000, 299.0000, 300.0000,
  ]

### stats/buffer_size
  Total points: 100
  Min: 1047.0000, Max: 50054.0000, Mean: 25633.7500
  Data: [
    1047.0000, 1297.0000, 1547.0000, 1579.0000, 1829.0000, 1883.0000, 2133.0000, 2383.0000, 2593.0000, 2664.0000,
    2842.0000, 2980.0000, 3230.0000, 3266.0000, 3516.0000, 3673.0000, 3847.0000, 4021.0000, 4220.0000, 4415.0000,
    4665.0000, 4742.0000, 4992.0000, 5032.0000, 5282.0000, 5314.0000, 5564.0000, 5610.0000, 5860.0000, 5938.0000,
    6188.0000, 6241.0000, 6491.0000, 6523.0000, 6773.0000, 6991.0000, 7241.0000, 7379.0000, 7629.0000, 7879.0000,
    8129.0000, 8379.0000, 8629.0000, 8677.0000, 8800.0000, 8831.0000, 9081.0000, 9331.0000, 9581.0000, 9611.0000,
    41670.0000, 41809.0000, 42059.0000, 42098.0000, 42348.0000, 42383.0000, 42633.0000, 42664.0000, 42727.0000, 42977.0000,
    43227.0000, 43477.0000, 43727.0000, 43977.0000, 44227.0000, 44477.0000, 44727.0000, 44977.0000, 45227.0000, 45320.0000,
    45570.0000, 45618.0000, 45868.0000, 45937.0000, 46187.0000, 46259.0000, 46341.0000, 46393.0000, 46643.0000, 46674.0000,
    46924.0000, 46967.0000, 47217.0000, 47269.0000, 47519.0000, 47573.0000, 47823.0000, 47960.0000, 48210.0000, 48460.0000,
    48710.0000, 48828.0000, 48906.0000, 48991.0000, 49241.0000, 49273.0000, 49523.0000, 49554.0000, 49804.0000, 50054.0000,
  ]

### stats/total_steps
  Total points: 100
  Min: 1047.0000, Max: 50054.0000, Mean: 25633.7500
  Data: [
    1047.0000, 1297.0000, 1547.0000, 1579.0000, 1829.0000, 1883.0000, 2133.0000, 2383.0000, 2593.0000, 2664.0000,
    2842.0000, 2980.0000, 3230.0000, 3266.0000, 3516.0000, 3673.0000, 3847.0000, 4021.0000, 4220.0000, 4415.0000,
    4665.0000, 4742.0000, 4992.0000, 5032.0000, 5282.0000, 5314.0000, 5564.0000, 5610.0000, 5860.0000, 5938.0000,
    6188.0000, 6241.0000, 6491.0000, 6523.0000, 6773.0000, 6991.0000, 7241.0000, 7379.0000, 7629.0000, 7879.0000,
    8129.0000, 8379.0000, 8629.0000, 8677.0000, 8800.0000, 8831.0000, 9081.0000, 9331.0000, 9581.0000, 9611.0000,
    41670.0000, 41809.0000, 42059.0000, 42098.0000, 42348.0000, 42383.0000, 42633.0000, 42664.0000, 42727.0000, 42977.0000,
    43227.0000, 43477.0000, 43727.0000, 43977.0000, 44227.0000, 44477.0000, 44727.0000, 44977.0000, 45227.0000, 45320.0000,
    45570.0000, 45618.0000, 45868.0000, 45937.0000, 46187.0000, 46259.0000, 46341.0000, 46393.0000, 46643.0000, 46674.0000,
    46924.0000, 46967.0000, 47217.0000, 47269.0000, 47519.0000, 47573.0000, 47823.0000, 47960.0000, 48210.0000, 48460.0000,
    48710.0000, 48828.0000, 48906.0000, 48991.0000, 49241.0000, 49273.0000, 49523.0000, 49554.0000, 49804.0000, 50054.0000,
  ]

### stats/win_rate
  Total points: 100
  Min: 0.0267, Max: 0.2857, Mean: 0.0886
  Data: [
    0.2857, 0.2500, 0.2222, 0.2000, 0.1818, 0.2500, 0.2308, 0.2143, 0.2000, 0.1875,
    0.2353, 0.2222, 0.2105, 0.2000, 0.1905, 0.1818, 0.1739, 0.1667, 0.1600, 0.1538,
    0.1481, 0.1429, 0.1379, 0.1333, 0.1290, 0.1250, 0.1212, 0.1176, 0.1143, 0.1111,
    0.1081, 0.1053, 0.1026, 0.1000, 0.0976, 0.0952, 0.0930, 0.1136, 0.1111, 0.1087,
    0.1064, 0.1042, 0.1020, 0.1000, 0.0980, 0.0962, 0.0943, 0.0926, 0.0909, 0.0893,
    0.0319, 0.0317, 0.0316, 0.0315, 0.0314, 0.0312, 0.0311, 0.0310, 0.0309, 0.0308,
    0.0307, 0.0305, 0.0304, 0.0303, 0.0302, 0.0301, 0.0300, 0.0299, 0.0297, 0.0296,
    0.0295, 0.0294, 0.0293, 0.0292, 0.0291, 0.0290, 0.0289, 0.0288, 0.0287, 0.0286,
    0.0285, 0.0284, 0.0283, 0.0282, 0.0281, 0.0280, 0.0279, 0.0278, 0.0277, 0.0276,
    0.0275, 0.0274, 0.0273, 0.0272, 0.0271, 0.0270, 0.0269, 0.0268, 0.0268, 0.0267,
  ]

### world/continue_loss
  Total points: 100
  Min: 0.0018, Max: 0.6931, Mean: 0.1407
  Data: [
    0.6931, 0.6757, 0.6568, 0.6370, 0.6163, 0.5945, 0.5714, 0.5477, 0.5236, 0.4994,
    0.4763, 0.4533, 0.4312, 0.4093, 0.3881, 0.3667, 0.3462, 0.3263, 0.3082, 0.2893,
    0.2734, 0.2589, 0.2431, 0.2295, 0.2154, 0.2033, 0.1945, 0.1804, 0.1732, 0.1618,
    0.1507, 0.1437, 0.1341, 0.1266, 0.1239, 0.1148, 0.1079, 0.1094, 0.1010, 0.0939,
    0.0905, 0.0853, 0.0794, 0.0762, 0.0715, 0.0686, 0.0651, 0.0618, 0.0586, 0.0563,
    0.0024, 0.0083, 0.0083, 0.0024, 0.0024, 0.0024, 0.0023, 0.0082, 0.0024, 0.0025,
    0.0080, 0.0023, 0.0023, 0.0023, 0.0024, 0.0023, 0.0023, 0.0082, 0.0023, 0.0022,
    0.0022, 0.0141, 0.0022, 0.0022, 0.0081, 0.0021, 0.0020, 0.0021, 0.0021, 0.0081,
    0.0020, 0.0019, 0.0019, 0.0019, 0.0019, 0.0080, 0.0019, 0.0077, 0.0019, 0.0080,
    0.0141, 0.0019, 0.0019, 0.0019, 0.0078, 0.0020, 0.0019, 0.0019, 0.0079, 0.0018,
  ]

### world/kl_loss
  Total points: 100
  Min: 0.6000, Max: 1.2289, Mean: 0.9070
  Data: [
    0.6000, 0.6000, 0.6000, 0.6000, 0.6000, 0.6000, 0.6000, 0.6048, 0.7602, 0.7393,
    0.7166, 0.6727, 0.6523, 0.6629, 0.6681, 0.6727, 0.6900, 0.6645, 0.6732, 0.6784,
    0.7145, 0.8262, 0.9266, 0.9024, 0.8677, 0.8736, 0.8604, 0.8897, 0.8686, 0.8712,
    0.8081, 0.7667, 0.9196, 0.8707, 0.8854, 1.0010, 0.8625, 0.8874, 0.8813, 0.8501,
    0.8665, 0.8410, 0.8838, 0.9265, 0.9119, 0.9688, 0.9966, 1.0591, 0.9285, 0.9705,
    0.9781, 1.0429, 1.1295, 1.0462, 1.0994, 1.1639, 1.0592, 1.1102, 1.0170, 1.2289,
    1.0297, 0.9364, 0.8678, 1.0593, 1.1593, 1.0533, 0.9841, 1.1672, 1.1005, 1.0899,
    1.0166, 1.1285, 1.0099, 1.0023, 1.1395, 0.9599, 0.9329, 0.9713, 1.0855, 1.0784,
    0.9135, 0.9778, 0.9273, 0.9160, 0.9209, 0.8943, 0.9590, 0.8693, 0.8665, 0.9396,
    1.0990, 0.9709, 1.0603, 1.0109, 0.9772, 1.0345, 0.9755, 1.0404, 0.9563, 1.0050,
  ]

### world/kl_value
  Total points: 100
  Min: 0.0024, Max: 1.9619, Mean: 1.3124
  Data: [
    0.0024, 0.0513, 0.1258, 0.1670, 0.2271, 0.3970, 0.5212, 0.6684, 1.1967, 1.1011,
    1.1186, 0.9956, 0.8944, 0.8625, 0.8844, 0.9272, 0.9152, 0.8947, 0.8902, 0.9071,
    1.0051, 1.2452, 1.4266, 1.3898, 1.3022, 1.3335, 1.3140, 1.3719, 1.3633, 1.3464,
    1.2128, 1.0927, 1.3872, 1.2800, 1.3310, 1.5880, 1.3205, 1.3795, 1.3303, 1.2066,
    1.2385, 1.2185, 1.2924, 1.3788, 1.3395, 1.4137, 1.5057, 1.6508, 1.4590, 1.5453,
    1.4825, 1.6027, 1.7393, 1.5802, 1.6870, 1.8109, 1.5720, 1.7343, 1.5099, 1.9619,
    1.5899, 1.4132, 1.2890, 1.6020, 1.8062, 1.5860, 1.4764, 1.7925, 1.6302, 1.6158,
    1.4889, 1.7283, 1.5260, 1.5287, 1.8178, 1.4873, 1.4313, 1.4736, 1.6660, 1.6782,
    1.3896, 1.5129, 1.3956, 1.3358, 1.3330, 1.2962, 1.4059, 1.2577, 1.2497, 1.3955,
    1.7032, 1.4615, 1.6113, 1.5249, 1.4757, 1.5713, 1.4754, 1.5919, 1.4428, 1.4869,
  ]

### world/loss
  Total points: 100
  Min: 1.0241, Max: 2.1449, Mean: 1.3784
  Data: [
    2.1449, 1.8450, 2.0121, 1.8904, 1.8746, 1.8994, 1.7288, 1.5131, 1.8328, 1.7682,
    1.7017, 1.6715, 1.6822, 1.6086, 1.5346, 1.5280, 1.6045, 1.5031, 1.4914, 1.5278,
    1.4592, 1.6414, 1.6430, 1.5696, 1.4967, 1.5484, 1.4234, 1.5342, 1.3976, 1.4718,
    1.3447, 1.2154, 1.5083, 1.3744, 1.3806, 1.5465, 1.3505, 1.3845, 1.4661, 1.3617,
    1.4041, 1.3074, 1.3766, 1.4459, 1.3587, 1.4693, 1.4347, 1.4925, 1.3327, 1.3545,
    1.1494, 1.2238, 1.3345, 1.2337, 1.2987, 1.3808, 1.2428, 1.3356, 1.1826, 1.4440,
    1.2114, 1.0967, 1.0241, 1.2583, 1.3922, 1.2637, 1.1678, 1.3947, 1.3082, 1.2949,
    1.2095, 1.3684, 1.1873, 1.1788, 1.3573, 1.1219, 1.1067, 1.1593, 1.2934, 1.3036,
    1.0839, 1.1675, 1.1028, 1.0762, 1.0928, 1.0780, 1.1391, 1.0393, 1.0307, 1.1183,
    1.3099, 1.1331, 1.2553, 1.1976, 1.1562, 1.2073, 1.1382, 1.2235, 1.1305, 1.1817,
  ]

### world/recon_loss
  Total points: 100
  Min: 0.1540, Max: 0.8517, Mean: 0.3305
  Data: [
    0.8517, 0.5692, 0.7553, 0.6534, 0.6583, 0.7049, 0.5574, 0.3606, 0.5490, 0.5295,
    0.5088, 0.5454, 0.5986, 0.5363, 0.4784, 0.4886, 0.5682, 0.5122, 0.5089, 0.5599,
    0.4703, 0.5543, 0.4733, 0.4366, 0.4135, 0.4714, 0.3674, 0.4640, 0.3539, 0.4379,
    0.3859, 0.3041, 0.4545, 0.3770, 0.3704, 0.4307, 0.3800, 0.3877, 0.4838, 0.4177,
    0.4462, 0.3810, 0.4134, 0.4431, 0.3753, 0.4319, 0.3730, 0.3716, 0.3456, 0.3277,
    0.1689, 0.1717, 0.1967, 0.1852, 0.1969, 0.2145, 0.1812, 0.2162, 0.1633, 0.2126,
    0.1726, 0.1580, 0.1540, 0.1968, 0.2305, 0.2081, 0.1815, 0.2182, 0.2054, 0.2027,
    0.1907, 0.2238, 0.1752, 0.1743, 0.2088, 0.1599, 0.1717, 0.1859, 0.2059, 0.2162,
    0.1685, 0.1878, 0.1735, 0.1583, 0.1700, 0.1748, 0.1781, 0.1614, 0.1623, 0.1699,
    0.1949, 0.1603, 0.1930, 0.1848, 0.1703, 0.1708, 0.1608, 0.1811, 0.1652, 0.1749,
  ]

### world/reward_loss
  Total points: 100
  Min: 0.0000, Max: 0.0021, Mean: 0.0003
  Data: [
    0.0000, 0.0000, 0.0000, 0.0000, 0.0000, 0.0000, 0.0000, 0.0000, 0.0000, 0.0000,
    0.0000, 0.0000, 0.0000, 0.0000, 0.0000, 0.0000, 0.0000, 0.0000, 0.0010, 0.0002,
    0.0011, 0.0021, 0.0000, 0.0011, 0.0000, 0.0000, 0.0011, 0.0000, 0.0019, 0.0010,
    0.0000, 0.0010, 0.0001, 0.0000, 0.0010, 0.0000, 0.0000, 0.0000, 0.0000, 0.0000,
    0.0010, 0.0000, 0.0000, 0.0000, 0.0000, 0.0000, 0.0000, 0.0000, 0.0000, 0.0000,
    0.0000, 0.0010, 0.0000, 0.0000, 0.0000, 0.0000, 0.0000, 0.0010, 0.0000, 0.0000,
    0.0010, 0.0000, 0.0000, 0.0000, 0.0000, 0.0000, 0.0000, 0.0010, 0.0000, 0.0000,
    0.0000, 0.0019, 0.0000, 0.0000, 0.0010, 0.0000, 0.0000, 0.0000, 0.0000, 0.0010,
    0.0000, 0.0000, 0.0000, 0.0000, 0.0000, 0.0010, 0.0000, 0.0010, 0.0000, 0.0010,
    0.0019, 0.0000, 0.0000, 0.0000, 0.0010, 0.0000, 0.0000, 0.0000, 0.0010, 0.0000,
  ]
