================================================================================
W&B RUN DATA: DreamerV3-NORMAL-weak-seed42
================================================================================

## RUN METADATA
Run ID: gbs8um6l
Created: 2026-01-19T12:39:51Z
State: failed
Duration: 332 seconds

## CONFIGURATION
  [Environment]
    env/mode: NORMAL
    env/opponent: weak
    env/obs_dim: 18
    env/action_dim: 4
  [Architecture]
    arch/hidden_size: 512
    arch/latent_size: 32
    arch/recurrent_size: 512
  [Imagination]
    imagination/horizon: 15
    imagination/batch_size: 256
  [Training]
    train/batch_size: 16
    train/batch_length: 64
    train/lr_world: 0.0003
    train/lr_actor: 3e-05
    train/lr_critic: 3e-05
    train/gamma: 0.997
    train/lambda_gae: 0.95
  [DreamerV3]
    dreamer/kl_free: 1
    dreamer/entropy_scale: 0.0003
  [Meta]
    seed: 42
    max_steps: 100000
    device: mps

## FINAL SUMMARY
  runtime: 0.09 hours (332 seconds)

## NOTE: Data discretized to fit 100000 char limit
  Showing ~100 points per metric (of 350 total)

## METRICS DATA

### behavior/actor_loss
  Total points: 100
  Min: -1.0597, Max: 0.1736, Mean: -0.2673
  Data: [
    0.0369, 0.1736, 0.0827, -0.0022, 0.0072, 0.0707, 0.1278, 0.1232, 0.0780, 0.0292,
    0.0137, 0.0340, 0.0741, 0.1038, 0.1047, 0.0793, 0.0428, 0.0193, 0.0280, 0.0585,
    0.0886, 0.0897, 0.0611, 0.0317, 0.0200, 0.0303, 0.0549, 0.0647, 0.0631, 0.0517,
    0.0356, 0.0344, 0.0495, 0.0613, 0.0579, 0.0490, 0.0261, 0.0283, 0.0411, 0.0598,
    0.0589, 0.0449, 0.0239, 0.0187, 0.0115, 0.0374, 0.0635, 0.0566, 0.0320, 0.0190,
    -0.4217, -0.5158, -0.4868, -0.3441, -0.3816, -0.5487, -0.7691, -0.8269, -0.5604, -0.2394,
    -0.3184, -0.4105, -0.7050, -0.5526, -0.3219, -0.2068, -0.5222, -0.8831, -1.0234, -0.6601,
    -0.2852, -0.1206, -0.4371, -0.6043, -0.6518, -0.5179, -0.4241, -0.5304, -0.6125, -0.7464,
    -0.6713, -0.8392, -0.7108, -0.5521, -0.4045, -0.3709, -0.4541, -0.6194, -0.6769, -0.8125,
    -0.8080, -0.7407, -0.5884, -0.6199, -0.6824, -1.0137, -1.0597, -0.8155, -0.6365, -0.6748,
  ]

### behavior/advantage_mean
  Total points: 100
  Min: 0.0015, Max: 0.0714, Mean: 0.0239
  Data: [
    0.0171, 0.0714, 0.0350, 0.0015, 0.0053, 0.0304, 0.0529, 0.0516, 0.0334, 0.0138,
    0.0077, 0.0159, 0.0318, 0.0438, 0.0441, 0.0339, 0.0194, 0.0098, 0.0134, 0.0260,
    0.0384, 0.0383, 0.0268, 0.0150, 0.0102, 0.0144, 0.0245, 0.0287, 0.0280, 0.0236,
    0.0168, 0.0163, 0.0228, 0.0282, 0.0267, 0.0230, 0.0131, 0.0141, 0.0200, 0.0282,
    0.0280, 0.0221, 0.0127, 0.0103, 0.0070, 0.0196, 0.0322, 0.0290, 0.0169, 0.0106,
    0.0191, 0.0230, 0.0217, 0.0157, 0.0172, 0.0240, 0.0328, 0.0351, 0.0241, 0.0111,
    0.0142, 0.0179, 0.0295, 0.0233, 0.0140, 0.0096, 0.0220, 0.0360, 0.0413, 0.0271,
    0.0125, 0.0061, 0.0182, 0.0246, 0.0263, 0.0212, 0.0176, 0.0216, 0.0245, 0.0294,
    0.0266, 0.0327, 0.0279, 0.0219, 0.0164, 0.0152, 0.0182, 0.0241, 0.0261, 0.0309,
    0.0305, 0.0281, 0.0226, 0.0236, 0.0258, 0.0373, 0.0388, 0.0302, 0.0238, 0.0250,
  ]

### behavior/critic_loss
  Total points: 100
  Min: 0.0000, Max: 0.0020, Mean: 0.0003
  Data: [
    0.0003, 0.0020, 0.0001, 0.0010, 0.0008, 0.0000, 0.0007, 0.0006, 0.0001, 0.0003,
    0.0005, 0.0002, 0.0000, 0.0003, 0.0004, 0.0001, 0.0001, 0.0003, 0.0002, 0.0000,
    0.0003, 0.0003, 0.0000, 0.0001, 0.0002, 0.0001, 0.0000, 0.0001, 0.0001, 0.0000,
    0.0001, 0.0001, 0.0000, 0.0002, 0.0001, 0.0000, 0.0001, 0.0001, 0.0000, 0.0001,
    0.0001, 0.0000, 0.0001, 0.0001, 0.0003, 0.0000, 0.0003, 0.0002, 0.0001, 0.0003,
    0.0003, 0.0002, 0.0001, 0.0002, 0.0001, 0.0001, 0.0002, 0.0003, 0.0001, 0.0002,
    0.0002, 0.0001, 0.0002, 0.0005, 0.0006, 0.0003, 0.0002, 0.0005, 0.0007, 0.0003,
    0.0003, 0.0004, 0.0001, 0.0004, 0.0002, 0.0004, 0.0004, 0.0003, 0.0004, 0.0002,
    0.0002, 0.0007, 0.0004, 0.0001, 0.0002, 0.0005, 0.0007, 0.0003, 0.0002, 0.0003,
    0.0001, 0.0002, 0.0003, 0.0002, 0.0004, 0.0004, 0.0005, 0.0004, 0.0002, 0.0003,
  ]

### behavior/entropy
  Total points: 100
  Min: -2.1445, Max: 3.6343, Mean: 0.7532
  Data: [
    3.6343, 3.6262, 3.6189, 3.6118, 3.6060, 3.6009, 3.5948, 3.5880, 3.5805, 3.5726,
    3.5653, 3.5583, 3.5515, 3.5442, 3.5357, 3.5261, 3.5163, 3.5053, 3.4952, 3.4849,
    3.4753, 3.4660, 3.4560, 3.4459, 3.4360, 3.4286, 3.4175, 3.4045, 3.3954, 3.3835,
    3.3719, 3.3676, 3.3500, 3.3451, 3.3360, 3.3151, 3.3041, 3.3076, 3.2800, 3.2675,
    3.2584, 3.2390, 3.2264, 3.2373, 3.2121, 3.1974, 3.1893, 3.1782, 3.1727, 3.1528,
    -1.6657, -1.6799, -1.6897, -1.6971, -1.7142, -1.7163, -1.7339, -1.7458, -1.7579, -1.7686,
    -1.7704, -1.7811, -1.7970, -1.8039, -1.8102, -1.8268, -1.8344, -1.8425, -1.8561, -1.8600,
    -1.8705, -1.8879, -1.8958, -1.8986, -1.9157, -1.9206, -1.9293, -1.9367, -1.9402, -1.9595,
    -1.9699, -1.9732, -1.9844, -1.9956, -2.0086, -2.0183, -2.0222, -2.0344, -2.0450, -2.0515,
    -2.0600, -2.0671, -2.0789, -2.0883, -2.0942, -2.1062, -2.1131, -2.1208, -2.1363, -2.1445,
  ]

### behavior/policy_loss
  Total points: 100
  Min: -1.0603, Max: 0.1747, Mean: -0.2671
  Data: [
    0.0380, 0.1747, 0.0838, -0.0011, 0.0083, 0.0718, 0.1289, 0.1243, 0.0791, 0.0303,
    0.0148, 0.0350, 0.0752, 0.1049, 0.1058, 0.0803, 0.0439, 0.0204, 0.0291, 0.0595,
    0.0897, 0.0907, 0.0621, 0.0327, 0.0211, 0.0313, 0.0559, 0.0657, 0.0642, 0.0527,
    0.0366, 0.0354, 0.0505, 0.0623, 0.0589, 0.0500, 0.0271, 0.0293, 0.0421, 0.0608,
    0.0599, 0.0459, 0.0249, 0.0197, 0.0124, 0.0384, 0.0644, 0.0576, 0.0330, 0.0200,
    -0.4222, -0.5163, -0.4873, -0.3446, -0.3821, -0.5492, -0.7697, -0.8274, -0.5609, -0.2400,
    -0.3189, -0.4110, -0.7055, -0.5532, -0.3224, -0.2073, -0.5227, -0.8837, -1.0239, -0.6607,
    -0.2857, -0.1212, -0.4377, -0.6049, -0.6524, -0.5185, -0.4246, -0.5310, -0.6131, -0.7470,
    -0.6719, -0.8398, -0.7114, -0.5527, -0.4051, -0.3715, -0.4547, -0.6201, -0.6775, -0.8131,
    -0.8087, -0.7413, -0.5890, -0.6205, -0.6831, -1.0143, -1.0603, -0.8161, -0.6372, -0.6754,
  ]

### behavior/target_mean
  Total points: 100
  Min: -0.0308, Max: 0.0394, Mean: -0.0010
  Data: [
    -0.0155, 0.0394, 0.0031, -0.0308, -0.0272, -0.0014, 0.0222, 0.0217, 0.0038, -0.0159,
    -0.0223, -0.0138, 0.0029, 0.0158, 0.0169, 0.0072, -0.0072, -0.0168, -0.0129, 0.0004,
    0.0138, 0.0144, 0.0031, -0.0087, -0.0135, -0.0091, 0.0015, 0.0058, 0.0054, 0.0010,
    -0.0060, -0.0062, 0.0002, 0.0065, 0.0054, 0.0018, -0.0084, -0.0074, -0.0008, 0.0084,
    0.0089, 0.0037, -0.0057, -0.0085, -0.0122, 0.0006, 0.0138, 0.0108, -0.0016, -0.0083,
    -0.0019, 0.0002, -0.0009, -0.0081, -0.0066, 0.0003, 0.0100, 0.0126, 0.0023, -0.0107,
    -0.0077, -0.0041, 0.0076, 0.0006, -0.0094, -0.0146, -0.0016, 0.0121, 0.0193, 0.0039,
    -0.0101, -0.0150, -0.0035, 0.0014, 0.0046, -0.0028, -0.0053, -0.0040, -0.0026, 0.0058,
    0.0025, 0.0058, 0.0045, -0.0016, -0.0089, -0.0099, -0.0110, -0.0034, -0.0018, 0.0009,
    0.0010, -0.0017, -0.0089, -0.0080, -0.0073, 0.0049, 0.0066, -0.0023, -0.0075, -0.0064,
  ]

### behavior/value_mean
  Total points: 100
  Min: -0.0062, Max: 0.0024, Mean: -0.0010
  Data: [
    0.0000, -0.0038, -0.0019, -0.0000, -0.0002, -0.0015, -0.0027, -0.0026, -0.0017, -0.0008,
    -0.0005, -0.0008, -0.0015, -0.0019, -0.0019, -0.0013, -0.0006, -0.0001, -0.0000, -0.0004,
    -0.0008, -0.0007, -0.0002, 0.0004, 0.0007, 0.0005, 0.0001, -0.0006, -0.0007, -0.0008,
    -0.0007, -0.0006, -0.0013, -0.0011, -0.0008, -0.0006, -0.0003, -0.0004, -0.0003, -0.0002,
    0.0001, 0.0009, 0.0013, 0.0011, 0.0010, 0.0004, -0.0002, -0.0001, 0.0003, 0.0005,
    0.0011, -0.0005, -0.0003, -0.0011, -0.0010, -0.0015, -0.0016, -0.0018, -0.0008, 0.0001,
    -0.0001, -0.0003, -0.0012, -0.0014, -0.0008, -0.0008, -0.0008, -0.0021, -0.0011, -0.0015,
    0.0003, 0.0024, 0.0011, -0.0004, 0.0012, -0.0005, 0.0012, -0.0013, -0.0026, 0.0009,
    0.0007, -0.0026, 0.0012, 0.0014, 0.0001, 0.0009, -0.0025, -0.0008, -0.0016, -0.0043,
    -0.0041, -0.0041, -0.0052, -0.0052, -0.0062, -0.0061, -0.0060, -0.0055, -0.0037, -0.0037,
  ]

### episode/length
  Total points: 100
  Min: 31.0000, Max: 250.0000, Mean: 178.7300
  Data: [
    250.0000, 250.0000, 250.0000, 250.0000, 250.0000, 127.0000, 250.0000, 153.0000, 250.0000, 250.0000,
    74.0000, 250.0000, 70.0000, 112.0000, 250.0000, 55.0000, 250.0000, 45.0000, 250.0000, 58.0000,
    250.0000, 91.0000, 250.0000, 38.0000, 250.0000, 41.0000, 250.0000, 250.0000, 250.0000, 82.0000,
    250.0000, 51.0000, 250.0000, 250.0000, 250.0000, 250.0000, 250.0000, 67.0000, 250.0000, 59.0000,
    250.0000, 250.0000, 250.0000, 32.0000, 250.0000, 55.0000, 250.0000, 32.0000, 250.0000, 44.0000,
    250.0000, 32.0000, 250.0000, 250.0000, 250.0000, 250.0000, 250.0000, 88.0000, 250.0000, 56.0000,
    250.0000, 59.0000, 250.0000, 250.0000, 250.0000, 51.0000, 250.0000, 31.0000, 250.0000, 32.0000,
    250.0000, 31.0000, 250.0000, 31.0000, 250.0000, 143.0000, 250.0000, 56.0000, 250.0000, 46.0000,
    250.0000, 84.0000, 250.0000, 69.0000, 250.0000, 250.0000, 250.0000, 69.0000, 250.0000, 52.0000,
    250.0000, 58.0000, 250.0000, 68.0000, 250.0000, 31.0000, 250.0000, 250.0000, 250.0000, 250.0000,
  ]

### episode/outcome
  Total points: 100
  Min: -1.0000, Max: 1.0000, Mean: -0.3400
  Data: [
    0.0000, 0.0000, 0.0000, 0.0000, 0.0000, -1.0000, 0.0000, -1.0000, 0.0000, 0.0000,
    1.0000, 0.0000, -1.0000, -1.0000, 0.0000, -1.0000, 0.0000, -1.0000, 0.0000, -1.0000,
    0.0000, -1.0000, 0.0000, -1.0000, 0.0000, -1.0000, 0.0000, 0.0000, 0.0000, 1.0000,
    0.0000, -1.0000, 0.0000, 0.0000, 0.0000, 0.0000, 0.0000, -1.0000, 0.0000, -1.0000,
    0.0000, 0.0000, 0.0000, -1.0000, 0.0000, -1.0000, 0.0000, -1.0000, 0.0000, -1.0000,
    0.0000, -1.0000, 0.0000, 0.0000, 0.0000, 0.0000, 0.0000, -1.0000, 0.0000, -1.0000,
    0.0000, -1.0000, 0.0000, 0.0000, 0.0000, -1.0000, 0.0000, -1.0000, 0.0000, -1.0000,
    0.0000, -1.0000, 0.0000, -1.0000, 0.0000, -1.0000, 0.0000, -1.0000, 0.0000, -1.0000,
    0.0000, -1.0000, 0.0000, -1.0000, 0.0000, 0.0000, 0.0000, -1.0000, 0.0000, -1.0000,
    0.0000, -1.0000, 0.0000, -1.0000, 0.0000, -1.0000, 0.0000, 0.0000, 0.0000, 0.0000,
  ]

### episode/reward
  Total points: 100
  Min: -1.0000, Max: 1.0000, Mean: -0.3400
  Data: [
    0.0000, 0.0000, 0.0000, 0.0000, 0.0000, -1.0000, 0.0000, -1.0000, 0.0000, 0.0000,
    1.0000, 0.0000, -1.0000, -1.0000, 0.0000, -1.0000, 0.0000, -1.0000, 0.0000, -1.0000,
    0.0000, -1.0000, 0.0000, -1.0000, 0.0000, -1.0000, 0.0000, 0.0000, 0.0000, 1.0000,
    0.0000, -1.0000, 0.0000, 0.0000, 0.0000, 0.0000, 0.0000, -1.0000, 0.0000, -1.0000,
    0.0000, 0.0000, 0.0000, -1.0000, 0.0000, -1.0000, 0.0000, -1.0000, 0.0000, -1.0000,
    0.0000, -1.0000, 0.0000, 0.0000, 0.0000, 0.0000, 0.0000, -1.0000, 0.0000, -1.0000,
    0.0000, -1.0000, 0.0000, 0.0000, 0.0000, -1.0000, 0.0000, -1.0000, 0.0000, -1.0000,
    0.0000, -1.0000, 0.0000, -1.0000, 0.0000, -1.0000, 0.0000, -1.0000, 0.0000, -1.0000,
    0.0000, -1.0000, 0.0000, -1.0000, 0.0000, 0.0000, 0.0000, -1.0000, 0.0000, -1.0000,
    0.0000, -1.0000, 0.0000, -1.0000, 0.0000, -1.0000, 0.0000, 0.0000, 0.0000, 0.0000,
  ]

### episode/time
  Total points: 100
  Min: 0.0795, Max: 1.1668, Mean: 0.5100
  Data: [
    0.6269, 0.6011, 0.6318, 0.6034, 0.6515, 0.3116, 0.8795, 0.4165, 0.7452, 1.1668,
    0.2777, 0.7314, 0.1995, 0.3407, 0.6552, 0.1780, 1.0132, 0.1820, 1.0404, 0.1809,
    0.7029, 0.4117, 0.7992, 0.1768, 0.7842, 0.1530, 0.8370, 0.9268, 0.9184, 0.2399,
    0.6097, 0.1297, 0.7737, 0.7440, 0.6710, 0.7489, 0.6575, 0.1829, 0.6015, 0.1496,
    0.6308, 0.6356, 0.7151, 0.1055, 0.6665, 0.1532, 0.6581, 0.1041, 0.6921, 0.1615,
    0.8708, 0.1090, 0.7453, 0.8573, 0.5899, 0.6627, 0.6824, 0.2089, 0.7360, 0.2378,
    0.7473, 0.4901, 0.9656, 0.6569, 0.6952, 0.1353, 0.6328, 0.0795, 0.7003, 0.0890,
    0.6151, 0.0849, 0.6234, 0.0853, 0.5855, 0.3308, 0.5888, 0.1316, 0.6164, 0.1144,
    0.5655, 0.1964, 0.5809, 0.1597, 0.6747, 0.5889, 0.5752, 0.1575, 0.5642, 0.2172,
    0.5676, 0.1354, 0.7625, 0.1699, 0.7178, 0.1688, 0.6008, 0.6136, 0.5785, 0.5610,
  ]

### episode/train_time
  Total points: 100
  Min: 0.3118, Max: 1.4803, Mean: 0.4305
  Data: [
    1.4803, 0.3226, 0.3292, 0.3118, 0.3346, 0.4136, 0.3834, 0.9541, 0.4034, 0.5918,
    0.6112, 0.3961, 0.3960, 0.4108, 0.3492, 0.4018, 0.5074, 0.3828, 0.3894, 0.3708,
    0.3690, 0.3923, 0.5459, 0.3922, 0.6378, 0.3908, 0.4160, 0.7017, 0.4061, 0.3722,
    0.3944, 0.3736, 0.7378, 0.3599, 0.3597, 0.3739, 0.3507, 0.3152, 0.4604, 0.3414,
    0.3427, 0.3572, 0.3623, 0.3495, 0.3980, 0.3177, 0.3513, 0.3494, 0.3721, 0.3214,
    0.4339, 0.3972, 0.4736, 0.4115, 0.3914, 0.3907, 0.3824, 0.3905, 0.4399, 0.4321,
    0.4082, 0.7803, 0.3887, 0.3716, 0.3928, 0.8195, 0.4553, 0.3920, 0.5072, 0.4455,
    0.3624, 0.4847, 0.3866, 0.3866, 0.3618, 0.4467, 0.3821, 0.3655, 0.5042, 0.3609,
    0.4224, 0.3800, 0.3932, 0.3987, 0.3864, 0.3887, 0.3565, 0.3620, 0.3605, 0.3622,
    0.4042, 0.3887, 0.4904, 0.4210, 0.4337, 0.3682, 0.4049, 0.4912, 0.3660, 0.3697,
  ]

### grad/actor
  Total points: 100
  Min: 0.0049, Max: 2.5516, Mean: 0.8003
  Data: [
    0.0552, 0.2135, 0.1008, 0.0049, 0.0143, 0.0991, 0.1733, 0.1740, 0.1089, 0.0407,
    0.0199, 0.0538, 0.1207, 0.1640, 0.1652, 0.1288, 0.0693, 0.0357, 0.0545, 0.1237,
    0.1792, 0.1881, 0.1304, 0.0681, 0.0460, 0.0719, 0.1340, 0.1748, 0.1667, 0.1472,
    0.1045, 0.0995, 0.1704, 0.2110, 0.1983, 0.1742, 0.0967, 0.1102, 0.1733, 0.2638,
    0.2549, 0.2245, 0.1225, 0.1013, 0.0686, 0.2358, 0.3953, 0.3543, 0.1757, 0.1006,
    1.1990, 1.4053, 1.3220, 0.9544, 1.0763, 1.5357, 2.0393, 2.1436, 1.4264, 0.6426,
    0.8349, 1.1162, 1.8644, 1.4370, 0.8586, 0.5667, 1.3702, 2.2534, 2.5516, 1.6655,
    0.6665, 0.3091, 1.1462, 1.5312, 1.5757, 1.3129, 1.0431, 1.3511, 1.5899, 1.7775,
    1.6072, 2.0435, 1.7170, 1.3265, 0.9882, 0.9694, 1.2351, 1.5650, 1.6550, 1.9713,
    1.9102, 1.7704, 1.3488, 1.4137, 1.5632, 2.3506, 2.3561, 1.8692, 1.4487, 1.4896,
  ]

### grad/critic
  Total points: 100
  Min: 0.0092, Max: 0.7019, Mean: 0.1617
  Data: [
    0.2428, 0.7019, 0.0844, 0.5174, 0.4610, 0.0092, 0.4392, 0.4332, 0.1003, 0.2681,
    0.3828, 0.2279, 0.0768, 0.3111, 0.3291, 0.1494, 0.1168, 0.3008, 0.2351, 0.0171,
    0.2705, 0.2780, 0.0613, 0.1659, 0.2579, 0.1727, 0.0309, 0.1205, 0.1106, 0.0322,
    0.1136, 0.1123, 0.0440, 0.1807, 0.1513, 0.0607, 0.1507, 0.1281, 0.0342, 0.1516,
    0.1525, 0.0510, 0.1406, 0.1654, 0.2615, 0.0212, 0.2998, 0.2177, 0.0937, 0.2143,
    0.0978, 0.0964, 0.0387, 0.1303, 0.0964, 0.0466, 0.2040, 0.2462, 0.0573, 0.2259,
    0.1671, 0.0730, 0.2168, 0.1695, 0.1704, 0.2242, 0.0775, 0.2334, 0.3191, 0.1121,
    0.1683, 0.2982, 0.0700, 0.1254, 0.0823, 0.1213, 0.1348, 0.0832, 0.0807, 0.1105,
    0.0490, 0.1687, 0.1103, 0.0827, 0.1521, 0.1698, 0.1650, 0.0783, 0.0640, 0.0875,
    0.0965, 0.0880, 0.0848, 0.0627, 0.0762, 0.2366, 0.2349, 0.0925, 0.0685, 0.0705,
  ]

### grad/world
  Total points: 100
  Min: 0.6972, Max: 4.8610, Mean: 2.1941
  Data: [
    4.5742, 3.5871, 3.9333, 4.1199, 3.9876, 3.9682, 4.0320, 4.8135, 4.8610, 4.0338,
    4.4097, 3.8779, 3.7221, 3.4322, 3.6368, 3.4238, 3.3180, 3.5292, 3.0936, 2.9561,
    2.9852, 3.1483, 2.7427, 2.8574, 2.6349, 2.8145, 2.7897, 2.7172, 2.4138, 2.3274,
    2.1285, 2.0653, 2.9402, 2.2385, 2.7176, 2.8813, 2.1432, 2.7107, 3.1339, 2.4443,
    2.8088, 2.8000, 2.6802, 2.8183, 1.9622, 1.8718, 2.1734, 2.8243, 2.5824, 2.3790,
    1.7109, 1.4517, 1.0866, 1.0405, 0.8233, 1.8524, 1.3194, 1.3356, 1.2751, 0.7792,
    1.9005, 1.6859, 1.0912, 1.3185, 1.9286, 1.2475, 1.2736, 1.4113, 0.8211, 1.2763,
    1.4985, 1.2110, 1.1901, 1.5262, 1.1986, 1.7228, 1.4975, 1.4949, 1.4155, 0.8114,
    0.9454, 1.1005, 1.6308, 1.1492, 0.8813, 1.1477, 1.3813, 1.6331, 0.9912, 1.2105,
    1.1419, 1.7872, 1.5535, 1.2196, 1.7336, 0.9300, 1.1713, 0.9736, 0.6972, 0.8877,
  ]

### imagine/continue_mean
  Total points: 100
  Min: 0.5088, Max: 0.9987, Mean: 0.8909
  Data: [
    0.5088, 0.5184, 0.5287, 0.5399, 0.5519, 0.5647, 0.5784, 0.5927, 0.6071, 0.6215,
    0.6360, 0.6506, 0.6653, 0.6799, 0.6945, 0.7090, 0.7231, 0.7371, 0.7504, 0.7633,
    0.7755, 0.7871, 0.7982, 0.8086, 0.8188, 0.8281, 0.8373, 0.8465, 0.8545, 0.8624,
    0.8697, 0.8757, 0.8833, 0.8883, 0.8939, 0.9006, 0.9057, 0.9093, 0.9151, 0.9194,
    0.9233, 0.9274, 0.9308, 0.9322, 0.9361, 0.9391, 0.9415, 0.9441, 0.9462, 0.9490,
    0.9984, 0.9984, 0.9984, 0.9984, 0.9985, 0.9984, 0.9985, 0.9985, 0.9985, 0.9985,
    0.9984, 0.9984, 0.9985, 0.9984, 0.9984, 0.9984, 0.9985, 0.9985, 0.9985, 0.9984,
    0.9985, 0.9986, 0.9986, 0.9984, 0.9986, 0.9985, 0.9983, 0.9983, 0.9978, 0.9983,
    0.9984, 0.9982, 0.9986, 0.9984, 0.9985, 0.9986, 0.9981, 0.9983, 0.9987, 0.9983,
    0.9987, 0.9986, 0.9986, 0.9987, 0.9986, 0.9986, 0.9986, 0.9984, 0.9982, 0.9979,
  ]

### imagine/reward_mean
  Total points: 100
  Min: -0.0163, Max: 0.0216, Mean: -0.0002
  Data: [
    -0.0086, 0.0216, 0.0017, -0.0163, -0.0140, -0.0007, 0.0110, 0.0105, 0.0018, -0.0073,
    -0.0099, -0.0060, 0.0013, 0.0064, 0.0067, 0.0028, -0.0027, -0.0061, -0.0045, 0.0001,
    0.0046, 0.0046, 0.0010, -0.0026, -0.0040, -0.0026, 0.0004, 0.0016, 0.0015, 0.0003,
    -0.0016, -0.0016, 0.0000, 0.0016, 0.0012, 0.0004, -0.0020, -0.0017, -0.0003, 0.0018,
    0.0019, 0.0008, -0.0012, -0.0018, -0.0025, 0.0000, 0.0027, 0.0021, -0.0004, -0.0017,
    -0.0003, 0.0001, -0.0001, -0.0013, -0.0011, -0.0000, 0.0016, 0.0021, 0.0003, -0.0018,
    -0.0013, -0.0006, 0.0013, 0.0001, -0.0015, -0.0025, -0.0003, 0.0019, 0.0031, 0.0006,
    -0.0017, -0.0025, -0.0006, 0.0003, 0.0008, -0.0005, -0.0010, -0.0007, -0.0006, 0.0008,
    0.0003, 0.0009, 0.0007, -0.0003, -0.0014, -0.0016, -0.0016, -0.0005, -0.0003, 0.0001,
    0.0001, -0.0003, -0.0015, -0.0014, -0.0012, 0.0007, 0.0010, -0.0004, -0.0014, -0.0012,
  ]

### imagine/reward_std
  Total points: 100
  Min: 0.0016, Max: 0.0085, Mean: 0.0031
  Data: [
    0.0085, 0.0084, 0.0068, 0.0051, 0.0038, 0.0031, 0.0036, 0.0039, 0.0042, 0.0044,
    0.0043, 0.0040, 0.0036, 0.0035, 0.0032, 0.0031, 0.0031, 0.0030, 0.0029, 0.0027,
    0.0027, 0.0027, 0.0025, 0.0026, 0.0025, 0.0021, 0.0021, 0.0020, 0.0019, 0.0019,
    0.0021, 0.0021, 0.0018, 0.0026, 0.0026, 0.0020, 0.0019, 0.0022, 0.0020, 0.0019,
    0.0020, 0.0019, 0.0019, 0.0021, 0.0022, 0.0020, 0.0026, 0.0022, 0.0026, 0.0029,
    0.0030, 0.0026, 0.0020, 0.0021, 0.0018, 0.0023, 0.0020, 0.0020, 0.0019, 0.0016,
    0.0028, 0.0021, 0.0022, 0.0036, 0.0039, 0.0026, 0.0030, 0.0029, 0.0024, 0.0030,
    0.0026, 0.0019, 0.0023, 0.0042, 0.0028, 0.0037, 0.0040, 0.0041, 0.0047, 0.0029,
    0.0026, 0.0041, 0.0032, 0.0025, 0.0028, 0.0037, 0.0056, 0.0035, 0.0026, 0.0036,
    0.0024, 0.0034, 0.0033, 0.0031, 0.0042, 0.0040, 0.0036, 0.0045, 0.0039, 0.0048,
  ]

### stats/buffer_episodes
  Total points: 100
  Min: 5.0000, Max: 354.0000, Mean: 179.5000
  Data: [
    5.0000, 6.0000, 7.0000, 8.0000, 9.0000, 10.0000, 11.0000, 12.0000, 13.0000, 14.0000,
    15.0000, 16.0000, 17.0000, 18.0000, 19.0000, 20.0000, 21.0000, 22.0000, 23.0000, 24.0000,
    25.0000, 26.0000, 27.0000, 28.0000, 29.0000, 30.0000, 31.0000, 32.0000, 33.0000, 34.0000,
    35.0000, 36.0000, 37.0000, 38.0000, 39.0000, 40.0000, 41.0000, 42.0000, 43.0000, 44.0000,
    45.0000, 46.0000, 47.0000, 48.0000, 49.0000, 50.0000, 51.0000, 52.0000, 53.0000, 54.0000,
    305.0000, 306.0000, 307.0000, 308.0000, 309.0000, 310.0000, 311.0000, 312.0000, 313.0000, 314.0000,
    315.0000, 316.0000, 317.0000, 318.0000, 319.0000, 320.0000, 321.0000, 322.0000, 323.0000, 324.0000,
    325.0000, 326.0000, 327.0000, 328.0000, 329.0000, 330.0000, 331.0000, 332.0000, 333.0000, 334.0000,
    335.0000, 336.0000, 337.0000, 338.0000, 339.0000, 340.0000, 341.0000, 342.0000, 343.0000, 344.0000,
    345.0000, 346.0000, 347.0000, 348.0000, 349.0000, 350.0000, 351.0000, 352.0000, 353.0000, 354.0000,
  ]

### stats/buffer_size
  Total points: 100
  Min: 1040.0000, Max: 64156.0000, Mean: 32714.6100
  Data: [
    1040.0000, 1290.0000, 1540.0000, 1790.0000, 2040.0000, 2167.0000, 2417.0000, 2570.0000, 2820.0000, 3070.0000,
    3144.0000, 3394.0000, 3464.0000, 3576.0000, 3826.0000, 3881.0000, 4131.0000, 4176.0000, 4426.0000, 4484.0000,
    4734.0000, 4825.0000, 5075.0000, 5113.0000, 5363.0000, 5404.0000, 5654.0000, 5904.0000, 6154.0000, 6236.0000,
    6486.0000, 6537.0000, 6787.0000, 7037.0000, 7287.0000, 7537.0000, 7787.0000, 7854.0000, 8104.0000, 8163.0000,
    8413.0000, 8663.0000, 8913.0000, 8945.0000, 9195.0000, 9250.0000, 9500.0000, 9532.0000, 9782.0000, 9826.0000,
    55569.0000, 55601.0000, 55851.0000, 56101.0000, 56351.0000, 56601.0000, 56851.0000, 56939.0000, 57189.0000, 57245.0000,
    57495.0000, 57554.0000, 57804.0000, 58054.0000, 58304.0000, 58355.0000, 58605.0000, 58636.0000, 58886.0000, 58918.0000,
    59168.0000, 59199.0000, 59449.0000, 59480.0000, 59730.0000, 59873.0000, 60123.0000, 60179.0000, 60429.0000, 60475.0000,
    60725.0000, 60809.0000, 61059.0000, 61128.0000, 61378.0000, 61628.0000, 61878.0000, 61947.0000, 62197.0000, 62249.0000,
    62499.0000, 62557.0000, 62807.0000, 62875.0000, 63125.0000, 63156.0000, 63406.0000, 63656.0000, 63906.0000, 64156.0000,
  ]

### stats/total_steps
  Total points: 100
  Min: 1040.0000, Max: 64156.0000, Mean: 32714.6100
  Data: [
    1040.0000, 1290.0000, 1540.0000, 1790.0000, 2040.0000, 2167.0000, 2417.0000, 2570.0000, 2820.0000, 3070.0000,
    3144.0000, 3394.0000, 3464.0000, 3576.0000, 3826.0000, 3881.0000, 4131.0000, 4176.0000, 4426.0000, 4484.0000,
    4734.0000, 4825.0000, 5075.0000, 5113.0000, 5363.0000, 5404.0000, 5654.0000, 5904.0000, 6154.0000, 6236.0000,
    6486.0000, 6537.0000, 6787.0000, 7037.0000, 7287.0000, 7537.0000, 7787.0000, 7854.0000, 8104.0000, 8163.0000,
    8413.0000, 8663.0000, 8913.0000, 8945.0000, 9195.0000, 9250.0000, 9500.0000, 9532.0000, 9782.0000, 9826.0000,
    55569.0000, 55601.0000, 55851.0000, 56101.0000, 56351.0000, 56601.0000, 56851.0000, 56939.0000, 57189.0000, 57245.0000,
    57495.0000, 57554.0000, 57804.0000, 58054.0000, 58304.0000, 58355.0000, 58605.0000, 58636.0000, 58886.0000, 58918.0000,
    59168.0000, 59199.0000, 59449.0000, 59480.0000, 59730.0000, 59873.0000, 60123.0000, 60179.0000, 60429.0000, 60475.0000,
    60725.0000, 60809.0000, 61059.0000, 61128.0000, 61378.0000, 61628.0000, 61878.0000, 61947.0000, 62197.0000, 62249.0000,
    62499.0000, 62557.0000, 62807.0000, 62875.0000, 63125.0000, 63156.0000, 63406.0000, 63656.0000, 63906.0000, 64156.0000,
  ]

### stats/win_rate
  Total points: 100
  Min: 0.0000, Max: 0.0667, Mean: 0.0257
  Data: [
    0.0000, 0.0000, 0.0000, 0.0000, 0.0000, 0.0000, 0.0000, 0.0000, 0.0000, 0.0000,
    0.0667, 0.0625, 0.0588, 0.0556, 0.0526, 0.0500, 0.0476, 0.0455, 0.0435, 0.0417,
    0.0400, 0.0385, 0.0370, 0.0357, 0.0345, 0.0333, 0.0323, 0.0312, 0.0303, 0.0588,
    0.0571, 0.0556, 0.0541, 0.0526, 0.0513, 0.0500, 0.0488, 0.0476, 0.0465, 0.0455,
    0.0444, 0.0435, 0.0426, 0.0417, 0.0408, 0.0400, 0.0392, 0.0385, 0.0377, 0.0370,
    0.0164, 0.0163, 0.0163, 0.0162, 0.0162, 0.0161, 0.0161, 0.0160, 0.0160, 0.0159,
    0.0159, 0.0158, 0.0158, 0.0157, 0.0157, 0.0156, 0.0156, 0.0155, 0.0155, 0.0154,
    0.0154, 0.0153, 0.0153, 0.0152, 0.0152, 0.0152, 0.0151, 0.0151, 0.0150, 0.0150,
    0.0149, 0.0149, 0.0148, 0.0148, 0.0147, 0.0147, 0.0147, 0.0146, 0.0146, 0.0145,
    0.0145, 0.0145, 0.0144, 0.0144, 0.0143, 0.0143, 0.0142, 0.0142, 0.0142, 0.0141,
  ]

### world/continue_loss
  Total points: 100
  Min: 0.0014, Max: 0.6931, Mean: 0.1395
  Data: [
    0.6931, 0.6758, 0.6570, 0.6373, 0.6165, 0.5946, 0.5719, 0.5477, 0.5243, 0.4999,
    0.4763, 0.4530, 0.4302, 0.4107, 0.3859, 0.3646, 0.3447, 0.3241, 0.3063, 0.2874,
    0.2703, 0.2557, 0.2395, 0.2257, 0.2123, 0.2004, 0.1887, 0.1804, 0.1675, 0.1575,
    0.1501, 0.1407, 0.1314, 0.1256, 0.1185, 0.1112, 0.1066, 0.1004, 0.0938, 0.0891,
    0.0873, 0.0823, 0.0788, 0.0740, 0.0753, 0.0658, 0.0634, 0.0629, 0.0614, 0.0548,
    0.0017, 0.0017, 0.0017, 0.0070, 0.0016, 0.0081, 0.0016, 0.0016, 0.0016, 0.0015,
    0.0080, 0.0016, 0.0069, 0.0017, 0.0051, 0.0019, 0.0017, 0.0017, 0.0017, 0.0071,
    0.0016, 0.0015, 0.0015, 0.0067, 0.0014, 0.0015, 0.0038, 0.0019, 0.0050, 0.0020,
    0.0016, 0.0020, 0.0017, 0.0172, 0.0066, 0.0014, 0.0018, 0.0017, 0.0014, 0.0046,
    0.0014, 0.0016, 0.0064, 0.0014, 0.0053, 0.0015, 0.0080, 0.0017, 0.0043, 0.0098,
  ]

### world/kl_loss
  Total points: 100
  Min: 0.6000, Max: 1.0865, Mean: 0.8457
  Data: [
    0.6000, 0.6000, 0.6000, 0.6000, 0.6000, 0.6000, 0.6000, 0.6957, 0.7210, 0.6480,
    0.6807, 0.6364, 0.6510, 0.6409, 0.6581, 0.6929, 0.7071, 0.6777, 0.7160, 0.6930,
    0.7068, 0.7734, 0.7480, 0.8463, 0.8075, 0.8397, 0.9197, 0.7741, 0.8333, 0.7487,
    0.7636, 0.8633, 0.8113, 0.9682, 1.0242, 0.9291, 0.8739, 0.9775, 0.8606, 0.8712,
    0.9307, 0.8679, 0.9254, 1.0721, 0.8721, 0.8685, 0.9164, 0.9332, 1.0865, 1.0079,
    1.0466, 0.9279, 0.9071, 0.9548, 0.8295, 1.0742, 0.8617, 0.8795, 0.8741, 0.7979,
    1.0649, 1.0335, 0.8741, 0.9147, 0.9961, 0.8898, 0.8984, 0.8904, 0.8138, 0.9845,
    1.0082, 0.8729, 0.8790, 1.0018, 0.8009, 0.9377, 0.8446, 0.9791, 1.0279, 0.7710,
    0.7958, 0.9233, 1.0123, 0.8871, 0.8554, 0.8320, 0.9548, 0.8391, 0.7976, 0.8745,
    0.8497, 0.8583, 0.9246, 0.8625, 0.9858, 0.8274, 0.9250, 0.9093, 0.7806, 0.8023,
  ]

### world/kl_value
  Total points: 100
  Min: 0.0024, Max: 1.6799, Mean: 1.1439
  Data: [
    0.0024, 0.0495, 0.1142, 0.1673, 0.2610, 0.4339, 0.7004, 1.0807, 1.1086, 0.9275,
    0.9738, 0.8283, 0.8341, 0.8160, 0.9133, 0.9827, 1.0265, 0.9750, 1.0042, 0.9530,
    0.9689, 1.1227, 1.0820, 1.2684, 1.1868, 1.2551, 1.4016, 1.1239, 1.2305, 1.0680,
    1.0801, 1.2308, 1.1450, 1.4216, 1.5485, 1.4065, 1.2925, 1.4773, 1.2619, 1.3091,
    1.4219, 1.2873, 1.3797, 1.6344, 1.2890, 1.2532, 1.3712, 1.4081, 1.6799, 1.5431,
    1.5683, 1.2575, 1.2368, 1.3000, 1.0592, 1.6451, 1.1848, 1.2454, 1.2014, 0.9407,
    1.5450, 1.4864, 1.1535, 1.2513, 1.4996, 1.2207, 1.2173, 1.2617, 1.0511, 1.4465,
    1.4362, 1.1547, 1.1966, 1.4546, 1.0564, 1.3301, 1.1356, 1.3870, 1.5096, 0.9131,
    0.9974, 1.2757, 1.4586, 1.1445, 1.0691, 1.0262, 1.3295, 1.1227, 1.0043, 1.1597,
    1.0423, 1.1329, 1.2406, 1.1004, 1.3654, 0.9420, 1.2415, 1.1753, 0.9370, 0.9757,
  ]

### world/loss
  Total points: 100
  Min: 0.8507, Max: 2.2526, Mean: 1.2732
  Data: [
    2.2526, 1.9655, 2.0127, 1.9240, 1.8606, 1.8519, 1.8066, 2.0231, 1.7208, 1.5975,
    1.7654, 1.5528, 1.7689, 1.5871, 1.4977, 1.5340, 1.5427, 1.4630, 1.4555, 1.4097,
    1.3654, 1.4184, 1.3349, 1.5413, 1.3799, 1.4555, 1.6086, 1.2800, 1.4404, 1.2441,
    1.2281, 1.4125, 1.2209, 1.4736, 1.5193, 1.3538, 1.2703, 1.5582, 1.2847, 1.3019,
    1.4384, 1.3492, 1.3982, 1.6890, 1.3091, 1.2344, 1.2928, 1.2905, 1.5851, 1.4191,
    1.1773, 1.0316, 1.0078, 1.0964, 0.9244, 1.2362, 0.9754, 0.9894, 0.9740, 0.8813,
    1.2154, 1.1623, 0.9841, 1.0445, 1.1637, 1.0021, 1.0032, 1.0250, 0.9123, 1.1450,
    1.1431, 0.9802, 0.9908, 1.1540, 0.9191, 1.0373, 0.9798, 1.1048, 1.1965, 0.8507,
    0.8972, 1.0625, 1.1515, 1.0281, 0.9612, 0.9215, 1.0635, 0.9540, 0.8912, 0.9985,
    0.9443, 0.9783, 1.0392, 0.9705, 1.1263, 0.9234, 1.0271, 1.0413, 0.8609, 0.8870,
  ]

### world/recon_loss
  Total points: 100
  Min: 0.0740, Max: 0.9585, Mean: 0.2877
  Data: [
    0.9585, 0.6886, 0.7541, 0.6866, 0.6429, 0.6570, 0.6337, 0.7785, 0.4752, 0.4497,
    0.6084, 0.4632, 0.6876, 0.5326, 0.4536, 0.4765, 0.4899, 0.4612, 0.4321, 0.4293,
    0.3882, 0.3883, 0.3474, 0.4693, 0.3601, 0.4154, 0.5003, 0.3236, 0.4396, 0.3379,
    0.3135, 0.4084, 0.2781, 0.3798, 0.3766, 0.3136, 0.2888, 0.4803, 0.3303, 0.3416,
    0.4194, 0.3991, 0.3931, 0.5428, 0.3597, 0.3001, 0.3129, 0.2944, 0.4362, 0.3564,
    0.1290, 0.1020, 0.0990, 0.1335, 0.0933, 0.1540, 0.1121, 0.1084, 0.0984, 0.0818,
    0.1416, 0.1272, 0.1021, 0.1282, 0.1615, 0.1103, 0.1031, 0.1329, 0.0968, 0.1525,
    0.1333, 0.1059, 0.1104, 0.1445, 0.1167, 0.0981, 0.1304, 0.1237, 0.1627, 0.0777,
    0.0998, 0.1372, 0.1374, 0.1228, 0.0982, 0.0880, 0.1068, 0.1132, 0.0922, 0.1185,
    0.0932, 0.1184, 0.1072, 0.1067, 0.1343, 0.0945, 0.0941, 0.1302, 0.0751, 0.0740,
  ]

### world/reward_loss
  Total points: 100
  Min: 0.0000, Max: 0.0029, Mean: 0.0004
  Data: [
    0.0010, 0.0011, 0.0016, 0.0000, 0.0012, 0.0002, 0.0010, 0.0011, 0.0001, 0.0000,
    0.0001, 0.0001, 0.0001, 0.0029, 0.0001, 0.0001, 0.0010, 0.0000, 0.0010, 0.0000,
    0.0000, 0.0010, 0.0000, 0.0000, 0.0000, 0.0000, 0.0000, 0.0020, 0.0000, 0.0000,
    0.0010, 0.0000, 0.0000, 0.0000, 0.0000, 0.0000, 0.0010, 0.0000, 0.0000, 0.0000,
    0.0010, 0.0000, 0.0010, 0.0000, 0.0019, 0.0000, 0.0000, 0.0000, 0.0010, 0.0000,
    0.0000, 0.0000, 0.0000, 0.0010, 0.0000, 0.0000, 0.0000, 0.0000, 0.0000, 0.0000,
    0.0010, 0.0000, 0.0010, 0.0000, 0.0010, 0.0000, 0.0000, 0.0000, 0.0000, 0.0010,
    0.0000, 0.0000, 0.0000, 0.0010, 0.0000, 0.0000, 0.0009, 0.0000, 0.0009, 0.0000,
    0.0000, 0.0000, 0.0000, 0.0010, 0.0010, 0.0000, 0.0000, 0.0000, 0.0000, 0.0009,
    0.0000, 0.0000, 0.0010, 0.0000, 0.0009, 0.0000, 0.0000, 0.0000, 0.0009, 0.0009,
  ]
