================================================================================
W&B RUN DATA: pbrs0.03-annealingTD3-Hockey-NORMAL-weak-lr0.0010-seed42
================================================================================

## RUN METADATA
Run ID: 7591cvts
Created: 2026-01-16T22:45:59Z
State: running
Duration: 5548.042927252 seconds

## CONFIGURATION
  algorithm: TD3
  mode: NORMAL
  opponent: weak
  learning_rate_actor: 0.001
  learning_rate_critic: 0.001
  batch_size: 100
  buffer_size: 1000000
  max_episodes: 100000
  random_seed: 42
  self_play_start: 0
  self_play_pool_size: 25
  gamma: 0.99
  tau: 0.005

## FINAL SUMMARY

## NOTE: Data discretized to fit 100000 char limit
  Showing ~50 points per metric (of 394 total)

## METRICS DATA

### behavior/action_magnitude_avg
  Total points: 100
  Min: 0.8559, Max: 1.3380, Mean: 1.1265
  Data: [
    0.9689, 0.9785, 0.9657, 0.9695, 0.9599, 0.9717, 0.9446, 0.9527, 0.9612, 0.9713,
    0.9508, 0.9566, 0.9361, 0.9491, 0.9340, 0.9551, 0.9413, 0.9338, 0.9325, 0.9368,
    0.9301, 0.9239, 0.9439, 0.9545, 0.9198, 0.9226, 0.9406, 0.9255, 0.9145, 0.9257,
    0.9126, 0.9234, 0.9193, 0.9101, 0.9137, 0.9222, 0.9135, 0.8812, 0.9205, 0.9064,
    0.8783, 0.9061, 0.9051, 0.8889, 0.9142, 0.8886, 0.8559, 0.8789, 0.8740, 0.8913,
    1.3113, 1.3175, 1.3151, 1.3138, 1.3076, 1.3163, 1.3169, 1.3131, 1.3233, 1.3180,
    1.3137, 1.3185, 1.3216, 1.3247, 1.3192, 1.3241, 1.3227, 1.3209, 1.3238, 1.3183,
    1.3225, 1.3306, 1.3305, 1.3175, 1.3268, 1.3288, 1.3274, 1.3234, 1.3280, 1.3269,
    1.3339, 1.3319, 1.3247, 1.3252, 1.3312, 1.3293, 1.3283, 1.3315, 1.3283, 1.3338,
    1.3330, 1.3349, 1.3326, 1.3356, 1.3365, 1.3377, 1.3358, 1.3380, 1.3328, 1.3347,
  ]

### behavior/action_magnitude_max
  Total points: 100
  Min: 1.4085, Max: 1.4142, Mean: 1.4141
  Data: [
    1.4142, 1.4142, 1.4142, 1.4142, 1.4142, 1.4142, 1.4142, 1.4142, 1.4142, 1.4142,
    1.4142, 1.4142, 1.4093, 1.4142, 1.4142, 1.4142, 1.4142, 1.4142, 1.4142, 1.4142,
    1.4142, 1.4142, 1.4142, 1.4142, 1.4142, 1.4142, 1.4142, 1.4142, 1.4142, 1.4142,
    1.4142, 1.4142, 1.4142, 1.4142, 1.4142, 1.4142, 1.4142, 1.4142, 1.4142, 1.4142,
    1.4142, 1.4085, 1.4142, 1.4142, 1.4142, 1.4108, 1.4142, 1.4142, 1.4142, 1.4142,
    1.4142, 1.4142, 1.4142, 1.4142, 1.4142, 1.4142, 1.4142, 1.4142, 1.4142, 1.4142,
    1.4142, 1.4142, 1.4142, 1.4142, 1.4142, 1.4142, 1.4142, 1.4142, 1.4142, 1.4142,
    1.4142, 1.4142, 1.4142, 1.4142, 1.4142, 1.4142, 1.4142, 1.4142, 1.4142, 1.4142,
    1.4142, 1.4142, 1.4142, 1.4142, 1.4142, 1.4142, 1.4142, 1.4142, 1.4142, 1.4142,
    1.4142, 1.4142, 1.4142, 1.4142, 1.4142, 1.4142, 1.4142, 1.4142, 1.4142, 1.4142,
  ]

### behavior/dist_to_puck_avg
  Total points: 100
  Min: 1.9722, Max: 3.9339, Mean: 2.8230
  Data: [
    3.4250, 3.2980, 3.4743, 3.4464, 3.4594, 3.8196, 3.8649, 3.1614, 3.0330, 3.6055,
    3.2935, 3.4005, 3.5436, 3.1478, 3.2748, 3.3183, 3.7652, 3.0240, 3.3329, 2.9184,
    3.3997, 3.4324, 3.6274, 3.2469, 3.2261, 3.1130, 3.1550, 3.4825, 3.4742, 3.4091,
    3.0035, 3.3497, 3.4544, 3.3634, 3.3996, 3.5551, 3.4160, 3.6876, 3.4536, 3.4375,
    3.3373, 3.0711, 3.2625, 3.1791, 3.3185, 3.9339, 3.3125, 3.2810, 3.3220, 3.5493,
    2.3689, 2.3552, 2.3059, 2.3403, 1.9722, 2.3383, 2.3660, 2.1567, 2.1867, 2.1271,
    2.2395, 2.1924, 2.2691, 2.1895, 2.2982, 2.2966, 2.0768, 2.0960, 2.3514, 2.2846,
    2.2898, 2.1737, 2.2451, 2.2910, 2.0900, 2.2971, 2.2159, 2.3670, 2.5010, 2.3628,
    2.5209, 2.1721, 2.3848, 1.9755, 2.3792, 2.2536, 2.3187, 2.3102, 2.1293, 2.4382,
    2.3469, 2.2808, 2.2087, 2.4962, 2.1607, 2.1742, 2.2310, 2.4032, 2.3930, 2.2178,
  ]

### behavior/dist_to_puck_min
  Total points: 100
  Min: 0.1852, Max: 1.7679, Mean: 0.6579
  Data: [
    1.1927, 0.8567, 1.1431, 0.6399, 1.0866, 1.1127, 1.4572, 1.0786, 0.8736, 1.1307,
    0.8651, 0.9911, 0.9832, 0.8240, 0.9013, 1.0161, 1.0666, 0.7579, 1.2317, 0.8618,
    1.3100, 0.5451, 1.3317, 0.9883, 1.0646, 1.0358, 0.8637, 0.8888, 1.1315, 0.9218,
    0.7570, 0.6368, 1.3888, 0.9344, 0.9579, 0.9156, 1.3236, 1.5906, 1.3806, 0.9866,
    1.1000, 0.7174, 0.6900, 0.7762, 0.7401, 1.7679, 1.1311, 1.2496, 0.5863, 0.6226,
    0.2774, 0.2740, 0.3146, 0.2577, 0.2668, 0.2319, 0.2292, 0.2243, 0.2542, 0.2793,
    0.2569, 0.3484, 0.4473, 0.5444, 0.6172, 0.3630, 0.3648, 0.2592, 0.2594, 0.4292,
    0.3756, 0.2686, 0.3070, 0.3788, 0.2666, 0.2882, 0.3170, 0.2963, 0.2790, 0.2730,
    0.2466, 0.2894, 0.4939, 0.3214, 0.4619, 0.3822, 0.2732, 0.2706, 0.3545, 0.2320,
    0.3186, 0.2025, 0.2819, 0.2502, 0.2588, 0.2997, 0.1985, 0.1852, 0.2936, 0.2198,
  ]

### behavior/distance_traveled
  Total points: 100
  Min: 7.6125, Max: 20.8034, Mean: 12.1438
  Data: [
    12.3197, 11.5205, 13.1467, 13.0049, 12.1257, 11.0675, 13.4163, 10.4594, 11.9836, 12.3332,
    11.2315, 11.4796, 11.6264, 10.6737, 10.4360, 11.5959, 14.9285, 12.7131, 10.8732, 8.6655,
    11.8140, 11.4649, 11.3011, 10.8775, 10.9541, 12.2853, 11.5416, 11.3068, 9.6351, 11.8774,
    10.9379, 9.0852, 11.0656, 10.8924, 11.5174, 12.1709, 10.9657, 10.9172, 10.3073, 10.8667,
    11.8061, 9.2814, 7.9482, 12.2374, 9.1961, 13.6382, 11.3230, 11.8914, 11.1799, 9.0976,
    11.1898, 11.1352, 12.0524, 13.9800, 9.6944, 11.7959, 13.1805, 16.3625, 15.6617, 10.2289,
    10.1244, 15.2649, 13.4140, 11.1232, 7.6125, 12.6036, 9.5037, 12.1852, 16.7257, 12.0325,
    13.6744, 10.5688, 9.8138, 7.8212, 12.3600, 13.2191, 11.2045, 13.2606, 14.3268, 13.8583,
    12.6864, 13.1087, 10.3226, 11.6869, 10.4426, 14.1286, 16.2226, 13.8996, 14.2890, 13.0931,
    8.9087, 14.9463, 12.9666, 15.7226, 14.2229, 15.6143, 13.9081, 16.6381, 20.8034, 19.8034,
  ]

### behavior/lazy_action_ratio
  Total points: 100
  Min: 0.0000, Max: 0.0114, Mean: 0.0029
  Data: [
    0.0024, 0.0054, 0.0042, 0.0032, 0.0030, 0.0081, 0.0040, 0.0067, 0.0088, 0.0029,
    0.0044, 0.0078, 0.0080, 0.0054, 0.0075, 0.0039, 0.0045, 0.0038, 0.0016, 0.0021,
    0.0071, 0.0112, 0.0020, 0.0091, 0.0055, 0.0047, 0.0114, 0.0109, 0.0076, 0.0042,
    0.0061, 0.0063, 0.0035, 0.0061, 0.0059, 0.0080, 0.0056, 0.0102, 0.0057, 0.0072,
    0.0100, 0.0012, 0.0022, 0.0050, 0.0082, 0.0044, 0.0073, 0.0061, 0.0064, 0.0060,
    0.0000, 0.0000, 0.0000, 0.0000, 0.0000, 0.0000, 0.0000, 0.0000, 0.0000, 0.0000,
    0.0000, 0.0000, 0.0000, 0.0000, 0.0000, 0.0000, 0.0000, 0.0000, 0.0000, 0.0000,
    0.0000, 0.0000, 0.0000, 0.0000, 0.0000, 0.0000, 0.0000, 0.0000, 0.0000, 0.0000,
    0.0000, 0.0000, 0.0000, 0.0000, 0.0000, 0.0000, 0.0000, 0.0000, 0.0000, 0.0000,
    0.0000, 0.0000, 0.0000, 0.0000, 0.0000, 0.0000, 0.0000, 0.0000, 0.0000, 0.0000,
  ]

### behavior/possession_ratio
  Total points: 100
  Min: 0.0000, Max: 0.2550, Mean: 0.0955
  Data: [
    0.0043, 0.0074, 0.0071, 0.0064, 0.0051, 0.0052, 0.0024, 0.0103, 0.0078, 0.0047,
    0.0127, 0.0153, 0.0081, 0.0160, 0.0074, 0.0101, 0.0045, 0.0044, 0.0036, 0.0152,
    0.0020, 0.0142, 0.0097, 0.0105, 0.0040, 0.0121, 0.0095, 0.0081, 0.0041, 0.0068,
    0.0039, 0.0130, 0.0057, 0.0045, 0.0070, 0.0066, 0.0049, 0.0000, 0.0043, 0.0049,
    0.0079, 0.0094, 0.0212, 0.0104, 0.0115, 0.0005, 0.0031, 0.0064, 0.0137, 0.0082,
    0.1905, 0.1965, 0.1796, 0.1779, 0.2550, 0.2258, 0.2268, 0.1796, 0.2064, 0.2253,
    0.2411, 0.1485, 0.1223, 0.1536, 0.1579, 0.1532, 0.1797, 0.1749, 0.1498, 0.1330,
    0.1240, 0.2055, 0.2112, 0.1800, 0.2155, 0.1611, 0.1959, 0.1671, 0.1209, 0.1446,
    0.1877, 0.2128, 0.1297, 0.1848, 0.1582, 0.2003, 0.1764, 0.2070, 0.1704, 0.1962,
    0.2489, 0.1827, 0.1277, 0.1639, 0.1958, 0.2098, 0.2299, 0.2087, 0.1614, 0.2067,
  ]

### behavior/puck_touches
  Total points: 100
  Min: 0.0000, Max: 0.0000, Mean: 0.0000
  Data: [
    0.0000, 0.0000, 0.0000, 0.0000, 0.0000, 0.0000, 0.0000, 0.0000, 0.0000, 0.0000,
    0.0000, 0.0000, 0.0000, 0.0000, 0.0000, 0.0000, 0.0000, 0.0000, 0.0000, 0.0000,
    0.0000, 0.0000, 0.0000, 0.0000, 0.0000, 0.0000, 0.0000, 0.0000, 0.0000, 0.0000,
    0.0000, 0.0000, 0.0000, 0.0000, 0.0000, 0.0000, 0.0000, 0.0000, 0.0000, 0.0000,
    0.0000, 0.0000, 0.0000, 0.0000, 0.0000, 0.0000, 0.0000, 0.0000, 0.0000, 0.0000,
    0.0000, 0.0000, 0.0000, 0.0000, 0.0000, 0.0000, 0.0000, 0.0000, 0.0000, 0.0000,
    0.0000, 0.0000, 0.0000, 0.0000, 0.0000, 0.0000, 0.0000, 0.0000, 0.0000, 0.0000,
    0.0000, 0.0000, 0.0000, 0.0000, 0.0000, 0.0000, 0.0000, 0.0000, 0.0000, 0.0000,
    0.0000, 0.0000, 0.0000, 0.0000, 0.0000, 0.0000, 0.0000, 0.0000, 0.0000, 0.0000,
    0.0000, 0.0000, 0.0000, 0.0000, 0.0000, 0.0000, 0.0000, 0.0000, 0.0000, 0.0000,
  ]

### behavior/shoot_action_avg
  Total points: 100
  Min: -0.9226, Max: 0.2338, Mean: -0.2931
  Data: [
    0.1338, 0.2004, 0.1796, 0.2192, 0.1602, 0.1846, 0.1525, 0.1604, 0.1598, 0.1715,
    0.1392, 0.1949, 0.1929, 0.1150, 0.1616, 0.1408, 0.1814, 0.1419, 0.1997, 0.1851,
    0.1396, 0.2075, 0.1565, 0.1732, 0.1826, 0.1662, 0.1953, 0.1819, 0.1596, 0.1372,
    0.1399, 0.1712, 0.1496, 0.1568, 0.1787, 0.1907, 0.1846, 0.1127, 0.1533, 0.1486,
    0.1506, 0.1525, 0.1819, 0.1862, 0.1563, 0.1256, 0.1577, 0.1748, 0.2338, 0.2068,
    -0.4611, -0.5744, -0.5685, -0.7601, -0.7405, -0.7998, -0.7682, -0.5713, -0.4536, -0.6732,
    -0.7402, -0.7896, -0.7976, -0.6447, -0.5986, -0.8025, -0.9226, -0.9029, -0.8967, -0.9128,
    -0.8833, -0.9225, -0.8186, -0.8371, -0.8862, -0.8480, -0.8567, -0.9187, -0.9038, -0.8971,
    -0.8734, -0.8047, -0.6068, -0.5611, -0.3949, -0.7421, -0.8496, -0.7495, -0.8285, -0.7335,
    -0.7537, -0.6785, -0.6868, -0.7030, -0.7368, -0.7383, -0.6875, -0.7239, -0.8357, -0.8579,
  ]

### behavior/shoot_action_when_possess
  Total points: 100
  Min: -0.9237, Max: 0.2282, Mean: -0.3882
  Data: [
    -0.0647, 0.0428, 0.0843, 0.0293, -0.0381, 0.0601, 0.0000, 0.1851, 0.0068, 0.2075,
    -0.0701, 0.1542, 0.0651, -0.0215, 0.0549, -0.2154, 0.0225, -0.0081, -0.0602, -0.0912,
    -0.0068, 0.1760, -0.1104, -0.0250, 0.1904, 0.0390, 0.0146, -0.0599, 0.1430, -0.1349,
    0.0669, 0.0421, -0.0070, 0.0509, 0.2282, -0.1337, 0.0187, 0.0000, 0.0428, 0.0729,
    0.0987, 0.1373, -0.0984, 0.0459, -0.0668, -0.0671, 0.0013, -0.0286, 0.1555, 0.0513,
    -0.8661, -0.8763, -0.7097, -0.9025, -0.8769, -0.8326, -0.8676, -0.8412, -0.8536, -0.8547,
    -0.8776, -0.6941, -0.5496, -0.6122, -0.5414, -0.7370, -0.7190, -0.8090, -0.8895, -0.6046,
    -0.6252, -0.9214, -0.7863, -0.7122, -0.9183, -0.7920, -0.8164, -0.8312, -0.9237, -0.9198,
    -0.8913, -0.8662, -0.6436, -0.7259, -0.6026, -0.8030, -0.8911, -0.8974, -0.7488, -0.8865,
    -0.8292, -0.8940, -0.6989, -0.7809, -0.8019, -0.8027, -0.8908, -0.8693, -0.8122, -0.9017,
  ]

### behavior/time_near_puck
  Total points: 100
  Min: 0.0000, Max: 39.3000, Mean: 12.3740
  Data: [
    1.2000, 1.2000, 1.5000, 1.3000, 1.1000, 0.7000, 0.1000, 0.8000, 1.3000, 1.7000,
    2.1000, 1.5000, 0.9000, 2.2000, 1.0000, 1.9000, 1.0000, 0.6000, 0.2000, 2.7000,
    0.4000, 2.1000, 2.0000, 1.2000, 0.6000, 1.4000, 1.2000, 2.1000, 1.1000, 2.2000,
    1.5000, 1.9000, 0.8000, 0.5000, 0.8000, 1.3000, 0.8000, 0.0000, 1.0000, 0.7000,
    2.0000, 3.2000, 3.1000, 1.3000, 2.6000, 0.0000, 0.9000, 1.0000, 2.8000, 1.4000,
    27.1000, 21.5000, 24.6000, 29.3000, 23.6000, 28.0000, 31.8000, 29.2000, 28.6000, 18.9000,
    22.7000, 20.5000, 18.4000, 15.3000, 12.4000, 16.9000, 13.2000, 17.2000, 22.5000, 15.6000,
    17.3000, 16.9000, 15.8000, 13.9000, 20.1000, 24.6000, 23.5000, 25.8000, 20.9000, 24.1000,
    29.5000, 16.7000, 12.8000, 19.9000, 21.3000, 32.9000, 26.7000, 27.5000, 15.8000, 28.1000,
    22.8000, 33.4000, 25.3000, 30.1000, 25.0000, 24.7000, 35.6000, 34.2000, 28.7000, 39.3000,
  ]

### behavior/velocity_avg
  Total points: 100
  Min: 0.0650, Max: 0.1158, Mean: 0.0845
  Data: [
    0.0703, 0.0708, 0.0758, 0.0812, 0.0713, 0.0738, 0.0681, 0.0753, 0.0725, 0.0716,
    0.0796, 0.0755, 0.0701, 0.0738, 0.0760, 0.0746, 0.0698, 0.0714, 0.0769, 0.0719,
    0.0733, 0.0714, 0.0750, 0.0729, 0.0779, 0.0768, 0.0727, 0.0693, 0.0689, 0.0719,
    0.0721, 0.0749, 0.0792, 0.0730, 0.0750, 0.0753, 0.0737, 0.0699, 0.0812, 0.0699,
    0.0706, 0.0780, 0.0650, 0.0694, 0.0708, 0.0678, 0.0660, 0.0742, 0.0769, 0.0699,
    0.0792, 0.0898, 0.0914, 0.0821, 0.1027, 0.0912, 0.0867, 0.0923, 0.0941, 0.0973,
    0.0987, 0.1043, 0.0940, 0.1090, 0.1140, 0.1085, 0.1094, 0.1008, 0.0881, 0.0865,
    0.0956, 0.1037, 0.1015, 0.1158, 0.1065, 0.0846, 0.0968, 0.0930, 0.0806, 0.0784,
    0.0824, 0.1056, 0.0944, 0.1046, 0.1041, 0.0926, 0.0869, 0.0977, 0.0990, 0.0932,
    0.1012, 0.0837, 0.0851, 0.0914, 0.1050, 0.1049, 0.0875, 0.1026, 0.1039, 0.0973,
  ]

### behavior/velocity_max
  Total points: 100
  Min: 0.1656, Max: 0.2426, Mean: 0.2064
  Data: [
    0.1848, 0.1889, 0.1837, 0.2000, 0.1806, 0.1768, 0.1771, 0.1848, 0.1827, 0.1885,
    0.1807, 0.1851, 0.1830, 0.1739, 0.1823, 0.1905, 0.1923, 0.1927, 0.1862, 0.1905,
    0.1987, 0.1830, 0.1914, 0.1747, 0.1898, 0.1901, 0.1830, 0.1828, 0.1779, 0.1818,
    0.1904, 0.1805, 0.1869, 0.1839, 0.1857, 0.1891, 0.1816, 0.1706, 0.1947, 0.1754,
    0.1880, 0.1761, 0.1666, 0.1858, 0.1690, 0.1835, 0.1656, 0.1809, 0.1959, 0.1833,
    0.2199, 0.2228, 0.2280, 0.2218, 0.2209, 0.2248, 0.2282, 0.2255, 0.2280, 0.2231,
    0.2268, 0.2273, 0.2286, 0.2304, 0.2270, 0.2306, 0.2275, 0.2286, 0.2290, 0.2292,
    0.2278, 0.2364, 0.2275, 0.2309, 0.2319, 0.2243, 0.2255, 0.2259, 0.2247, 0.2246,
    0.2244, 0.2257, 0.2294, 0.2348, 0.2280, 0.2331, 0.2305, 0.2375, 0.2259, 0.2342,
    0.2330, 0.2262, 0.2232, 0.2329, 0.2357, 0.2339, 0.2343, 0.2426, 0.2403, 0.2355,
  ]

### eval/strong/avg_reward
  Total points: 39
  Min: -26.3897, Max: -2.6769, Mean: -7.9970
  Data: [
    -22.2026, -26.3897, -14.0057, -9.7323, -7.9340, -10.6780, -8.8330, -10.2677, -6.0569, -8.9097,
    -8.1250, -6.6798, -8.4199, -5.9280, -10.1796, -6.0260, -8.5384, -6.4028, -5.1896, -7.5685,
    -7.2875, -4.8666, -9.0548, -4.5156, -9.1640, -6.3986, -6.1059, -6.9893, -5.8911, -5.6701,
    -4.3615, -3.7121, -4.2299, -6.4366, -6.8485, -7.9195, -6.9671, -4.7201, -2.6769,
  ]

### eval/strong/loss_rate
  Total points: 39
  Min: 0.3000, Max: 0.6200, Mean: 0.4779
  Data: [
    0.4600, 0.3000, 0.4400, 0.6200, 0.4600, 0.4600, 0.6000, 0.6200, 0.4400, 0.5200,
    0.6200, 0.4200, 0.5800, 0.4800, 0.6000, 0.4000, 0.5000, 0.5200, 0.4800, 0.5400,
    0.4600, 0.3800, 0.5600, 0.3600, 0.4800, 0.4600, 0.5600, 0.3600, 0.4600, 0.4800,
    0.3800, 0.3200, 0.4800, 0.5400, 0.4800, 0.5200, 0.5600, 0.3800, 0.3600,
  ]

### eval/strong/losses
  Total points: 39
  Min: 15.0000, Max: 31.0000, Mean: 23.8974
  Data: [
    23.0000, 15.0000, 22.0000, 31.0000, 23.0000, 23.0000, 30.0000, 31.0000, 22.0000, 26.0000,
    31.0000, 21.0000, 29.0000, 24.0000, 30.0000, 20.0000, 25.0000, 26.0000, 24.0000, 27.0000,
    23.0000, 19.0000, 28.0000, 18.0000, 24.0000, 23.0000, 28.0000, 18.0000, 23.0000, 24.0000,
    19.0000, 16.0000, 24.0000, 27.0000, 24.0000, 26.0000, 28.0000, 19.0000, 18.0000,
  ]

### eval/strong/tie_rate
  Total points: 39
  Min: 0.1600, Max: 0.6400, Mean: 0.3308
  Data: [
    0.4800, 0.6400, 0.5400, 0.2000, 0.2800, 0.3800, 0.2000, 0.2800, 0.2600, 0.3200,
    0.1600, 0.3200, 0.2400, 0.3000, 0.3400, 0.4600, 0.3800, 0.2600, 0.2600, 0.3200,
    0.3200, 0.4200, 0.3000, 0.3600, 0.4600, 0.3000, 0.2200, 0.5000, 0.3000, 0.2400,
    0.3400, 0.4000, 0.2000, 0.2200, 0.4000, 0.3800, 0.2400, 0.4000, 0.2800,
  ]

### eval/strong/ties
  Total points: 39
  Min: 8.0000, Max: 32.0000, Mean: 16.5385
  Data: [
    24.0000, 32.0000, 27.0000, 10.0000, 14.0000, 19.0000, 10.0000, 14.0000, 13.0000, 16.0000,
    8.0000, 16.0000, 12.0000, 15.0000, 17.0000, 23.0000, 19.0000, 13.0000, 13.0000, 16.0000,
    16.0000, 21.0000, 15.0000, 18.0000, 23.0000, 15.0000, 11.0000, 25.0000, 15.0000, 12.0000,
    17.0000, 20.0000, 10.0000, 11.0000, 20.0000, 19.0000, 12.0000, 20.0000, 14.0000,
  ]

### eval/strong/win_rate
  Total points: 39
  Min: 0.0200, Max: 0.3600, Mean: 0.1913
  Data: [
    0.0600, 0.0600, 0.0200, 0.1800, 0.2600, 0.1600, 0.2000, 0.1000, 0.3000, 0.1600,
    0.2200, 0.2600, 0.1800, 0.2200, 0.0600, 0.1400, 0.1200, 0.2200, 0.2600, 0.1400,
    0.2200, 0.2000, 0.1400, 0.2800, 0.0600, 0.2400, 0.2200, 0.1400, 0.2400, 0.2800,
    0.2800, 0.2800, 0.3200, 0.2400, 0.1200, 0.1000, 0.2000, 0.2200, 0.3600,
  ]

### eval/strong/win_rate_decisive
  Total points: 39
  Min: 0.0435, Max: 0.5000, Mean: 0.2799
  Data: [
    0.1154, 0.1667, 0.0435, 0.2250, 0.3611, 0.2581, 0.2500, 0.1389, 0.4054, 0.2353,
    0.2619, 0.3824, 0.2368, 0.3143, 0.0909, 0.2593, 0.1935, 0.2973, 0.3514, 0.2059,
    0.3235, 0.3448, 0.2000, 0.4375, 0.1111, 0.3429, 0.2821, 0.2800, 0.3429, 0.3684,
    0.4242, 0.4667, 0.4000, 0.3077, 0.2000, 0.1613, 0.2632, 0.3667, 0.5000,
  ]

### eval/strong/wins
  Total points: 39
  Min: 1.0000, Max: 18.0000, Mean: 9.5641
  Data: [
    3.0000, 3.0000, 1.0000, 9.0000, 13.0000, 8.0000, 10.0000, 5.0000, 15.0000, 8.0000,
    11.0000, 13.0000, 9.0000, 11.0000, 3.0000, 7.0000, 6.0000, 11.0000, 13.0000, 7.0000,
    11.0000, 10.0000, 7.0000, 14.0000, 3.0000, 12.0000, 11.0000, 7.0000, 12.0000, 14.0000,
    14.0000, 14.0000, 16.0000, 12.0000, 6.0000, 5.0000, 10.0000, 11.0000, 18.0000,
  ]

### eval/weak/avg_reward
  Total points: 39
  Min: -30.8344, Max: -0.4270, Mean: -7.4397
  Data: [
    -26.2615, -30.8344, -10.9900, -9.3884, -9.1218, -9.1158, -6.2644, -10.7666, -7.6105, -9.0449,
    -7.0212, -7.8572, -6.2475, -5.8923, -6.3075, -5.5451, -5.2868, -6.8777, -6.9079, -5.2781,
    -6.6920, -3.7583, -7.0872, -7.2732, -8.4957, -5.9311, -3.4850, -7.4257, -5.1732, -5.7823,
    -5.8170, -0.8844, -7.4240, -4.3768, -5.5516, -3.9501, -0.4270, -5.0717, -2.9215,
  ]

### eval/weak/loss_rate
  Total points: 39
  Min: 0.3000, Max: 0.7400, Mean: 0.5287
  Data: [
    0.3400, 0.3800, 0.5400, 0.6600, 0.6600, 0.5600, 0.5600, 0.7400, 0.5600, 0.7000,
    0.6000, 0.6200, 0.5600, 0.6200, 0.5600, 0.4600, 0.5200, 0.5600, 0.6200, 0.5800,
    0.5400, 0.4600, 0.5600, 0.6200, 0.6600, 0.5200, 0.4200, 0.5000, 0.5400, 0.4000,
    0.5400, 0.3000, 0.6800, 0.4200, 0.5200, 0.4200, 0.3000, 0.4400, 0.3800,
  ]

### eval/weak/losses
  Total points: 39
  Min: 15.0000, Max: 37.0000, Mean: 26.4359
  Data: [
    17.0000, 19.0000, 27.0000, 33.0000, 33.0000, 28.0000, 28.0000, 37.0000, 28.0000, 35.0000,
    30.0000, 31.0000, 28.0000, 31.0000, 28.0000, 23.0000, 26.0000, 28.0000, 31.0000, 29.0000,
    27.0000, 23.0000, 28.0000, 31.0000, 33.0000, 26.0000, 21.0000, 25.0000, 27.0000, 20.0000,
    27.0000, 15.0000, 34.0000, 21.0000, 26.0000, 21.0000, 15.0000, 22.0000, 19.0000,
  ]

### eval/weak/tie_rate
  Total points: 39
  Min: 0.1200, Max: 0.6600, Mean: 0.2892
  Data: [
    0.6600, 0.6200, 0.3400, 0.2000, 0.2200, 0.3000, 0.1600, 0.1200, 0.2400, 0.2200,
    0.1600, 0.1600, 0.2000, 0.1800, 0.2800, 0.3600, 0.2800, 0.3000, 0.2200, 0.1600,
    0.3400, 0.2800, 0.3600, 0.2400, 0.2400, 0.3200, 0.3000, 0.3400, 0.1800, 0.5200,
    0.2800, 0.3400, 0.2000, 0.3200, 0.3000, 0.3600, 0.3000, 0.3800, 0.3000,
  ]

### eval/weak/ties
  Total points: 39
  Min: 6.0000, Max: 33.0000, Mean: 14.4615
  Data: [
    33.0000, 31.0000, 17.0000, 10.0000, 11.0000, 15.0000, 8.0000, 6.0000, 12.0000, 11.0000,
    8.0000, 8.0000, 10.0000, 9.0000, 14.0000, 18.0000, 14.0000, 15.0000, 11.0000, 8.0000,
    17.0000, 14.0000, 18.0000, 12.0000, 12.0000, 16.0000, 15.0000, 17.0000, 9.0000, 26.0000,
    14.0000, 17.0000, 10.0000, 16.0000, 15.0000, 18.0000, 15.0000, 19.0000, 15.0000,
  ]

### eval/weak/win_rate
  Total points: 39
  Min: 0.0000, Max: 0.4000, Mean: 0.1821
  Data: [
    0.0000, 0.0000, 0.1200, 0.1400, 0.1200, 0.1400, 0.2800, 0.1400, 0.2000, 0.0800,
    0.2400, 0.2200, 0.2400, 0.2000, 0.1600, 0.1800, 0.2000, 0.1400, 0.1600, 0.2600,
    0.1200, 0.2600, 0.0800, 0.1400, 0.1000, 0.1600, 0.2800, 0.1600, 0.2800, 0.0800,
    0.1800, 0.3600, 0.1200, 0.2600, 0.1800, 0.2200, 0.4000, 0.1800, 0.3200,
  ]

### eval/weak/win_rate_decisive
  Total points: 39
  Min: 0.0000, Max: 0.5714, Mean: 0.2506
  Data: [
    0.0000, 0.0000, 0.1818, 0.1750, 0.1538, 0.2000, 0.3333, 0.1591, 0.2632, 0.1026,
    0.2857, 0.2619, 0.3000, 0.2439, 0.2222, 0.2812, 0.2778, 0.2000, 0.2051, 0.3095,
    0.1818, 0.3611, 0.1250, 0.1842, 0.1316, 0.2353, 0.4000, 0.2424, 0.3415, 0.1667,
    0.2500, 0.5455, 0.1500, 0.3824, 0.2571, 0.3438, 0.5714, 0.2903, 0.4571,
  ]

### eval/weak/wins
  Total points: 39
  Min: 0.0000, Max: 20.0000, Mean: 9.1026
  Data: [
    0.0000, 0.0000, 6.0000, 7.0000, 6.0000, 7.0000, 14.0000, 7.0000, 10.0000, 4.0000,
    12.0000, 11.0000, 12.0000, 10.0000, 8.0000, 9.0000, 10.0000, 7.0000, 8.0000, 13.0000,
    6.0000, 13.0000, 4.0000, 7.0000, 5.0000, 8.0000, 14.0000, 8.0000, 14.0000, 4.0000,
    9.0000, 18.0000, 6.0000, 13.0000, 9.0000, 11.0000, 20.0000, 9.0000, 16.0000,
  ]

### gradients/actor_grad_norm
  Total points: 100
  Min: 0.0000, Max: 0.1935, Mean: 0.0291
  Data: [
    0.0000, 0.0000, 0.0000, 0.0000, 0.0000, 0.0000, 0.0000, 0.0000, 0.0000, 0.0000,
    0.0000, 0.0000, 0.0000, 0.0000, 0.0000, 0.0000, 0.0000, 0.0000, 0.0000, 0.0000,
    0.0000, 0.0000, 0.0000, 0.0000, 0.0000, 0.0000, 0.0000, 0.0000, 0.0000, 0.0000,
    0.0000, 0.0000, 0.0000, 0.0000, 0.0000, 0.0000, 0.0000, 0.0000, 0.0000, 0.0000,
    0.0000, 0.0000, 0.0000, 0.0000, 0.0000, 0.0000, 0.0000, 0.0000, 0.0000, 0.0000,
    0.0722, 0.0622, 0.1340, 0.0365, 0.0877, 0.0336, 0.0348, 0.0737, 0.0455, 0.1935,
    0.0485, 0.0504, 0.0817, 0.1386, 0.0583, 0.0322, 0.0431, 0.0653, 0.0271, 0.0271,
    0.0405, 0.1366, 0.0175, 0.0188, 0.0424, 0.0751, 0.0587, 0.0522, 0.0089, 0.0484,
    0.0205, 0.0238, 0.0375, 0.0931, 0.0560, 0.0485, 0.0221, 0.1044, 0.0458, 0.0186,
    0.0616, 0.0443, 0.1377, 0.0627, 0.0547, 0.0942, 0.0467, 0.0297, 0.0322, 0.0276,
  ]

### gradients/critic_grad_norm
  Total points: 100
  Min: 0.0000, Max: 0.8991, Mean: 0.2479
  Data: [
    0.0000, 0.0000, 0.0000, 0.0000, 0.0000, 0.0000, 0.0000, 0.0000, 0.0000, 0.0000,
    0.0000, 0.0000, 0.0000, 0.0000, 0.0000, 0.0000, 0.0000, 0.0000, 0.0000, 0.0000,
    0.0000, 0.0000, 0.0000, 0.0000, 0.0000, 0.0000, 0.0000, 0.0000, 0.0000, 0.0000,
    0.0000, 0.0000, 0.0000, 0.0000, 0.0000, 0.0000, 0.0000, 0.0000, 0.0000, 0.0000,
    0.0000, 0.0000, 0.0000, 0.0000, 0.0000, 0.0000, 0.0000, 0.0000, 0.0000, 0.0000,
    0.4592, 0.5208, 0.4801, 0.3899, 0.3535, 0.2823, 0.5698, 0.4074, 0.4379, 0.6046,
    0.5981, 0.4220, 0.5842, 0.4359, 0.3895, 0.4467, 0.7255, 0.5603, 0.6173, 0.4878,
    0.6674, 0.6166, 0.5481, 0.7400, 0.6179, 0.3199, 0.3533, 0.4981, 0.6297, 0.3110,
    0.4653, 0.5607, 0.3512, 0.6767, 0.4414, 0.4145, 0.3221, 0.3084, 0.6169, 0.6716,
    0.4867, 0.4879, 0.8991, 0.4043, 0.3981, 0.5517, 0.3837, 0.4123, 0.4220, 0.4421,
  ]

### losses/actor_loss
  Total points: 100
  Min: 0.0000, Max: 4.5067, Mean: 2.2050
  Data: [
    0.0000, 0.0000, 0.0000, 0.0000, 0.0000, 0.0000, 0.0000, 0.0000, 0.0000, 0.0000,
    0.0000, 0.0000, 0.0000, 0.0000, 0.0000, 0.0000, 0.0000, 0.0000, 0.0000, 0.0000,
    0.0000, 0.0000, 0.0000, 0.0000, 0.0000, 0.0000, 0.0000, 0.0000, 0.0000, 0.0000,
    0.0000, 0.0000, 0.0000, 0.0000, 0.0000, 0.0000, 0.0000, 0.0000, 0.0000, 0.0000,
    0.0000, 0.0000, 0.0000, 0.0000, 0.0000, 0.0000, 0.0000, 0.0000, 0.0000, 0.0000,
    4.3906, 4.3894, 4.3775, 4.3670, 4.3513, 4.4182, 4.3341, 4.3906, 4.3203, 4.3793,
    4.3290, 4.3821, 4.3551, 4.3568, 4.3986, 4.4343, 4.4004, 4.3860, 4.4030, 4.4618,
    4.4588, 4.4663, 4.4878, 4.4140, 4.3864, 4.3908, 4.4192, 4.4529, 4.4521, 4.3801,
    4.4215, 4.3871, 4.4877, 4.4026, 4.4143, 4.4619, 4.5067, 4.3989, 4.4515, 4.3836,
    4.4759, 4.4483, 4.4325, 4.4652, 4.3576, 4.4131, 4.3579, 4.4174, 4.4588, 4.4192,
  ]

### losses/critic_loss
  Total points: 100
  Min: 0.0000, Max: 0.0652, Mean: 0.0163
  Data: [
    0.0000, 0.0000, 0.0000, 0.0000, 0.0000, 0.0000, 0.0000, 0.0000, 0.0000, 0.0000,
    0.0000, 0.0000, 0.0000, 0.0000, 0.0000, 0.0000, 0.0000, 0.0000, 0.0000, 0.0000,
    0.0000, 0.0000, 0.0000, 0.0000, 0.0000, 0.0000, 0.0000, 0.0000, 0.0000, 0.0000,
    0.0000, 0.0000, 0.0000, 0.0000, 0.0000, 0.0000, 0.0000, 0.0000, 0.0000, 0.0000,
    0.0000, 0.0000, 0.0000, 0.0000, 0.0000, 0.0000, 0.0000, 0.0000, 0.0000, 0.0000,
    0.0401, 0.0350, 0.0227, 0.0325, 0.0265, 0.0316, 0.0386, 0.0223, 0.0386, 0.0354,
    0.0282, 0.0177, 0.0631, 0.0158, 0.0370, 0.0389, 0.0275, 0.0275, 0.0415, 0.0283,
    0.0318, 0.0313, 0.0442, 0.0485, 0.0364, 0.0291, 0.0268, 0.0387, 0.0368, 0.0167,
    0.0297, 0.0450, 0.0145, 0.0303, 0.0315, 0.0336, 0.0223, 0.0277, 0.0326, 0.0311,
    0.0289, 0.0652, 0.0463, 0.0305, 0.0299, 0.0233, 0.0454, 0.0363, 0.0186, 0.0212,
  ]

### pbrs/avg_per_episode
  Total points: 100
  Min: 0.8676, Max: 0.9965, Mean: 0.9016
  Data: [
    0.9965, 0.8676, 0.9434, 0.9506, 0.9551, 0.9457, 0.9745, 0.9548, 0.9412, 0.9615,
    0.9412, 0.9621, 0.9565, 0.9191, 0.8969, 0.9112, 0.9306, 0.9337, 0.9271, 0.9228,
    0.9222, 0.9365, 0.9379, 0.9210, 0.9173, 0.9149, 0.9095, 0.9038, 0.8927, 0.8959,
    0.8916, 0.8912, 0.8869, 0.8821, 0.8795, 0.8860, 0.8837, 0.8823, 0.8813, 0.8820,
    0.8827, 0.8747, 0.8732, 0.8741, 0.8746, 0.8838, 0.8834, 0.8864, 0.8899, 0.8914,
    0.9022, 0.9021, 0.9017, 0.9017, 0.9004, 0.9003, 0.9006, 0.9007, 0.9007, 0.9001,
    0.8997, 0.8991, 0.8986, 0.8978, 0.8966, 0.8960, 0.8950, 0.8944, 0.8941, 0.8936,
    0.8930, 0.8922, 0.8914, 0.8905, 0.8898, 0.8894, 0.8886, 0.8885, 0.8886, 0.8883,
    0.8882, 0.8875, 0.8871, 0.8863, 0.8857, 0.8852, 0.8853, 0.8850, 0.8846, 0.8846,
    0.8840, 0.8838, 0.8834, 0.8832, 0.8824, 0.8817, 0.8813, 0.8811, 0.8807, 0.8807,
  ]

### performance/cumulative_win_rate
  Total points: 100
  Min: 0.0000, Max: 0.1259, Mean: 0.0861
  Data: [
    0.0000, 0.0000, 0.0000, 0.0500, 0.0400, 0.0333, 0.0286, 0.0500, 0.0444, 0.0400,
    0.0364, 0.0333, 0.0308, 0.0286, 0.0333, 0.0312, 0.0353, 0.0389, 0.0421, 0.0550,
    0.0524, 0.0545, 0.0565, 0.0542, 0.0560, 0.0577, 0.0630, 0.0643, 0.0621, 0.0667,
    0.0677, 0.0719, 0.0727, 0.0735, 0.0743, 0.0750, 0.0730, 0.0711, 0.0718, 0.0750,
    0.0732, 0.0714, 0.0721, 0.0773, 0.0778, 0.0761, 0.0766, 0.0771, 0.0776, 0.0800,
    0.1070, 0.1075, 0.1078, 0.1078, 0.1086, 0.1094, 0.1103, 0.1108, 0.1113, 0.1130,
    0.1138, 0.1140, 0.1146, 0.1151, 0.1159, 0.1161, 0.1163, 0.1163, 0.1168, 0.1170,
    0.1170, 0.1175, 0.1180, 0.1182, 0.1184, 0.1186, 0.1189, 0.1185, 0.1182, 0.1182,
    0.1184, 0.1191, 0.1196, 0.1204, 0.1208, 0.1216, 0.1218, 0.1223, 0.1225, 0.1221,
    0.1229, 0.1231, 0.1235, 0.1235, 0.1242, 0.1246, 0.1253, 0.1255, 0.1257, 0.1259,
  ]

### performance/losses
  Total points: 100
  Min: 5.0000, Max: 1872.0000, Mean: 945.5200
  Data: [
    5.0000, 10.0000, 16.0000, 20.0000, 24.0000, 29.0000, 32.0000, 36.0000, 40.0000, 45.0000,
    51.0000, 56.0000, 62.0000, 67.0000, 73.0000, 80.0000, 82.0000, 86.0000, 90.0000, 96.0000,
    100.0000, 105.0000, 109.0000, 114.0000, 120.0000, 124.0000, 127.0000, 131.0000, 137.0000, 141.0000,
    145.0000, 152.0000, 157.0000, 162.0000, 166.0000, 169.0000, 175.0000, 179.0000, 184.0000, 188.0000,
    193.0000, 199.0000, 206.0000, 208.0000, 214.0000, 217.0000, 221.0000, 226.0000, 233.0000, 238.0000,
    1667.0000, 1671.0000, 1676.0000, 1680.0000, 1684.0000, 1687.0000, 1690.0000, 1692.0000, 1695.0000, 1696.0000,
    1701.0000, 1704.0000, 1708.0000, 1713.0000, 1718.0000, 1723.0000, 1730.0000, 1735.0000, 1735.0000, 1739.0000,
    1744.0000, 1749.0000, 1754.0000, 1762.0000, 1767.0000, 1772.0000, 1777.0000, 1784.0000, 1790.0000, 1794.0000,
    1799.0000, 1802.0000, 1807.0000, 1812.0000, 1819.0000, 1820.0000, 1823.0000, 1828.0000, 1832.0000, 1840.0000,
    1846.0000, 1849.0000, 1851.0000, 1855.0000, 1858.0000, 1860.0000, 1863.0000, 1869.0000, 1870.0000, 1872.0000,
  ]

### performance/ties
  Total points: 100
  Min: 5.0000, Max: 1572.0000, Mean: 803.3800
  Data: [
    5.0000, 10.0000, 14.0000, 18.0000, 24.0000, 29.0000, 36.0000, 40.0000, 46.0000, 51.0000,
    55.0000, 60.0000, 64.0000, 69.0000, 72.0000, 75.0000, 82.0000, 87.0000, 92.0000, 93.0000,
    99.0000, 103.0000, 108.0000, 113.0000, 116.0000, 121.0000, 126.0000, 131.0000, 135.0000, 139.0000,
    144.0000, 145.0000, 149.0000, 153.0000, 158.0000, 164.0000, 168.0000, 174.0000, 178.0000, 182.0000,
    187.0000, 191.0000, 193.0000, 198.0000, 201.0000, 208.0000, 213.0000, 217.0000, 219.0000, 222.0000,
    1414.0000, 1417.0000, 1420.0000, 1425.0000, 1427.0000, 1430.0000, 1433.0000, 1438.0000, 1442.0000, 1444.0000,
    1445.0000, 1450.0000, 1453.0000, 1455.0000, 1456.0000, 1459.0000, 1460.0000, 1464.0000, 1471.0000, 1475.0000,
    1479.0000, 1481.0000, 1483.0000, 1483.0000, 1486.0000, 1489.0000, 1492.0000, 1495.0000, 1499.0000, 1504.0000,
    1507.0000, 1510.0000, 1512.0000, 1513.0000, 1513.0000, 1518.0000, 1523.0000, 1525.0000, 1529.0000, 1531.0000,
    1531.0000, 1536.0000, 1541.0000, 1546.0000, 1549.0000, 1554.0000, 1557.0000, 1559.0000, 1566.0000, 1572.0000,
  ]

### performance/wins
  Total points: 100
  Min: 0.0000, Max: 496.0000, Mean: 226.1000
  Data: [
    0.0000, 0.0000, 0.0000, 2.0000, 2.0000, 2.0000, 2.0000, 4.0000, 4.0000, 4.0000,
    4.0000, 4.0000, 4.0000, 4.0000, 5.0000, 5.0000, 6.0000, 7.0000, 8.0000, 11.0000,
    11.0000, 12.0000, 13.0000, 13.0000, 14.0000, 15.0000, 17.0000, 18.0000, 18.0000, 20.0000,
    21.0000, 23.0000, 24.0000, 25.0000, 26.0000, 27.0000, 27.0000, 27.0000, 28.0000, 30.0000,
    30.0000, 30.0000, 31.0000, 34.0000, 35.0000, 35.0000, 36.0000, 37.0000, 38.0000, 40.0000,
    369.0000, 372.0000, 374.0000, 375.0000, 379.0000, 383.0000, 387.0000, 390.0000, 393.0000, 400.0000,
    404.0000, 406.0000, 409.0000, 412.0000, 416.0000, 418.0000, 420.0000, 421.0000, 424.0000, 426.0000,
    427.0000, 430.0000, 433.0000, 435.0000, 437.0000, 439.0000, 441.0000, 441.0000, 441.0000, 442.0000,
    444.0000, 448.0000, 451.0000, 455.0000, 458.0000, 462.0000, 464.0000, 467.0000, 469.0000, 469.0000,
    473.0000, 475.0000, 478.0000, 479.0000, 483.0000, 486.0000, 490.0000, 492.0000, 494.0000, 496.0000,
  ]

### rewards/p1
  Total points: 100
  Min: -25.1376, Max: 5.5150, Mean: -10.2559
  Data: [
    -20.0662, -17.9406, -18.3289, -16.1541, -19.5510, -19.7500, -23.6637, -10.7483, -15.8543, -16.9080,
    -17.8788, -16.5086, -20.8504, -20.9877, -18.0317, -18.2973, -17.7594, -15.0240, -19.2358, -11.3302,
    -17.6305, -16.4918, -13.6641, -16.8482, -14.3902, -18.2625, -15.6344, -16.5298, -19.1213, -18.4751,
    -15.6917, -15.4238, -18.7754, -19.3927, -17.0198, -17.9707, -19.8896, -25.1376, -18.4343, -18.4913,
    -18.7380, -15.3278, -13.7954, -12.5002, -17.7225, -23.1341, -17.7769, -17.5953, -14.0534, -12.0485,
    -8.2994, -1.8633, -4.9129, -4.0948, -1.4066, 0.6514, 0.7517, -1.6180, -1.9246, 5.5150,
    -1.7560, -3.1210, -2.5831, -3.1011, -1.7666, -4.2446, -6.2196, -7.0150, 2.2120, -5.1617,
    -7.1989, -2.7756, -2.9544, -7.4504, -4.2900, -4.2388, -4.0680, -7.9128, -6.5787, -4.3660,
    -3.8151, -4.8532, -2.2424, -2.1767, -4.8871, 2.0951, -1.7016, -3.8525, -4.4902, -9.5144,
    -2.5465, -2.3341, -0.1337, -4.5813, -0.1745, -0.2965, 0.4452, -5.6300, -1.1380, -1.1349,
  ]

### rewards/p2
  Total points: 100
  Min: -4.8412, Max: 25.9715, Mean: 11.0670
  Data: [
    21.0627, 18.6792, 19.4239, 17.1264, 20.5242, 20.6485, 24.8109, 11.5652, 16.6866, 18.0519,
    18.6176, 17.7008, 21.7395, 21.4200, 18.6189, 19.4228, 19.0006, 16.0092, 20.0453, 12.1701,
    18.5410, 17.7288, 14.6334, 17.3804, 15.2169, 19.1172, 16.4059, 17.2776, 19.7042, 19.4645,
    16.4541, 16.3028, 19.5253, 20.1168, 17.8089, 19.0842, 20.6891, 25.9715, 19.2760, 19.4024,
    19.6472, 15.8733, 14.6061, 13.4153, 18.6153, 24.4345, 18.6430, 18.6190, 15.1136, 13.0150,
    9.1255, 2.7329, 5.6693, 4.9785, 1.8802, 0.1995, 0.2514, 2.5452, 2.8408, -4.8412,
    2.5206, 3.8269, 3.3016, 3.6927, 2.2573, 4.8939, 6.7743, 7.6766, -1.3976, 5.8530,
    7.8951, 3.3736, 3.5544, 8.0103, 4.9127, 4.9934, 4.6375, 8.7871, 7.4919, 5.1457,
    4.6495, 5.5032, 2.9510, 2.7874, 5.5318, -1.3845, 2.5927, 4.6348, 5.2424, 10.3809,
    3.2057, 3.1280, 0.8554, 5.3925, 0.7508, 0.9267, 0.2638, 6.4258, 1.8682, 1.9996,
  ]

### rewards/sparse_only
  Total points: 100
  Min: -25.9715, Max: 4.8412, Mean: -11.0670
  Data: [
    -21.0627, -18.6792, -19.4239, -17.1264, -20.5242, -20.6485, -24.8109, -11.5652, -16.6866, -18.0519,
    -18.6176, -17.7008, -21.7395, -21.4200, -18.6189, -19.4228, -19.0006, -16.0092, -20.0453, -12.1701,
    -18.5410, -17.7288, -14.6334, -17.3804, -15.2169, -19.1172, -16.4059, -17.2776, -19.7042, -19.4645,
    -16.4541, -16.3028, -19.5253, -20.1168, -17.8089, -19.0842, -20.6891, -25.9715, -19.2760, -19.4024,
    -19.6472, -15.8733, -14.6061, -13.4153, -18.6153, -24.4345, -18.6430, -18.6190, -15.1136, -13.0150,
    -9.1255, -2.7329, -5.6693, -4.9785, -1.8802, -0.1995, -0.2514, -2.5452, -2.8408, 4.8412,
    -2.5206, -3.8269, -3.3016, -3.6927, -2.2573, -4.8939, -6.7743, -7.6766, 1.3976, -5.8530,
    -7.8951, -3.3736, -3.5544, -8.0103, -4.9127, -4.9934, -4.6375, -8.7871, -7.4919, -5.1457,
    -4.6495, -5.5032, -2.9510, -2.7874, -5.5318, 1.3845, -2.5927, -4.6348, -5.2424, -10.3809,
    -3.2057, -3.1280, -0.8554, -5.3925, -0.7508, -0.9267, -0.2638, -6.4258, -1.8682, -1.9996,
  ]

### rewards/sparse_ratio
  Total points: 100
  Min: -0.5927, Max: 6.3994, Mean: 1.1846
  Data: [
    1.0497, 1.0412, 1.0597, 1.0602, 1.0498, 1.0455, 1.0485, 1.0760, 1.0525, 1.0677,
    1.0413, 1.0722, 1.0426, 1.0206, 1.0326, 1.0615, 1.0699, 1.0656, 1.0421, 1.0741,
    1.0516, 1.0750, 1.0709, 1.0316, 1.0575, 1.0468, 1.0493, 1.0452, 1.0305, 1.0535,
    1.0486, 1.0570, 1.0399, 1.0373, 1.0464, 1.0620, 1.0402, 1.0332, 1.0457, 1.0493,
    1.0485, 1.0356, 1.0588, 1.0732, 1.0504, 1.0562, 1.0487, 1.0582, 1.0754, 1.0802,
    1.0995, 1.4667, 1.1540, 1.2158, 1.3367, -0.3063, -0.3344, 1.5730, 1.4760, 0.8778,
    1.4354, 1.2262, 1.2782, 1.1908, 1.2778, 1.1530, 1.0892, 1.0943, 0.6318, 1.1339,
    1.0967, 1.2155, 1.2031, 1.0751, 1.1452, 1.1780, 1.1400, 1.1105, 1.1388, 1.1786,
    1.2187, 1.1339, 1.3160, 1.2806, 1.1319, 0.6608, 1.5237, 1.2031, 1.1675, 1.0911,
    1.2588, 1.3401, 6.3994, 1.1771, 4.3023, 3.1249, -0.5927, 1.1413, 1.6417, 1.7620,
  ]

### scoring/goals_conceded
  Total points: 100
  Min: 5.0000, Max: 1872.0000, Mean: 945.5200
  Data: [
    5.0000, 10.0000, 16.0000, 20.0000, 24.0000, 29.0000, 32.0000, 36.0000, 40.0000, 45.0000,
    51.0000, 56.0000, 62.0000, 67.0000, 73.0000, 80.0000, 82.0000, 86.0000, 90.0000, 96.0000,
    100.0000, 105.0000, 109.0000, 114.0000, 120.0000, 124.0000, 127.0000, 131.0000, 137.0000, 141.0000,
    145.0000, 152.0000, 157.0000, 162.0000, 166.0000, 169.0000, 175.0000, 179.0000, 184.0000, 188.0000,
    193.0000, 199.0000, 206.0000, 208.0000, 214.0000, 217.0000, 221.0000, 226.0000, 233.0000, 238.0000,
    1667.0000, 1671.0000, 1676.0000, 1680.0000, 1684.0000, 1687.0000, 1690.0000, 1692.0000, 1695.0000, 1696.0000,
    1701.0000, 1704.0000, 1708.0000, 1713.0000, 1718.0000, 1723.0000, 1730.0000, 1735.0000, 1735.0000, 1739.0000,
    1744.0000, 1749.0000, 1754.0000, 1762.0000, 1767.0000, 1772.0000, 1777.0000, 1784.0000, 1790.0000, 1794.0000,
    1799.0000, 1802.0000, 1807.0000, 1812.0000, 1819.0000, 1820.0000, 1823.0000, 1828.0000, 1832.0000, 1840.0000,
    1846.0000, 1849.0000, 1851.0000, 1855.0000, 1858.0000, 1860.0000, 1863.0000, 1869.0000, 1870.0000, 1872.0000,
  ]

### scoring/goals_scored
  Total points: 100
  Min: 0.0000, Max: 496.0000, Mean: 226.1000
  Data: [
    0.0000, 0.0000, 0.0000, 2.0000, 2.0000, 2.0000, 2.0000, 4.0000, 4.0000, 4.0000,
    4.0000, 4.0000, 4.0000, 4.0000, 5.0000, 5.0000, 6.0000, 7.0000, 8.0000, 11.0000,
    11.0000, 12.0000, 13.0000, 13.0000, 14.0000, 15.0000, 17.0000, 18.0000, 18.0000, 20.0000,
    21.0000, 23.0000, 24.0000, 25.0000, 26.0000, 27.0000, 27.0000, 27.0000, 28.0000, 30.0000,
    30.0000, 30.0000, 31.0000, 34.0000, 35.0000, 35.0000, 36.0000, 37.0000, 38.0000, 40.0000,
    369.0000, 372.0000, 374.0000, 375.0000, 379.0000, 383.0000, 387.0000, 390.0000, 393.0000, 400.0000,
    404.0000, 406.0000, 409.0000, 412.0000, 416.0000, 418.0000, 420.0000, 421.0000, 424.0000, 426.0000,
    427.0000, 430.0000, 433.0000, 435.0000, 437.0000, 439.0000, 441.0000, 441.0000, 441.0000, 442.0000,
    444.0000, 448.0000, 451.0000, 455.0000, 458.0000, 462.0000, 464.0000, 467.0000, 469.0000, 469.0000,
    473.0000, 475.0000, 478.0000, 479.0000, 483.0000, 486.0000, 490.0000, 492.0000, 494.0000, 496.0000,
  ]

### selfplay/active
  Total points: 100
  Min: 0.0000, Max: 0.0000, Mean: 0.0000
  Data: [
    0.0000, 0.0000, 0.0000, 0.0000, 0.0000, 0.0000, 0.0000, 0.0000, 0.0000, 0.0000,
    0.0000, 0.0000, 0.0000, 0.0000, 0.0000, 0.0000, 0.0000, 0.0000, 0.0000, 0.0000,
    0.0000, 0.0000, 0.0000, 0.0000, 0.0000, 0.0000, 0.0000, 0.0000, 0.0000, 0.0000,
    0.0000, 0.0000, 0.0000, 0.0000, 0.0000, 0.0000, 0.0000, 0.0000, 0.0000, 0.0000,
    0.0000, 0.0000, 0.0000, 0.0000, 0.0000, 0.0000, 0.0000, 0.0000, 0.0000, 0.0000,
    0.0000, 0.0000, 0.0000, 0.0000, 0.0000, 0.0000, 0.0000, 0.0000, 0.0000, 0.0000,
    0.0000, 0.0000, 0.0000, 0.0000, 0.0000, 0.0000, 0.0000, 0.0000, 0.0000, 0.0000,
    0.0000, 0.0000, 0.0000, 0.0000, 0.0000, 0.0000, 0.0000, 0.0000, 0.0000, 0.0000,
    0.0000, 0.0000, 0.0000, 0.0000, 0.0000, 0.0000, 0.0000, 0.0000, 0.0000, 0.0000,
    0.0000, 0.0000, 0.0000, 0.0000, 0.0000, 0.0000, 0.0000, 0.0000, 0.0000, 0.0000,
  ]

### selfplay/episode_opponent_type_selfplay
  Total points: 100
  Min: 0.0000, Max: 0.0000, Mean: 0.0000
  Data: [
    0.0000, 0.0000, 0.0000, 0.0000, 0.0000, 0.0000, 0.0000, 0.0000, 0.0000, 0.0000,
    0.0000, 0.0000, 0.0000, 0.0000, 0.0000, 0.0000, 0.0000, 0.0000, 0.0000, 0.0000,
    0.0000, 0.0000, 0.0000, 0.0000, 0.0000, 0.0000, 0.0000, 0.0000, 0.0000, 0.0000,
    0.0000, 0.0000, 0.0000, 0.0000, 0.0000, 0.0000, 0.0000, 0.0000, 0.0000, 0.0000,
    0.0000, 0.0000, 0.0000, 0.0000, 0.0000, 0.0000, 0.0000, 0.0000, 0.0000, 0.0000,
    0.0000, 0.0000, 0.0000, 0.0000, 0.0000, 0.0000, 0.0000, 0.0000, 0.0000, 0.0000,
    0.0000, 0.0000, 0.0000, 0.0000, 0.0000, 0.0000, 0.0000, 0.0000, 0.0000, 0.0000,
    0.0000, 0.0000, 0.0000, 0.0000, 0.0000, 0.0000, 0.0000, 0.0000, 0.0000, 0.0000,
    0.0000, 0.0000, 0.0000, 0.0000, 0.0000, 0.0000, 0.0000, 0.0000, 0.0000, 0.0000,
    0.0000, 0.0000, 0.0000, 0.0000, 0.0000, 0.0000, 0.0000, 0.0000, 0.0000, 0.0000,
  ]

### selfplay/episode_opponent_type_strong
  Total points: 100
  Min: 0.0000, Max: 0.0000, Mean: 0.0000
  Data: [
    0.0000, 0.0000, 0.0000, 0.0000, 0.0000, 0.0000, 0.0000, 0.0000, 0.0000, 0.0000,
    0.0000, 0.0000, 0.0000, 0.0000, 0.0000, 0.0000, 0.0000, 0.0000, 0.0000, 0.0000,
    0.0000, 0.0000, 0.0000, 0.0000, 0.0000, 0.0000, 0.0000, 0.0000, 0.0000, 0.0000,
    0.0000, 0.0000, 0.0000, 0.0000, 0.0000, 0.0000, 0.0000, 0.0000, 0.0000, 0.0000,
    0.0000, 0.0000, 0.0000, 0.0000, 0.0000, 0.0000, 0.0000, 0.0000, 0.0000, 0.0000,
    0.0000, 0.0000, 0.0000, 0.0000, 0.0000, 0.0000, 0.0000, 0.0000, 0.0000, 0.0000,
    0.0000, 0.0000, 0.0000, 0.0000, 0.0000, 0.0000, 0.0000, 0.0000, 0.0000, 0.0000,
    0.0000, 0.0000, 0.0000, 0.0000, 0.0000, 0.0000, 0.0000, 0.0000, 0.0000, 0.0000,
    0.0000, 0.0000, 0.0000, 0.0000, 0.0000, 0.0000, 0.0000, 0.0000, 0.0000, 0.0000,
    0.0000, 0.0000, 0.0000, 0.0000, 0.0000, 0.0000, 0.0000, 0.0000, 0.0000, 0.0000,
  ]

### selfplay/episode_opponent_type_weak
  Total points: 100
  Min: 1.0000, Max: 1.0000, Mean: 1.0000
  Data: [
    1.0000, 1.0000, 1.0000, 1.0000, 1.0000, 1.0000, 1.0000, 1.0000, 1.0000, 1.0000,
    1.0000, 1.0000, 1.0000, 1.0000, 1.0000, 1.0000, 1.0000, 1.0000, 1.0000, 1.0000,
    1.0000, 1.0000, 1.0000, 1.0000, 1.0000, 1.0000, 1.0000, 1.0000, 1.0000, 1.0000,
    1.0000, 1.0000, 1.0000, 1.0000, 1.0000, 1.0000, 1.0000, 1.0000, 1.0000, 1.0000,
    1.0000, 1.0000, 1.0000, 1.0000, 1.0000, 1.0000, 1.0000, 1.0000, 1.0000, 1.0000,
    1.0000, 1.0000, 1.0000, 1.0000, 1.0000, 1.0000, 1.0000, 1.0000, 1.0000, 1.0000,
    1.0000, 1.0000, 1.0000, 1.0000, 1.0000, 1.0000, 1.0000, 1.0000, 1.0000, 1.0000,
    1.0000, 1.0000, 1.0000, 1.0000, 1.0000, 1.0000, 1.0000, 1.0000, 1.0000, 1.0000,
    1.0000, 1.0000, 1.0000, 1.0000, 1.0000, 1.0000, 1.0000, 1.0000, 1.0000, 1.0000,
    1.0000, 1.0000, 1.0000, 1.0000, 1.0000, 1.0000, 1.0000, 1.0000, 1.0000, 1.0000,
  ]

### selfplay/pool_size
  Total points: 100
  Min: 0.0000, Max: 0.0000, Mean: 0.0000
  Data: [
    0.0000, 0.0000, 0.0000, 0.0000, 0.0000, 0.0000, 0.0000, 0.0000, 0.0000, 0.0000,
    0.0000, 0.0000, 0.0000, 0.0000, 0.0000, 0.0000, 0.0000, 0.0000, 0.0000, 0.0000,
    0.0000, 0.0000, 0.0000, 0.0000, 0.0000, 0.0000, 0.0000, 0.0000, 0.0000, 0.0000,
    0.0000, 0.0000, 0.0000, 0.0000, 0.0000, 0.0000, 0.0000, 0.0000, 0.0000, 0.0000,
    0.0000, 0.0000, 0.0000, 0.0000, 0.0000, 0.0000, 0.0000, 0.0000, 0.0000, 0.0000,
    0.0000, 0.0000, 0.0000, 0.0000, 0.0000, 0.0000, 0.0000, 0.0000, 0.0000, 0.0000,
    0.0000, 0.0000, 0.0000, 0.0000, 0.0000, 0.0000, 0.0000, 0.0000, 0.0000, 0.0000,
    0.0000, 0.0000, 0.0000, 0.0000, 0.0000, 0.0000, 0.0000, 0.0000, 0.0000, 0.0000,
    0.0000, 0.0000, 0.0000, 0.0000, 0.0000, 0.0000, 0.0000, 0.0000, 0.0000, 0.0000,
    0.0000, 0.0000, 0.0000, 0.0000, 0.0000, 0.0000, 0.0000, 0.0000, 0.0000, 0.0000,
  ]

### selfplay/weak_ratio_target
  Total points: 100
  Min: 0.5000, Max: 0.5000, Mean: 0.5000
  Data: [
    0.5000, 0.5000, 0.5000, 0.5000, 0.5000, 0.5000, 0.5000, 0.5000, 0.5000, 0.5000,
    0.5000, 0.5000, 0.5000, 0.5000, 0.5000, 0.5000, 0.5000, 0.5000, 0.5000, 0.5000,
    0.5000, 0.5000, 0.5000, 0.5000, 0.5000, 0.5000, 0.5000, 0.5000, 0.5000, 0.5000,
    0.5000, 0.5000, 0.5000, 0.5000, 0.5000, 0.5000, 0.5000, 0.5000, 0.5000, 0.5000,
    0.5000, 0.5000, 0.5000, 0.5000, 0.5000, 0.5000, 0.5000, 0.5000, 0.5000, 0.5000,
    0.5000, 0.5000, 0.5000, 0.5000, 0.5000, 0.5000, 0.5000, 0.5000, 0.5000, 0.5000,
    0.5000, 0.5000, 0.5000, 0.5000, 0.5000, 0.5000, 0.5000, 0.5000, 0.5000, 0.5000,
    0.5000, 0.5000, 0.5000, 0.5000, 0.5000, 0.5000, 0.5000, 0.5000, 0.5000, 0.5000,
    0.5000, 0.5000, 0.5000, 0.5000, 0.5000, 0.5000, 0.5000, 0.5000, 0.5000, 0.5000,
    0.5000, 0.5000, 0.5000, 0.5000, 0.5000, 0.5000, 0.5000, 0.5000, 0.5000, 0.5000,
  ]

### training/avg_episode_length
  Total points: 100
  Min: 75.7000, Max: 215.2000, Mean: 154.5410
  Data: [
    185.1000, 164.9000, 177.8000, 162.9000, 177.0000, 154.6000, 196.8000, 143.6000, 169.0000, 182.3000,
    145.4000, 169.8000, 171.8000, 152.4000, 142.5000, 160.2000, 215.2000, 178.8000, 153.2000, 128.2000,
    173.1000, 166.2000, 162.8000, 146.6000, 149.4000, 169.7000, 162.7000, 163.8000, 140.1000, 173.2000,
    162.9000, 126.0000, 153.8000, 157.6000, 158.1000, 181.2000, 157.3000, 165.3000, 141.8000, 159.0000,
    174.8000, 127.7000, 127.5000, 180.6000, 135.9000, 206.8000, 171.2000, 167.7000, 147.1000, 140.9000,
    145.2000, 141.5000, 138.7000, 183.4000, 107.0000, 139.0000, 168.7000, 174.1000, 173.9000, 115.8000,
    115.0000, 157.2000, 140.4000, 107.4000, 76.9000, 119.8000, 93.5000, 141.4000, 204.3000, 158.0000,
    160.0000, 113.4000, 109.9000, 75.7000, 127.5000, 161.9000, 130.6000, 158.1000, 183.2000, 183.7000,
    164.3000, 136.3000, 128.7000, 113.5000, 107.3000, 169.8000, 194.0000, 151.0000, 160.1000, 146.3000,
    97.8000, 189.0000, 170.6000, 181.6000, 139.6000, 162.5000, 169.7000, 166.3000, 208.2000, 210.0000,
  ]

### training/calls_per_episode
  Total points: 100
  Min: 0.0000, Max: 0.0000, Mean: 0.0000
  Data: [
    0.0000, 0.0000, 0.0000, 0.0000, 0.0000, 0.0000, 0.0000, 0.0000, 0.0000, 0.0000,
    0.0000, 0.0000, 0.0000, 0.0000, 0.0000, 0.0000, 0.0000, 0.0000, 0.0000, 0.0000,
    0.0000, 0.0000, 0.0000, 0.0000, 0.0000, 0.0000, 0.0000, 0.0000, 0.0000, 0.0000,
    0.0000, 0.0000, 0.0000, 0.0000, 0.0000, 0.0000, 0.0000, 0.0000, 0.0000, 0.0000,
    0.0000, 0.0000, 0.0000, 0.0000, 0.0000, 0.0000, 0.0000, 0.0000, 0.0000, 0.0000,
    0.0000, 0.0000, 0.0000, 0.0000, 0.0000, 0.0000, 0.0000, 0.0000, 0.0000, 0.0000,
    0.0000, 0.0000, 0.0000, 0.0000, 0.0000, 0.0000, 0.0000, 0.0000, 0.0000, 0.0000,
    0.0000, 0.0000, 0.0000, 0.0000, 0.0000, 0.0000, 0.0000, 0.0000, 0.0000, 0.0000,
    0.0000, 0.0000, 0.0000, 0.0000, 0.0000, 0.0000, 0.0000, 0.0000, 0.0000, 0.0000,
    0.0000, 0.0000, 0.0000, 0.0000, 0.0000, 0.0000, 0.0000, 0.0000, 0.0000, 0.0000,
  ]

### training/episode
  Total points: 100
  Min: 10.0000, Max: 3940.0000, Mean: 1975.0000
  Data: [
    10.0000, 20.0000, 30.0000, 40.0000, 50.0000, 60.0000, 70.0000, 80.0000, 90.0000, 100.0000,
    110.0000, 120.0000, 130.0000, 140.0000, 150.0000, 160.0000, 170.0000, 180.0000, 190.0000, 200.0000,
    210.0000, 220.0000, 230.0000, 240.0000, 250.0000, 260.0000, 270.0000, 280.0000, 290.0000, 300.0000,
    310.0000, 320.0000, 330.0000, 340.0000, 350.0000, 360.0000, 370.0000, 380.0000, 390.0000, 400.0000,
    410.0000, 420.0000, 430.0000, 440.0000, 450.0000, 460.0000, 470.0000, 480.0000, 490.0000, 500.0000,
    3450.0000, 3460.0000, 3470.0000, 3480.0000, 3490.0000, 3500.0000, 3510.0000, 3520.0000, 3530.0000, 3540.0000,
    3550.0000, 3560.0000, 3570.0000, 3580.0000, 3590.0000, 3600.0000, 3610.0000, 3620.0000, 3630.0000, 3640.0000,
    3650.0000, 3660.0000, 3670.0000, 3680.0000, 3690.0000, 3700.0000, 3710.0000, 3720.0000, 3730.0000, 3740.0000,
    3750.0000, 3760.0000, 3770.0000, 3780.0000, 3790.0000, 3800.0000, 3810.0000, 3820.0000, 3830.0000, 3840.0000,
    3850.0000, 3860.0000, 3870.0000, 3880.0000, 3890.0000, 3900.0000, 3910.0000, 3920.0000, 3930.0000, 3940.0000,
  ]

### training/eps_per_sec
  Total points: 100
  Min: 0.1309, Max: 10.5092, Mean: 4.3440
  Data: [
    3.4461, 8.0563, 7.6320, 8.2002, 7.4687, 8.7194, 7.0698, 9.2261, 7.8238, 7.2302,
    8.3524, 7.7192, 7.7386, 8.7031, 8.5668, 8.3242, 6.3796, 7.6086, 8.4926, 10.4116,
    7.7380, 8.1122, 8.0084, 8.6132, 8.6315, 7.8015, 8.4587, 8.1440, 8.9446, 7.8739,
    8.1722, 10.5092, 8.8088, 8.4546, 7.9973, 7.2779, 8.4206, 7.7246, 9.2025, 8.5511,
    7.1260, 10.2375, 10.2327, 7.4797, 9.9203, 6.5982, 7.8775, 8.0417, 8.4238, 8.9890,
    0.5909, 0.1578, 0.5235, 0.6984, 0.5393, 0.5185, 0.1309, 0.5245, 0.5374, 0.6342,
    0.6265, 0.1403, 0.5160, 0.6156, 0.5916, 0.6037, 0.1488, 0.5203, 0.6333, 0.5793,
    0.8138, 0.1535, 0.6214, 0.6188, 0.5294, 0.5862, 0.1765, 0.5128, 0.5843, 0.5685,
    0.5308, 0.1373, 0.7153, 0.5311, 0.5351, 0.6520, 0.1319, 0.5952, 0.5330, 0.5326,
    0.5646, 0.1653, 0.5283, 0.5306, 0.5395, 0.5725, 0.2115, 0.5958, 0.6158, 0.6497,
  ]

### training/epsilon
  Total points: 100
  Min: 0.1394, Max: 0.9950, Mean: 0.5203
  Data: [
    0.9950, 0.9900, 0.9851, 0.9802, 0.9753, 0.9704, 0.9656, 0.9608, 0.9560, 0.9512,
    0.9465, 0.9418, 0.9371, 0.9324, 0.9277, 0.9231, 0.9185, 0.9139, 0.9094, 0.9048,
    0.9003, 0.8958, 0.8913, 0.8869, 0.8825, 0.8781, 0.8737, 0.8693, 0.8650, 0.8607,
    0.8564, 0.8521, 0.8479, 0.8436, 0.8394, 0.8352, 0.8311, 0.8269, 0.8228, 0.8187,
    0.8146, 0.8105, 0.8065, 0.8025, 0.7985, 0.7945, 0.7905, 0.7866, 0.7827, 0.7788,
    0.1781, 0.1772, 0.1763, 0.1754, 0.1746, 0.1737, 0.1728, 0.1720, 0.1711, 0.1703,
    0.1694, 0.1686, 0.1677, 0.1669, 0.1661, 0.1652, 0.1644, 0.1636, 0.1628, 0.1620,
    0.1611, 0.1603, 0.1595, 0.1587, 0.1580, 0.1572, 0.1564, 0.1556, 0.1548, 0.1541,
    0.1533, 0.1525, 0.1518, 0.1510, 0.1502, 0.1495, 0.1488, 0.1480, 0.1473, 0.1465,
    0.1458, 0.1451, 0.1444, 0.1436, 0.1429, 0.1422, 0.1415, 0.1408, 0.1401, 0.1394,
  ]

### training/pbrs_enabled
  Total points: 100
  Min: 1.0000, Max: 1.0000, Mean: 1.0000
  Data: [
    1.0000, 1.0000, 1.0000, 1.0000, 1.0000, 1.0000, 1.0000, 1.0000, 1.0000, 1.0000,
    1.0000, 1.0000, 1.0000, 1.0000, 1.0000, 1.0000, 1.0000, 1.0000, 1.0000, 1.0000,
    1.0000, 1.0000, 1.0000, 1.0000, 1.0000, 1.0000, 1.0000, 1.0000, 1.0000, 1.0000,
    1.0000, 1.0000, 1.0000, 1.0000, 1.0000, 1.0000, 1.0000, 1.0000, 1.0000, 1.0000,
    1.0000, 1.0000, 1.0000, 1.0000, 1.0000, 1.0000, 1.0000, 1.0000, 1.0000, 1.0000,
    1.0000, 1.0000, 1.0000, 1.0000, 1.0000, 1.0000, 1.0000, 1.0000, 1.0000, 1.0000,
    1.0000, 1.0000, 1.0000, 1.0000, 1.0000, 1.0000, 1.0000, 1.0000, 1.0000, 1.0000,
    1.0000, 1.0000, 1.0000, 1.0000, 1.0000, 1.0000, 1.0000, 1.0000, 1.0000, 1.0000,
    1.0000, 1.0000, 1.0000, 1.0000, 1.0000, 1.0000, 1.0000, 1.0000, 1.0000, 1.0000,
    1.0000, 1.0000, 1.0000, 1.0000, 1.0000, 1.0000, 1.0000, 1.0000, 1.0000, 1.0000,
  ]

### values/Q_avg
  Total points: 39
  Min: -4.5306, Max: -0.0085, Mean: -2.0162
  Data: [
    -0.0219, -0.0400, -0.0541, -0.0361, -0.0227, -0.0242, -0.0325, -0.0362, -0.0322, -0.0305,
    -0.0375, -0.0188, -0.0176, -0.0390, -0.0320, -0.0201, -0.0163, -0.0273, -0.0085, -0.1421,
    -2.3906, -3.0960, -3.3522, -4.1168, -4.2164, -4.5306, -4.4214, -4.3673, -4.3655, -4.2832,
    -4.2551, -4.2335, -4.3262, -4.4948, -4.3498, -4.4777, -4.1645, -4.2873, -4.2123,
  ]

### values/Q_max
  Total points: 39
  Min: -2.3942, Max: 8.5884, Mean: 1.1439
  Data: [
    0.1899, 0.2181, 0.2009, 0.1754, 0.1861, 0.2161, 0.1832, 0.2475, 0.2205, 0.2204,
    0.2541, 0.2601, 0.1975, 0.2025, 0.2142, 0.1580, 0.2120, 0.2381, 0.1640, 0.1090,
    0.1658, 0.5968, 1.1840, 8.1901, 7.6258, -1.8810, 7.1144, -2.3942, 1.7684, 7.9299,
    6.8846, -1.5841, 6.5683, -1.7867, 8.5884, -2.2236, -2.0410, -2.1679, -1.9937,
  ]

### values/Q_min
  Total points: 39
  Min: -8.9276, Max: -0.2134, Mean: -4.1554
  Data: [
    -0.2930, -0.3029, -0.2901, -0.2867, -0.2598, -0.2916, -0.3180, -0.2780, -0.3030, -0.2835,
    -0.2979, -0.3069, -0.2835, -0.2308, -0.2449, -0.2134, -0.2639, -0.2710, -0.2546, -0.3459,
    -8.7352, -8.5877, -6.8227, -8.8054, -8.6389, -8.0106, -8.1260, -6.6783, -7.7962, -8.3441,
    -8.7528, -8.3868, -8.6444, -8.4922, -8.8259, -7.4339, -8.6521, -7.7816, -8.9276,
  ]

### values/Q_std
  Total points: 39
  Min: 0.0919, Max: 1.8101, Mean: 0.6755
  Data: [
    0.1223, 0.1111, 0.1189, 0.1136, 0.1094, 0.1264, 0.1201, 0.1143, 0.1183, 0.1101,
    0.1246, 0.1282, 0.1155, 0.1102, 0.1040, 0.0919, 0.1145, 0.1187, 0.0960, 0.1086,
    1.2545, 1.3720, 1.3002, 1.8101, 1.5984, 0.8452, 1.5784, 0.8049, 1.1834, 1.6475,
    1.5165, 0.8604, 1.5328, 1.2305, 1.6983, 0.9303, 0.8321, 0.9613, 1.1113,
  ]
