================================================================================
W&B RUN DATA: TD3-Hockey-NORMAL-weak-lr0.0010-seed42
================================================================================

## RUN METADATA
Run ID: c2jei9sm
Created: 2026-01-17T15:56:45Z
State: crashed
Duration: 8039.053832756 seconds

## CONFIGURATION
  algorithm: TD3
  mode: NORMAL
  opponent: weak
  learning_rate_actor: 0.001
  learning_rate_critic: 0.001
  batch_size: 100
  buffer_size: 1000000
  max_episodes: 100000
  random_seed: 42
  self_play_start: 100000
  self_play_pool_size: 25
  gamma: 0.99
  tau: 0.005

## FINAL SUMMARY

## METRICS DATA

### behavior/action_magnitude_avg
  Total points: 89
  Min: 0.9470, Max: 1.2641, Mean: 1.0860
  Data: [
    0.9836, 0.9802, 0.9763, 0.9730, 0.9597, 0.9742, 0.9763, 0.9877, 0.9897, 0.9979,
    0.9776, 0.9715, 0.9470, 0.9772, 0.9974, 0.9664, 0.9732, 0.9757, 0.9773, 0.9583,
    0.9589, 0.9774, 0.9724, 0.9793, 0.9643, 0.9694, 0.9638, 0.9684, 0.9780, 0.9604,
    0.9726, 0.9948, 0.9744, 0.9814, 0.9821, 0.9734, 0.9778, 0.9665, 0.9704, 0.9864,
    1.1337, 1.1327, 1.1202, 1.1232, 1.1253, 1.1221, 1.1166, 1.1192, 1.1179, 1.1180,
    1.1322, 1.1381, 1.1311, 1.1545, 1.1375, 1.1271, 1.1465, 1.1440, 1.1491, 1.1362,
    1.1533, 1.1657, 1.1530, 1.1754, 1.1812, 1.1757, 1.1778, 1.1748, 1.1815, 1.1901,
    1.1925, 1.1945, 1.1945, 1.2094, 1.2131, 1.2031, 1.2154, 1.2225, 1.2224, 1.2276,
    1.2284, 1.2374, 1.2374, 1.2367, 1.2412, 1.2492, 1.2564, 1.2641, 1.2624,
  ]

### behavior/action_magnitude_max
  Total points: 89
  Min: 1.4037, Max: 1.4142, Mean: 1.4140
  Data: [
    1.4142, 1.4142, 1.4142, 1.4142, 1.4098, 1.4142, 1.4142, 1.4142, 1.4142, 1.4142,
    1.4142, 1.4142, 1.4075, 1.4142, 1.4142, 1.4142, 1.4142, 1.4142, 1.4142, 1.4142,
    1.4142, 1.4142, 1.4142, 1.4142, 1.4142, 1.4037, 1.4142, 1.4142, 1.4142, 1.4142,
    1.4142, 1.4142, 1.4142, 1.4142, 1.4142, 1.4142, 1.4142, 1.4142, 1.4142, 1.4142,
    1.4142, 1.4142, 1.4142, 1.4142, 1.4142, 1.4142, 1.4142, 1.4142, 1.4142, 1.4142,
    1.4142, 1.4142, 1.4142, 1.4142, 1.4142, 1.4142, 1.4142, 1.4142, 1.4142, 1.4142,
    1.4142, 1.4142, 1.4142, 1.4142, 1.4142, 1.4142, 1.4142, 1.4142, 1.4142, 1.4142,
    1.4142, 1.4142, 1.4142, 1.4142, 1.4142, 1.4142, 1.4142, 1.4142, 1.4142, 1.4142,
    1.4142, 1.4142, 1.4142, 1.4142, 1.4142, 1.4142, 1.4142, 1.4142, 1.4142,
  ]

### behavior/dist_to_puck_avg
  Total points: 89
  Min: 1.9726, Max: 3.7852, Mean: 2.7689
  Data: [
    3.7181, 3.5641, 3.3761, 3.0913, 3.5914, 3.4181, 3.4996, 3.4605, 3.5387, 3.7226,
    3.0743, 3.1428, 3.2549, 3.1957, 3.2864, 3.4708, 3.3844, 3.0935, 3.1048, 2.9199,
    3.1069, 3.1102, 3.3697, 3.2682, 3.4608, 3.2071, 3.3813, 3.7852, 3.1456, 3.2406,
    3.7064, 3.1751, 3.3990, 3.3242, 3.7543, 3.4313, 3.1828, 3.4108, 3.2138, 3.3489,
    2.5304, 2.5307, 2.6413, 2.6062, 2.4191, 2.6748, 2.4182, 2.2384, 2.2193, 2.1749,
    2.3301, 2.2171, 2.1676, 2.2466, 2.3189, 2.1545, 2.1334, 2.4086, 2.2830, 2.4063,
    2.2544, 2.1892, 2.0600, 2.3428, 2.2980, 2.1912, 2.2398, 2.3422, 2.2575, 2.2801,
    2.3216, 2.3353, 2.4205, 2.3288, 2.3531, 2.4015, 2.2128, 2.0229, 2.1003, 2.3465,
    2.2892, 1.9726, 2.2176, 2.3535, 2.1527, 2.2272, 2.4228, 2.2236, 2.2281,
  ]

### behavior/dist_to_puck_min
  Total points: 89
  Min: 0.2269, Max: 1.4381, Mean: 0.5741
  Data: [
    1.1646, 0.9596, 0.7210, 0.7444, 1.0596, 1.0111, 0.8968, 0.7596, 0.8878, 0.8280,
    0.9701, 0.7840, 0.9374, 0.7129, 0.6879, 0.9280, 0.7607, 0.4919, 1.1237, 0.7359,
    0.7334, 0.9672, 0.9488, 0.9235, 1.1420, 0.6524, 0.9007, 1.4381, 0.7391, 0.8931,
    1.3530, 0.7037, 1.1737, 0.8686, 0.8868, 1.0166, 0.8830, 1.0392, 0.6751, 1.3493,
    0.4909, 0.4032, 0.4296, 0.6844, 0.3625, 0.4151, 0.2800, 0.2387, 0.3042, 0.3219,
    0.3097, 0.2825, 0.2995, 0.3027, 0.2745, 0.2406, 0.2393, 0.2761, 0.2269, 0.3048,
    0.2641, 0.3179, 0.3646, 0.2990, 0.2425, 0.2565, 0.2884, 0.2586, 0.2543, 0.2752,
    0.2574, 0.2825, 0.3166, 0.2379, 0.2659, 0.2731, 0.2304, 0.2524, 0.2535, 0.2449,
    0.3227, 0.3380, 0.2623, 0.2750, 0.2411, 0.2297, 0.2455, 0.2530, 0.3557,
  ]

### behavior/distance_traveled
  Total points: 89
  Min: 4.3735, Max: 15.8093, Mean: 11.0794
  Data: [
    9.7025, 11.7281, 12.6867, 9.5263, 12.1799, 12.2924, 12.5076, 14.5530, 13.0891, 15.7874,
    11.5701, 12.1522, 13.1543, 12.8368, 11.9498, 13.5634, 11.3898, 7.5211, 8.3928, 9.0091,
    13.7092, 9.9119, 15.8093, 12.1789, 11.2608, 13.4572, 14.3725, 13.8438, 11.0065, 12.0202,
    12.1747, 12.2806, 12.9151, 14.5278, 10.2561, 10.8039, 11.8809, 11.6621, 9.2993, 9.8400,
    5.6178, 7.2665, 7.8318, 4.3735, 6.7413, 10.5102, 11.0763, 9.2057, 8.0114, 8.3131,
    10.1743, 7.4055, 7.7876, 9.1813, 13.3296, 7.1490, 11.0195, 9.1067, 11.5552, 11.0765,
    10.8509, 9.9256, 5.5106, 12.0238, 9.8990, 9.1004, 13.2840, 9.6277, 12.9164, 11.8140,
    11.9971, 11.1364, 9.6162, 10.9523, 11.3883, 11.3010, 14.1462, 10.3586, 11.7877, 15.1500,
    13.5434, 11.4798, 10.5284, 11.8237, 11.0960, 14.2893, 12.6121, 13.3060, 9.0622,
  ]

### behavior/gameplay_vs_strong
  Total points: 10
  ✗ Could not format data: float() argument must be a string or a real number, not 'dict'

### behavior/gameplay_vs_weak
  Total points: 11
  ✗ Could not format data: float() argument must be a string or a real number, not 'dict'

### behavior/lazy_action_ratio
  Total points: 89
  Min: 0.0000, Max: 0.0102, Mean: 0.0024
  Data: [
    0.0077, 0.0079, 0.0066, 0.0021, 0.0026, 0.0019, 0.0040, 0.0079, 0.0028, 0.0036,
    0.0061, 0.0061, 0.0046, 0.0057, 0.0060, 0.0056, 0.0054, 0.0092, 0.0045, 0.0052,
    0.0020, 0.0027, 0.0030, 0.0046, 0.0043, 0.0049, 0.0045, 0.0040, 0.0061, 0.0035,
    0.0064, 0.0018, 0.0052, 0.0025, 0.0054, 0.0102, 0.0016, 0.0020, 0.0042, 0.0012,
    0.0004, 0.0004, 0.0000, 0.0000, 0.0000, 0.0010, 0.0012, 0.0008, 0.0018, 0.0031,
    0.0030, 0.0000, 0.0019, 0.0012, 0.0008, 0.0004, 0.0015, 0.0006, 0.0008, 0.0005,
    0.0000, 0.0017, 0.0007, 0.0000, 0.0000, 0.0004, 0.0000, 0.0000, 0.0000, 0.0004,
    0.0032, 0.0007, 0.0000, 0.0000, 0.0000, 0.0000, 0.0000, 0.0000, 0.0000, 0.0000,
    0.0000, 0.0000, 0.0000, 0.0000, 0.0000, 0.0000, 0.0000, 0.0000, 0.0000,
  ]

### behavior/possession_ratio
  Total points: 89
  Min: 0.0009, Max: 0.2624, Mean: 0.1040
  Data: [
    0.0179, 0.0294, 0.0178, 0.0164, 0.0071, 0.0087, 0.0271, 0.0297, 0.0056, 0.0289,
    0.0134, 0.0223, 0.0098, 0.0076, 0.0274, 0.0157, 0.0218, 0.0283, 0.0112, 0.0282,
    0.0136, 0.0171, 0.0050, 0.0111, 0.0065, 0.0103, 0.0104, 0.0134, 0.0223, 0.0140,
    0.0348, 0.0191, 0.0078, 0.0103, 0.0217, 0.0297, 0.0375, 0.0009, 0.0316, 0.0075,
    0.1557, 0.1217, 0.0168, 0.1046, 0.1038, 0.1060, 0.1753, 0.2114, 0.1475, 0.1787,
    0.1336, 0.2325, 0.1972, 0.1828, 0.1393, 0.2374, 0.2026, 0.1795, 0.1804, 0.1289,
    0.2174, 0.1534, 0.2235, 0.1833, 0.1571, 0.2031, 0.1813, 0.1766, 0.1947, 0.1547,
    0.1449, 0.2028, 0.1022, 0.2059, 0.1594, 0.1684, 0.2100, 0.2624, 0.2280, 0.1779,
    0.1259, 0.1896, 0.1748, 0.1841, 0.2488, 0.2182, 0.2070, 0.1709, 0.1925,
  ]

### behavior/puck_touches
  Total points: 89
  Min: 0.0000, Max: 0.0000, Mean: 0.0000
  Data: [
    0.0000, 0.0000, 0.0000, 0.0000, 0.0000, 0.0000, 0.0000, 0.0000, 0.0000, 0.0000,
    0.0000, 0.0000, 0.0000, 0.0000, 0.0000, 0.0000, 0.0000, 0.0000, 0.0000, 0.0000,
    0.0000, 0.0000, 0.0000, 0.0000, 0.0000, 0.0000, 0.0000, 0.0000, 0.0000, 0.0000,
    0.0000, 0.0000, 0.0000, 0.0000, 0.0000, 0.0000, 0.0000, 0.0000, 0.0000, 0.0000,
    0.0000, 0.0000, 0.0000, 0.0000, 0.0000, 0.0000, 0.0000, 0.0000, 0.0000, 0.0000,
    0.0000, 0.0000, 0.0000, 0.0000, 0.0000, 0.0000, 0.0000, 0.0000, 0.0000, 0.0000,
    0.0000, 0.0000, 0.0000, 0.0000, 0.0000, 0.0000, 0.0000, 0.0000, 0.0000, 0.0000,
    0.0000, 0.0000, 0.0000, 0.0000, 0.0000, 0.0000, 0.0000, 0.0000, 0.0000, 0.0000,
    0.0000, 0.0000, 0.0000, 0.0000, 0.0000, 0.0000, 0.0000, 0.0000, 0.0000,
  ]

### behavior/shoot_action_avg
  Total points: 89
  Min: -0.6181, Max: 0.6356, Mean: 0.0380
  Data: [
    -0.0977, -0.0283, -0.0778, -0.0961, -0.0791, -0.1046, -0.0520, -0.0855, -0.0523, -0.0487,
    -0.0862, -0.0789, -0.0696, -0.0898, -0.0472, -0.0171, -0.0388, -0.1232, -0.0710, -0.0832,
    -0.0603, -0.0572, -0.0762, -0.0447, -0.0536, -0.0864, -0.0576, -0.0545, -0.0902, -0.0697,
    -0.0888, -0.0438, -0.0756, -0.0818, -0.0635, -0.0443, -0.0808, -0.0425, -0.0692, -0.0974,
    -0.3881, -0.6181, 0.3623, -0.2685, 0.1880, 0.4644, 0.4431, -0.2430, -0.4411, -0.3071,
    -0.4477, -0.0964, -0.2188, -0.2992, -0.2486, -0.4531, -0.0482, -0.1565, -0.5056, -0.1517,
    -0.3025, -0.1134, -0.2036, -0.2375, 0.0907, 0.0492, 0.0461, 0.0773, 0.3456, 0.5644,
    0.4062, 0.4339, 0.6356, 0.4734, 0.5631, 0.5367, 0.4056, 0.3913, 0.4477, 0.5499,
    0.6089, 0.5051, 0.4452, 0.4482, 0.3178, 0.4994, 0.4565, 0.5895, 0.5513,
  ]

### behavior/shoot_action_when_possess
  Total points: 89
  Min: -0.7934, Max: 0.3132, Mean: -0.3998
  Data: [
    0.0100, -0.2281, -0.2914, 0.1448, -0.0207, -0.1464, -0.2634, -0.2050, -0.2059, -0.3089,
    -0.1331, -0.1162, -0.1313, -0.1080, -0.1688, -0.0479, -0.1876, -0.1669, 0.0012, -0.2744,
    -0.2295, -0.1678, -0.1175, -0.1433, -0.1170, -0.1240, -0.0215, -0.0299, -0.2810, -0.1329,
    -0.0972, -0.3164, 0.0088, -0.1511, -0.1281, -0.2248, -0.1444, -0.0442, -0.0895, 0.0434,
    -0.2462, -0.6355, 0.3132, -0.4103, -0.4293, -0.4725, -0.5392, -0.6476, -0.4184, -0.5391,
    -0.5745, -0.5967, -0.5619, -0.6171, -0.6936, -0.7934, -0.6668, -0.5985, -0.7467, -0.5922,
    -0.6877, -0.5126, -0.5873, -0.6886, -0.6598, -0.6011, -0.6891, -0.6546, -0.6420, -0.7075,
    -0.6988, -0.7226, -0.5223, -0.7107, -0.7124, -0.6590, -0.7313, -0.7299, -0.7368, -0.7396,
    -0.6652, -0.6070, -0.7650, -0.7261, -0.7514, -0.7597, -0.7602, -0.7379, -0.5958,
  ]

### behavior/time_near_puck
  Total points: 89
  Min: 0.5000, Max: 42.6000, Mean: 14.4775
  Data: [
    3.0000, 5.4000, 3.1000, 2.3000, 1.3000, 2.0000, 3.0000, 5.7000, 1.4000, 6.2000,
    2.4000, 3.4000, 2.1000, 1.8000, 3.6000, 2.1000, 3.5000, 3.2000, 1.1000, 2.4000,
    2.4000, 1.8000, 0.9000, 3.0000, 1.3000, 1.8000, 2.2000, 1.6000, 3.7000, 2.3000,
    3.0000, 3.2000, 0.8000, 2.2000, 3.7000, 2.9000, 6.5000, 0.5000, 2.5000, 1.1000,
    8.0000, 12.1000, 3.3000, 5.8000, 8.3000, 20.3000, 25.4000, 25.9000, 11.5000, 20.0000,
    22.8000, 21.5000, 16.0000, 21.2000, 31.9000, 19.9000, 30.3000, 23.9000, 30.2000, 21.5000,
    33.5000, 22.6000, 15.4000, 27.8000, 20.1000, 19.3000, 34.1000, 19.7000, 36.5000, 27.4000,
    20.6000, 31.3000, 15.9000, 29.4000, 19.0000, 25.7000, 38.0000, 30.7000, 28.7000, 38.0000,
    25.1000, 31.2000, 23.3000, 28.1000, 31.4000, 42.6000, 34.1000, 26.1000, 26.7000,
  ]

### behavior/velocity_avg
  Total points: 89
  Min: 0.0617, Max: 0.0993, Mean: 0.0775
  Data: [
    0.0756, 0.0735, 0.0822, 0.0788, 0.0811, 0.0808, 0.0783, 0.0738, 0.0716, 0.0740,
    0.0858, 0.0821, 0.0802, 0.0740, 0.0798, 0.0792, 0.0764, 0.0726, 0.0791, 0.0795,
    0.0781, 0.0830, 0.0818, 0.0820, 0.0778, 0.0788, 0.0755, 0.0687, 0.0822, 0.0777,
    0.0750, 0.0814, 0.0799, 0.0795, 0.0821, 0.0735, 0.0862, 0.0762, 0.0758, 0.0735,
    0.0850, 0.0790, 0.0727, 0.0993, 0.0804, 0.0672, 0.0794, 0.0748, 0.0803, 0.0762,
    0.0620, 0.0818, 0.0816, 0.0715, 0.0617, 0.0807, 0.0680, 0.0741, 0.0684, 0.0746,
    0.0769, 0.0707, 0.0887, 0.0802, 0.0749, 0.0888, 0.0679, 0.0816, 0.0739, 0.0648,
    0.0747, 0.0765, 0.0752, 0.0810, 0.0814, 0.0766, 0.0740, 0.0852, 0.0824, 0.0754,
    0.0752, 0.0682, 0.0750, 0.0783, 0.0841, 0.0746, 0.0768, 0.0765, 0.0882,
  ]

### behavior/velocity_max
  Total points: 89
  Min: 0.1676, Max: 0.2266, Mean: 0.2039
  Data: [
    0.1914, 0.1820, 0.1887, 0.1933, 0.1928, 0.1869, 0.1863, 0.1848, 0.1958, 0.1943,
    0.1956, 0.1920, 0.1871, 0.1807, 0.1917, 0.1972, 0.2049, 0.1676, 0.1758, 0.1780,
    0.1950, 0.1893, 0.1881, 0.2015, 0.1899, 0.1958, 0.1846, 0.1872, 0.1887, 0.1990,
    0.1885, 0.2058, 0.1906, 0.1979, 0.2013, 0.1972, 0.1861, 0.1774, 0.1869, 0.1839,
    0.2161, 0.2180, 0.2083, 0.2115, 0.2059, 0.2113, 0.2193, 0.2076, 0.2180, 0.2144,
    0.2130, 0.2087, 0.2153, 0.2088, 0.2164, 0.2130, 0.2150, 0.2155, 0.2112, 0.2101,
    0.2145, 0.2170, 0.2139, 0.2135, 0.2143, 0.2168, 0.2172, 0.2190, 0.2181, 0.2188,
    0.2172, 0.2183, 0.2129, 0.2236, 0.2167, 0.2161, 0.2202, 0.2213, 0.2167, 0.2266,
    0.2203, 0.2130, 0.2122, 0.2148, 0.2154, 0.2139, 0.2155, 0.2170, 0.2173,
  ]

### eval/strong/avg_reward
  Total points: 10
  Min: -24.7238, Max: -4.6659, Mean: -7.9135
  Data: [
    -24.7238, -7.2014, -4.9400, -6.5071, -5.6870, -6.1976, -7.4782, -6.0300, -4.6659, -5.7040,
  ]

### eval/strong/loss_rate
  Total points: 10
  Min: 0.3500, Max: 0.5700, Mean: 0.4720
  Data: [
    0.3500, 0.5400, 0.4800, 0.5100, 0.3600, 0.5100, 0.5700, 0.5400, 0.4100, 0.4500,
  ]

### eval/strong/losses
  Total points: 10
  Min: 35.0000, Max: 57.0000, Mean: 47.2000
  Data: [
    35.0000, 54.0000, 48.0000, 51.0000, 36.0000, 51.0000, 57.0000, 54.0000, 41.0000, 45.0000,
  ]

### eval/strong/tie_rate
  Total points: 10
  Min: 0.1700, Max: 0.6100, Mean: 0.2790
  Data: [
    0.6100, 0.2500, 0.1700, 0.2300, 0.3500, 0.2400, 0.2200, 0.1800, 0.2600, 0.2800,
  ]

### eval/strong/ties
  Total points: 10
  Min: 17.0000, Max: 61.0000, Mean: 27.9000
  Data: [
    61.0000, 25.0000, 17.0000, 23.0000, 35.0000, 24.0000, 22.0000, 18.0000, 26.0000, 28.0000,
  ]

### eval/strong/win_rate
  Total points: 10
  Min: 0.0400, Max: 0.3500, Mean: 0.2490
  Data: [
    0.0400, 0.2100, 0.3500, 0.2600, 0.2900, 0.2500, 0.2100, 0.2800, 0.3300, 0.2700,
  ]

### eval/strong/win_rate_decisive
  Total points: 10
  Min: 0.1026, Max: 0.4462, Mean: 0.3349
  Data: [
    0.1026, 0.2800, 0.4217, 0.3377, 0.4462, 0.3289, 0.2692, 0.3415, 0.4459, 0.3750,
  ]

### eval/strong/wins
  Total points: 10
  Min: 4.0000, Max: 35.0000, Mean: 24.9000
  Data: [
    4.0000, 21.0000, 35.0000, 26.0000, 29.0000, 25.0000, 21.0000, 28.0000, 33.0000, 27.0000,
  ]

### eval/weak/avg_reward
  Total points: 10
  Min: -25.6284, Max: -0.0707, Mean: -4.4814
  Data: [
    -25.6284, -8.2059, -2.8215, -2.5051, -0.2357, -2.9974, -0.5177, -0.0707, -1.5253, -0.3059,
  ]

### eval/weak/loss_rate
  Total points: 10
  Min: 0.1800, Max: 0.6900, Mean: 0.3200
  Data: [
    0.4200, 0.6900, 0.3800, 0.2200, 0.2400, 0.3200, 0.2000, 0.2800, 0.2700, 0.1800,
  ]

### eval/weak/losses
  Total points: 10
  Min: 18.0000, Max: 69.0000, Mean: 32.0000
  Data: [
    42.0000, 69.0000, 38.0000, 22.0000, 24.0000, 32.0000, 20.0000, 28.0000, 27.0000, 18.0000,
  ]

### eval/weak/tie_rate
  Total points: 10
  Min: 0.2000, Max: 0.5500, Mean: 0.3830
  Data: [
    0.5500, 0.2000, 0.2600, 0.4800, 0.3600, 0.4500, 0.4600, 0.2700, 0.3600, 0.4400,
  ]

### eval/weak/ties
  Total points: 10
  Min: 20.0000, Max: 55.0000, Mean: 38.3000
  Data: [
    55.0000, 20.0000, 26.0000, 48.0000, 36.0000, 45.0000, 46.0000, 27.0000, 36.0000, 44.0000,
  ]

### eval/weak/win_rate
  Total points: 10
  Min: 0.0300, Max: 0.4500, Mean: 0.2970
  Data: [
    0.0300, 0.1100, 0.3600, 0.3000, 0.4000, 0.2300, 0.3400, 0.4500, 0.3700, 0.3800,
  ]

### eval/weak/win_rate_decisive
  Total points: 10
  Min: 0.0667, Max: 0.6786, Mean: 0.4814
  Data: [
    0.0667, 0.1375, 0.4865, 0.5769, 0.6250, 0.4182, 0.6296, 0.6164, 0.5781, 0.6786,
  ]

### eval/weak/wins
  Total points: 10
  Min: 3.0000, Max: 45.0000, Mean: 29.7000
  Data: [
    3.0000, 11.0000, 36.0000, 30.0000, 40.0000, 23.0000, 34.0000, 45.0000, 37.0000, 38.0000,
  ]

### gradients/actor_grad_norm
  Total points: 89
  Min: 0.0000, Max: 0.1642, Mean: 0.0175
  Data: [
    0.0000, 0.0000, 0.0000, 0.0000, 0.0000, 0.0000, 0.0000, 0.0000, 0.0000, 0.0000,
    0.0000, 0.0000, 0.0000, 0.0000, 0.0000, 0.0000, 0.0000, 0.0000, 0.0000, 0.0000,
    0.0000, 0.0000, 0.0000, 0.0000, 0.0000, 0.0000, 0.0000, 0.0000, 0.0000, 0.0000,
    0.0000, 0.0000, 0.0000, 0.0000, 0.0000, 0.0000, 0.0000, 0.0000, 0.0000, 0.0568,
    0.0097, 0.0308, 0.0158, 0.0428, 0.0253, 0.0558, 0.0355, 0.0379, 0.0280, 0.0137,
    0.0200, 0.0179, 0.0216, 0.0169, 0.0199, 0.0183, 0.0405, 0.0238, 0.0290, 0.0134,
    0.0148, 0.0327, 0.0198, 0.1487, 0.1029, 0.0108, 0.0157, 0.0145, 0.0756, 0.0034,
    0.0357, 0.0295, 0.0283, 0.0160, 0.0056, 0.0094, 0.0249, 0.0101, 0.0052, 0.0630,
    0.1642, 0.0111, 0.0196, 0.0115, 0.0440, 0.0287, 0.0119, 0.0096, 0.0167,
  ]

### gradients/critic_grad_norm
  Total points: 89
  Min: 0.0000, Max: 1.3088, Mean: 0.4087
  Data: [
    0.0000, 0.0000, 0.0000, 0.0000, 0.0000, 0.0000, 0.0000, 0.0000, 0.0000, 0.0000,
    0.0000, 0.0000, 0.0000, 0.0000, 0.0000, 0.0000, 0.0000, 0.0000, 0.0000, 0.0000,
    0.0000, 0.0000, 0.0000, 0.0000, 0.0000, 0.0000, 0.0000, 0.0000, 0.0000, 0.0000,
    0.0000, 0.0000, 0.0000, 0.0000, 0.0000, 0.0000, 0.0000, 0.0000, 0.0000, 0.0908,
    0.3636, 0.6436, 0.7109, 0.8432, 0.6112, 0.6058, 0.7621, 0.7080, 0.5788, 0.8812,
    0.5991, 0.5460, 0.7313, 1.0996, 0.6246, 0.8230, 1.3088, 0.4293, 0.6072, 0.8360,
    0.8437, 0.5493, 0.7367, 0.7971, 0.9101, 0.3997, 0.5401, 0.6713, 1.2954, 0.6447,
    1.0386, 0.6966, 0.6768, 0.9013, 0.7617, 0.8208, 0.8217, 0.5571, 1.0159, 0.5926,
    0.7618, 0.5172, 0.7515, 0.4394, 0.7270, 0.9301, 0.8374, 0.7553, 0.9831,
  ]

### hacking/pbrs_to_sparse_ratio
  Total points: 89
  Min: 0.0377, Max: 2.1094, Mean: 0.3602
  Data: [
    0.0787, 0.3338, 0.0515, 0.0462, 0.0493, 0.0430, 0.0581, 0.0698, 0.1282, 0.0735,
    0.0497, 0.0630, 0.0782, 0.0548, 0.0751, 0.1789, 0.0800, 0.0924, 0.0377, 0.0572,
    0.2981, 0.4324, 0.0638, 0.0630, 0.0539, 0.8098, 0.0548, 0.0485, 0.0470, 0.0447,
    0.0458, 0.0562, 0.0416, 0.0663, 0.0648, 0.0424, 0.0802, 0.0404, 0.0460, 0.0403,
    0.0478, 0.0843, 0.0815, 0.0379, 0.1543, 1.9642, 0.6374, 1.3667, 0.9394, 0.1508,
    0.2023, 0.0652, 0.4263, 0.3027, 0.6243, 0.8362, 0.8511, 0.7056, 0.3599, 0.8623,
    0.1071, 0.0903, 0.0451, 0.1911, 0.1441, 1.6782, 0.2678, 0.7757, 0.7167, 0.4297,
    0.7546, 0.1273, 0.1681, 0.4144, 1.8164, 0.1491, 0.1634, 1.0649, 1.3166, 0.2091,
    2.1094, 0.3226, 1.8006, 0.5585, 0.1102, 0.7157, 0.4142, 0.3036, 0.2548,
  ]

### hacking/possession_hoarding_ratio
  Total points: 89
  Min: 0.0000, Max: 0.7524, Mean: 0.3629
  Data: [
    0.2438, 0.2800, 0.2971, 0.2567, 0.1167, 0.2350, 0.2450, 0.1950, 0.0167, 0.1273,
    0.2381, 0.0976, 0.2000, 0.1889, 0.1333, 0.0800, 0.2250, 0.2083, 0.1250, 0.2778,
    0.3652, 0.1333, 0.1000, 0.1115, 0.1167, 0.2095, 0.2583, 0.0000, 0.1283, 0.2200,
    0.1024, 0.3000, 0.2429, 0.0600, 0.2077, 0.1833, 0.3483, 0.0000, 0.3600, 0.0750,
    0.2440, 0.2423, 0.2192, 0.1130, 0.3099, 0.4276, 0.4341, 0.6202, 0.3729, 0.4009,
    0.4881, 0.5789, 0.2421, 0.4996, 0.5109, 0.5355, 0.5258, 0.5925, 0.5638, 0.5661,
    0.6986, 0.4171, 0.4095, 0.5438, 0.5401, 0.4638, 0.6642, 0.4778, 0.6110, 0.6657,
    0.5780, 0.5551, 0.3429, 0.5351, 0.5321, 0.4995, 0.6280, 0.6289, 0.5708, 0.7524,
    0.5019, 0.6055, 0.6000, 0.7021, 0.6327, 0.6504, 0.7270, 0.5167, 0.4519,
  ]

### hacking/possession_no_shoot_count
  Total points: 89
  Min: 0.0000, Max: 28.1000, Mean: 8.8337
  Data: [
    2.1000, 3.2000, 1.6000, 1.1000, 0.5000, 0.7000, 1.3000, 2.0000, 0.1000, 1.9000,
    1.0000, 1.1000, 0.2000, 0.6000, 0.4000, 0.8000, 2.0000, 1.2000, 0.3000, 1.6000,
    1.9000, 0.4000, 0.5000, 1.1000, 0.4000, 1.3000, 1.9000, 0.0000, 2.2000, 0.7000,
    1.5000, 1.5000, 0.5000, 0.6000, 1.1000, 1.3000, 2.8000, 0.0000, 1.5000, 0.3000,
    2.7000, 6.5000, 1.4000, 2.4000, 3.3000, 11.5000, 14.3000, 16.2000, 4.9000, 11.3000,
    12.5000, 13.0000, 5.3000, 12.5000, 18.4000, 11.6000, 20.0000, 16.3000, 19.2000, 13.4000,
    24.2000, 13.0000, 8.7000, 19.1000, 11.4000, 11.9000, 23.6000, 11.1000, 25.3000, 18.1000,
    12.3000, 18.3000, 8.1000, 17.7000, 10.4000, 16.1000, 27.1000, 21.1000, 19.3000, 28.1000,
    17.9000, 24.6000, 13.1000, 19.2000, 20.3000, 27.6000, 23.6000, 15.5000, 17.6000,
  ]

### losses/actor_loss
  Total points: 89
  Min: 0.0000, Max: 4.2705, Mean: 2.1471
  Data: [
    0.0000, 0.0000, 0.0000, 0.0000, 0.0000, 0.0000, 0.0000, 0.0000, 0.0000, 0.0000,
    0.0000, 0.0000, 0.0000, 0.0000, 0.0000, 0.0000, 0.0000, 0.0000, 0.0000, 0.0000,
    0.0000, 0.0000, 0.0000, 0.0000, 0.0000, 0.0000, 0.0000, 0.0000, 0.0000, 0.0000,
    0.0000, 0.0000, 0.0000, 0.0000, 0.0000, 0.0000, 0.0000, 0.0000, 0.0000, 0.1144,
    1.1432, 1.9716, 2.6638, 3.2291, 3.5947, 3.7677, 4.0999, 4.0751, 4.1896, 4.1024,
    4.2082, 4.2705, 4.0956, 4.0585, 4.0447, 4.1751, 4.1372, 4.2266, 4.1159, 4.1105,
    4.1583, 4.1913, 4.1230, 3.9795, 4.0878, 4.1097, 4.0773, 4.1217, 4.0720, 4.0700,
    4.1666, 4.0695, 4.0755, 4.0628, 3.9969, 4.0940, 3.9701, 3.8783, 3.9817, 4.0447,
    3.9896, 3.8450, 3.8785, 3.9424, 3.9385, 3.9647, 3.8955, 3.9019, 4.0138,
  ]

### losses/critic_loss
  Total points: 89
  Min: 0.0000, Max: 0.0725, Mean: 0.0212
  Data: [
    0.0000, 0.0000, 0.0000, 0.0000, 0.0000, 0.0000, 0.0000, 0.0000, 0.0000, 0.0000,
    0.0000, 0.0000, 0.0000, 0.0000, 0.0000, 0.0000, 0.0000, 0.0000, 0.0000, 0.0000,
    0.0000, 0.0000, 0.0000, 0.0000, 0.0000, 0.0000, 0.0000, 0.0000, 0.0000, 0.0000,
    0.0000, 0.0000, 0.0000, 0.0000, 0.0000, 0.0000, 0.0000, 0.0000, 0.0000, 0.0665,
    0.0409, 0.0246, 0.0409, 0.0725, 0.0216, 0.0307, 0.0300, 0.0473, 0.0279, 0.0435,
    0.0420, 0.0282, 0.0309, 0.0485, 0.0332, 0.0445, 0.0513, 0.0324, 0.0222, 0.0683,
    0.0345, 0.0345, 0.0288, 0.0354, 0.0345, 0.0223, 0.0358, 0.0298, 0.0581, 0.0415,
    0.0278, 0.0383, 0.0430, 0.0363, 0.0252, 0.0323, 0.0566, 0.0456, 0.0392, 0.0399,
    0.0276, 0.0194, 0.0405, 0.0247, 0.0325, 0.0381, 0.0416, 0.0344, 0.0383,
  ]

### pbrs/annealing_weight
  Total points: 89
  Min: 1.0000, Max: 1.0000, Mean: 1.0000
  Data: [
    1.0000, 1.0000, 1.0000, 1.0000, 1.0000, 1.0000, 1.0000, 1.0000, 1.0000, 1.0000,
    1.0000, 1.0000, 1.0000, 1.0000, 1.0000, 1.0000, 1.0000, 1.0000, 1.0000, 1.0000,
    1.0000, 1.0000, 1.0000, 1.0000, 1.0000, 1.0000, 1.0000, 1.0000, 1.0000, 1.0000,
    1.0000, 1.0000, 1.0000, 1.0000, 1.0000, 1.0000, 1.0000, 1.0000, 1.0000, 1.0000,
    1.0000, 1.0000, 1.0000, 1.0000, 1.0000, 1.0000, 1.0000, 1.0000, 1.0000, 1.0000,
    1.0000, 1.0000, 1.0000, 1.0000, 1.0000, 1.0000, 1.0000, 1.0000, 1.0000, 1.0000,
    1.0000, 1.0000, 1.0000, 1.0000, 1.0000, 1.0000, 1.0000, 1.0000, 1.0000, 1.0000,
    1.0000, 1.0000, 1.0000, 1.0000, 1.0000, 1.0000, 1.0000, 1.0000, 1.0000, 1.0000,
    1.0000, 1.0000, 1.0000, 1.0000, 1.0000, 1.0000, 1.0000, 1.0000, 1.0000,
  ]

### pbrs/avg_per_episode
  Total points: 89
  Min: 0.5515, Max: 0.6783, Mean: 0.6081
  Data: [
    0.5977, 0.5703, 0.5598, 0.5778, 0.5691, 0.5612, 0.5597, 0.5515, 0.5568, 0.5652,
    0.5720, 0.5756, 0.5757, 0.5744, 0.5755, 0.5769, 0.5757, 0.5691, 0.5681, 0.5677,
    0.5701, 0.5695, 0.5714, 0.5720, 0.5751, 0.5798, 0.5795, 0.5811, 0.5804, 0.5777,
    0.5799, 0.5774, 0.5785, 0.5788, 0.5785, 0.5785, 0.5784, 0.5794, 0.5785, 0.5766,
    0.5792, 0.5811, 0.5851, 0.5877, 0.5894, 0.5955, 0.5995, 0.6021, 0.6041, 0.6071,
    0.6103, 0.6134, 0.6150, 0.6178, 0.6216, 0.6226, 0.6242, 0.6269, 0.6299, 0.6324,
    0.6344, 0.6360, 0.6366, 0.6381, 0.6414, 0.6436, 0.6449, 0.6467, 0.6469, 0.6483,
    0.6500, 0.6523, 0.6531, 0.6558, 0.6566, 0.6583, 0.6595, 0.6610, 0.6614, 0.6630,
    0.6648, 0.6677, 0.6695, 0.6708, 0.6712, 0.6735, 0.6751, 0.6768, 0.6783,
  ]

### performance/cumulative_win_rate
  Total points: 89
  Min: 0.0700, Max: 0.1885, Mean: 0.1176
  Data: [
    0.0800, 0.0700, 0.0800, 0.0800, 0.0800, 0.0800, 0.0857, 0.0900, 0.0867, 0.0840,
    0.0800, 0.0800, 0.0800, 0.0829, 0.0827, 0.0838, 0.0835, 0.0833, 0.0811, 0.0840,
    0.0819, 0.0864, 0.0878, 0.0875, 0.0888, 0.0869, 0.0867, 0.0843, 0.0834, 0.0860,
    0.0865, 0.0862, 0.0848, 0.0853, 0.0840, 0.0833, 0.0854, 0.0853, 0.0856, 0.0850,
    0.0868, 0.0919, 0.0963, 0.0964, 0.1009, 0.1026, 0.1030, 0.1062, 0.1094, 0.1128,
    0.1157, 0.1188, 0.1223, 0.1252, 0.1255, 0.1282, 0.1323, 0.1348, 0.1383, 0.1400,
    0.1426, 0.1439, 0.1473, 0.1497, 0.1502, 0.1518, 0.1537, 0.1553, 0.1583, 0.1606,
    0.1628, 0.1622, 0.1641, 0.1641, 0.1645, 0.1661, 0.1675, 0.1708, 0.1742, 0.1755,
    0.1773, 0.1776, 0.1798, 0.1802, 0.1821, 0.1828, 0.1855, 0.1880, 0.1885,
  ]

### performance/losses
  Total points: 89
  Min: 28.0000, Max: 1922.0000, Mean: 1062.0337
  Data: [
    28.0000, 55.0000, 77.0000, 100.0000, 127.0000, 151.0000, 180.0000, 200.0000, 225.0000, 248.0000,
    270.0000, 295.0000, 315.0000, 335.0000, 359.0000, 385.0000, 405.0000, 432.0000, 457.0000, 484.0000,
    511.0000, 535.0000, 553.0000, 583.0000, 607.0000, 635.0000, 659.0000, 684.0000, 707.0000, 734.0000,
    753.0000, 779.0000, 804.0000, 831.0000, 860.0000, 884.0000, 909.0000, 928.0000, 952.0000, 981.0000,
    1006.0000, 1034.0000, 1059.0000, 1089.0000, 1116.0000, 1145.0000, 1171.0000, 1198.0000, 1221.0000, 1244.0000,
    1275.0000, 1294.0000, 1313.0000, 1334.0000, 1356.0000, 1376.0000, 1392.0000, 1408.0000, 1426.0000, 1446.0000,
    1466.0000, 1483.0000, 1505.0000, 1528.0000, 1544.0000, 1562.0000, 1575.0000, 1595.0000, 1611.0000, 1625.0000,
    1638.0000, 1661.0000, 1687.0000, 1706.0000, 1728.0000, 1741.0000, 1759.0000, 1774.0000, 1786.0000, 1798.0000,
    1814.0000, 1828.0000, 1843.0000, 1863.0000, 1873.0000, 1887.0000, 1895.0000, 1904.0000, 1922.0000,
  ]

### performance/ties
  Total points: 89
  Min: 18.0000, Max: 1689.0000, Mean: 877.8090
  Data: [
    18.0000, 38.0000, 61.0000, 84.0000, 103.0000, 125.0000, 140.0000, 164.0000, 186.0000, 210.0000,
    236.0000, 257.0000, 283.0000, 307.0000, 329.0000, 348.0000, 374.0000, 393.0000, 416.0000, 432.0000,
    453.0000, 470.0000, 496.0000, 512.0000, 532.0000, 552.0000, 574.0000, 598.0000, 622.0000, 637.0000,
    663.0000, 683.0000, 706.0000, 724.0000, 743.0000, 766.0000, 783.0000, 810.0000, 831.0000, 849.0000,
    866.0000, 873.0000, 884.0000, 899.0000, 907.0000, 919.0000, 937.0000, 947.0000, 961.0000, 974.0000,
    980.0000, 997.0000, 1013.0000, 1028.0000, 1049.0000, 1065.0000, 1081.0000, 1101.0000, 1116.0000, 1134.0000,
    1149.0000, 1171.0000, 1181.0000, 1193.0000, 1218.0000, 1237.0000, 1260.0000, 1277.0000, 1293.0000, 1313.0000,
    1334.0000, 1355.0000, 1364.0000, 1387.0000, 1405.0000, 1428.0000, 1446.0000, 1460.0000, 1476.0000, 1500.0000,
    1518.0000, 1544.0000, 1561.0000, 1580.0000, 1603.0000, 1627.0000, 1648.0000, 1669.0000, 1689.0000,
  ]

### performance/wins
  Total points: 89
  Min: 4.0000, Max: 839.0000, Mean: 310.1573
  Data: [
    4.0000, 7.0000, 12.0000, 16.0000, 20.0000, 24.0000, 30.0000, 36.0000, 39.0000, 42.0000,
    44.0000, 48.0000, 52.0000, 58.0000, 62.0000, 67.0000, 71.0000, 75.0000, 77.0000, 84.0000,
    86.0000, 95.0000, 101.0000, 105.0000, 111.0000, 113.0000, 117.0000, 118.0000, 121.0000, 129.0000,
    134.0000, 138.0000, 140.0000, 145.0000, 147.0000, 150.0000, 158.0000, 162.0000, 167.0000, 170.0000,
    178.0000, 193.0000, 207.0000, 212.0000, 227.0000, 236.0000, 242.0000, 255.0000, 268.0000, 282.0000,
    295.0000, 309.0000, 324.0000, 338.0000, 345.0000, 359.0000, 377.0000, 391.0000, 408.0000, 420.0000,
    435.0000, 446.0000, 464.0000, 479.0000, 488.0000, 501.0000, 515.0000, 528.0000, 546.0000, 562.0000,
    578.0000, 584.0000, 599.0000, 607.0000, 617.0000, 631.0000, 645.0000, 666.0000, 688.0000, 702.0000,
    718.0000, 728.0000, 746.0000, 757.0000, 774.0000, 786.0000, 807.0000, 827.0000, 839.0000,
  ]

### rewards/p1
  Total points: 89
  Min: -23.4696, Max: 5.8704, Mean: -8.7757
  Data: [
    -14.5391, -12.1497, -18.7087, -14.9794, -16.2091, -21.3867, -15.1478, -16.8722, -15.4877, -18.8975,
    -14.8150, -13.6391, -14.9008, -18.2553, -13.7898, -19.4065, -14.2465, -10.7949, -17.3331, -10.2743,
    -18.4306, -11.7372, -19.0177, -16.0187, -16.4916, -18.3846, -17.2812, -21.7475, -15.8469, -18.7434,
    -16.9375, -17.0751, -22.0028, -23.4696, -12.7382, -21.1039, -9.0592, -21.8727, -13.6393, -15.4987,
    -3.1185, -2.1054, -7.0353, -7.5426, -6.4014, -5.5015, -0.0664, -3.4742, -3.7138, -6.2903,
    -10.4638, -3.3275, 4.4200, 2.6996, -6.6696, 0.3272, -0.7966, -1.6405, -2.8827, -0.6064,
    -3.4263, -6.0169, -1.2579, -2.6957, -5.9896, 4.5054, -1.2822, -2.3732, -0.9342, -1.0245,
    -2.1353, -7.7140, -5.7353, -4.8702, -7.0859, -1.9362, -2.3387, 5.8704, 3.6922, -0.1774,
    -1.4456, -4.9128, 0.3241, -1.8402, 4.2653, -0.6330, -1.9343, -2.8466, -5.9672,
  ]

### rewards/p2
  Total points: 89
  Min: -5.1627, Max: 24.0499, Mean: 9.4332
  Data: [
    15.1881, 12.7829, 19.3269, 15.5411, 16.6822, 21.9035, 15.7020, 17.4548, 15.9467, 19.5190,
    15.2761, 14.3185, 15.4336, 18.7514, 14.2912, 20.0625, 14.8733, 11.1859, 17.7932, 10.7911,
    19.0675, 12.2526, 19.5304, 16.4631, 17.0628, 18.9346, 17.9290, 22.3393, 16.4266, 19.1828,
    17.4253, 17.7479, 22.6017, 24.0499, 13.3858, 21.7387, 9.6286, 22.4385, 14.1289, 15.9031,
    3.6345, 2.7117, 7.8125, 7.9393, 7.0431, 6.3887, 0.8681, 4.1947, 4.4128, 7.0431,
    11.4539, 3.9818, -3.7186, -1.9797, 7.5741, 0.2643, 1.3729, 2.3385, 3.7060, 1.3483,
    4.2155, 6.7991, 1.7353, 3.4724, 6.7391, -3.9243, 2.0659, 3.0082, 1.6931, 1.9625,
    2.9280, 8.4922, 6.5312, 5.6858, 7.8277, 2.6145, 3.1714, -5.1627, -2.9378, 1.0136,
    2.3608, 5.7847, 0.3908, 2.5592, -3.6386, 1.5239, 2.7724, 3.7121, 6.7074,
  ]

### rewards/sparse_only
  Total points: 89
  Min: -24.0499, Max: 5.1627, Mean: -9.4332
  Data: [
    -15.1881, -12.7829, -19.3269, -15.5411, -16.6822, -21.9035, -15.7020, -17.4548, -15.9467, -19.5190,
    -15.2761, -14.3185, -15.4336, -18.7514, -14.2912, -20.0625, -14.8733, -11.1859, -17.7932, -10.7911,
    -19.0675, -12.2526, -19.5304, -16.4631, -17.0628, -18.9346, -17.9290, -22.3393, -16.4266, -19.1828,
    -17.4253, -17.7479, -22.6017, -24.0499, -13.3858, -21.7387, -9.6286, -22.4385, -14.1289, -15.9031,
    -3.6345, -2.7117, -7.8125, -7.9393, -7.0431, -6.3887, -0.8681, -4.1947, -4.4128, -7.0431,
    -11.4539, -3.9818, 3.7186, 1.9797, -7.5741, -0.2643, -1.3729, -2.3385, -3.7060, -1.3483,
    -4.2155, -6.7991, -1.7353, -3.4724, -6.7391, 3.9243, -2.0659, -3.0082, -1.6931, -1.9625,
    -2.9280, -8.4922, -6.5312, -5.6858, -7.8277, -2.6145, -3.1714, 5.1627, 2.9378, -1.0136,
    -2.3608, -5.7847, -0.3908, -2.5592, 3.6386, -1.5239, -2.7724, -3.7121, -6.7074,
  ]

### rewards/sparse_ratio
  Total points: 89
  Min: -1.2057, Max: 13.0651, Mean: 1.2970
  Data: [
    1.0446, 1.0521, 1.0330, 1.0375, 1.0292, 1.0242, 1.0366, 1.0345, 1.0296, 1.0329,
    1.0311, 1.0498, 1.0358, 1.0272, 1.0364, 1.0338, 1.0440, 1.0362, 1.0265, 1.0503,
    1.0346, 1.0439, 1.0270, 1.0277, 1.0346, 1.0299, 1.0375, 1.0272, 1.0366, 1.0234,
    1.0288, 1.0394, 1.0272, 1.0247, 1.0508, 1.0301, 1.0629, 1.0259, 1.0359, 1.0261,
    1.1655, 1.2880, 1.1105, 1.0526, 1.1002, 1.1613, 13.0651, 1.2074, 1.1882, 1.1197,
    1.0946, 1.1966, 0.8413, 0.7334, 1.1356, -0.8078, 1.7235, 1.4255, 1.2856, 2.2235,
    1.2304, 1.1300, 1.3795, 1.2881, 1.1251, 0.8710, 1.6112, 1.2676, 1.8124, 1.9156,
    1.3712, 1.1009, 1.1388, 1.1675, 1.1047, 1.3503, 1.3561, 0.8795, 0.7957, 5.7143,
    1.6331, 1.1775, -1.2057, 1.3907, 0.8531, 2.4075, 1.4333, 1.3040, 1.1240,
  ]

### scoring/goals_conceded
  Total points: 89
  Min: 28.0000, Max: 1922.0000, Mean: 1062.0337
  Data: [
    28.0000, 55.0000, 77.0000, 100.0000, 127.0000, 151.0000, 180.0000, 200.0000, 225.0000, 248.0000,
    270.0000, 295.0000, 315.0000, 335.0000, 359.0000, 385.0000, 405.0000, 432.0000, 457.0000, 484.0000,
    511.0000, 535.0000, 553.0000, 583.0000, 607.0000, 635.0000, 659.0000, 684.0000, 707.0000, 734.0000,
    753.0000, 779.0000, 804.0000, 831.0000, 860.0000, 884.0000, 909.0000, 928.0000, 952.0000, 981.0000,
    1006.0000, 1034.0000, 1059.0000, 1089.0000, 1116.0000, 1145.0000, 1171.0000, 1198.0000, 1221.0000, 1244.0000,
    1275.0000, 1294.0000, 1313.0000, 1334.0000, 1356.0000, 1376.0000, 1392.0000, 1408.0000, 1426.0000, 1446.0000,
    1466.0000, 1483.0000, 1505.0000, 1528.0000, 1544.0000, 1562.0000, 1575.0000, 1595.0000, 1611.0000, 1625.0000,
    1638.0000, 1661.0000, 1687.0000, 1706.0000, 1728.0000, 1741.0000, 1759.0000, 1774.0000, 1786.0000, 1798.0000,
    1814.0000, 1828.0000, 1843.0000, 1863.0000, 1873.0000, 1887.0000, 1895.0000, 1904.0000, 1922.0000,
  ]

### scoring/goals_scored
  Total points: 89
  Min: 4.0000, Max: 839.0000, Mean: 310.1573
  Data: [
    4.0000, 7.0000, 12.0000, 16.0000, 20.0000, 24.0000, 30.0000, 36.0000, 39.0000, 42.0000,
    44.0000, 48.0000, 52.0000, 58.0000, 62.0000, 67.0000, 71.0000, 75.0000, 77.0000, 84.0000,
    86.0000, 95.0000, 101.0000, 105.0000, 111.0000, 113.0000, 117.0000, 118.0000, 121.0000, 129.0000,
    134.0000, 138.0000, 140.0000, 145.0000, 147.0000, 150.0000, 158.0000, 162.0000, 167.0000, 170.0000,
    178.0000, 193.0000, 207.0000, 212.0000, 227.0000, 236.0000, 242.0000, 255.0000, 268.0000, 282.0000,
    295.0000, 309.0000, 324.0000, 338.0000, 345.0000, 359.0000, 377.0000, 391.0000, 408.0000, 420.0000,
    435.0000, 446.0000, 464.0000, 479.0000, 488.0000, 501.0000, 515.0000, 528.0000, 546.0000, 562.0000,
    578.0000, 584.0000, 599.0000, 607.0000, 617.0000, 631.0000, 645.0000, 666.0000, 688.0000, 702.0000,
    718.0000, 728.0000, 746.0000, 757.0000, 774.0000, 786.0000, 807.0000, 827.0000, 839.0000,
  ]

### selfplay/active
  Total points: 89
  Min: 0.0000, Max: 0.0000, Mean: 0.0000
  Data: [
    0.0000, 0.0000, 0.0000, 0.0000, 0.0000, 0.0000, 0.0000, 0.0000, 0.0000, 0.0000,
    0.0000, 0.0000, 0.0000, 0.0000, 0.0000, 0.0000, 0.0000, 0.0000, 0.0000, 0.0000,
    0.0000, 0.0000, 0.0000, 0.0000, 0.0000, 0.0000, 0.0000, 0.0000, 0.0000, 0.0000,
    0.0000, 0.0000, 0.0000, 0.0000, 0.0000, 0.0000, 0.0000, 0.0000, 0.0000, 0.0000,
    0.0000, 0.0000, 0.0000, 0.0000, 0.0000, 0.0000, 0.0000, 0.0000, 0.0000, 0.0000,
    0.0000, 0.0000, 0.0000, 0.0000, 0.0000, 0.0000, 0.0000, 0.0000, 0.0000, 0.0000,
    0.0000, 0.0000, 0.0000, 0.0000, 0.0000, 0.0000, 0.0000, 0.0000, 0.0000, 0.0000,
    0.0000, 0.0000, 0.0000, 0.0000, 0.0000, 0.0000, 0.0000, 0.0000, 0.0000, 0.0000,
    0.0000, 0.0000, 0.0000, 0.0000, 0.0000, 0.0000, 0.0000, 0.0000, 0.0000,
  ]

### selfplay/episode_opponent_type_selfplay
  Total points: 89
  Min: 0.0000, Max: 0.0000, Mean: 0.0000
  Data: [
    0.0000, 0.0000, 0.0000, 0.0000, 0.0000, 0.0000, 0.0000, 0.0000, 0.0000, 0.0000,
    0.0000, 0.0000, 0.0000, 0.0000, 0.0000, 0.0000, 0.0000, 0.0000, 0.0000, 0.0000,
    0.0000, 0.0000, 0.0000, 0.0000, 0.0000, 0.0000, 0.0000, 0.0000, 0.0000, 0.0000,
    0.0000, 0.0000, 0.0000, 0.0000, 0.0000, 0.0000, 0.0000, 0.0000, 0.0000, 0.0000,
    0.0000, 0.0000, 0.0000, 0.0000, 0.0000, 0.0000, 0.0000, 0.0000, 0.0000, 0.0000,
    0.0000, 0.0000, 0.0000, 0.0000, 0.0000, 0.0000, 0.0000, 0.0000, 0.0000, 0.0000,
    0.0000, 0.0000, 0.0000, 0.0000, 0.0000, 0.0000, 0.0000, 0.0000, 0.0000, 0.0000,
    0.0000, 0.0000, 0.0000, 0.0000, 0.0000, 0.0000, 0.0000, 0.0000, 0.0000, 0.0000,
    0.0000, 0.0000, 0.0000, 0.0000, 0.0000, 0.0000, 0.0000, 0.0000, 0.0000,
  ]

### selfplay/episode_opponent_type_strong
  Total points: 89
  Min: 0.0000, Max: 0.0000, Mean: 0.0000
  Data: [
    0.0000, 0.0000, 0.0000, 0.0000, 0.0000, 0.0000, 0.0000, 0.0000, 0.0000, 0.0000,
    0.0000, 0.0000, 0.0000, 0.0000, 0.0000, 0.0000, 0.0000, 0.0000, 0.0000, 0.0000,
    0.0000, 0.0000, 0.0000, 0.0000, 0.0000, 0.0000, 0.0000, 0.0000, 0.0000, 0.0000,
    0.0000, 0.0000, 0.0000, 0.0000, 0.0000, 0.0000, 0.0000, 0.0000, 0.0000, 0.0000,
    0.0000, 0.0000, 0.0000, 0.0000, 0.0000, 0.0000, 0.0000, 0.0000, 0.0000, 0.0000,
    0.0000, 0.0000, 0.0000, 0.0000, 0.0000, 0.0000, 0.0000, 0.0000, 0.0000, 0.0000,
    0.0000, 0.0000, 0.0000, 0.0000, 0.0000, 0.0000, 0.0000, 0.0000, 0.0000, 0.0000,
    0.0000, 0.0000, 0.0000, 0.0000, 0.0000, 0.0000, 0.0000, 0.0000, 0.0000, 0.0000,
    0.0000, 0.0000, 0.0000, 0.0000, 0.0000, 0.0000, 0.0000, 0.0000, 0.0000,
  ]

### selfplay/episode_opponent_type_weak
  Total points: 89
  Min: 1.0000, Max: 1.0000, Mean: 1.0000
  Data: [
    1.0000, 1.0000, 1.0000, 1.0000, 1.0000, 1.0000, 1.0000, 1.0000, 1.0000, 1.0000,
    1.0000, 1.0000, 1.0000, 1.0000, 1.0000, 1.0000, 1.0000, 1.0000, 1.0000, 1.0000,
    1.0000, 1.0000, 1.0000, 1.0000, 1.0000, 1.0000, 1.0000, 1.0000, 1.0000, 1.0000,
    1.0000, 1.0000, 1.0000, 1.0000, 1.0000, 1.0000, 1.0000, 1.0000, 1.0000, 1.0000,
    1.0000, 1.0000, 1.0000, 1.0000, 1.0000, 1.0000, 1.0000, 1.0000, 1.0000, 1.0000,
    1.0000, 1.0000, 1.0000, 1.0000, 1.0000, 1.0000, 1.0000, 1.0000, 1.0000, 1.0000,
    1.0000, 1.0000, 1.0000, 1.0000, 1.0000, 1.0000, 1.0000, 1.0000, 1.0000, 1.0000,
    1.0000, 1.0000, 1.0000, 1.0000, 1.0000, 1.0000, 1.0000, 1.0000, 1.0000, 1.0000,
    1.0000, 1.0000, 1.0000, 1.0000, 1.0000, 1.0000, 1.0000, 1.0000, 1.0000,
  ]

### selfplay/pool_size
  Total points: 89
  Min: 0.0000, Max: 0.0000, Mean: 0.0000
  Data: [
    0.0000, 0.0000, 0.0000, 0.0000, 0.0000, 0.0000, 0.0000, 0.0000, 0.0000, 0.0000,
    0.0000, 0.0000, 0.0000, 0.0000, 0.0000, 0.0000, 0.0000, 0.0000, 0.0000, 0.0000,
    0.0000, 0.0000, 0.0000, 0.0000, 0.0000, 0.0000, 0.0000, 0.0000, 0.0000, 0.0000,
    0.0000, 0.0000, 0.0000, 0.0000, 0.0000, 0.0000, 0.0000, 0.0000, 0.0000, 0.0000,
    0.0000, 0.0000, 0.0000, 0.0000, 0.0000, 0.0000, 0.0000, 0.0000, 0.0000, 0.0000,
    0.0000, 0.0000, 0.0000, 0.0000, 0.0000, 0.0000, 0.0000, 0.0000, 0.0000, 0.0000,
    0.0000, 0.0000, 0.0000, 0.0000, 0.0000, 0.0000, 0.0000, 0.0000, 0.0000, 0.0000,
    0.0000, 0.0000, 0.0000, 0.0000, 0.0000, 0.0000, 0.0000, 0.0000, 0.0000, 0.0000,
    0.0000, 0.0000, 0.0000, 0.0000, 0.0000, 0.0000, 0.0000, 0.0000, 0.0000,
  ]

### selfplay/weak_ratio_target
  Total points: 89
  Min: 0.5000, Max: 0.5000, Mean: 0.5000
  Data: [
    0.5000, 0.5000, 0.5000, 0.5000, 0.5000, 0.5000, 0.5000, 0.5000, 0.5000, 0.5000,
    0.5000, 0.5000, 0.5000, 0.5000, 0.5000, 0.5000, 0.5000, 0.5000, 0.5000, 0.5000,
    0.5000, 0.5000, 0.5000, 0.5000, 0.5000, 0.5000, 0.5000, 0.5000, 0.5000, 0.5000,
    0.5000, 0.5000, 0.5000, 0.5000, 0.5000, 0.5000, 0.5000, 0.5000, 0.5000, 0.5000,
    0.5000, 0.5000, 0.5000, 0.5000, 0.5000, 0.5000, 0.5000, 0.5000, 0.5000, 0.5000,
    0.5000, 0.5000, 0.5000, 0.5000, 0.5000, 0.5000, 0.5000, 0.5000, 0.5000, 0.5000,
    0.5000, 0.5000, 0.5000, 0.5000, 0.5000, 0.5000, 0.5000, 0.5000, 0.5000, 0.5000,
    0.5000, 0.5000, 0.5000, 0.5000, 0.5000, 0.5000, 0.5000, 0.5000, 0.5000, 0.5000,
    0.5000, 0.5000, 0.5000, 0.5000, 0.5000, 0.5000, 0.5000, 0.5000, 0.5000,
  ]

### training/avg_episode_length
  Total points: 89
  Min: 47.5000, Max: 221.2000, Mean: 153.1899
  Data: [
    132.6000, 167.3000, 157.8000, 124.6000, 155.3000, 154.9000, 163.4000, 193.5000, 183.5000, 206.1000,
    137.0000, 150.9000, 167.1000, 162.7000, 153.9000, 183.0000, 149.5000, 100.2000, 109.6000, 112.4000,
    175.7000, 128.9000, 189.9000, 154.2000, 139.0000, 179.9000, 185.5000, 195.2000, 134.9000, 157.1000,
    161.3000, 156.0000, 171.5000, 190.3000, 134.1000, 154.9000, 142.2000, 162.7000, 128.1000, 135.9000,
    77.6000, 111.7000, 127.2000, 47.5000, 93.5000, 176.4000, 175.5000, 137.5000, 113.5000, 124.8000,
    168.3000, 100.3000, 123.6000, 139.7000, 221.2000, 102.1000, 180.2000, 137.8000, 179.5000, 168.8000,
    151.6000, 163.1000, 68.9000, 177.0000, 148.2000, 120.4000, 199.3000, 141.7000, 188.4000, 187.0000,
    164.9000, 151.6000, 140.5000, 145.8000, 152.7000, 157.9000, 198.2000, 136.9000, 163.5000, 207.3000,
    206.1000, 188.5000, 147.6000, 158.3000, 147.8000, 198.4000, 168.8000, 185.2000, 119.0000,
  ]

### training/calls_per_episode
  Total points: 89
  Min: 0.0000, Max: 0.0000, Mean: 0.0000
  Data: [
    0.0000, 0.0000, 0.0000, 0.0000, 0.0000, 0.0000, 0.0000, 0.0000, 0.0000, 0.0000,
    0.0000, 0.0000, 0.0000, 0.0000, 0.0000, 0.0000, 0.0000, 0.0000, 0.0000, 0.0000,
    0.0000, 0.0000, 0.0000, 0.0000, 0.0000, 0.0000, 0.0000, 0.0000, 0.0000, 0.0000,
    0.0000, 0.0000, 0.0000, 0.0000, 0.0000, 0.0000, 0.0000, 0.0000, 0.0000, 0.0000,
    0.0000, 0.0000, 0.0000, 0.0000, 0.0000, 0.0000, 0.0000, 0.0000, 0.0000, 0.0000,
    0.0000, 0.0000, 0.0000, 0.0000, 0.0000, 0.0000, 0.0000, 0.0000, 0.0000, 0.0000,
    0.0000, 0.0000, 0.0000, 0.0000, 0.0000, 0.0000, 0.0000, 0.0000, 0.0000, 0.0000,
    0.0000, 0.0000, 0.0000, 0.0000, 0.0000, 0.0000, 0.0000, 0.0000, 0.0000, 0.0000,
    0.0000, 0.0000, 0.0000, 0.0000, 0.0000, 0.0000, 0.0000, 0.0000, 0.0000,
  ]

### training/episode
  Total points: 89
  Min: 50.0000, Max: 4450.0000, Mean: 2250.0000
  Data: [
    50.0000, 100.0000, 150.0000, 200.0000, 250.0000, 300.0000, 350.0000, 400.0000, 450.0000, 500.0000,
    550.0000, 600.0000, 650.0000, 700.0000, 750.0000, 800.0000, 850.0000, 900.0000, 950.0000, 1000.0000,
    1050.0000, 1100.0000, 1150.0000, 1200.0000, 1250.0000, 1300.0000, 1350.0000, 1400.0000, 1450.0000, 1500.0000,
    1550.0000, 1600.0000, 1650.0000, 1700.0000, 1750.0000, 1800.0000, 1850.0000, 1900.0000, 1950.0000, 2000.0000,
    2050.0000, 2100.0000, 2150.0000, 2200.0000, 2250.0000, 2300.0000, 2350.0000, 2400.0000, 2450.0000, 2500.0000,
    2550.0000, 2600.0000, 2650.0000, 2700.0000, 2750.0000, 2800.0000, 2850.0000, 2900.0000, 2950.0000, 3000.0000,
    3050.0000, 3100.0000, 3150.0000, 3200.0000, 3250.0000, 3300.0000, 3350.0000, 3400.0000, 3450.0000, 3500.0000,
    3550.0000, 3600.0000, 3650.0000, 3700.0000, 3750.0000, 3800.0000, 3850.0000, 3900.0000, 3950.0000, 4000.0000,
    4050.0000, 4100.0000, 4150.0000, 4200.0000, 4250.0000, 4300.0000, 4350.0000, 4400.0000, 4450.0000,
  ]

### training/eps_per_sec
  Total points: 89
  Min: 0.2294, Max: 9.1564, Mean: 3.7083
  Data: [
    6.9357, 9.1564, 8.0367, 7.8106, 8.5981, 7.6950, 8.5061, 8.4447, 7.5848, 7.3096,
    7.1958, 7.3889, 7.3097, 7.7402, 7.4306, 8.6868, 7.7542, 8.9071, 7.7763, 9.0963,
    7.5989, 8.4573, 7.5135, 8.8213, 7.6819, 7.1440, 7.6066, 7.3924, 7.4603, 9.0529,
    7.2125, 8.8760, 7.4496, 8.1922, 7.8829, 7.8173, 8.5803, 7.1672, 8.2544, 4.2712,
    0.2386, 0.3864, 0.3366, 0.3338, 0.3574, 0.2376, 0.3657, 0.3350, 0.3786, 0.3680,
    0.2540, 0.3337, 0.3992, 0.3108, 0.3815, 0.2489, 0.3409, 0.3126, 0.3583, 0.3237,
    0.2294, 0.3294, 0.3273, 0.3355, 0.3362, 0.2412, 0.3367, 0.3922, 0.3241, 0.3515,
    0.2379, 0.3051, 0.3525, 0.4002, 0.3655, 0.2592, 0.4008, 0.3544, 0.4185, 0.3396,
    0.2429, 0.3712, 0.3345, 0.4172, 0.3901, 0.2458, 0.3438, 0.3298, 0.3279,
  ]

### training/epsilon
  Total points: 89
  Min: 0.2935, Max: 1.0000, Mean: 0.7627
  Data: [
    1.0000, 1.0000, 1.0000, 1.0000, 1.0000, 1.0000, 1.0000, 1.0000, 1.0000, 1.0000,
    1.0000, 1.0000, 1.0000, 1.0000, 1.0000, 1.0000, 1.0000, 1.0000, 1.0000, 1.0000,
    1.0000, 1.0000, 1.0000, 1.0000, 1.0000, 1.0000, 1.0000, 1.0000, 1.0000, 1.0000,
    1.0000, 1.0000, 1.0000, 1.0000, 1.0000, 1.0000, 1.0000, 1.0000, 1.0000, 0.9995,
    0.9748, 0.9507, 0.9273, 0.9044, 0.8820, 0.8602, 0.8390, 0.8183, 0.7981, 0.7784,
    0.7591, 0.7404, 0.7221, 0.7043, 0.6869, 0.6699, 0.6534, 0.6372, 0.6215, 0.6062,
    0.5912, 0.5766, 0.5623, 0.5485, 0.5349, 0.5217, 0.5088, 0.4963, 0.4840, 0.4720,
    0.4604, 0.4490, 0.4379, 0.4271, 0.4166, 0.4063, 0.3962, 0.3865, 0.3769, 0.3676,
    0.3585, 0.3497, 0.3410, 0.3326, 0.3244, 0.3164, 0.3086, 0.3010, 0.2935,
  ]

### training/pbrs_enabled
  Total points: 89
  Min: 1.0000, Max: 1.0000, Mean: 1.0000
  Data: [
    1.0000, 1.0000, 1.0000, 1.0000, 1.0000, 1.0000, 1.0000, 1.0000, 1.0000, 1.0000,
    1.0000, 1.0000, 1.0000, 1.0000, 1.0000, 1.0000, 1.0000, 1.0000, 1.0000, 1.0000,
    1.0000, 1.0000, 1.0000, 1.0000, 1.0000, 1.0000, 1.0000, 1.0000, 1.0000, 1.0000,
    1.0000, 1.0000, 1.0000, 1.0000, 1.0000, 1.0000, 1.0000, 1.0000, 1.0000, 1.0000,
    1.0000, 1.0000, 1.0000, 1.0000, 1.0000, 1.0000, 1.0000, 1.0000, 1.0000, 1.0000,
    1.0000, 1.0000, 1.0000, 1.0000, 1.0000, 1.0000, 1.0000, 1.0000, 1.0000, 1.0000,
    1.0000, 1.0000, 1.0000, 1.0000, 1.0000, 1.0000, 1.0000, 1.0000, 1.0000, 1.0000,
    1.0000, 1.0000, 1.0000, 1.0000, 1.0000, 1.0000, 1.0000, 1.0000, 1.0000, 1.0000,
    1.0000, 1.0000, 1.0000, 1.0000, 1.0000, 1.0000, 1.0000, 1.0000, 1.0000,
  ]

### values/Q_avg
  Total points: 44
  Min: -4.4274, Max: 0.0626, Mean: -2.0808
  Data: [
    0.0599, 0.0515, 0.0427, 0.0517, 0.0307, 0.0525, 0.0473, 0.0501, 0.0480, 0.0123,
    0.0450, 0.0380, 0.0461, 0.0521, 0.0322, 0.0480, 0.0511, 0.0626, 0.0505, -0.1813,
    -1.8523, -3.0699, -3.9933, -4.3493, -3.9066, -4.4274, -3.9533, -4.1447, -4.1898, -3.6315,
    -4.1150, -4.1154, -3.9598, -4.2133, -3.8307, -3.7011, -3.9439, -3.8825, -3.5096, -3.6244,
    -4.0850, -3.9458, -3.8177, -3.9839,
  ]

### values/Q_max
  Total points: 44
  Min: -1.4598, Max: 9.6403, Mean: 1.9629
  Data: [
    0.3145, 0.3389, 0.3133, 0.3574, 0.3900, 0.3264, 0.3481, 0.3085, 0.2863, 0.3104,
    0.3243, 0.2993, 0.2874, 0.3430, 0.3352, 0.3441, 0.2917, 0.3559, 0.3533, 0.1434,
    0.2164, 0.3671, 0.5393, -0.0255, 6.3597, 0.0768, 0.0924, -1.0353, 7.3141, 6.2878,
    -1.0176, 8.4581, 8.0321, -0.2028, 7.3699, 6.3835, -0.2621, 8.1585, 9.6403, 9.6345,
    -1.4598, -1.4120, 7.5995, -1.1173,
  ]

### values/Q_min
  Total points: 44
  Min: -9.0093, Max: -0.2021, Mean: -4.7507
  Data: [
    -0.3465, -0.2835, -0.2493, -0.3032, -0.3637, -0.2209, -0.2563, -0.2511, -0.2607, -0.2939,
    -0.2427, -0.2247, -0.2668, -0.2303, -0.3764, -0.2453, -0.2021, -0.2223, -0.2246, -0.5001,
    -8.5127, -9.0093, -8.6461, -8.1665, -7.9978, -8.5489, -8.2207, -8.3960, -8.3374, -7.3842,
    -8.5900, -8.4906, -8.7106, -8.8169, -8.4830, -8.7837, -8.9819, -7.8367, -8.0197, -8.6655,
    -8.9831, -8.8933, -8.5333, -8.4569,
  ]

### values/Q_std
  Total points: 44
  Min: 0.1241, Max: 2.4490, Mean: 0.9490
  Data: [
    0.1296, 0.1364, 0.1241, 0.1381, 0.1482, 0.1274, 0.1517, 0.1444, 0.1405, 0.1441,
    0.1458, 0.1330, 0.1332, 0.1252, 0.1470, 0.1343, 0.1308, 0.1362, 0.1468, 0.1397,
    1.5276, 1.4919, 1.3276, 1.3731, 1.7994, 1.5243, 1.3608, 1.2496, 1.6228, 1.8806,
    1.1829, 1.7092, 2.2214, 1.2994, 1.7094, 1.9887, 1.4808, 2.0098, 2.4490, 1.8300,
    1.4844, 1.3173, 1.7919, 1.3683,
  ]

### vf_reg/active_ratio
  Total points: 50
  Min: 0.8178, Max: 0.9181, Mean: 0.8628
  Data: [
    0.9181, 0.9115, 0.9126, 0.9097, 0.9032, 0.9026, 0.9010, 0.8926, 0.8936, 0.8992,
    0.8924, 0.8863, 0.8877, 0.8786, 0.8795, 0.8819, 0.8772, 0.8740, 0.8704, 0.8740,
    0.8668, 0.8599, 0.8657, 0.8600, 0.8638, 0.8571, 0.8554, 0.8529, 0.8525, 0.8455,
    0.8566, 0.8502, 0.8466, 0.8398, 0.8434, 0.8386, 0.8390, 0.8351, 0.8398, 0.8331,
    0.8367, 0.8362, 0.8385, 0.8315, 0.8264, 0.8242, 0.8298, 0.8285, 0.8204, 0.8178,
  ]

### vf_reg/q_advantage_mean
  Total points: 50
  Min: 0.0037, Max: 0.0342, Mean: 0.0212
  Data: [
    0.0037, 0.0275, 0.0342, 0.0338, 0.0257, 0.0255, 0.0222, 0.0214, 0.0213, 0.0220,
    0.0221, 0.0220, 0.0210, 0.0226, 0.0218, 0.0215, 0.0221, 0.0203, 0.0213, 0.0213,
    0.0221, 0.0210, 0.0197, 0.0203, 0.0204, 0.0210, 0.0217, 0.0200, 0.0211, 0.0211,
    0.0203, 0.0213, 0.0219, 0.0215, 0.0204, 0.0201, 0.0194, 0.0214, 0.0210, 0.0201,
    0.0209, 0.0199, 0.0186, 0.0198, 0.0187, 0.0180, 0.0196, 0.0191, 0.0196, 0.0189,
  ]

### vf_reg/reg_loss
  Total points: 50
  Min: 0.0000, Max: 0.0002, Mean: 0.0001
  Data: [
    0.0001, 0.0000, 0.0001, 0.0001, 0.0001, 0.0001, 0.0001, 0.0001, 0.0001, 0.0001,
    0.0001, 0.0001, 0.0001, 0.0001, 0.0001, 0.0001, 0.0001, 0.0001, 0.0001, 0.0001,
    0.0001, 0.0001, 0.0001, 0.0001, 0.0001, 0.0001, 0.0001, 0.0001, 0.0001, 0.0001,
    0.0001, 0.0001, 0.0001, 0.0001, 0.0001, 0.0001, 0.0002, 0.0001, 0.0002, 0.0001,
    0.0001, 0.0001, 0.0002, 0.0002, 0.0002, 0.0002, 0.0002, 0.0001, 0.0002, 0.0002,
  ]

### vf_reg/violation_ratio
  Total points: 50
  Min: 0.0539, Max: 0.1968, Mean: 0.1539
  Data: [
    0.1831, 0.0539, 0.0718, 0.0869, 0.1150, 0.1264, 0.1282, 0.1410, 0.1328, 0.1312,
    0.1345, 0.1174, 0.1356, 0.1309, 0.1420, 0.1519, 0.1511, 0.1473, 0.1402, 0.1475,
    0.1513, 0.1548, 0.1671, 0.1518, 0.1534, 0.1557, 0.1643, 0.1588, 0.1624, 0.1653,
    0.1821, 0.1543, 0.1564, 0.1684, 0.1693, 0.1685, 0.1775, 0.1702, 0.1708, 0.1828,
    0.1796, 0.1834, 0.1840, 0.1832, 0.1875, 0.1968, 0.1891, 0.1741, 0.1794, 0.1826,
  ]
