================================================================================
W&B RUN DATA: greenTD3-Hockey-NORMAL-weak-lr0.0003-seed55
================================================================================

## RUN METADATA
Run ID: 2if0svl3
Created: 2026-01-13T14:05:04Z
State: crashed
Duration: 35937.320800323 seconds

## CONFIGURATION
  algorithm: TD3
  mode: NORMAL
  opponent: weak
  learning_rate_actor: 0.0003
  learning_rate_critic: 0.0003
  batch_size: 1024
  buffer_size: 1000000
  max_episodes: 50000
  random_seed: 55
  self_play_start: 0
  self_play_pool_size: 25
  gamma: 0.95
  tau: 0.005

## FINAL SUMMARY

## NOTE: Data discretized to fit 100000 char limit
  Showing ~50 points per metric (of 454 total)

## METRICS DATA

### behavior/action_magnitude_avg
  Total points: 100
  Min: 0.4377, Max: 1.3367, Mean: 1.2043
  Data: [
    0.4643, 0.4564, 0.5110, 0.4560, 0.4377, 1.3367, 1.1226, 0.8146, 0.7974, 0.9202,
    0.8563, 0.9030, 1.1378, 1.1881, 1.1489, 1.2529, 1.2254, 1.1955, 1.2508, 1.2565,
    1.2567, 1.2523, 1.1713, 1.0289, 1.1642, 1.2366, 1.0863, 1.2685, 1.2678, 1.2692,
    1.2695, 1.2484, 1.2575, 1.2633, 1.2243, 1.2522, 1.2228, 1.2227, 1.2521, 1.2479,
    1.2593, 1.2746, 1.2831, 1.2982, 1.2824, 1.2861, 1.2805, 1.2797, 1.3048, 1.2625,
    1.3052, 1.2634, 1.2982, 1.2643, 1.2054, 1.2936, 1.2976, 1.2277, 1.2937, 1.2632,
    1.2883, 1.2921, 1.3096, 1.3080, 1.3079, 1.3064, 1.2907, 1.3012, 1.2864, 1.3055,
    1.2808, 1.2677, 1.2942, 1.2470, 1.2999, 1.2686, 1.2851, 1.3080, 1.2697, 1.2652,
    1.3023, 1.2841, 1.2719, 1.2768, 1.2643, 1.2833, 1.3105, 1.2892, 1.3156, 1.2901,
    1.3043, 1.3060, 1.3155, 1.2940, 1.2928, 1.3037, 1.2878, 1.3000, 1.3078, 1.3245,
  ]

### behavior/action_magnitude_max
  Total points: 100
  Min: 0.9158, Max: 1.4142, Mean: 1.3915
  Data: [
    0.9400, 1.0129, 1.1086, 0.9158, 1.0034, 1.4138, 1.4034, 1.4015, 1.3930, 1.4088,
    1.3944, 1.3993, 1.4142, 1.4141, 1.4120, 1.4122, 1.4142, 1.4142, 1.4142, 1.4133,
    1.4142, 1.4142, 1.4142, 1.4064, 1.4037, 1.4142, 1.4125, 1.4142, 1.4135, 1.4142,
    1.4140, 1.4134, 1.4135, 1.4137, 1.4129, 1.4130, 1.4131, 1.4094, 1.4136, 1.4135,
    1.4142, 1.4120, 1.4139, 1.4133, 1.4136, 1.4132, 1.4116, 1.4134, 1.4142, 1.4132,
    1.4129, 1.4136, 1.4138, 1.4142, 1.4113, 1.4139, 1.4141, 1.4123, 1.4140, 1.4125,
    1.4134, 1.4142, 1.4136, 1.4128, 1.4142, 1.4136, 1.4132, 1.4137, 1.4137, 1.4142,
    1.4130, 1.4132, 1.4134, 1.4138, 1.4142, 1.4141, 1.4135, 1.4138, 1.4142, 1.4113,
    1.4135, 1.4129, 1.4114, 1.4133, 1.4103, 1.4140, 1.4116, 1.4100, 1.4115, 1.4100,
    1.4142, 1.4142, 1.4142, 1.4123, 1.4126, 1.4141, 1.4139, 1.4142, 1.4136, 1.4142,
  ]

### behavior/dist_to_puck_avg
  Total points: 100
  Min: 1.9487, Max: 3.8799, Mean: 2.5141
  Data: [
    3.7672, 3.4998, 3.8799, 3.8463, 3.8059, 3.2089, 3.6502, 2.3206, 2.3818, 2.6490,
    2.3345, 1.9487, 2.4968, 2.5677, 2.3991, 2.4947, 2.5208, 2.3556, 2.5893, 2.5911,
    2.6622, 2.4082, 2.5882, 2.4542, 2.3314, 2.6933, 2.1897, 2.6980, 2.6567, 2.7285,
    2.4254, 2.3566, 2.4824, 2.6540, 2.3924, 2.5749, 2.2013, 2.3931, 2.5137, 2.3354,
    2.5555, 2.1978, 2.5002, 2.3904, 2.3077, 2.2699, 2.4252, 2.5353, 2.7635, 2.5271,
    2.5517, 2.2163, 2.5895, 2.3858, 2.2033, 2.2258, 2.4238, 2.1146, 2.5021, 2.3838,
    2.5416, 2.3775, 2.4950, 2.4521, 2.4453, 2.3273, 2.5748, 2.3494, 2.2996, 2.4943,
    2.3462, 2.4219, 2.3748, 2.3068, 2.7311, 2.2454, 2.3652, 2.2826, 2.2899, 2.1695,
    2.4109, 2.3584, 2.4788, 2.3726, 2.6448, 2.3878, 2.6025, 2.2727, 2.6015, 2.1863,
    2.3657, 2.4293, 2.3059, 2.5010, 2.4596, 2.3195, 2.3424, 2.5641, 2.3415, 2.4563,
  ]

### behavior/dist_to_puck_min
  Total points: 100
  Min: 0.2327, Max: 2.1800, Mean: 0.5804
  Data: [
    1.7274, 1.5783, 1.6807, 1.8354, 1.4926, 1.5164, 2.1800, 0.9576, 0.7535, 1.1257,
    0.8876, 0.7520, 0.6326, 0.5820, 0.6811, 0.5583, 0.6470, 0.5375, 0.3851, 0.5709,
    0.3443, 0.2790, 0.4396, 0.7531, 0.3225, 0.2778, 0.5293, 0.4570, 0.4437, 0.5833,
    0.5067, 0.5274, 0.7029, 0.6484, 0.4921, 0.3409, 0.3774, 0.6662, 0.6018, 0.4823,
    0.5458, 0.5479, 0.5265, 0.3995, 0.4680, 0.2327, 0.5163, 0.2967, 0.4603, 0.5131,
    0.3687, 0.4558, 0.3009, 0.3125, 0.4267, 0.3679, 0.3571, 0.3435, 0.2788, 0.3500,
    0.5046, 0.3276, 0.3396, 0.3329, 0.3671, 0.4131, 0.3867, 0.4631, 0.4889, 0.3226,
    0.4899, 0.4990, 0.3581, 0.6482, 0.5284, 0.5340, 0.5716, 0.4048, 0.4460, 0.6117,
    0.3718, 0.3833, 0.5370, 0.4970, 0.7933, 0.5024, 0.5007, 0.5605, 0.5315, 0.5583,
    0.5563, 0.5634, 0.4520, 0.5846, 0.4989, 0.2401, 0.5191, 0.4391, 0.6868, 0.3029,
  ]

### behavior/distance_traveled
  Total points: 100
  Min: 4.2892, Max: 22.4538, Mean: 13.6130
  Data: [
    5.6368, 4.9911, 4.2892, 5.6755, 6.1399, 5.6600, 7.1927, 11.6485, 13.4022, 6.6884,
    10.6527, 9.3650, 12.6054, 17.5356, 9.4695, 10.6571, 13.1363, 15.5550, 21.0773, 13.5156,
    14.2601, 13.5213, 16.8983, 14.9840, 18.5745, 18.8168, 11.9933, 13.7277, 18.1727, 17.1156,
    17.2538, 14.3706, 11.3544, 16.7003, 12.5076, 16.2905, 12.2217, 9.0082, 9.1848, 12.2600,
    12.3844, 7.7947, 11.4751, 14.9095, 12.5578, 14.3961, 9.8758, 17.8497, 11.5823, 8.8407,
    16.3779, 9.5846, 17.5785, 22.4538, 13.8396, 17.3654, 15.8955, 15.2232, 17.0439, 19.8477,
    14.3638, 18.1593, 18.9679, 15.7904, 17.1700, 13.3170, 14.7418, 15.0855, 14.8602, 20.2767,
    18.0380, 14.7624, 17.6246, 11.7043, 15.2777, 8.6287, 12.9843, 13.1405, 12.7782, 8.3145,
    15.1055, 20.6591, 15.2028, 12.0331, 9.2595, 10.3628, 14.4352, 8.5441, 14.4050, 12.1014,
    11.1175, 17.6902, 15.2252, 13.4994, 18.1043, 17.8439, 14.8744, 15.9252, 11.2295, 16.7092,
  ]

### behavior/lazy_action_ratio
  Total points: 100
  Min: 0.0000, Max: 0.0692, Mean: 0.0038
  Data: [
    0.0447, 0.0622, 0.0357, 0.0484, 0.0692, 0.0000, 0.0000, 0.0202, 0.0282, 0.0060,
    0.0132, 0.0120, 0.0038, 0.0005, 0.0040, 0.0012, 0.0004, 0.0000, 0.0000, 0.0000,
    0.0000, 0.0000, 0.0019, 0.0049, 0.0048, 0.0000, 0.0072, 0.0000, 0.0000, 0.0008,
    0.0000, 0.0000, 0.0000, 0.0010, 0.0000, 0.0007, 0.0000, 0.0004, 0.0000, 0.0011,
    0.0000, 0.0000, 0.0005, 0.0000, 0.0000, 0.0000, 0.0000, 0.0000, 0.0000, 0.0038,
    0.0000, 0.0000, 0.0000, 0.0000, 0.0000, 0.0000, 0.0000, 0.0014, 0.0000, 0.0000,
    0.0000, 0.0000, 0.0000, 0.0000, 0.0000, 0.0004, 0.0000, 0.0000, 0.0000, 0.0000,
    0.0000, 0.0006, 0.0000, 0.0000, 0.0000, 0.0000, 0.0000, 0.0000, 0.0000, 0.0000,
    0.0000, 0.0000, 0.0000, 0.0000, 0.0000, 0.0000, 0.0000, 0.0000, 0.0000, 0.0000,
    0.0000, 0.0000, 0.0000, 0.0000, 0.0000, 0.0000, 0.0000, 0.0000, 0.0044, 0.0000,
  ]

### behavior/puck_touches
  Total points: 100
  Min: 0.0000, Max: 4.5000, Mean: 1.8380
  Data: [
    0.0000, 0.1000, 0.2000, 0.1000, 0.1000, 0.1000, 0.0000, 0.5000, 0.9000, 0.3000,
    0.4000, 0.4000, 0.6000, 1.5000, 0.7000, 1.1000, 1.3000, 1.3000, 1.5000, 1.3000,
    1.2000, 1.6000, 0.9000, 1.5000, 2.5000, 2.1000, 1.2000, 1.5000, 1.9000, 3.2000,
    2.8000, 3.1000, 1.2000, 1.5000, 1.8000, 3.4000, 1.9000, 0.9000, 2.6000, 2.8000,
    1.6000, 1.4000, 1.1000, 4.5000, 1.9000, 2.9000, 1.3000, 2.4000, 1.5000, 1.4000,
    2.8000, 1.1000, 3.1000, 3.9000, 2.7000, 3.3000, 2.2000, 2.0000, 1.9000, 3.0000,
    1.9000, 3.0000, 2.9000, 2.0000, 2.1000, 1.9000, 1.8000, 2.0000, 1.7000, 3.1000,
    2.1000, 1.6000, 2.9000, 1.9000, 1.4000, 2.1000, 2.3000, 2.0000, 2.1000, 0.9000,
    2.1000, 2.9000, 1.9000, 2.1000, 1.1000, 1.5000, 2.1000, 1.8000, 1.9000, 1.7000,
    0.9000, 2.3000, 1.9000, 2.6000, 3.3000, 3.9000, 2.6000, 3.3000, 1.8000, 2.4000,
  ]

### behavior/time_near_puck
  Total points: 100
  Min: 0.0000, Max: 31.8000, Mean: 15.7250
  Data: [
    0.0000, 1.4000, 2.7000, 1.4000, 0.2000, 0.2000, 0.0000, 4.2000, 9.9000, 2.7000,
    5.6000, 4.2000, 7.7000, 16.7000, 9.9000, 12.3000, 15.1000, 13.7000, 19.6000, 13.9000,
    14.6000, 17.6000, 11.0000, 15.2000, 29.3000, 23.4000, 11.0000, 18.0000, 18.7000, 14.3000,
    20.9000, 16.5000, 11.5000, 14.2000, 13.5000, 17.5000, 16.3000, 7.9000, 10.8000, 10.4000,
    9.3000, 7.8000, 8.6000, 19.0000, 17.8000, 22.4000, 9.1000, 17.7000, 9.0000, 4.5000,
    21.4000, 5.5000, 21.4000, 27.3000, 19.0000, 31.5000, 24.8000, 23.1000, 22.0000, 29.1000,
    19.9000, 27.9000, 31.8000, 20.6000, 22.5000, 18.5000, 17.6000, 21.9000, 17.2000, 29.4000,
    19.1000, 15.3000, 29.9000, 18.0000, 14.4000, 12.8000, 23.3000, 18.6000, 17.6000, 8.6000,
    17.3000, 26.4000, 17.8000, 15.3000, 8.7000, 10.9000, 18.4000, 12.1000, 18.4000, 13.2000,
    9.0000, 21.9000, 19.6000, 22.2000, 29.2000, 25.0000, 20.6000, 23.4000, 14.2000, 19.7000,
  ]

### behavior/velocity_avg
  Total points: 100
  Min: 0.0408, Max: 0.1492, Mean: 0.1223
  Data: [
    0.0456, 0.0434, 0.0516, 0.0408, 0.0457, 0.0575, 0.0686, 0.0879, 0.0745, 0.0731,
    0.0743, 0.0827, 0.0956, 0.1165, 0.1265, 0.1302, 0.1334, 0.1228, 0.1348, 0.1236,
    0.1247, 0.1254, 0.1221, 0.0956, 0.1159, 0.1300, 0.1047, 0.1287, 0.1293, 0.1314,
    0.1226, 0.1213, 0.1240, 0.1394, 0.1294, 0.1318, 0.1235, 0.1196, 0.1359, 0.1335,
    0.1407, 0.1361, 0.1320, 0.1307, 0.1231, 0.1235, 0.1286, 0.1164, 0.1300, 0.1381,
    0.1444, 0.1163, 0.1398, 0.1158, 0.1154, 0.1300, 0.1339, 0.1228, 0.1232, 0.1364,
    0.1391, 0.1336, 0.1341, 0.1268, 0.1328, 0.1360, 0.1278, 0.1385, 0.1492, 0.1375,
    0.1403, 0.1409, 0.1400, 0.1392, 0.1255, 0.1214, 0.1293, 0.1351, 0.1347, 0.1432,
    0.1326, 0.1389, 0.1305, 0.1388, 0.1350, 0.1413, 0.1290, 0.1391, 0.1367, 0.1414,
    0.1487, 0.1384, 0.1489, 0.1293, 0.1388, 0.1247, 0.1369, 0.1280, 0.1430, 0.1299,
  ]

### behavior/velocity_max
  Total points: 100
  Min: 0.1534, Max: 0.2401, Mean: 0.2286
  Data: [
    0.1764, 0.1550, 0.1681, 0.1718, 0.1534, 0.2310, 0.2229, 0.2211, 0.2126, 0.2139,
    0.2140, 0.1848, 0.2184, 0.2370, 0.2309, 0.2298, 0.2282, 0.2360, 0.2382, 0.2305,
    0.2323, 0.2323, 0.2385, 0.2187, 0.2289, 0.2340, 0.2233, 0.2383, 0.2387, 0.2384,
    0.2399, 0.2315, 0.2340, 0.2356, 0.2328, 0.2342, 0.2340, 0.2286, 0.2327, 0.2326,
    0.2341, 0.2377, 0.2367, 0.2375, 0.2387, 0.2367, 0.2288, 0.2373, 0.2344, 0.2305,
    0.2333, 0.2249, 0.2294, 0.2359, 0.2291, 0.2329, 0.2349, 0.2283, 0.2361, 0.2350,
    0.2329, 0.2359, 0.2375, 0.2365, 0.2332, 0.2358, 0.2351, 0.2351, 0.2377, 0.2375,
    0.2389, 0.2401, 0.2363, 0.2336, 0.2319, 0.2280, 0.2364, 0.2357, 0.2358, 0.2284,
    0.2309, 0.2346, 0.2322, 0.2348, 0.2295, 0.2296, 0.2343, 0.2267, 0.2321, 0.2292,
    0.2297, 0.2350, 0.2377, 0.2314, 0.2321, 0.2364, 0.2301, 0.2328, 0.2358, 0.2364,
  ]

### eval/strong/avg_reward
  Total points: 40
  Min: -11.9325, Max: 1.7820, Mean: -4.9218
  Data: [
    -9.6768, -11.9325, -5.5535, -6.1934, -3.5805, -7.6698, -5.6075, -2.9599, -4.4656, -7.5007,
    -4.3422, -8.2107, -4.3069, -0.9461, -2.7884, -4.3292, -6.1077, -2.1265, 1.7820, -5.2502,
    0.3423, -1.1154, -4.2980, -3.4837, -7.4627, -3.8094, -4.3966, -4.7710, -6.4995, -5.9055,
    -5.5427, -10.1109, -6.6797, -6.4551, -4.7888, -7.5589, -2.6155, -3.2538, -3.6488, -3.0533,
  ]

### eval/strong/loss_rate
  Total points: 40
  Min: 0.2000, Max: 0.6000, Mean: 0.3890
  Data: [
    0.6000, 0.3600, 0.5200, 0.4400, 0.2800, 0.5200, 0.4800, 0.2800, 0.4400, 0.3600,
    0.3200, 0.3200, 0.3200, 0.2400, 0.3200, 0.4800, 0.4400, 0.3600, 0.2800, 0.3200,
    0.2000, 0.2400, 0.2800, 0.3200, 0.5600, 0.3600, 0.4800, 0.4400, 0.3600, 0.4800,
    0.3200, 0.5200, 0.4400, 0.4800, 0.3600, 0.5200, 0.3600, 0.3600, 0.3600, 0.4400,
  ]

### eval/strong/losses
  Total points: 40
  Min: 5.0000, Max: 15.0000, Mean: 9.7250
  Data: [
    15.0000, 9.0000, 13.0000, 11.0000, 7.0000, 13.0000, 12.0000, 7.0000, 11.0000, 9.0000,
    8.0000, 8.0000, 8.0000, 6.0000, 8.0000, 12.0000, 11.0000, 9.0000, 7.0000, 8.0000,
    5.0000, 6.0000, 7.0000, 8.0000, 14.0000, 9.0000, 12.0000, 11.0000, 9.0000, 12.0000,
    8.0000, 13.0000, 11.0000, 12.0000, 9.0000, 13.0000, 9.0000, 9.0000, 9.0000, 11.0000,
  ]

### eval/strong/tie_rate
  Total points: 40
  Min: 0.0800, Max: 0.5200, Mean: 0.3290
  Data: [
    0.2800, 0.4800, 0.1600, 0.3200, 0.4400, 0.3600, 0.2400, 0.3600, 0.1600, 0.3600,
    0.4000, 0.4400, 0.4400, 0.3600, 0.3200, 0.1600, 0.4000, 0.2400, 0.0800, 0.3600,
    0.2800, 0.3200, 0.5200, 0.4400, 0.3200, 0.3200, 0.2000, 0.2800, 0.5200, 0.2800,
    0.5200, 0.4400, 0.4000, 0.3600, 0.3600, 0.2400, 0.2000, 0.2800, 0.2800, 0.2400,
  ]

### eval/strong/ties
  Total points: 40
  Min: 2.0000, Max: 13.0000, Mean: 8.2250
  Data: [
    7.0000, 12.0000, 4.0000, 8.0000, 11.0000, 9.0000, 6.0000, 9.0000, 4.0000, 9.0000,
    10.0000, 11.0000, 11.0000, 9.0000, 8.0000, 4.0000, 10.0000, 6.0000, 2.0000, 9.0000,
    7.0000, 8.0000, 13.0000, 11.0000, 8.0000, 8.0000, 5.0000, 7.0000, 13.0000, 7.0000,
    13.0000, 11.0000, 10.0000, 9.0000, 9.0000, 6.0000, 5.0000, 7.0000, 7.0000, 6.0000,
  ]

### eval/strong/win_rate
  Total points: 40
  Min: 0.0400, Max: 0.6400, Mean: 0.2820
  Data: [
    0.1200, 0.1600, 0.3200, 0.2400, 0.2800, 0.1200, 0.2800, 0.3600, 0.4000, 0.2800,
    0.2800, 0.2400, 0.2400, 0.4000, 0.3600, 0.3600, 0.1600, 0.4000, 0.6400, 0.3200,
    0.5200, 0.4400, 0.2000, 0.2400, 0.1200, 0.3200, 0.3200, 0.2800, 0.1200, 0.2400,
    0.1600, 0.0400, 0.1600, 0.1600, 0.2800, 0.2400, 0.4400, 0.3600, 0.3600, 0.3200,
  ]

### eval/strong/win_rate_decisive
  Total points: 40
  Min: 0.0714, Max: 0.7222, Mean: 0.4129
  Data: [
    0.1667, 0.3077, 0.3810, 0.3529, 0.5000, 0.1875, 0.3684, 0.5625, 0.4762, 0.4375,
    0.4667, 0.4286, 0.4286, 0.6250, 0.5294, 0.4286, 0.2667, 0.5263, 0.6957, 0.5000,
    0.7222, 0.6471, 0.4167, 0.4286, 0.1765, 0.4706, 0.4000, 0.3889, 0.2500, 0.3333,
    0.3333, 0.0714, 0.2667, 0.2500, 0.4375, 0.3158, 0.5500, 0.5000, 0.5000, 0.4211,
  ]

### eval/strong/wins
  Total points: 40
  Min: 1.0000, Max: 16.0000, Mean: 7.0500
  Data: [
    3.0000, 4.0000, 8.0000, 6.0000, 7.0000, 3.0000, 7.0000, 9.0000, 10.0000, 7.0000,
    7.0000, 6.0000, 6.0000, 10.0000, 9.0000, 9.0000, 4.0000, 10.0000, 16.0000, 8.0000,
    13.0000, 11.0000, 5.0000, 6.0000, 3.0000, 8.0000, 8.0000, 7.0000, 3.0000, 6.0000,
    4.0000, 1.0000, 4.0000, 4.0000, 7.0000, 6.0000, 11.0000, 9.0000, 9.0000, 8.0000,
  ]

### eval/weak/avg_reward
  Total points: 40
  Min: -11.3604, Max: 1.3192, Mean: -4.8149
  Data: [
    -6.8348, -11.3604, -6.8235, -7.6940, -7.6344, -4.3982, -6.9477, -4.3633, -0.6278, -7.3068,
    -6.0629, -9.0519, -4.9010, -2.1721, -2.5868, -3.9283, -4.0787, -4.2184, -2.7896, -7.7502,
    -6.4482, -4.0875, -6.8306, -7.1160, -8.0594, -3.1380, -2.2053, -4.2332, -3.9348, -3.4372,
    -0.9271, -3.5102, 1.3192, -2.4792, -1.1390, -2.7490, -5.1058, -6.2061, -7.6076, -3.1707,
  ]

### eval/weak/loss_rate
  Total points: 40
  Min: 0.1600, Max: 0.7200, Mean: 0.5020
  Data: [
    0.6000, 0.5600, 0.6800, 0.7200, 0.6000, 0.5200, 0.6000, 0.5200, 0.3200, 0.6800,
    0.6000, 0.5600, 0.6000, 0.4000, 0.5200, 0.5600, 0.5200, 0.5600, 0.5200, 0.4000,
    0.5200, 0.3600, 0.5200, 0.5600, 0.5200, 0.4000, 0.3200, 0.5200, 0.5600, 0.5200,
    0.3200, 0.4000, 0.1600, 0.4000, 0.2400, 0.3200, 0.6000, 0.6800, 0.7200, 0.4000,
  ]

### eval/weak/losses
  Total points: 40
  Min: 4.0000, Max: 18.0000, Mean: 12.5500
  Data: [
    15.0000, 14.0000, 17.0000, 18.0000, 15.0000, 13.0000, 15.0000, 13.0000, 8.0000, 17.0000,
    15.0000, 14.0000, 15.0000, 10.0000, 13.0000, 14.0000, 13.0000, 14.0000, 13.0000, 10.0000,
    13.0000, 9.0000, 13.0000, 14.0000, 13.0000, 10.0000, 8.0000, 13.0000, 14.0000, 13.0000,
    8.0000, 10.0000, 4.0000, 10.0000, 6.0000, 8.0000, 15.0000, 17.0000, 18.0000, 10.0000,
  ]

### eval/weak/tie_rate
  Total points: 40
  Min: 0.0400, Max: 0.4000, Mean: 0.2300
  Data: [
    0.2000, 0.2800, 0.1200, 0.1200, 0.2400, 0.2000, 0.2000, 0.1600, 0.2400, 0.1200,
    0.1600, 0.3600, 0.1200, 0.2400, 0.0400, 0.0800, 0.2000, 0.1600, 0.0800, 0.4000,
    0.3200, 0.4000, 0.3600, 0.2800, 0.4000, 0.2800, 0.3600, 0.2400, 0.0800, 0.1600,
    0.2400, 0.3600, 0.3600, 0.2800, 0.3600, 0.3600, 0.1200, 0.0800, 0.1200, 0.3200,
  ]

### eval/weak/ties
  Total points: 40
  Min: 1.0000, Max: 10.0000, Mean: 5.7500
  Data: [
    5.0000, 7.0000, 3.0000, 3.0000, 6.0000, 5.0000, 5.0000, 4.0000, 6.0000, 3.0000,
    4.0000, 9.0000, 3.0000, 6.0000, 1.0000, 2.0000, 5.0000, 4.0000, 2.0000, 10.0000,
    8.0000, 10.0000, 9.0000, 7.0000, 10.0000, 7.0000, 9.0000, 6.0000, 2.0000, 4.0000,
    6.0000, 9.0000, 9.0000, 7.0000, 9.0000, 9.0000, 3.0000, 2.0000, 3.0000, 8.0000,
  ]

### eval/weak/win_rate
  Total points: 40
  Min: 0.0800, Max: 0.4800, Mean: 0.2680
  Data: [
    0.2000, 0.1600, 0.2000, 0.1600, 0.1600, 0.2800, 0.2000, 0.3200, 0.4400, 0.2000,
    0.2400, 0.0800, 0.2800, 0.3600, 0.4400, 0.3600, 0.2800, 0.2800, 0.4000, 0.2000,
    0.1600, 0.2400, 0.1200, 0.1600, 0.0800, 0.3200, 0.3200, 0.2400, 0.3600, 0.3200,
    0.4400, 0.2400, 0.4800, 0.3200, 0.4000, 0.3200, 0.2800, 0.2400, 0.1600, 0.2800,
  ]

### eval/weak/win_rate_decisive
  Total points: 40
  Min: 0.1250, Max: 0.7500, Mean: 0.3510
  Data: [
    0.2500, 0.2222, 0.2273, 0.1818, 0.2105, 0.3500, 0.2500, 0.3810, 0.5789, 0.2273,
    0.2857, 0.1250, 0.3182, 0.4737, 0.4583, 0.3913, 0.3500, 0.3333, 0.4348, 0.3333,
    0.2353, 0.4000, 0.1875, 0.2222, 0.1333, 0.4444, 0.5000, 0.3158, 0.3913, 0.3810,
    0.5789, 0.3750, 0.7500, 0.4444, 0.6250, 0.5000, 0.3182, 0.2609, 0.1818, 0.4118,
  ]

### eval/weak/wins
  Total points: 40
  Min: 2.0000, Max: 12.0000, Mean: 6.7000
  Data: [
    5.0000, 4.0000, 5.0000, 4.0000, 4.0000, 7.0000, 5.0000, 8.0000, 11.0000, 5.0000,
    6.0000, 2.0000, 7.0000, 9.0000, 11.0000, 9.0000, 7.0000, 7.0000, 10.0000, 5.0000,
    4.0000, 6.0000, 3.0000, 4.0000, 2.0000, 8.0000, 8.0000, 6.0000, 9.0000, 8.0000,
    11.0000, 6.0000, 12.0000, 8.0000, 10.0000, 8.0000, 7.0000, 6.0000, 4.0000, 7.0000,
  ]

### gradients/actor_grad_norm
  Total points: 100
  Min: 0.0000, Max: 0.0776, Mean: 0.0420
  Data: [
    0.0000, 0.0000, 0.0000, 0.0000, 0.0000, 0.0261, 0.0169, 0.0242, 0.0169, 0.0198,
    0.0226, 0.0180, 0.0215, 0.0215, 0.0186, 0.0258, 0.0222, 0.0231, 0.0196, 0.0211,
    0.0278, 0.0206, 0.0251, 0.0315, 0.0299, 0.0303, 0.0248, 0.0239, 0.0208, 0.0226,
    0.0247, 0.0215, 0.0197, 0.0305, 0.0208, 0.0307, 0.0254, 0.0228, 0.0240, 0.0310,
    0.0239, 0.0226, 0.0230, 0.0271, 0.0279, 0.0245, 0.0227, 0.0286, 0.0325, 0.0343,
    0.0611, 0.0594, 0.0653, 0.0561, 0.0632, 0.0544, 0.0578, 0.0682, 0.0549, 0.0597,
    0.0776, 0.0641, 0.0644, 0.0648, 0.0526, 0.0631, 0.0661, 0.0581, 0.0692, 0.0571,
    0.0571, 0.0654, 0.0574, 0.0626, 0.0566, 0.0606, 0.0640, 0.0644, 0.0633, 0.0663,
    0.0631, 0.0623, 0.0718, 0.0737, 0.0577, 0.0590, 0.0595, 0.0643, 0.0600, 0.0589,
    0.0649, 0.0590, 0.0547, 0.0617, 0.0616, 0.0637, 0.0627, 0.0580, 0.0700, 0.0668,
  ]

### gradients/critic_grad_norm
  Total points: 100
  Min: 0.0000, Max: 0.8870, Mean: 0.5703
  Data: [
    0.0000, 0.0000, 0.0000, 0.0000, 0.0000, 0.0562, 0.1485, 0.2079, 0.2680, 0.2536,
    0.2669, 0.4138, 0.4078, 0.4097, 0.3893, 0.5315, 0.4601, 0.5034, 0.5051, 0.5279,
    0.4951, 0.5107, 0.5710, 0.5388, 0.4994, 0.6471, 0.6739, 0.6745, 0.6024, 0.6217,
    0.7456, 0.6124, 0.5545, 0.5761, 0.5607, 0.7191, 0.5724, 0.6326, 0.6528, 0.6453,
    0.6438, 0.8870, 0.5534, 0.5914, 0.5909, 0.7261, 0.7492, 0.7011, 0.6805, 0.6415,
    0.6702, 0.6685, 0.6254, 0.5691, 0.5426, 0.5729, 0.7190, 0.7561, 0.6264, 0.5609,
    0.6983, 0.6207, 0.5074, 0.6425, 0.6473, 0.7482, 0.6672, 0.6636, 0.7805, 0.8105,
    0.7018, 0.8448, 0.6397, 0.6267, 0.6041, 0.6352, 0.5439, 0.7281, 0.7255, 0.7850,
    0.6174, 0.6524, 0.6475, 0.5784, 0.6262, 0.6715, 0.6350, 0.6539, 0.6404, 0.6802,
    0.6762, 0.6565, 0.6576, 0.7173, 0.6900, 0.5722, 0.7330, 0.6198, 0.5635, 0.5894,
  ]

### losses/actor_loss
  Total points: 100
  Min: -3.7799, Max: 0.8145, Mean: 0.4596
  Data: [
    0.0000, 0.0000, 0.0000, 0.0000, 0.0000, -3.7799, -2.1766, -1.4020, -1.0942, -0.8131,
    -0.5621, 0.4860, 0.6156, 0.6728, 0.7127, 0.7491, 0.7732, 0.7367, 0.7645, 0.7728,
    0.7701, 0.7744, 0.7496, 0.5792, 0.4735, 0.3832, 0.2088, 0.2029, 0.1777, 0.2740,
    0.2891, 0.3316, 0.3779, 0.4733, 0.5055, 0.5335, 0.5507, 0.5726, 0.6064, 0.6232,
    0.6201, 0.6152, 0.6394, 0.5683, 0.5745, 0.5658, 0.4540, 0.5106, 0.4527, 0.3624,
    0.4502, 0.4641, 0.4507, 0.4533, 0.4771, 0.5391, 0.5322, 0.5525, 0.5441, 0.5756,
    0.6368, 0.6237, 0.6862, 0.6419, 0.6573, 0.6544, 0.7351, 0.7576, 0.7352, 0.7590,
    0.7626, 0.7717, 0.8145, 0.8032, 0.8123, 0.7953, 0.8067, 0.7691, 0.7858, 0.8085,
    0.7875, 0.7818, 0.7509, 0.7743, 0.7741, 0.7620, 0.7577, 0.7853, 0.7311, 0.7375,
    0.7568, 0.7258, 0.7069, 0.7426, 0.7199, 0.7123, 0.7169, 0.7184, 0.7042, 0.6778,
  ]

### losses/critic_loss
  Total points: 100
  Min: 0.0000, Max: 0.0636, Mean: 0.0430
  Data: [
    0.0000, 0.0000, 0.0000, 0.0000, 0.0000, 0.0379, 0.0262, 0.0349, 0.0268, 0.0286,
    0.0303, 0.0328, 0.0287, 0.0286, 0.0354, 0.0449, 0.0454, 0.0441, 0.0463, 0.0524,
    0.0476, 0.0496, 0.0523, 0.0496, 0.0426, 0.0482, 0.0490, 0.0541, 0.0494, 0.0570,
    0.0525, 0.0563, 0.0543, 0.0445, 0.0565, 0.0475, 0.0551, 0.0548, 0.0531, 0.0514,
    0.0471, 0.0545, 0.0519, 0.0526, 0.0512, 0.0541, 0.0511, 0.0565, 0.0539, 0.0636,
    0.0400, 0.0436, 0.0377, 0.0415, 0.0424, 0.0423, 0.0435, 0.0490, 0.0468, 0.0436,
    0.0414, 0.0419, 0.0423, 0.0365, 0.0363, 0.0421, 0.0454, 0.0402, 0.0442, 0.0470,
    0.0471, 0.0431, 0.0427, 0.0409, 0.0391, 0.0444, 0.0458, 0.0418, 0.0485, 0.0522,
    0.0434, 0.0503, 0.0494, 0.0434, 0.0428, 0.0448, 0.0423, 0.0420, 0.0463, 0.0484,
    0.0467, 0.0445, 0.0447, 0.0507, 0.0460, 0.0430, 0.0446, 0.0435, 0.0406, 0.0419,
  ]

### pbrs/avg_per_episode
  Total points: 100
  Min: 0.5725, Max: 0.8763, Mean: 0.7118
  Data: [
    0.5725, 0.5812, 0.6434, 0.6348, 0.6409, 0.6353, 0.6680, 0.6659, 0.6568, 0.6531,
    0.6574, 0.6696, 0.6714, 0.7020, 0.7305, 0.7703, 0.7870, 0.7861, 0.7835, 0.7872,
    0.7878, 0.7899, 0.7898, 0.7887, 0.7864, 0.7839, 0.7827, 0.7910, 0.7950, 0.8074,
    0.8111, 0.8178, 0.8197, 0.8292, 0.8355, 0.8383, 0.8411, 0.8408, 0.8446, 0.8470,
    0.8488, 0.8524, 0.8603, 0.8618, 0.8618, 0.8638, 0.8679, 0.8683, 0.8720, 0.8763,
    0.6448, 0.6445, 0.6442, 0.6433, 0.6428, 0.6419, 0.6415, 0.6414, 0.6417, 0.6434,
    0.6438, 0.6437, 0.6437, 0.6440, 0.6440, 0.6441, 0.6447, 0.6451, 0.6452, 0.6467,
    0.6471, 0.6486, 0.6491, 0.6503, 0.6517, 0.6532, 0.6536, 0.6540, 0.6542, 0.6551,
    0.6558, 0.6559, 0.6576, 0.6585, 0.6590, 0.6598, 0.6601, 0.6606, 0.6619, 0.6625,
    0.6627, 0.6631, 0.6633, 0.6636, 0.6637, 0.6640, 0.6642, 0.6644, 0.6651, 0.6660,
  ]

### performance/cumulative_win_rate
  Total points: 100
  Min: 0.0289, Max: 0.2722, Mean: 0.1854
  Data: [
    0.0400, 0.0400, 0.0300, 0.0325, 0.0289, 0.0364, 0.0343, 0.0400, 0.0424, 0.0433,
    0.0421, 0.0477, 0.0489, 0.0572, 0.0632, 0.0822, 0.0908, 0.0940, 0.0976, 0.1000,
    0.1037, 0.1055, 0.1076, 0.1065, 0.1076, 0.1094, 0.1122, 0.1143, 0.1151, 0.1207,
    0.1219, 0.1219, 0.1234, 0.1306, 0.1307, 0.1320, 0.1330, 0.1344, 0.1403, 0.1434,
    0.1451, 0.1458, 0.1464, 0.1466, 0.1482, 0.1490, 0.1492, 0.1495, 0.1525, 0.1538,
    0.2709, 0.2710, 0.2710, 0.2711, 0.2712, 0.2714, 0.2717, 0.2719, 0.2718, 0.2719,
    0.2720, 0.2721, 0.2722, 0.2722, 0.2722, 0.2722, 0.2721, 0.2720, 0.2719, 0.2717,
    0.2716, 0.2713, 0.2714, 0.2711, 0.2711, 0.2710, 0.2710, 0.2711, 0.2711, 0.2710,
    0.2709, 0.2709, 0.2706, 0.2705, 0.2704, 0.2703, 0.2702, 0.2702, 0.2700, 0.2699,
    0.2698, 0.2698, 0.2698, 0.2697, 0.2697, 0.2697, 0.2696, 0.2696, 0.2694, 0.2692,
  ]

### performance/losses
  Total points: 100
  Min: 18.0000, Max: 20055.0000, Mean: 9994.3300
  Data: [
    18.0000, 37.0000, 121.0000, 160.0000, 181.0000, 220.0000, 288.0000, 327.0000, 343.0000, 362.0000,
    384.0000, 536.0000, 558.0000, 625.0000, 696.0000, 860.0000, 956.0000, 983.0000, 1007.0000, 1038.0000,
    1066.0000, 1094.0000, 1120.0000, 1217.0000, 1239.0000, 1261.0000, 1338.0000, 1405.0000, 1438.0000, 1565.0000,
    1598.0000, 1637.0000, 1666.0000, 1791.0000, 1830.0000, 1863.0000, 1898.0000, 1925.0000, 2018.0000, 2079.0000,
    2110.0000, 2145.0000, 2219.0000, 2250.0000, 2277.0000, 2309.0000, 2405.0000, 2435.0000, 2533.0000, 2633.0000,
    17454.0000, 17470.0000, 17488.0000, 17518.0000, 17532.0000, 17604.0000, 17644.0000, 17664.0000, 17691.0000, 17856.0000,
    17909.0000, 17931.0000, 17953.0000, 17982.0000, 18005.0000, 18031.0000, 18157.0000, 18190.0000, 18217.0000, 18338.0000,
    18370.0000, 18468.0000, 18500.0000, 18571.0000, 18689.0000, 18791.0000, 18845.0000, 18877.0000, 18903.0000, 18966.0000,
    19051.0000, 19076.0000, 19203.0000, 19269.0000, 19304.0000, 19364.0000, 19439.0000, 19496.0000, 19615.0000, 19651.0000,
    19682.0000, 19712.0000, 19743.0000, 19773.0000, 19801.0000, 19831.0000, 19859.0000, 19886.0000, 19945.0000, 20055.0000,
  ]

### performance/ties
  Total points: 100
  Min: 30.0000, Max: 10163.0000, Mean: 5326.7400
  Data: [
    30.0000, 59.0000, 170.0000, 227.0000, 256.0000, 310.0000, 388.0000, 441.0000, 471.0000, 499.0000,
    526.0000, 702.0000, 726.0000, 742.0000, 756.0000, 792.0000, 817.0000, 829.0000, 843.0000, 852.0000,
    861.0000, 874.0000, 888.0000, 972.0000, 992.0000, 1010.0000, 1059.0000, 1075.0000, 1084.0000, 1117.0000,
    1124.0000, 1129.0000, 1139.0000, 1165.0000, 1169.0000, 1175.0000, 1180.0000, 1191.0000, 1206.0000, 1219.0000,
    1224.0000, 1229.0000, 1238.0000, 1249.0000, 1258.0000, 1265.0000, 1296.0000, 1307.0000, 1323.0000, 1344.0000,
    9266.0000, 9284.0000, 9302.0000, 9342.0000, 9362.0000, 9426.0000, 9448.0000, 9458.0000, 9471.0000, 9521.0000,
    9537.0000, 9549.0000, 9559.0000, 9567.0000, 9579.0000, 9590.0000, 9649.0000, 9657.0000, 9669.0000, 9700.0000,
    9709.0000, 9732.0000, 9735.0000, 9745.0000, 9773.0000, 9786.0000, 9805.0000, 9807.0000, 9817.0000, 9829.0000,
    9859.0000, 9871.0000, 9902.0000, 9913.0000, 9916.0000, 9932.0000, 9970.0000, 9988.0000, 10023.0000, 10028.0000,
    10037.0000, 10045.0000, 10051.0000, 10058.0000, 10067.0000, 10076.0000, 10087.0000, 10096.0000, 10120.0000, 10163.0000,
  ]

### performance/wins
  Total points: 100
  Min: 2.0000, Max: 11132.0000, Mean: 5439.4300
  Data: [
    2.0000, 4.0000, 9.0000, 13.0000, 13.0000, 20.0000, 24.0000, 32.0000, 36.0000, 39.0000,
    40.0000, 62.0000, 66.0000, 83.0000, 98.0000, 148.0000, 177.0000, 188.0000, 200.0000, 210.0000,
    223.0000, 232.0000, 242.0000, 261.0000, 269.0000, 279.0000, 303.0000, 320.0000, 328.0000, 368.0000,
    378.0000, 384.0000, 395.0000, 444.0000, 451.0000, 462.0000, 472.0000, 484.0000, 526.0000, 552.0000,
    566.0000, 576.0000, 593.0000, 601.0000, 615.0000, 626.0000, 649.0000, 658.0000, 694.0000, 723.0000,
    9930.0000, 9946.0000, 9960.0000, 9990.0000, 10006.0000, 10070.0000, 10108.0000, 10128.0000, 10138.0000, 10223.0000,
    10254.0000, 10270.0000, 10288.0000, 10301.0000, 10316.0000, 10329.0000, 10394.0000, 10403.0000, 10414.0000, 10462.0000,
    10471.0000, 10500.0000, 10515.0000, 10534.0000, 10588.0000, 10623.0000, 10650.0000, 10666.0000, 10680.0000, 10705.0000,
    10740.0000, 10753.0000, 10795.0000, 10818.0000, 10830.0000, 10854.0000, 10891.0000, 10916.0000, 10962.0000, 10971.0000,
    10981.0000, 10993.0000, 11006.0000, 11019.0000, 11032.0000, 11043.0000, 11054.0000, 11068.0000, 11085.0000, 11132.0000,
  ]

### rewards/p1
  Total points: 100
  Min: -28.7073, Max: 2.8542, Mean: -6.5695
  Data: [
    -24.0001, -19.5502, -16.3657, -28.7073, -25.9002, -22.5003, -27.3557, -17.7996, -14.7607, -16.8299,
    -13.7513, -14.2485, -5.8632, -9.5736, -9.3974, -6.5878, -6.1799, -8.6118, -5.1999, -6.8944,
    -0.4418, -7.3149, -1.6398, -11.8282, -5.5115, -2.6210, -11.0981, -5.9402, -6.7145, -8.9917,
    -8.1338, -9.1552, -6.9115, -1.8830, -7.5075, -3.2107, -3.4070, -3.4617, -2.6316, -3.9863,
    -7.1327, -6.9530, -6.8488, -3.5444, -4.7152, -2.2693, -7.7293, -5.2162, -3.2438, -5.7248,
    1.3231, -4.3920, -1.6047, -6.6312, -0.8215, -0.5273, 0.5198, -0.4325, -2.3808, -2.7434,
    -5.6743, 2.8542, -3.3407, -4.5905, -3.1780, -3.8294, 0.6050, -8.7058, -8.1162, 0.1059,
    -7.1584, -6.1889, -7.0858, -6.1538, -2.6246, -4.8541, -3.5282, -5.2862, -4.9401, -6.0147,
    -4.3655, -2.0373, 0.2532, -6.1151, -5.1131, -8.0367, -3.5432, -4.5622, -4.9340, -5.4744,
    -4.2984, -6.0920, -4.8392, 0.2162, -6.3317, -3.3770, -3.5011, -4.8254, -7.1093, -1.6210,
  ]

### rewards/p2
  Total points: 100
  Min: -2.3046, Max: 31.2289, Mean: 7.8070
  Data: [
    26.2498, 20.9231, 17.4525, 31.2289, 27.6973, 25.7282, 30.6030, 18.7571, 15.8600, 18.5990,
    15.1162, 14.1753, 5.9955, 11.7736, 10.2944, 7.4221, 6.6772, 9.9646, 6.3520, 8.1666,
    1.2904, 7.7499, 2.6409, 12.7005, 6.4280, 4.2440, 11.2865, 6.7499, 9.4262, 10.9076,
    8.7804, 11.2695, 8.6957, 4.5432, 9.2140, 4.5184, 4.5290, 4.6715, 3.2036, 4.1188,
    8.6361, 7.8890, 8.4576, 5.1731, 6.3346, 4.1501, 9.0238, 7.6422, 4.9082, 6.8033,
    -0.5489, 5.3123, 2.9334, 8.1354, 1.3082, 1.5161, 0.1919, 0.8641, 4.7011, 3.9502,
    6.8626, -2.3046, 4.6432, 6.1007, 4.3148, 4.8845, 1.3255, 10.2051, 9.0544, 0.9050,
    8.1911, 7.4727, 8.2541, 6.7180, 4.4435, 5.4730, 4.0722, 6.4579, 5.6373, 6.4631,
    6.0532, 4.0537, 0.6313, 6.6111, 6.1458, 8.6773, 5.7173, 5.3038, 5.9262, 5.9236,
    4.6234, 7.4960, 5.9570, 0.5724, 6.8488, 5.2879, 4.9814, 6.0213, 7.7129, 3.5944,
  ]

### rewards/sparse_only
  Total points: 100
  Min: -31.2289, Max: 2.3046, Mean: -7.8070
  Data: [
    -26.2498, -20.9231, -17.4525, -31.2289, -27.6973, -25.7282, -30.6030, -18.7571, -15.8600, -18.5990,
    -15.1162, -14.1753, -5.9955, -11.7736, -10.2944, -7.4221, -6.6772, -9.9646, -6.3520, -8.1666,
    -1.2904, -7.7499, -2.6409, -12.7005, -6.4280, -4.2440, -11.2865, -6.7499, -9.4262, -10.9076,
    -8.7804, -11.2695, -8.6957, -4.5432, -9.2140, -4.5184, -4.5290, -4.6715, -3.2036, -4.1188,
    -8.6361, -7.8890, -8.4576, -5.1731, -6.3346, -4.1501, -9.0238, -7.6422, -4.9082, -6.8033,
    0.5489, -5.3123, -2.9334, -8.1354, -1.3082, -1.5161, -0.1919, -0.8641, -4.7011, -3.9502,
    -6.8626, 2.3046, -4.6432, -6.1007, -4.3148, -4.8845, -1.3255, -10.2051, -9.0544, -0.9050,
    -8.1911, -7.4727, -8.2541, -6.7180, -4.4435, -5.4730, -4.0722, -6.4579, -5.6373, -6.4631,
    -6.0532, -4.0537, -0.6313, -6.6111, -6.1458, -8.6773, -5.7173, -5.3038, -5.9262, -5.9236,
    -4.6234, -7.4960, -5.9570, -0.5724, -6.8488, -5.2879, -4.9814, -6.0213, -7.7129, -3.5944,
  ]

### rewards/sparse_ratio
  Total points: 100
  Min: -8.5444, Max: 2.9204, Mean: 1.0735
  Data: [
    1.0937, 1.0702, 1.0664, 1.0878, 1.0694, 1.1435, 1.1187, 1.0538, 1.0745, 1.1051,
    1.0993, 0.9949, 1.0225, 1.2298, 1.0955, 1.1266, 1.0805, 1.1571, 1.2216, 1.1845,
    2.9204, 1.0595, 1.6105, 1.0737, 1.1663, 1.6192, 1.0170, 1.1363, 1.4039, 1.2131,
    1.0795, 1.2309, 1.2581, 2.4127, 1.2273, 1.4073, 1.3293, 1.3495, 1.2174, 1.0332,
    1.2108, 1.1346, 1.2349, 1.4595, 1.3434, 1.8288, 1.1675, 1.4651, 1.5131, 1.1884,
    0.4149, 1.2095, 1.8280, 1.2268, 1.5924, 2.8752, -0.3691, 1.9980, 1.9746, 1.4399,
    1.2094, 0.8074, 1.3899, 1.3290, 1.3577, 1.2755, -2.1910, 1.1722, 1.1156, -8.5444,
    1.1443, 1.2074, 1.1649, 1.0917, 1.6930, 1.1275, 1.1542, 1.2216, 1.1411, 1.0745,
    1.3866, 1.9897, -2.4933, 1.0811, 1.2020, 1.0797, 1.6136, 1.1626, 1.2011, 1.0821,
    1.0756, 1.2305, 1.2310, -2.6471, 1.0817, 1.5659, 1.4228, 1.2479, 1.0849, 2.2175,
  ]

### scoring/goals_conceded
  Total points: 100
  Min: 18.0000, Max: 20055.0000, Mean: 9994.3300
  Data: [
    18.0000, 37.0000, 121.0000, 160.0000, 181.0000, 220.0000, 288.0000, 327.0000, 343.0000, 362.0000,
    384.0000, 536.0000, 558.0000, 625.0000, 696.0000, 860.0000, 956.0000, 983.0000, 1007.0000, 1038.0000,
    1066.0000, 1094.0000, 1120.0000, 1217.0000, 1239.0000, 1261.0000, 1338.0000, 1405.0000, 1438.0000, 1565.0000,
    1598.0000, 1637.0000, 1666.0000, 1791.0000, 1830.0000, 1863.0000, 1898.0000, 1925.0000, 2018.0000, 2079.0000,
    2110.0000, 2145.0000, 2219.0000, 2250.0000, 2277.0000, 2309.0000, 2405.0000, 2435.0000, 2533.0000, 2633.0000,
    17454.0000, 17470.0000, 17488.0000, 17518.0000, 17532.0000, 17604.0000, 17644.0000, 17664.0000, 17691.0000, 17856.0000,
    17909.0000, 17931.0000, 17953.0000, 17982.0000, 18005.0000, 18031.0000, 18157.0000, 18190.0000, 18217.0000, 18338.0000,
    18370.0000, 18468.0000, 18500.0000, 18571.0000, 18689.0000, 18791.0000, 18845.0000, 18877.0000, 18903.0000, 18966.0000,
    19051.0000, 19076.0000, 19203.0000, 19269.0000, 19304.0000, 19364.0000, 19439.0000, 19496.0000, 19615.0000, 19651.0000,
    19682.0000, 19712.0000, 19743.0000, 19773.0000, 19801.0000, 19831.0000, 19859.0000, 19886.0000, 19945.0000, 20055.0000,
  ]

### scoring/goals_scored
  Total points: 100
  Min: 2.0000, Max: 11132.0000, Mean: 5439.4300
  Data: [
    2.0000, 4.0000, 9.0000, 13.0000, 13.0000, 20.0000, 24.0000, 32.0000, 36.0000, 39.0000,
    40.0000, 62.0000, 66.0000, 83.0000, 98.0000, 148.0000, 177.0000, 188.0000, 200.0000, 210.0000,
    223.0000, 232.0000, 242.0000, 261.0000, 269.0000, 279.0000, 303.0000, 320.0000, 328.0000, 368.0000,
    378.0000, 384.0000, 395.0000, 444.0000, 451.0000, 462.0000, 472.0000, 484.0000, 526.0000, 552.0000,
    566.0000, 576.0000, 593.0000, 601.0000, 615.0000, 626.0000, 649.0000, 658.0000, 694.0000, 723.0000,
    9930.0000, 9946.0000, 9960.0000, 9990.0000, 10006.0000, 10070.0000, 10108.0000, 10128.0000, 10138.0000, 10223.0000,
    10254.0000, 10270.0000, 10288.0000, 10301.0000, 10316.0000, 10329.0000, 10394.0000, 10403.0000, 10414.0000, 10462.0000,
    10471.0000, 10500.0000, 10515.0000, 10534.0000, 10588.0000, 10623.0000, 10650.0000, 10666.0000, 10680.0000, 10705.0000,
    10740.0000, 10753.0000, 10795.0000, 10818.0000, 10830.0000, 10854.0000, 10891.0000, 10916.0000, 10962.0000, 10971.0000,
    10981.0000, 10993.0000, 11006.0000, 11019.0000, 11032.0000, 11043.0000, 11054.0000, 11068.0000, 11085.0000, 11132.0000,
  ]

### selfplay/active
  Total points: 100
  Min: 0.0000, Max: 0.0000, Mean: 0.0000
  Data: [
    0.0000, 0.0000, 0.0000, 0.0000, 0.0000, 0.0000, 0.0000, 0.0000, 0.0000, 0.0000,
    0.0000, 0.0000, 0.0000, 0.0000, 0.0000, 0.0000, 0.0000, 0.0000, 0.0000, 0.0000,
    0.0000, 0.0000, 0.0000, 0.0000, 0.0000, 0.0000, 0.0000, 0.0000, 0.0000, 0.0000,
    0.0000, 0.0000, 0.0000, 0.0000, 0.0000, 0.0000, 0.0000, 0.0000, 0.0000, 0.0000,
    0.0000, 0.0000, 0.0000, 0.0000, 0.0000, 0.0000, 0.0000, 0.0000, 0.0000, 0.0000,
    0.0000, 0.0000, 0.0000, 0.0000, 0.0000, 0.0000, 0.0000, 0.0000, 0.0000, 0.0000,
    0.0000, 0.0000, 0.0000, 0.0000, 0.0000, 0.0000, 0.0000, 0.0000, 0.0000, 0.0000,
    0.0000, 0.0000, 0.0000, 0.0000, 0.0000, 0.0000, 0.0000, 0.0000, 0.0000, 0.0000,
    0.0000, 0.0000, 0.0000, 0.0000, 0.0000, 0.0000, 0.0000, 0.0000, 0.0000, 0.0000,
    0.0000, 0.0000, 0.0000, 0.0000, 0.0000, 0.0000, 0.0000, 0.0000, 0.0000, 0.0000,
  ]

### selfplay/episode_opponent_type_selfplay
  Total points: 100
  Min: 0.0000, Max: 0.0000, Mean: 0.0000
  Data: [
    0.0000, 0.0000, 0.0000, 0.0000, 0.0000, 0.0000, 0.0000, 0.0000, 0.0000, 0.0000,
    0.0000, 0.0000, 0.0000, 0.0000, 0.0000, 0.0000, 0.0000, 0.0000, 0.0000, 0.0000,
    0.0000, 0.0000, 0.0000, 0.0000, 0.0000, 0.0000, 0.0000, 0.0000, 0.0000, 0.0000,
    0.0000, 0.0000, 0.0000, 0.0000, 0.0000, 0.0000, 0.0000, 0.0000, 0.0000, 0.0000,
    0.0000, 0.0000, 0.0000, 0.0000, 0.0000, 0.0000, 0.0000, 0.0000, 0.0000, 0.0000,
    0.0000, 0.0000, 0.0000, 0.0000, 0.0000, 0.0000, 0.0000, 0.0000, 0.0000, 0.0000,
    0.0000, 0.0000, 0.0000, 0.0000, 0.0000, 0.0000, 0.0000, 0.0000, 0.0000, 0.0000,
    0.0000, 0.0000, 0.0000, 0.0000, 0.0000, 0.0000, 0.0000, 0.0000, 0.0000, 0.0000,
    0.0000, 0.0000, 0.0000, 0.0000, 0.0000, 0.0000, 0.0000, 0.0000, 0.0000, 0.0000,
    0.0000, 0.0000, 0.0000, 0.0000, 0.0000, 0.0000, 0.0000, 0.0000, 0.0000, 0.0000,
  ]

### selfplay/episode_opponent_type_strong
  Total points: 100
  Min: 0.0000, Max: 0.0000, Mean: 0.0000
  Data: [
    0.0000, 0.0000, 0.0000, 0.0000, 0.0000, 0.0000, 0.0000, 0.0000, 0.0000, 0.0000,
    0.0000, 0.0000, 0.0000, 0.0000, 0.0000, 0.0000, 0.0000, 0.0000, 0.0000, 0.0000,
    0.0000, 0.0000, 0.0000, 0.0000, 0.0000, 0.0000, 0.0000, 0.0000, 0.0000, 0.0000,
    0.0000, 0.0000, 0.0000, 0.0000, 0.0000, 0.0000, 0.0000, 0.0000, 0.0000, 0.0000,
    0.0000, 0.0000, 0.0000, 0.0000, 0.0000, 0.0000, 0.0000, 0.0000, 0.0000, 0.0000,
    0.0000, 0.0000, 0.0000, 0.0000, 0.0000, 0.0000, 0.0000, 0.0000, 0.0000, 0.0000,
    0.0000, 0.0000, 0.0000, 0.0000, 0.0000, 0.0000, 0.0000, 0.0000, 0.0000, 0.0000,
    0.0000, 0.0000, 0.0000, 0.0000, 0.0000, 0.0000, 0.0000, 0.0000, 0.0000, 0.0000,
    0.0000, 0.0000, 0.0000, 0.0000, 0.0000, 0.0000, 0.0000, 0.0000, 0.0000, 0.0000,
    0.0000, 0.0000, 0.0000, 0.0000, 0.0000, 0.0000, 0.0000, 0.0000, 0.0000, 0.0000,
  ]

### selfplay/episode_opponent_type_weak
  Total points: 100
  Min: 1.0000, Max: 1.0000, Mean: 1.0000
  Data: [
    1.0000, 1.0000, 1.0000, 1.0000, 1.0000, 1.0000, 1.0000, 1.0000, 1.0000, 1.0000,
    1.0000, 1.0000, 1.0000, 1.0000, 1.0000, 1.0000, 1.0000, 1.0000, 1.0000, 1.0000,
    1.0000, 1.0000, 1.0000, 1.0000, 1.0000, 1.0000, 1.0000, 1.0000, 1.0000, 1.0000,
    1.0000, 1.0000, 1.0000, 1.0000, 1.0000, 1.0000, 1.0000, 1.0000, 1.0000, 1.0000,
    1.0000, 1.0000, 1.0000, 1.0000, 1.0000, 1.0000, 1.0000, 1.0000, 1.0000, 1.0000,
    1.0000, 1.0000, 1.0000, 1.0000, 1.0000, 1.0000, 1.0000, 1.0000, 1.0000, 1.0000,
    1.0000, 1.0000, 1.0000, 1.0000, 1.0000, 1.0000, 1.0000, 1.0000, 1.0000, 1.0000,
    1.0000, 1.0000, 1.0000, 1.0000, 1.0000, 1.0000, 1.0000, 1.0000, 1.0000, 1.0000,
    1.0000, 1.0000, 1.0000, 1.0000, 1.0000, 1.0000, 1.0000, 1.0000, 1.0000, 1.0000,
    1.0000, 1.0000, 1.0000, 1.0000, 1.0000, 1.0000, 1.0000, 1.0000, 1.0000, 1.0000,
  ]

### selfplay/pool_size
  Total points: 100
  Min: 0.0000, Max: 0.0000, Mean: 0.0000
  Data: [
    0.0000, 0.0000, 0.0000, 0.0000, 0.0000, 0.0000, 0.0000, 0.0000, 0.0000, 0.0000,
    0.0000, 0.0000, 0.0000, 0.0000, 0.0000, 0.0000, 0.0000, 0.0000, 0.0000, 0.0000,
    0.0000, 0.0000, 0.0000, 0.0000, 0.0000, 0.0000, 0.0000, 0.0000, 0.0000, 0.0000,
    0.0000, 0.0000, 0.0000, 0.0000, 0.0000, 0.0000, 0.0000, 0.0000, 0.0000, 0.0000,
    0.0000, 0.0000, 0.0000, 0.0000, 0.0000, 0.0000, 0.0000, 0.0000, 0.0000, 0.0000,
    0.0000, 0.0000, 0.0000, 0.0000, 0.0000, 0.0000, 0.0000, 0.0000, 0.0000, 0.0000,
    0.0000, 0.0000, 0.0000, 0.0000, 0.0000, 0.0000, 0.0000, 0.0000, 0.0000, 0.0000,
    0.0000, 0.0000, 0.0000, 0.0000, 0.0000, 0.0000, 0.0000, 0.0000, 0.0000, 0.0000,
    0.0000, 0.0000, 0.0000, 0.0000, 0.0000, 0.0000, 0.0000, 0.0000, 0.0000, 0.0000,
    0.0000, 0.0000, 0.0000, 0.0000, 0.0000, 0.0000, 0.0000, 0.0000, 0.0000, 0.0000,
  ]

### selfplay/weak_ratio_target
  Total points: 100
  Min: 0.5000, Max: 0.5000, Mean: 0.5000
  Data: [
    0.5000, 0.5000, 0.5000, 0.5000, 0.5000, 0.5000, 0.5000, 0.5000, 0.5000, 0.5000,
    0.5000, 0.5000, 0.5000, 0.5000, 0.5000, 0.5000, 0.5000, 0.5000, 0.5000, 0.5000,
    0.5000, 0.5000, 0.5000, 0.5000, 0.5000, 0.5000, 0.5000, 0.5000, 0.5000, 0.5000,
    0.5000, 0.5000, 0.5000, 0.5000, 0.5000, 0.5000, 0.5000, 0.5000, 0.5000, 0.5000,
    0.5000, 0.5000, 0.5000, 0.5000, 0.5000, 0.5000, 0.5000, 0.5000, 0.5000, 0.5000,
    0.5000, 0.5000, 0.5000, 0.5000, 0.5000, 0.5000, 0.5000, 0.5000, 0.5000, 0.5000,
    0.5000, 0.5000, 0.5000, 0.5000, 0.5000, 0.5000, 0.5000, 0.5000, 0.5000, 0.5000,
    0.5000, 0.5000, 0.5000, 0.5000, 0.5000, 0.5000, 0.5000, 0.5000, 0.5000, 0.5000,
    0.5000, 0.5000, 0.5000, 0.5000, 0.5000, 0.5000, 0.5000, 0.5000, 0.5000, 0.5000,
    0.5000, 0.5000, 0.5000, 0.5000, 0.5000, 0.5000, 0.5000, 0.5000, 0.5000, 0.5000,
  ]

### strategic/attack_diversity_bonus
  Total points: 100
  Min: 0.0000, Max: 0.0000, Mean: 0.0000
  Data: [
    0.0000, 0.0000, 0.0000, 0.0000, 0.0000, 0.0000, 0.0000, 0.0000, 0.0000, 0.0000,
    0.0000, 0.0000, 0.0000, 0.0000, 0.0000, 0.0000, 0.0000, 0.0000, 0.0000, 0.0000,
    0.0000, 0.0000, 0.0000, 0.0000, 0.0000, 0.0000, 0.0000, 0.0000, 0.0000, 0.0000,
    0.0000, 0.0000, 0.0000, 0.0000, 0.0000, 0.0000, 0.0000, 0.0000, 0.0000, 0.0000,
    0.0000, 0.0000, 0.0000, 0.0000, 0.0000, 0.0000, 0.0000, 0.0000, 0.0000, 0.0000,
    0.0000, 0.0000, 0.0000, 0.0000, 0.0000, 0.0000, 0.0000, 0.0000, 0.0000, 0.0000,
    0.0000, 0.0000, 0.0000, 0.0000, 0.0000, 0.0000, 0.0000, 0.0000, 0.0000, 0.0000,
    0.0000, 0.0000, 0.0000, 0.0000, 0.0000, 0.0000, 0.0000, 0.0000, 0.0000, 0.0000,
    0.0000, 0.0000, 0.0000, 0.0000, 0.0000, 0.0000, 0.0000, 0.0000, 0.0000, 0.0000,
    0.0000, 0.0000, 0.0000, 0.0000, 0.0000, 0.0000, 0.0000, 0.0000, 0.0000, 0.0000,
  ]

### strategic/attack_sides_unique
  Total points: 100
  Min: 0.0000, Max: 0.0000, Mean: 0.0000
  Data: [
    0.0000, 0.0000, 0.0000, 0.0000, 0.0000, 0.0000, 0.0000, 0.0000, 0.0000, 0.0000,
    0.0000, 0.0000, 0.0000, 0.0000, 0.0000, 0.0000, 0.0000, 0.0000, 0.0000, 0.0000,
    0.0000, 0.0000, 0.0000, 0.0000, 0.0000, 0.0000, 0.0000, 0.0000, 0.0000, 0.0000,
    0.0000, 0.0000, 0.0000, 0.0000, 0.0000, 0.0000, 0.0000, 0.0000, 0.0000, 0.0000,
    0.0000, 0.0000, 0.0000, 0.0000, 0.0000, 0.0000, 0.0000, 0.0000, 0.0000, 0.0000,
    0.0000, 0.0000, 0.0000, 0.0000, 0.0000, 0.0000, 0.0000, 0.0000, 0.0000, 0.0000,
    0.0000, 0.0000, 0.0000, 0.0000, 0.0000, 0.0000, 0.0000, 0.0000, 0.0000, 0.0000,
    0.0000, 0.0000, 0.0000, 0.0000, 0.0000, 0.0000, 0.0000, 0.0000, 0.0000, 0.0000,
    0.0000, 0.0000, 0.0000, 0.0000, 0.0000, 0.0000, 0.0000, 0.0000, 0.0000, 0.0000,
    0.0000, 0.0000, 0.0000, 0.0000, 0.0000, 0.0000, 0.0000, 0.0000, 0.0000, 0.0000,
  ]

### strategic/forcing_bonus
  Total points: 100
  Min: 0.0000, Max: 0.0000, Mean: 0.0000
  Data: [
    0.0000, 0.0000, 0.0000, 0.0000, 0.0000, 0.0000, 0.0000, 0.0000, 0.0000, 0.0000,
    0.0000, 0.0000, 0.0000, 0.0000, 0.0000, 0.0000, 0.0000, 0.0000, 0.0000, 0.0000,
    0.0000, 0.0000, 0.0000, 0.0000, 0.0000, 0.0000, 0.0000, 0.0000, 0.0000, 0.0000,
    0.0000, 0.0000, 0.0000, 0.0000, 0.0000, 0.0000, 0.0000, 0.0000, 0.0000, 0.0000,
    0.0000, 0.0000, 0.0000, 0.0000, 0.0000, 0.0000, 0.0000, 0.0000, 0.0000, 0.0000,
    0.0000, 0.0000, 0.0000, 0.0000, 0.0000, 0.0000, 0.0000, 0.0000, 0.0000, 0.0000,
    0.0000, 0.0000, 0.0000, 0.0000, 0.0000, 0.0000, 0.0000, 0.0000, 0.0000, 0.0000,
    0.0000, 0.0000, 0.0000, 0.0000, 0.0000, 0.0000, 0.0000, 0.0000, 0.0000, 0.0000,
    0.0000, 0.0000, 0.0000, 0.0000, 0.0000, 0.0000, 0.0000, 0.0000, 0.0000, 0.0000,
    0.0000, 0.0000, 0.0000, 0.0000, 0.0000, 0.0000, 0.0000, 0.0000, 0.0000, 0.0000,
  ]

### strategic/opponent_avg_movement
  Total points: 100
  Min: 0.0000, Max: 0.0000, Mean: 0.0000
  Data: [
    0.0000, 0.0000, 0.0000, 0.0000, 0.0000, 0.0000, 0.0000, 0.0000, 0.0000, 0.0000,
    0.0000, 0.0000, 0.0000, 0.0000, 0.0000, 0.0000, 0.0000, 0.0000, 0.0000, 0.0000,
    0.0000, 0.0000, 0.0000, 0.0000, 0.0000, 0.0000, 0.0000, 0.0000, 0.0000, 0.0000,
    0.0000, 0.0000, 0.0000, 0.0000, 0.0000, 0.0000, 0.0000, 0.0000, 0.0000, 0.0000,
    0.0000, 0.0000, 0.0000, 0.0000, 0.0000, 0.0000, 0.0000, 0.0000, 0.0000, 0.0000,
    0.0000, 0.0000, 0.0000, 0.0000, 0.0000, 0.0000, 0.0000, 0.0000, 0.0000, 0.0000,
    0.0000, 0.0000, 0.0000, 0.0000, 0.0000, 0.0000, 0.0000, 0.0000, 0.0000, 0.0000,
    0.0000, 0.0000, 0.0000, 0.0000, 0.0000, 0.0000, 0.0000, 0.0000, 0.0000, 0.0000,
    0.0000, 0.0000, 0.0000, 0.0000, 0.0000, 0.0000, 0.0000, 0.0000, 0.0000, 0.0000,
    0.0000, 0.0000, 0.0000, 0.0000, 0.0000, 0.0000, 0.0000, 0.0000, 0.0000, 0.0000,
  ]

### strategic/opponent_total_movement
  Total points: 100
  Min: 0.0000, Max: 0.0000, Mean: 0.0000
  Data: [
    0.0000, 0.0000, 0.0000, 0.0000, 0.0000, 0.0000, 0.0000, 0.0000, 0.0000, 0.0000,
    0.0000, 0.0000, 0.0000, 0.0000, 0.0000, 0.0000, 0.0000, 0.0000, 0.0000, 0.0000,
    0.0000, 0.0000, 0.0000, 0.0000, 0.0000, 0.0000, 0.0000, 0.0000, 0.0000, 0.0000,
    0.0000, 0.0000, 0.0000, 0.0000, 0.0000, 0.0000, 0.0000, 0.0000, 0.0000, 0.0000,
    0.0000, 0.0000, 0.0000, 0.0000, 0.0000, 0.0000, 0.0000, 0.0000, 0.0000, 0.0000,
    0.0000, 0.0000, 0.0000, 0.0000, 0.0000, 0.0000, 0.0000, 0.0000, 0.0000, 0.0000,
    0.0000, 0.0000, 0.0000, 0.0000, 0.0000, 0.0000, 0.0000, 0.0000, 0.0000, 0.0000,
    0.0000, 0.0000, 0.0000, 0.0000, 0.0000, 0.0000, 0.0000, 0.0000, 0.0000, 0.0000,
    0.0000, 0.0000, 0.0000, 0.0000, 0.0000, 0.0000, 0.0000, 0.0000, 0.0000, 0.0000,
    0.0000, 0.0000, 0.0000, 0.0000, 0.0000, 0.0000, 0.0000, 0.0000, 0.0000, 0.0000,
  ]

### strategic/shot_quality_ratio
  Total points: 100
  Min: 0.0000, Max: 0.0000, Mean: 0.0000
  Data: [
    0.0000, 0.0000, 0.0000, 0.0000, 0.0000, 0.0000, 0.0000, 0.0000, 0.0000, 0.0000,
    0.0000, 0.0000, 0.0000, 0.0000, 0.0000, 0.0000, 0.0000, 0.0000, 0.0000, 0.0000,
    0.0000, 0.0000, 0.0000, 0.0000, 0.0000, 0.0000, 0.0000, 0.0000, 0.0000, 0.0000,
    0.0000, 0.0000, 0.0000, 0.0000, 0.0000, 0.0000, 0.0000, 0.0000, 0.0000, 0.0000,
    0.0000, 0.0000, 0.0000, 0.0000, 0.0000, 0.0000, 0.0000, 0.0000, 0.0000, 0.0000,
    0.0000, 0.0000, 0.0000, 0.0000, 0.0000, 0.0000, 0.0000, 0.0000, 0.0000, 0.0000,
    0.0000, 0.0000, 0.0000, 0.0000, 0.0000, 0.0000, 0.0000, 0.0000, 0.0000, 0.0000,
    0.0000, 0.0000, 0.0000, 0.0000, 0.0000, 0.0000, 0.0000, 0.0000, 0.0000, 0.0000,
    0.0000, 0.0000, 0.0000, 0.0000, 0.0000, 0.0000, 0.0000, 0.0000, 0.0000, 0.0000,
    0.0000, 0.0000, 0.0000, 0.0000, 0.0000, 0.0000, 0.0000, 0.0000, 0.0000, 0.0000,
  ]

### strategic/shots_blocked
  Total points: 100
  Min: 0.0000, Max: 0.0000, Mean: 0.0000
  Data: [
    0.0000, 0.0000, 0.0000, 0.0000, 0.0000, 0.0000, 0.0000, 0.0000, 0.0000, 0.0000,
    0.0000, 0.0000, 0.0000, 0.0000, 0.0000, 0.0000, 0.0000, 0.0000, 0.0000, 0.0000,
    0.0000, 0.0000, 0.0000, 0.0000, 0.0000, 0.0000, 0.0000, 0.0000, 0.0000, 0.0000,
    0.0000, 0.0000, 0.0000, 0.0000, 0.0000, 0.0000, 0.0000, 0.0000, 0.0000, 0.0000,
    0.0000, 0.0000, 0.0000, 0.0000, 0.0000, 0.0000, 0.0000, 0.0000, 0.0000, 0.0000,
    0.0000, 0.0000, 0.0000, 0.0000, 0.0000, 0.0000, 0.0000, 0.0000, 0.0000, 0.0000,
    0.0000, 0.0000, 0.0000, 0.0000, 0.0000, 0.0000, 0.0000, 0.0000, 0.0000, 0.0000,
    0.0000, 0.0000, 0.0000, 0.0000, 0.0000, 0.0000, 0.0000, 0.0000, 0.0000, 0.0000,
    0.0000, 0.0000, 0.0000, 0.0000, 0.0000, 0.0000, 0.0000, 0.0000, 0.0000, 0.0000,
    0.0000, 0.0000, 0.0000, 0.0000, 0.0000, 0.0000, 0.0000, 0.0000, 0.0000, 0.0000,
  ]

### strategic/shots_clear
  Total points: 100
  Min: 0.0000, Max: 0.0000, Mean: 0.0000
  Data: [
    0.0000, 0.0000, 0.0000, 0.0000, 0.0000, 0.0000, 0.0000, 0.0000, 0.0000, 0.0000,
    0.0000, 0.0000, 0.0000, 0.0000, 0.0000, 0.0000, 0.0000, 0.0000, 0.0000, 0.0000,
    0.0000, 0.0000, 0.0000, 0.0000, 0.0000, 0.0000, 0.0000, 0.0000, 0.0000, 0.0000,
    0.0000, 0.0000, 0.0000, 0.0000, 0.0000, 0.0000, 0.0000, 0.0000, 0.0000, 0.0000,
    0.0000, 0.0000, 0.0000, 0.0000, 0.0000, 0.0000, 0.0000, 0.0000, 0.0000, 0.0000,
    0.0000, 0.0000, 0.0000, 0.0000, 0.0000, 0.0000, 0.0000, 0.0000, 0.0000, 0.0000,
    0.0000, 0.0000, 0.0000, 0.0000, 0.0000, 0.0000, 0.0000, 0.0000, 0.0000, 0.0000,
    0.0000, 0.0000, 0.0000, 0.0000, 0.0000, 0.0000, 0.0000, 0.0000, 0.0000, 0.0000,
    0.0000, 0.0000, 0.0000, 0.0000, 0.0000, 0.0000, 0.0000, 0.0000, 0.0000, 0.0000,
    0.0000, 0.0000, 0.0000, 0.0000, 0.0000, 0.0000, 0.0000, 0.0000, 0.0000, 0.0000,
  ]

### training/avg_episode_length
  Total points: 100
  Min: 59.9000, Max: 201.2000, Mean: 121.3570
  Data: [
    159.3000, 156.0000, 140.1000, 188.5000, 175.9000, 157.0000, 166.6000, 160.3000, 196.3000, 150.1000,
    182.3000, 166.9000, 143.5000, 148.2000, 80.8000, 83.8000, 97.2000, 130.5000, 154.7000, 108.1000,
    112.6000, 104.0000, 142.4000, 172.3000, 168.7000, 147.2000, 132.5000, 109.3000, 141.9000, 132.9000,
    141.7000, 121.0000, 91.7000, 124.5000, 97.8000, 127.1000, 102.0000, 76.4000, 74.1000, 92.2000,
    92.1000, 59.9000, 86.6000, 122.3000, 104.1000, 116.9000, 81.2000, 150.2000, 95.9000, 67.5000,
    115.4000, 107.8000, 125.9000, 201.2000, 139.4000, 139.7000, 121.3000, 137.1000, 148.5000, 148.4000,
    105.3000, 135.1000, 147.7000, 125.1000, 124.8000, 101.0000, 120.3000, 112.1000, 101.6000, 150.0000,
    128.2000, 108.6000, 128.4000, 87.7000, 139.0000, 72.4000, 106.3000, 102.4000, 93.8000, 61.8000,
    118.1000, 152.0000, 118.3000, 88.2000, 77.9000, 77.0000, 126.7000, 65.0000, 105.9000, 87.8000,
    77.5000, 128.5000, 106.0000, 100.8000, 132.2000, 146.5000, 110.6000, 124.4000, 80.8000, 140.1000,
  ]

### training/calls_per_episode
  Total points: 100
  Min: 0.0000, Max: 0.0000, Mean: 0.0000
  Data: [
    0.0000, 0.0000, 0.0000, 0.0000, 0.0000, 0.0000, 0.0000, 0.0000, 0.0000, 0.0000,
    0.0000, 0.0000, 0.0000, 0.0000, 0.0000, 0.0000, 0.0000, 0.0000, 0.0000, 0.0000,
    0.0000, 0.0000, 0.0000, 0.0000, 0.0000, 0.0000, 0.0000, 0.0000, 0.0000, 0.0000,
    0.0000, 0.0000, 0.0000, 0.0000, 0.0000, 0.0000, 0.0000, 0.0000, 0.0000, 0.0000,
    0.0000, 0.0000, 0.0000, 0.0000, 0.0000, 0.0000, 0.0000, 0.0000, 0.0000, 0.0000,
    0.0000, 0.0000, 0.0000, 0.0000, 0.0000, 0.0000, 0.0000, 0.0000, 0.0000, 0.0000,
    0.0000, 0.0000, 0.0000, 0.0000, 0.0000, 0.0000, 0.0000, 0.0000, 0.0000, 0.0000,
    0.0000, 0.0000, 0.0000, 0.0000, 0.0000, 0.0000, 0.0000, 0.0000, 0.0000, 0.0000,
    0.0000, 0.0000, 0.0000, 0.0000, 0.0000, 0.0000, 0.0000, 0.0000, 0.0000, 0.0000,
    0.0000, 0.0000, 0.0000, 0.0000, 0.0000, 0.0000, 0.0000, 0.0000, 0.0000, 0.0000,
  ]

### training/episode
  Total points: 100
  Min: 50.0000, Max: 41350.0000, Mean: 20760.5000
  Data: [
    50.0000, 100.0000, 300.0000, 400.0000, 450.0000, 550.0000, 700.0000, 800.0000, 850.0000, 900.0000,
    950.0000, 1300.0000, 1350.0000, 1450.0000, 1550.0000, 1800.0000, 1950.0000, 2000.0000, 2050.0000, 2100.0000,
    2150.0000, 2200.0000, 2250.0000, 2450.0000, 2500.0000, 2550.0000, 2700.0000, 2800.0000, 2850.0000, 3050.0000,
    3100.0000, 3150.0000, 3200.0000, 3400.0000, 3450.0000, 3500.0000, 3550.0000, 3600.0000, 3750.0000, 3850.0000,
    3900.0000, 3950.0000, 4050.0000, 4100.0000, 4150.0000, 4200.0000, 4350.0000, 4400.0000, 4550.0000, 4700.0000,
    36650.0000, 36700.0000, 36750.0000, 36850.0000, 36900.0000, 37100.0000, 37200.0000, 37250.0000, 37300.0000, 37600.0000,
    37700.0000, 37750.0000, 37800.0000, 37850.0000, 37900.0000, 37950.0000, 38200.0000, 38250.0000, 38300.0000, 38500.0000,
    38550.0000, 38700.0000, 38750.0000, 38850.0000, 39050.0000, 39200.0000, 39300.0000, 39350.0000, 39400.0000, 39500.0000,
    39650.0000, 39700.0000, 39900.0000, 40000.0000, 40050.0000, 40150.0000, 40300.0000, 40400.0000, 40600.0000, 40650.0000,
    40700.0000, 40750.0000, 40800.0000, 40850.0000, 40900.0000, 40950.0000, 41000.0000, 41050.0000, 41150.0000, 41350.0000,
  ]

### training/eps_per_sec
  Total points: 100
  Min: 0.4902, Max: 7.6787, Mean: 1.5740
  Data: [
    5.5621, 7.3789, 7.6352, 7.6420, 7.6787, 0.4902, 1.0518, 0.9450, 0.8324, 0.9438,
    0.9301, 0.9811, 1.0189, 1.4333, 0.6863, 1.4001, 1.4557, 1.2398, 0.5814, 1.2724,
    1.2819, 1.1151, 1.2337, 0.8873, 0.9924, 0.4958, 1.1897, 1.6385, 1.3054, 0.5919,
    1.4426, 1.4885, 1.3040, 1.7839, 1.6166, 1.4517, 0.6960, 1.3358, 1.5575, 1.8260,
    1.5848, 1.4604, 0.8022, 1.2648, 1.3087, 1.1743, 1.2793, 1.2829, 0.6261, 1.4534,
    1.1750, 1.1525, 1.0825, 1.0813, 1.0366, 1.1133, 1.2188, 1.3487, 1.1119, 1.3635,
    1.4139, 1.1756, 1.2615, 1.5441, 1.3138, 1.3199, 1.5453, 1.6790, 1.2429, 1.3878,
    0.7589, 1.4824, 1.6764, 1.8418, 0.9541, 1.5982, 1.4586, 1.7537, 1.3854, 1.6441,
    1.3594, 1.2731, 1.5378, 1.6751, 0.9858, 1.4383, 1.3597, 1.4539, 1.2500, 1.9481,
    1.4024, 1.4291, 1.6066, 1.8062, 1.3244, 1.5034, 1.5547, 0.7942, 1.6068, 1.3383,
  ]

### training/epsilon
  Total points: 100
  Min: 0.0500, Max: 0.2941, Mean: 0.0893
  Data: [
    0.2941, 0.2882, 0.2661, 0.2556, 0.2506, 0.2407, 0.2267, 0.2178, 0.2135, 0.2093,
    0.2051, 0.1783, 0.1748, 0.1680, 0.1614, 0.1460, 0.1375, 0.1348, 0.1321, 0.1295,
    0.1269, 0.1244, 0.1219, 0.1126, 0.1103, 0.1082, 0.1019, 0.0979, 0.0959, 0.0885,
    0.0868, 0.0851, 0.0834, 0.0770, 0.0755, 0.0740, 0.0725, 0.0711, 0.0669, 0.0643,
    0.0630, 0.0618, 0.0594, 0.0582, 0.0570, 0.0559, 0.0526, 0.0516, 0.0500, 0.0500,
    0.0500, 0.0500, 0.0500, 0.0500, 0.0500, 0.0500, 0.0500, 0.0500, 0.0500, 0.0500,
    0.0500, 0.0500, 0.0500, 0.0500, 0.0500, 0.0500, 0.0500, 0.0500, 0.0500, 0.0500,
    0.0500, 0.0500, 0.0500, 0.0500, 0.0500, 0.0500, 0.0500, 0.0500, 0.0500, 0.0500,
    0.0500, 0.0500, 0.0500, 0.0500, 0.0500, 0.0500, 0.0500, 0.0500, 0.0500, 0.0500,
    0.0500, 0.0500, 0.0500, 0.0500, 0.0500, 0.0500, 0.0500, 0.0500, 0.0500, 0.0500,
  ]

### training/pbrs_enabled
  Total points: 100
  Min: 1.0000, Max: 1.0000, Mean: 1.0000
  Data: [
    1.0000, 1.0000, 1.0000, 1.0000, 1.0000, 1.0000, 1.0000, 1.0000, 1.0000, 1.0000,
    1.0000, 1.0000, 1.0000, 1.0000, 1.0000, 1.0000, 1.0000, 1.0000, 1.0000, 1.0000,
    1.0000, 1.0000, 1.0000, 1.0000, 1.0000, 1.0000, 1.0000, 1.0000, 1.0000, 1.0000,
    1.0000, 1.0000, 1.0000, 1.0000, 1.0000, 1.0000, 1.0000, 1.0000, 1.0000, 1.0000,
    1.0000, 1.0000, 1.0000, 1.0000, 1.0000, 1.0000, 1.0000, 1.0000, 1.0000, 1.0000,
    1.0000, 1.0000, 1.0000, 1.0000, 1.0000, 1.0000, 1.0000, 1.0000, 1.0000, 1.0000,
    1.0000, 1.0000, 1.0000, 1.0000, 1.0000, 1.0000, 1.0000, 1.0000, 1.0000, 1.0000,
    1.0000, 1.0000, 1.0000, 1.0000, 1.0000, 1.0000, 1.0000, 1.0000, 1.0000, 1.0000,
    1.0000, 1.0000, 1.0000, 1.0000, 1.0000, 1.0000, 1.0000, 1.0000, 1.0000, 1.0000,
    1.0000, 1.0000, 1.0000, 1.0000, 1.0000, 1.0000, 1.0000, 1.0000, 1.0000, 1.0000,
  ]

### training/tie_penalty
  Total points: 100
  Min: -1.5000, Max: 0.0000, Mean: -0.1800
  Data: [
    0.0000, 0.0000, 0.0000, 0.0000, 0.0000, 0.0000, 0.0000, 0.0000, -1.5000, 0.0000,
    0.0000, 0.0000, -1.5000, 0.0000, 0.0000, 0.0000, 0.0000, 0.0000, 0.0000, 0.0000,
    -1.5000, 0.0000, 0.0000, 0.0000, -1.5000, 0.0000, 0.0000, 0.0000, 0.0000, 0.0000,
    -1.5000, 0.0000, 0.0000, 0.0000, 0.0000, 0.0000, 0.0000, 0.0000, 0.0000, 0.0000,
    0.0000, 0.0000, 0.0000, 0.0000, 0.0000, 0.0000, 0.0000, 0.0000, 0.0000, 0.0000,
    0.0000, 0.0000, 0.0000, 0.0000, -1.5000, 0.0000, 0.0000, 0.0000, 0.0000, -1.5000,
    0.0000, 0.0000, -1.5000, 0.0000, 0.0000, 0.0000, 0.0000, 0.0000, 0.0000, -1.5000,
    0.0000, 0.0000, 0.0000, 0.0000, 0.0000, 0.0000, 0.0000, 0.0000, 0.0000, 0.0000,
    0.0000, 0.0000, 0.0000, 0.0000, 0.0000, 0.0000, 0.0000, 0.0000, 0.0000, 0.0000,
    0.0000, -1.5000, -1.5000, 0.0000, 0.0000, 0.0000, 0.0000, 0.0000, 0.0000, -1.5000,
  ]

### values/Q_avg
  Total points: 100
  Min: -1.6550, Max: 4.9629, Mean: -0.7457
  Data: [
    4.9629, 4.9621, 4.9501, 2.3559, 1.6473, 0.9590, -0.6008, -1.0897, -1.2497, -1.1585,
    -1.2750, -1.1275, -0.9434, -0.6023, -1.5962, -0.9079, -1.2475, -1.4161, -1.5887, -1.4707,
    -1.4659, -1.6550, -1.3139, -1.2874, -1.4907, -1.2811, -1.1343, -1.1075, -0.9687, -1.2207,
    -1.3660, -0.2568, -0.9690, -0.5634, -0.9932, -0.8506, -0.7934, -0.2880, -1.0225, -1.1040,
    -0.7463, -0.9881, -0.7458, -0.4391, -1.0012, -0.7947, -0.8982, -0.7702, -0.8754, -1.4160,
    -1.3347, -0.6577, -1.1832, -1.0429, -1.2830, -1.2018, -1.1810, -1.0935, -1.2357, -0.9557,
    -1.0611, -0.9433, -0.6660, -0.6681, -0.8026, -0.7253, -0.8812, -0.4369, -0.5215, -0.8370,
    -0.9499, -0.6249, -0.6245, -0.6867, -0.9013, -0.9140, -0.8729, -0.7503, -0.9790, -0.9386,
    -1.1284, -0.8271, -1.1539, -1.1581, -0.7727, -1.1288, -1.0895, -0.9004, -1.0643, -0.7094,
    -0.9064, -1.0706, -1.0703, -1.6067, -1.0804, -1.0955, -1.1038, -1.5723, -0.9651, -0.9670,
  ]

### values/Q_max
  Total points: 100
  Min: 2.4386, Max: 11.7472, Mean: 6.2461
  Data: [
    5.1378, 5.1369, 5.1245, 7.1220, 6.7446, 8.7650, 11.7472, 9.6397, 7.7424, 11.4601,
    7.7752, 8.1247, 9.2810, 11.2256, 4.5985, 9.6667, 8.1320, 8.4098, 8.3974, 9.1097,
    8.3076, 6.1423, 6.8411, 7.4545, 9.1445, 7.7751, 4.3086, 8.3555, 7.2725, 8.3602,
    5.7420, 8.0753, 7.3026, 7.1961, 10.8348, 7.0248, 7.4029, 6.6768, 7.0532, 7.0563,
    6.6964, 8.1694, 6.8528, 6.7027, 5.4195, 8.4738, 6.7985, 6.8742, 6.9720, 7.5147,
    4.8148, 7.6028, 2.6052, 4.7067, 4.0763, 3.5695, 5.0016, 3.6351, 3.8923, 6.4826,
    3.4195, 6.1156, 5.6331, 5.4277, 5.9317, 4.9773, 6.0759, 4.3502, 7.2741, 7.4634,
    6.8749, 6.9924, 4.7111, 4.1712, 3.9948, 6.3748, 5.0391, 4.1584, 3.6673, 5.0381,
    3.5417, 4.5156, 4.4501, 5.3256, 6.8320, 5.0686, 6.6683, 5.1100, 2.8363, 2.4386,
    3.6053, 3.3538, 4.9418, 6.0238, 4.3725, 3.8386, 3.4662, 4.2407, 5.0640, 2.6996,
  ]

### values/Q_min
  Total points: 100
  Min: -9.6569, Max: 4.7512, Mean: -6.9089
  Data: [
    4.7351, 4.7491, 4.7512, 0.7137, -0.2375, -0.8563, -5.3186, -7.7662, -6.9018, -5.5198,
    -4.5711, -5.7188, -6.5288, -7.4300, -7.9935, -7.2728, -8.9404, -8.2264, -8.8963, -8.5572,
    -9.5115, -7.8680, -8.3135, -7.2933, -7.5450, -6.9376, -7.6440, -7.8353, -7.2973, -8.0005,
    -7.6394, -8.5916, -8.8957, -7.3017, -8.1969, -8.4891, -8.6880, -8.0525, -8.1867, -7.5994,
    -8.7725, -8.4650, -9.6569, -7.4699, -8.9869, -8.9149, -9.4225, -7.2306, -8.8400, -8.5363,
    -8.0452, -6.9367, -7.5823, -7.7927, -7.4062, -7.4523, -7.5043, -6.5424, -7.0709, -6.9034,
    -7.2058, -7.0895, -6.9620, -6.1994, -7.3137, -7.0662, -7.5861, -6.3009, -6.6889, -7.3603,
    -6.3240, -7.0217, -7.1052, -7.1270, -5.4893, -7.2264, -7.3314, -8.3435, -6.7723, -7.3975,
    -7.3888, -7.1569, -6.9575, -7.1889, -7.2505, -7.3855, -7.1030, -7.4739, -7.4720, -7.6029,
    -7.3548, -7.1840, -7.4194, -7.0145, -7.9485, -7.0948, -7.4555, -6.8006, -7.0013, -7.5163,
  ]

### values/Q_std
  Total points: 100
  Min: 0.0814, Max: 3.5007, Mean: 2.3660
  Data: [
    0.0814, 0.0818, 0.0848, 1.1670, 1.4049, 1.8935, 2.8803, 2.4432, 2.1006, 2.1704,
    2.1206, 2.0690, 2.7560, 2.8474, 2.2957, 3.1700, 2.5409, 2.8964, 2.5613, 2.8643,
    2.9899, 2.8342, 2.5872, 2.7301, 2.9966, 2.4258, 2.6461, 2.7164, 2.8870, 2.9237,
    2.7080, 2.9854, 2.7170, 2.6500, 2.7435, 3.0659, 3.0596, 3.1126, 3.0147, 3.0017,
    3.0318, 3.0526, 3.4186, 2.8658, 3.0788, 3.5007, 3.0960, 2.7616, 2.9119, 2.8756,
    2.3520, 1.9686, 2.1600, 2.1546, 2.1137, 1.8298, 2.3771, 1.8318, 2.1432, 2.1767,
    1.9781, 2.1273, 2.3541, 1.8430, 2.2599, 1.9496, 2.3642, 1.6443, 1.9865, 2.6802,
    2.0263, 2.1564, 2.1637, 2.0296, 1.5066, 2.3865, 2.1672, 2.3366, 2.1951, 2.3495,
    2.3068, 1.9413, 2.1915, 2.1984, 2.2586, 2.4553, 2.5899, 2.5030, 2.2777, 2.0825,
    2.1822, 2.2116, 2.2386, 2.5994, 2.0351, 2.2636, 2.1814, 2.1626, 2.1492, 2.3407,
  ]
