================================================================================
W&B RUN DATA: no-norm-TD3-Hockey-NORMAL-weak-lr0.0003-seed48
================================================================================

## RUN METADATA
Run ID: 16bu2r31
Created: 2026-01-12T23:13:45Z
State: finished
Duration: 77459.230073609 seconds

## CONFIGURATION
  algorithm: TD3
  mode: NORMAL
  opponent: weak
  learning_rate_actor: 0.0003
  learning_rate_critic: 0.0003
  batch_size: 1024
  buffer_size: 1000000
  max_episodes: 200000
  random_seed: 48
  self_play_start: 0
  self_play_pool_size: 25
  gamma: 0.95
  tau: 0.005

## FINAL SUMMARY
  final_win_rate: 0.9451884057971014
  wins: 163045
  losses: 6618
  ties: 2837
  total_episodes: 200000

## NOTE: Data discretized to fit 100000 char limit
  Showing ~50 points per metric (of 454 total)

## METRICS DATA

### behavior/action_magnitude_avg
  Total points: 100
  Min: 1.1347, Max: 1.2513, Mean: 1.2092
  Data: [
    1.1347, 1.2091, 1.2223, 1.2162, 1.2073, 1.1956, 1.1951, 1.2010, 1.2237, 1.1975,
    1.1913, 1.1567, 1.1811, 1.1820, 1.2293, 1.2513, 1.1801, 1.2295, 1.2165, 1.2061,
    1.2099, 1.1987, 1.2032, 1.1747, 1.1691, 1.2142, 1.1821, 1.2399, 1.2099, 1.1935,
    1.2106, 1.2143, 1.2457, 1.2487, 1.2243, 1.2092, 1.2366, 1.2206, 1.2305, 1.2166,
    1.2273, 1.2225, 1.1957, 1.1765, 1.2173, 1.2424, 1.2100, 1.2182, 1.2162, 1.2115,
    1.1827, 1.2094, 1.1900, 1.2038, 1.2492, 1.2148, 1.2206, 1.1940, 1.1890, 1.1875,
    1.2024, 1.2142, 1.1890, 1.2009, 1.1907, 1.2043, 1.2282, 1.2268, 1.2183, 1.2115,
    1.2312, 1.2375, 1.1664, 1.2008, 1.2167, 1.2310, 1.2054, 1.2157, 1.2286, 1.1810,
    1.2298, 1.1946, 1.2232, 1.2122, 1.2218, 1.1737, 1.2259, 1.2258, 1.2174, 1.1801,
    1.2222, 1.2303, 1.2273, 1.2121, 1.2180, 1.1802, 1.2225, 1.2125, 1.2310, 1.2033,
  ]

### behavior/action_magnitude_max
  Total points: 100
  Min: 1.4074, Max: 1.4142, Mean: 1.4125
  Data: [
    1.4074, 1.4142, 1.4136, 1.4139, 1.4124, 1.4138, 1.4135, 1.4142, 1.4142, 1.4142,
    1.4142, 1.4142, 1.4132, 1.4079, 1.4129, 1.4138, 1.4141, 1.4138, 1.4142, 1.4133,
    1.4131, 1.4142, 1.4142, 1.4129, 1.4142, 1.4131, 1.4082, 1.4130, 1.4138, 1.4131,
    1.4131, 1.4111, 1.4137, 1.4136, 1.4106, 1.4142, 1.4142, 1.4127, 1.4142, 1.4142,
    1.4135, 1.4137, 1.4133, 1.4142, 1.4142, 1.4132, 1.4136, 1.4114, 1.4104, 1.4105,
    1.4118, 1.4102, 1.4131, 1.4121, 1.4129, 1.4112, 1.4142, 1.4118, 1.4114, 1.4105,
    1.4142, 1.4128, 1.4139, 1.4121, 1.4112, 1.4134, 1.4132, 1.4116, 1.4116, 1.4115,
    1.4133, 1.4123, 1.4101, 1.4136, 1.4142, 1.4105, 1.4094, 1.4124, 1.4136, 1.4123,
    1.4080, 1.4116, 1.4138, 1.4126, 1.4106, 1.4077, 1.4139, 1.4101, 1.4142, 1.4083,
    1.4130, 1.4139, 1.4085, 1.4082, 1.4142, 1.4136, 1.4108, 1.4128, 1.4139, 1.4142,
  ]

### behavior/dist_to_puck_avg
  Total points: 100
  Min: 1.8269, Max: 2.5631, Mean: 2.2404
  Data: [
    2.5631, 1.8269, 1.9511, 1.9437, 2.2546, 2.1951, 2.3253, 2.3293, 2.1957, 2.3640,
    2.0429, 2.0560, 2.2747, 2.3598, 2.0285, 2.2600, 2.0515, 2.0972, 1.9779, 2.2666,
    2.0994, 2.0743, 2.0155, 2.2135, 2.1932, 2.2473, 2.1443, 2.2915, 2.2229, 2.3256,
    1.9133, 2.1151, 2.2710, 2.2169, 2.1059, 2.0583, 2.2833, 2.3431, 2.1674, 2.2524,
    2.1493, 2.2836, 2.2266, 2.1656, 2.2714, 2.2701, 2.0203, 2.3456, 2.2696, 2.3514,
    2.3961, 2.1852, 2.2859, 2.2537, 2.2836, 2.2504, 2.2435, 2.3419, 2.2853, 2.2474,
    2.4152, 2.2657, 2.3812, 2.4292, 2.2123, 2.0981, 2.2788, 2.3034, 2.4349, 2.2653,
    2.3352, 2.3292, 2.2616, 2.3170, 2.3378, 2.3155, 2.3396, 2.2648, 2.3190, 2.3220,
    2.3616, 2.1501, 2.2812, 2.3060, 2.3432, 2.4045, 2.4384, 2.2353, 2.1326, 2.4094,
    2.2583, 2.3161, 2.2136, 2.2751, 2.2376, 2.2771, 2.1867, 2.3575, 2.3436, 2.2462,
  ]

### behavior/dist_to_puck_min
  Total points: 100
  Min: 0.1710, Max: 0.7409, Mean: 0.2913
  Data: [
    0.7409, 0.2241, 0.3360, 0.2853, 0.1965, 0.2442, 0.1710, 0.2106, 0.1991, 0.2266,
    0.2311, 0.2574, 0.1853, 0.2581, 0.2337, 0.2293, 0.2597, 0.2138, 0.1897, 0.2972,
    0.2635, 0.2354, 0.1897, 0.2511, 0.2683, 0.2569, 0.2023, 0.2619, 0.2739, 0.2361,
    0.2562, 0.2512, 0.2111, 0.2666, 0.2921, 0.2775, 0.2838, 0.2627, 0.2854, 0.2756,
    0.2808, 0.2710, 0.2345, 0.2849, 0.2684, 0.3234, 0.2475, 0.2953, 0.2718, 0.2740,
    0.2624, 0.2574, 0.2815, 0.3080, 0.3886, 0.2774, 0.2604, 0.3505, 0.4210, 0.2766,
    0.2773, 0.3530, 0.3624, 0.3517, 0.2450, 0.3088, 0.3149, 0.3150, 0.3360, 0.2898,
    0.2739, 0.2953, 0.3498, 0.3489, 0.3127, 0.2881, 0.3010, 0.3394, 0.3327, 0.2723,
    0.2660, 0.3440, 0.3438, 0.3363, 0.3511, 0.3058, 0.3987, 0.3093, 0.3569, 0.4544,
    0.3318, 0.3164, 0.3188, 0.3332, 0.2897, 0.4473, 0.2511, 0.3515, 0.3582, 0.2700,
  ]

### behavior/distance_traveled
  Total points: 100
  Min: 3.3561, Max: 18.0678, Mean: 7.3272
  Data: [
    10.0921, 13.3514, 11.1029, 11.9579, 13.5691, 10.5984, 11.6408, 11.3701, 11.8006, 13.0554,
    18.0678, 13.0493, 13.1807, 7.0914, 14.1471, 10.1968, 9.5468, 11.7542, 12.9373, 9.4630,
    8.0477, 11.0762, 12.6332, 11.4143, 8.9977, 9.5383, 11.3029, 8.6621, 9.2309, 5.8455,
    8.1154, 8.2750, 8.2569, 8.6359, 10.0913, 12.2541, 8.1458, 9.0267, 6.5019, 7.6909,
    11.2344, 8.7821, 7.7641, 7.5154, 5.6085, 9.4196, 8.6077, 7.4864, 5.1941, 7.7690,
    4.1661, 4.8108, 3.8725, 3.6386, 3.7396, 5.4924, 4.2995, 4.4919, 3.8536, 4.3832,
    3.7522, 4.3532, 5.5367, 5.1245, 5.2514, 7.9937, 3.5953, 4.0959, 5.1835, 4.2797,
    3.6141, 4.7633, 4.6728, 3.9530, 4.0529, 3.8126, 3.6744, 4.6174, 3.6670, 4.8489,
    3.5026, 4.9070, 4.5916, 3.5629, 4.5229, 4.1096, 4.7382, 3.7552, 7.0403, 3.3561,
    5.2741, 4.8281, 4.7037, 5.6115, 7.7252, 4.2474, 4.7476, 7.6693, 4.5285, 4.6054,
  ]

### behavior/lazy_action_ratio
  Total points: 100
  Min: 0.0000, Max: 0.0037, Mean: 0.0005
  Data: [
    0.0004, 0.0005, 0.0000, 0.0005, 0.0000, 0.0000, 0.0007, 0.0000, 0.0000, 0.0010,
    0.0005, 0.0017, 0.0013, 0.0009, 0.0000, 0.0000, 0.0017, 0.0000, 0.0000, 0.0023,
    0.0000, 0.0008, 0.0000, 0.0007, 0.0007, 0.0005, 0.0000, 0.0000, 0.0000, 0.0024,
    0.0000, 0.0000, 0.0000, 0.0000, 0.0000, 0.0000, 0.0009, 0.0000, 0.0000, 0.0000,
    0.0000, 0.0000, 0.0000, 0.0014, 0.0000, 0.0000, 0.0007, 0.0000, 0.0000, 0.0000,
    0.0019, 0.0033, 0.0000, 0.0020, 0.0000, 0.0000, 0.0000, 0.0000, 0.0017, 0.0023,
    0.0000, 0.0000, 0.0000, 0.0037, 0.0000, 0.0000, 0.0000, 0.0000, 0.0000, 0.0000,
    0.0000, 0.0000, 0.0017, 0.0037, 0.0000, 0.0000, 0.0000, 0.0015, 0.0000, 0.0000,
    0.0000, 0.0013, 0.0013, 0.0000, 0.0000, 0.0000, 0.0000, 0.0000, 0.0000, 0.0000,
    0.0000, 0.0000, 0.0000, 0.0000, 0.0004, 0.0011, 0.0000, 0.0016, 0.0000, 0.0000,
  ]

### behavior/puck_touches
  Total points: 100
  Min: 0.7000, Max: 7.5000, Mean: 2.4110
  Data: [
    0.9000, 4.6000, 2.1000, 3.8000, 5.1000, 4.2000, 4.6000, 3.9000, 6.3000, 5.4000,
    7.5000, 4.4000, 4.8000, 4.3000, 6.7000, 4.1000, 3.3000, 3.6000, 6.8000, 2.7000,
    3.2000, 3.4000, 4.7000, 3.3000, 2.7000, 2.4000, 4.3000, 2.1000, 2.5000, 2.2000,
    2.6000, 2.4000, 3.0000, 3.0000, 2.9000, 2.6000, 2.1000, 3.0000, 1.9000, 2.4000,
    2.4000, 2.6000, 2.5000, 2.5000, 1.8000, 1.7000, 2.6000, 1.7000, 1.8000, 2.2000,
    1.7000, 2.1000, 1.4000, 1.3000, 1.0000, 1.8000, 1.8000, 1.5000, 0.8000, 1.5000,
    1.7000, 1.1000, 1.3000, 1.1000, 2.4000, 1.8000, 1.1000, 1.3000, 1.6000, 1.4000,
    1.4000, 1.6000, 1.1000, 1.1000, 1.3000, 1.6000, 1.2000, 1.3000, 1.2000, 1.7000,
    1.5000, 1.4000, 1.5000, 1.1000, 1.5000, 1.4000, 1.3000, 1.6000, 1.7000, 0.7000,
    1.5000, 2.1000, 1.6000, 1.8000, 1.9000, 1.1000, 2.1000, 1.7000, 1.1000, 1.7000,
  ]

### behavior/time_near_puck
  Total points: 100
  Min: 1.8000, Max: 37.4000, Mean: 10.5590
  Data: [
    2.3000, 37.4000, 19.6000, 13.8000, 16.6000, 16.6000, 15.3000, 14.4000, 18.0000, 17.2000,
    32.0000, 30.0000, 18.0000, 8.9000, 27.4000, 18.5000, 20.4000, 14.0000, 32.4000, 11.7000,
    15.3000, 17.4000, 28.0000, 20.5000, 14.8000, 16.3000, 26.9000, 13.4000, 16.8000, 10.1000,
    20.0000, 15.3000, 16.7000, 19.1000, 19.6000, 17.9000, 8.2000, 11.8000, 8.3000, 17.1000,
    12.7000, 14.5000, 10.7000, 15.3000, 8.1000, 10.2000, 17.3000, 9.2000, 6.3000, 11.6000,
    3.5000, 8.2000, 4.0000, 4.4000, 2.5000, 6.7000, 6.4000, 3.8000, 3.1000, 5.0000,
    3.7000, 3.5000, 3.5000, 2.4000, 6.8000, 5.9000, 4.9000, 5.7000, 3.2000, 4.4000,
    3.7000, 4.2000, 3.3000, 3.2000, 3.7000, 4.9000, 3.8000, 3.9000, 3.1000, 5.1000,
    4.1000, 5.3000, 5.2000, 2.9000, 4.3000, 3.4000, 3.4000, 4.2000, 5.8000, 1.8000,
    5.4000, 5.1000, 4.8000, 5.7000, 6.7000, 2.0000, 7.6000, 6.9000, 2.8000, 4.1000,
  ]

### behavior/velocity_avg
  Total points: 100
  Min: 0.0898, Max: 0.1422, Mean: 0.1224
  Data: [
    0.1144, 0.0898, 0.0994, 0.1158, 0.0961, 0.1079, 0.1104, 0.1167, 0.1102, 0.1105,
    0.1089, 0.1103, 0.1121, 0.1228, 0.1090, 0.1294, 0.1175, 0.1138, 0.1030, 0.1224,
    0.1066, 0.1179, 0.1128, 0.1181, 0.1110, 0.1175, 0.1054, 0.1192, 0.1113, 0.1348,
    0.1040, 0.1146, 0.1166, 0.1207, 0.1155, 0.1218, 0.1404, 0.1252, 0.1371, 0.1328,
    0.1296, 0.1284, 0.1234, 0.1274, 0.1338, 0.1246, 0.1232, 0.1422, 0.1296, 0.1359,
    0.1183, 0.1196, 0.1183, 0.1237, 0.1348, 0.1227, 0.1234, 0.1251, 0.1230, 0.1286,
    0.1301, 0.1268, 0.1304, 0.1387, 0.1203, 0.1243, 0.1285, 0.1217, 0.1264, 0.1261,
    0.1326, 0.1355, 0.1219, 0.1331, 0.1369, 0.1296, 0.1239, 0.1303, 0.1255, 0.1243,
    0.1328, 0.1218, 0.1229, 0.1336, 0.1269, 0.1231, 0.1325, 0.1283, 0.1223, 0.1265,
    0.1305, 0.1236, 0.1226, 0.1283, 0.1193, 0.1231, 0.1218, 0.1352, 0.1302, 0.1263,
  ]

### behavior/velocity_max
  Total points: 100
  Min: 0.2117, Max: 0.2359, Mean: 0.2216
  Data: [
    0.2237, 0.2267, 0.2306, 0.2320, 0.2359, 0.2242, 0.2291, 0.2306, 0.2339, 0.2314,
    0.2345, 0.2251, 0.2303, 0.2243, 0.2231, 0.2240, 0.2218, 0.2232, 0.2266, 0.2269,
    0.2235, 0.2244, 0.2320, 0.2292, 0.2225, 0.2199, 0.2239, 0.2227, 0.2204, 0.2186,
    0.2216, 0.2226, 0.2219, 0.2175, 0.2312, 0.2250, 0.2266, 0.2221, 0.2217, 0.2228,
    0.2281, 0.2240, 0.2203, 0.2250, 0.2244, 0.2320, 0.2305, 0.2247, 0.2258, 0.2231,
    0.2189, 0.2164, 0.2179, 0.2146, 0.2179, 0.2169, 0.2192, 0.2183, 0.2192, 0.2172,
    0.2144, 0.2207, 0.2146, 0.2201, 0.2173, 0.2186, 0.2171, 0.2165, 0.2167, 0.2176,
    0.2143, 0.2155, 0.2206, 0.2150, 0.2151, 0.2120, 0.2171, 0.2194, 0.2167, 0.2131,
    0.2160, 0.2177, 0.2181, 0.2150, 0.2188, 0.2133, 0.2162, 0.2117, 0.2199, 0.2159,
    0.2205, 0.2158, 0.2217, 0.2206, 0.2249, 0.2176, 0.2195, 0.2203, 0.2210, 0.2168,
  ]

### eval/strong/avg_reward
  Total points: 34
  Min: -7.5779, Max: 3.3681, Mean: -1.8052
  Data: [
    -6.4211, -3.3346, -5.0972, -1.7290, -0.4278, 0.2272, -5.3783, 3.3681, -1.2890, 0.6531,
    -3.6126, 0.1325, 0.1664, -1.6581, -2.3847, -0.7149, 0.2956, -2.9551, -3.3859, -0.0291,
    -1.7419, -2.2867, -0.2193, -1.1864, -1.1055, -7.5779, -0.9970, 0.9548, -3.5986, -2.9734,
    0.2890, -0.1235, -3.1293, -4.1048,
  ]

### eval/strong/loss_rate
  Total points: 34
  Min: 0.2000, Max: 0.6800, Mean: 0.3776
  Data: [
    0.6400, 0.3600, 0.4800, 0.4000, 0.2400, 0.2400, 0.5600, 0.2400, 0.4000, 0.3200,
    0.5600, 0.2800, 0.3200, 0.4400, 0.4000, 0.3200, 0.2400, 0.3600, 0.3200, 0.3200,
    0.3200, 0.3600, 0.2800, 0.4800, 0.3600, 0.6800, 0.3200, 0.2000, 0.4800, 0.3600,
    0.3600, 0.3600, 0.4000, 0.4400,
  ]

### eval/strong/losses
  Total points: 34
  Min: 5.0000, Max: 17.0000, Mean: 9.4412
  Data: [
    16.0000, 9.0000, 12.0000, 10.0000, 6.0000, 6.0000, 14.0000, 6.0000, 10.0000, 8.0000,
    14.0000, 7.0000, 8.0000, 11.0000, 10.0000, 8.0000, 6.0000, 9.0000, 8.0000, 8.0000,
    8.0000, 9.0000, 7.0000, 12.0000, 9.0000, 17.0000, 8.0000, 5.0000, 12.0000, 9.0000,
    9.0000, 9.0000, 10.0000, 11.0000,
  ]

### eval/strong/tie_rate
  Total points: 34
  Min: 0.0000, Max: 0.4000, Mean: 0.1894
  Data: [
    0.0800, 0.3200, 0.2800, 0.1600, 0.3200, 0.2800, 0.1600, 0.0400, 0.1200, 0.1200,
    0.0000, 0.2000, 0.1600, 0.0800, 0.2000, 0.2400, 0.2400, 0.2800, 0.4000, 0.1200,
    0.2000, 0.2800, 0.2000, 0.0000, 0.1600, 0.1600, 0.2000, 0.2800, 0.1600, 0.3600,
    0.0800, 0.0800, 0.2400, 0.2400,
  ]

### eval/strong/ties
  Total points: 34
  Min: 0.0000, Max: 10.0000, Mean: 4.7353
  Data: [
    2.0000, 8.0000, 7.0000, 4.0000, 8.0000, 7.0000, 4.0000, 1.0000, 3.0000, 3.0000,
    0.0000, 5.0000, 4.0000, 2.0000, 5.0000, 6.0000, 6.0000, 7.0000, 10.0000, 3.0000,
    5.0000, 7.0000, 5.0000, 0.0000, 4.0000, 4.0000, 5.0000, 7.0000, 4.0000, 9.0000,
    2.0000, 2.0000, 6.0000, 6.0000,
  ]

### eval/strong/win_rate
  Total points: 34
  Min: 0.1600, Max: 0.7200, Mean: 0.4329
  Data: [
    0.2800, 0.3200, 0.2400, 0.4400, 0.4400, 0.4800, 0.2800, 0.7200, 0.4800, 0.5600,
    0.4400, 0.5200, 0.5200, 0.4800, 0.4000, 0.4400, 0.5200, 0.3600, 0.2800, 0.5600,
    0.4800, 0.3600, 0.5200, 0.5200, 0.4800, 0.1600, 0.4800, 0.5200, 0.3600, 0.2800,
    0.5600, 0.5600, 0.3600, 0.3200,
  ]

### eval/strong/win_rate_decisive
  Total points: 34
  Min: 0.1905, Max: 0.7500, Mean: 0.5335
  Data: [
    0.3043, 0.4706, 0.3333, 0.5238, 0.6471, 0.6667, 0.3333, 0.7500, 0.5455, 0.6364,
    0.4400, 0.6500, 0.6190, 0.5217, 0.5000, 0.5789, 0.6842, 0.5000, 0.4667, 0.6364,
    0.6000, 0.5000, 0.6500, 0.5200, 0.5714, 0.1905, 0.6000, 0.7222, 0.4286, 0.4375,
    0.6087, 0.6087, 0.4737, 0.4211,
  ]

### eval/strong/wins
  Total points: 34
  Min: 4.0000, Max: 18.0000, Mean: 10.8235
  Data: [
    7.0000, 8.0000, 6.0000, 11.0000, 11.0000, 12.0000, 7.0000, 18.0000, 12.0000, 14.0000,
    11.0000, 13.0000, 13.0000, 12.0000, 10.0000, 11.0000, 13.0000, 9.0000, 7.0000, 14.0000,
    12.0000, 9.0000, 13.0000, 13.0000, 12.0000, 4.0000, 12.0000, 13.0000, 9.0000, 7.0000,
    14.0000, 14.0000, 9.0000, 8.0000,
  ]

### eval/weak/avg_reward
  Total points: 34
  Min: 5.4073, Max: 9.7005, Mean: 8.6718
  Data: [
    7.9878, 8.4678, 7.7898, 6.0560, 7.6107, 7.9560, 8.8028, 8.5624, 8.8025, 9.6384,
    8.8215, 8.6392, 8.5904, 9.7004, 9.4487, 9.6881, 9.6450, 9.7005, 8.8299, 9.6075,
    9.6893, 8.4377, 9.6877, 8.7170, 7.8754, 9.5192, 9.6516, 8.0034, 9.2294, 8.7490,
    9.6399, 9.5600, 5.4073, 6.3275,
  ]

### eval/weak/loss_rate
  Total points: 34
  Min: 0.0000, Max: 0.2000, Mean: 0.0388
  Data: [
    0.0400, 0.0400, 0.0800, 0.1600, 0.0800, 0.0400, 0.0400, 0.0400, 0.0400, 0.0000,
    0.0000, 0.0400, 0.0400, 0.0000, 0.0000, 0.0000, 0.0000, 0.0000, 0.0400, 0.0000,
    0.0000, 0.0400, 0.0000, 0.0400, 0.0800, 0.0000, 0.0000, 0.0800, 0.0000, 0.0400,
    0.0000, 0.0000, 0.2000, 0.1600,
  ]

### eval/weak/losses
  Total points: 34
  Min: 0.0000, Max: 5.0000, Mean: 0.9706
  Data: [
    1.0000, 1.0000, 2.0000, 4.0000, 2.0000, 1.0000, 1.0000, 1.0000, 1.0000, 0.0000,
    0.0000, 1.0000, 1.0000, 0.0000, 0.0000, 0.0000, 0.0000, 0.0000, 1.0000, 0.0000,
    0.0000, 1.0000, 0.0000, 1.0000, 2.0000, 0.0000, 0.0000, 2.0000, 0.0000, 1.0000,
    0.0000, 0.0000, 5.0000, 4.0000,
  ]

### eval/weak/tie_rate
  Total points: 34
  Min: 0.0000, Max: 0.0400, Mean: 0.0071
  Data: [
    0.0400, 0.0000, 0.0000, 0.0000, 0.0400, 0.0400, 0.0000, 0.0000, 0.0000, 0.0000,
    0.0400, 0.0000, 0.0000, 0.0000, 0.0000, 0.0000, 0.0000, 0.0000, 0.0000, 0.0000,
    0.0000, 0.0400, 0.0000, 0.0000, 0.0000, 0.0000, 0.0000, 0.0000, 0.0400, 0.0000,
    0.0000, 0.0000, 0.0000, 0.0000,
  ]

### eval/weak/ties
  Total points: 34
  Min: 0.0000, Max: 1.0000, Mean: 0.1765
  Data: [
    1.0000, 0.0000, 0.0000, 0.0000, 1.0000, 1.0000, 0.0000, 0.0000, 0.0000, 0.0000,
    1.0000, 0.0000, 0.0000, 0.0000, 0.0000, 0.0000, 0.0000, 0.0000, 0.0000, 0.0000,
    0.0000, 1.0000, 0.0000, 0.0000, 0.0000, 0.0000, 0.0000, 0.0000, 1.0000, 0.0000,
    0.0000, 0.0000, 0.0000, 0.0000,
  ]

### eval/weak/win_rate
  Total points: 34
  Min: 0.8000, Max: 1.0000, Mean: 0.9541
  Data: [
    0.9200, 0.9600, 0.9200, 0.8400, 0.8800, 0.9200, 0.9600, 0.9600, 0.9600, 1.0000,
    0.9600, 0.9600, 0.9600, 1.0000, 1.0000, 1.0000, 1.0000, 1.0000, 0.9600, 1.0000,
    1.0000, 0.9200, 1.0000, 0.9600, 0.9200, 1.0000, 1.0000, 0.9200, 0.9600, 0.9600,
    1.0000, 1.0000, 0.8000, 0.8400,
  ]

### eval/weak/win_rate_decisive
  Total points: 34
  Min: 0.8000, Max: 1.0000, Mean: 0.9609
  Data: [
    0.9583, 0.9600, 0.9200, 0.8400, 0.9167, 0.9583, 0.9600, 0.9600, 0.9600, 1.0000,
    1.0000, 0.9600, 0.9600, 1.0000, 1.0000, 1.0000, 1.0000, 1.0000, 0.9600, 1.0000,
    1.0000, 0.9583, 1.0000, 0.9600, 0.9200, 1.0000, 1.0000, 0.9200, 1.0000, 0.9600,
    1.0000, 1.0000, 0.8000, 0.8400,
  ]

### eval/weak/wins
  Total points: 34
  Min: 20.0000, Max: 25.0000, Mean: 23.8529
  Data: [
    23.0000, 24.0000, 23.0000, 21.0000, 22.0000, 23.0000, 24.0000, 24.0000, 24.0000, 25.0000,
    24.0000, 24.0000, 24.0000, 25.0000, 25.0000, 25.0000, 25.0000, 25.0000, 24.0000, 25.0000,
    25.0000, 23.0000, 25.0000, 24.0000, 23.0000, 25.0000, 25.0000, 23.0000, 24.0000, 24.0000,
    25.0000, 25.0000, 20.0000, 21.0000,
  ]

### gradients/actor_grad_norm
  Total points: 100
  Min: 0.0673, Max: 0.3451, Mean: 0.1724
  Data: [
    0.1350, 0.0673, 0.0777, 0.0895, 0.0701, 0.1102, 0.0962, 0.0767, 0.0926, 0.0903,
    0.0758, 0.0822, 0.0756, 0.1028, 0.0816, 0.1172, 0.0843, 0.1071, 0.0895, 0.0856,
    0.0865, 0.1134, 0.0906, 0.1056, 0.1195, 0.1139, 0.1265, 0.1083, 0.1204, 0.1381,
    0.1217, 0.1280, 0.1571, 0.1288, 0.1569, 0.2239, 0.1700, 0.1655, 0.1739, 0.1734,
    0.1877, 0.1809, 0.1667, 0.1511, 0.1754, 0.1482, 0.1971, 0.2169, 0.1984, 0.1796,
    0.1791, 0.1870, 0.1683, 0.1939, 0.1570, 0.2005, 0.1869, 0.1742, 0.1887, 0.2166,
    0.1874, 0.2414, 0.1850, 0.2143, 0.2371, 0.2032, 0.2097, 0.1964, 0.1864, 0.2177,
    0.1885, 0.2197, 0.1989, 0.1996, 0.2075, 0.2013, 0.1955, 0.2043, 0.2189, 0.1997,
    0.2061, 0.2348, 0.2824, 0.1943, 0.2198, 0.2868, 0.2253, 0.1960, 0.2445, 0.2623,
    0.2748, 0.2120, 0.2127, 0.2043, 0.2698, 0.3451, 0.2755, 0.2523, 0.2809, 0.2642,
  ]

### gradients/critic_grad_norm
  Total points: 100
  Min: 0.6803, Max: 1.4306, Mean: 0.8258
  Data: [
    0.7811, 0.8451, 0.8013, 1.0564, 1.4306, 1.0876, 0.9290, 0.9784, 0.9018, 0.9350,
    0.9400, 0.8299, 0.8384, 0.8845, 0.7236, 0.8776, 0.7265, 0.8878, 0.7473, 0.7946,
    0.8183, 0.7525, 0.8089, 0.6807, 0.8781, 0.7943, 0.7256, 0.8047, 0.8373, 0.8509,
    0.6923, 0.8293, 0.9210, 0.6803, 0.7884, 0.8225, 0.7555, 0.8655, 0.9133, 0.8277,
    0.7281, 0.7654, 0.8873, 0.8000, 0.9190, 0.9171, 0.8356, 0.8277, 0.8195, 0.8299,
    0.8148, 0.7096, 0.7116, 0.8273, 0.8320, 0.9405, 0.7222, 0.7868, 0.8560, 0.7665,
    0.7810, 0.7591, 0.7886, 0.8447, 0.7712, 0.8796, 0.8199, 0.7270, 0.7368, 0.8990,
    0.7897, 0.8304, 0.8908, 0.8125, 0.7996, 0.6912, 0.7579, 0.7611, 0.9204, 0.7912,
    0.7864, 0.7827, 0.8506, 0.7661, 0.8101, 0.7774, 0.8075, 0.8302, 0.8548, 0.7585,
    0.8561, 0.7847, 0.8400, 0.7973, 0.8290, 0.8714, 0.7108, 0.8485, 0.8047, 0.8250,
  ]

### losses/actor_loss
  Total points: 100
  Min: -1.6691, Max: 0.7168, Mean: -0.6479
  Data: [
    0.4989, 0.7168, 0.6418, 0.0996, -0.1108, -0.3159, -0.2389, 0.0175, 0.1084, 0.1260,
    0.1530, 0.1513, 0.1455, 0.1713, 0.2707, 0.2687, 0.3374, 0.3004, 0.3206, 0.3151,
    0.3542, 0.2741, 0.3212, 0.3695, 0.3633, 0.3486, 0.3000, 0.2850, 0.3181, 0.2954,
    0.1978, 0.2559, 0.2199, 0.2730, 0.2865, 0.2851, 0.2549, 0.2623, 0.2628, 0.2464,
    0.2181, 0.2145, 0.2959, 0.2817, 0.2186, 0.2545, 0.2445, 0.1748, 0.1456, 0.0566,
    -1.6142, -1.5510, -1.6505, -1.5720, -1.6347, -1.5456, -1.6332, -1.6691, -1.6341, -1.6304,
    -1.6494, -1.5760, -1.5624, -1.5820, -1.5137, -1.4704, -1.5417, -1.4433, -1.5247, -1.5254,
    -1.4879, -1.4803, -1.5407, -1.4805, -1.5080, -1.4662, -1.4803, -1.4616, -1.5011, -1.5225,
    -1.4898, -1.5621, -1.4399, -1.5548, -1.5366, -1.5196, -1.4971, -1.5012, -1.5100, -1.5058,
    -1.4660, -1.4751, -1.4847, -1.5050, -1.5910, -1.5254, -1.5587, -1.5042, -1.4733, -1.4907,
  ]

### losses/critic_loss
  Total points: 100
  Min: 0.0406, Max: 0.1083, Mean: 0.0602
  Data: [
    0.1083, 0.1039, 0.0963, 0.0984, 0.0928, 0.0902, 0.0891, 0.0839, 0.0724, 0.0775,
    0.0707, 0.0722, 0.0692, 0.0656, 0.0593, 0.0631, 0.0691, 0.0680, 0.0693, 0.0661,
    0.0611, 0.0645, 0.0684, 0.0657, 0.0667, 0.0693, 0.0680, 0.0651, 0.0703, 0.0684,
    0.0650, 0.0699, 0.0660, 0.0614, 0.0682, 0.0638, 0.0649, 0.0613, 0.0632, 0.0622,
    0.0651, 0.0639, 0.0664, 0.0707, 0.0718, 0.0691, 0.0698, 0.0685, 0.0626, 0.0630,
    0.0499, 0.0416, 0.0495, 0.0485, 0.0506, 0.0515, 0.0477, 0.0463, 0.0514, 0.0429,
    0.0505, 0.0507, 0.0490, 0.0471, 0.0461, 0.0450, 0.0483, 0.0511, 0.0406, 0.0433,
    0.0486, 0.0451, 0.0492, 0.0469, 0.0491, 0.0458, 0.0477, 0.0516, 0.0497, 0.0502,
    0.0532, 0.0509, 0.0498, 0.0453, 0.0483, 0.0498, 0.0504, 0.0521, 0.0495, 0.0493,
    0.0523, 0.0523, 0.0444, 0.0532, 0.0515, 0.0530, 0.0521, 0.0538, 0.0478, 0.0524,
  ]

### pbrs/avg_per_episode
  Total points: 100
  Min: -0.3889, Max: 0.8307, Mean: -0.1471
  Data: [
    0.8307, 0.7110, 0.6785, 0.4565, 0.4293, 0.3822, 0.3591, 0.2450, 0.1911, 0.1811,
    0.1598, 0.1547, 0.0958, 0.0897, 0.0513, 0.0497, 0.0479, 0.0476, 0.0473, 0.0428,
    0.0420, 0.0376, 0.0337, 0.0240, 0.0190, 0.0140, 0.0097, 0.0050, 0.0021, -0.0065,
    -0.0122, -0.0168, -0.0172, -0.0213, -0.0244, -0.0271, -0.0330, -0.0390, -0.0455, -0.0470,
    -0.0479, -0.0479, -0.0487, -0.0493, -0.0501, -0.0611, -0.0626, -0.0737, -0.0775, -0.0831,
    -0.3886, -0.3887, -0.3887, -0.3887, -0.3889, -0.3889, -0.3887, -0.3886, -0.3886, -0.3886,
    -0.3885, -0.3884, -0.3883, -0.3879, -0.3879, -0.3874, -0.3872, -0.3869, -0.3866, -0.3862,
    -0.3862, -0.3860, -0.3860, -0.3856, -0.3855, -0.3854, -0.3853, -0.3853, -0.3853, -0.3848,
    -0.3845, -0.3842, -0.3838, -0.3837, -0.3834, -0.3827, -0.3826, -0.3826, -0.3824, -0.3823,
    -0.3821, -0.3818, -0.3816, -0.3815, -0.3809, -0.3808, -0.3807, -0.3803, -0.3798, -0.3797,
  ]

### performance/cumulative_win_rate
  Total points: 100
  Min: 0.2600, Max: 0.9479, Mean: 0.8054
  Data: [
    0.2600, 0.3225, 0.3378, 0.3963, 0.4097, 0.4344, 0.4518, 0.5189, 0.5510, 0.5558,
    0.5706, 0.5736, 0.6128, 0.6171, 0.6651, 0.6669, 0.6741, 0.6752, 0.6761, 0.6808,
    0.6831, 0.6928, 0.6983, 0.7072, 0.7118, 0.7167, 0.7199, 0.7243, 0.7266, 0.7325,
    0.7372, 0.7424, 0.7439, 0.7483, 0.7512, 0.7538, 0.7594, 0.7654, 0.7739, 0.7755,
    0.7766, 0.7772, 0.7781, 0.7800, 0.7807, 0.7914, 0.7927, 0.8000, 0.8028, 0.8074,
    0.9477, 0.9478, 0.9478, 0.9478, 0.9479, 0.9479, 0.9478, 0.9478, 0.9478, 0.9478,
    0.9477, 0.9477, 0.9477, 0.9476, 0.9476, 0.9474, 0.9474, 0.9472, 0.9471, 0.9470,
    0.9470, 0.9470, 0.9470, 0.9469, 0.9469, 0.9468, 0.9468, 0.9468, 0.9468, 0.9466,
    0.9465, 0.9464, 0.9463, 0.9463, 0.9462, 0.9460, 0.9460, 0.9459, 0.9459, 0.9459,
    0.9459, 0.9458, 0.9457, 0.9457, 0.9455, 0.9455, 0.9455, 0.9454, 0.9453, 0.9453,
  ]

### performance/losses
  Total points: 100
  Min: 30.0000, Max: 6574.0000, Mean: 3673.8300
  Data: [
    30.0000, 203.0000, 223.0000, 521.0000, 575.0000, 684.0000, 749.0000, 823.0000, 909.0000, 919.0000,
    983.0000, 997.0000, 1037.0000, 1044.0000, 1166.0000, 1187.0000, 1268.0000, 1283.0000, 1290.0000, 1309.0000,
    1323.0000, 1429.0000, 1471.0000, 1548.0000, 1583.0000, 1625.0000, 1639.0000, 1700.0000, 1721.0000, 1747.0000,
    1766.0000, 1812.0000, 1848.0000, 1881.0000, 1900.0000, 1910.0000, 1922.0000, 1939.0000, 1996.0000, 2004.0000,
    2016.0000, 2026.0000, 2032.0000, 2056.0000, 2065.0000, 2157.0000, 2173.0000, 2221.0000, 2251.0000, 2291.0000,
    5345.0000, 5345.0000, 5347.0000, 5348.0000, 5377.0000, 5380.0000, 5401.0000, 5414.0000, 5442.0000, 5444.0000,
    5458.0000, 5469.0000, 5484.0000, 5527.0000, 5536.0000, 5601.0000, 5621.0000, 5664.0000, 5705.0000, 5750.0000,
    5761.0000, 5789.0000, 5793.0000, 5858.0000, 5865.0000, 5878.0000, 5893.0000, 5904.0000, 5909.0000, 5964.0000,
    6006.0000, 6039.0000, 6094.0000, 6110.0000, 6144.0000, 6215.0000, 6220.0000, 6225.0000, 6248.0000, 6260.0000,
    6282.0000, 6338.0000, 6353.0000, 6365.0000, 6426.0000, 6440.0000, 6450.0000, 6507.0000, 6563.0000, 6574.0000,
  ]

### performance/ties
  Total points: 100
  Min: 7.0000, Max: 2833.0000, Mean: 1884.3800
  Data: [
    7.0000, 68.0000, 75.0000, 294.0000, 340.0000, 419.0000, 457.0000, 548.0000, 640.0000, 658.0000,
    713.0000, 730.0000, 783.0000, 794.0000, 877.0000, 895.0000, 932.0000, 942.0000, 945.0000, 957.0000,
    959.0000, 998.0000, 1018.0000, 1073.0000, 1097.0000, 1137.0000, 1148.0000, 1181.0000, 1191.0000, 1209.0000,
    1217.0000, 1240.0000, 1251.0000, 1265.0000, 1272.0000, 1278.0000, 1290.0000, 1299.0000, 1317.0000, 1319.0000,
    1324.0000, 1327.0000, 1330.0000, 1332.0000, 1334.0000, 1369.0000, 1372.0000, 1389.0000, 1397.0000, 1407.0000,
    2740.0000, 2740.0000, 2740.0000, 2741.0000, 2746.0000, 2747.0000, 2751.0000, 2752.0000, 2756.0000, 2756.0000,
    2756.0000, 2757.0000, 2757.0000, 2758.0000, 2758.0000, 2762.0000, 2762.0000, 2765.0000, 2768.0000, 2769.0000,
    2772.0000, 2776.0000, 2776.0000, 2779.0000, 2779.0000, 2781.0000, 2784.0000, 2786.0000, 2786.0000, 2790.0000,
    2790.0000, 2791.0000, 2794.0000, 2795.0000, 2799.0000, 2799.0000, 2799.0000, 2799.0000, 2801.0000, 2802.0000,
    2805.0000, 2808.0000, 2808.0000, 2810.0000, 2815.0000, 2817.0000, 2817.0000, 2820.0000, 2832.0000, 2833.0000,
  ]

### performance/wins
  Total points: 100
  Min: 13.0000, Max: 162443.0000, Mean: 80396.7900
  Data: [
    13.0000, 129.0000, 152.0000, 535.0000, 635.0000, 847.0000, 994.0000, 1479.0000, 1901.0000, 1973.0000,
    2254.0000, 2323.0000, 2880.0000, 2962.0000, 4057.0000, 4168.0000, 4550.0000, 4625.0000, 4665.0000, 4834.0000,
    4918.0000, 5473.0000, 5761.0000, 6329.0000, 6620.0000, 6988.0000, 7163.0000, 7569.0000, 7738.0000, 8094.0000,
    8367.0000, 8798.0000, 9001.0000, 9354.0000, 9578.0000, 9762.0000, 10138.0000, 10562.0000, 11337.0000, 11477.0000,
    11610.0000, 11697.0000, 11788.0000, 12012.0000, 12101.0000, 13374.0000, 13555.0000, 14440.0000, 14852.0000, 15502.0000,
    146565.0000, 146665.0000, 146813.0000, 146861.0000, 147677.0000, 147773.0000, 148048.0000, 148234.0000, 148702.0000, 148750.0000,
    148936.0000, 149074.0000, 149209.0000, 149765.0000, 149906.0000, 150687.0000, 150917.0000, 151321.0000, 151827.0000, 152331.0000,
    152567.0000, 153035.0000, 153081.0000, 153963.0000, 154056.0000, 154191.0000, 154373.0000, 154510.0000, 154605.0000, 155196.0000,
    155504.0000, 155870.0000, 156612.0000, 156795.0000, 157307.0000, 157836.0000, 157881.0000, 157926.0000, 158251.0000, 158438.0000,
    158813.0000, 159604.0000, 159689.0000, 159775.0000, 160409.0000, 160543.0000, 160733.0000, 161423.0000, 162255.0000, 162443.0000,
  ]

### rewards/p1
  Total points: 100
  Min: -9.6147, Max: 9.6472, Mean: 6.9883
  Data: [
    -9.6147, -2.4561, -2.0801, 3.8421, 1.6803, 6.9818, 6.1611, 7.1382, 7.9720, 8.2474,
    1.7091, 6.0407, 8.8406, 7.7503, 8.2706, 4.8550, 2.3627, 5.2279, 4.6403, 7.5631,
    7.4437, 9.4886, 2.6611, 4.5334, 9.3869, 4.3928, 8.8338, 8.1136, 8.0431, 9.3462,
    8.6470, 6.7671, 7.2984, 7.0866, 4.3729, 8.3762, 7.1744, 9.3883, 7.1683, 8.7355,
    8.1918, 9.1456, 5.2594, 8.4622, 9.1381, 4.7580, 5.1372, 9.0519, 7.4510, 7.1395,
    9.5818, 9.2944, 9.3935, 7.3079, 5.2012, 9.3756, 9.3432, 7.4760, 5.4774, 9.3309,
    9.4686, 7.5400, 5.7544, 7.4243, 9.6472, 8.3837, 7.3422, 9.4667, 9.4371, 5.4537,
    9.3778, 9.1330, 7.4189, 7.3785, 7.4459, 9.2590, 9.4174, 7.3242, 9.4376, 7.5537,
    9.2087, 7.7021, 9.4873, 7.3628, 7.3462, 7.5226, 7.2887, 7.3391, 7.4872, 1.3047,
    9.4173, 7.2787, 5.2191, 9.4412, 6.6545, 3.5980, 9.4756, 7.3231, 9.4061, 7.3992,
  ]

### rewards/p2
  Total points: 100
  Min: -9.7159, Max: 10.8162, Mean: -6.9183
  Data: [
    10.8162, 3.1164, 3.0454, -2.8227, 0.1646, -5.8316, -4.5423, -6.9216, -7.2473, -6.8245,
    -0.9769, -7.0399, -8.1290, -7.3981, -7.9234, -4.7573, -3.1136, -3.9983, -4.9815, -7.1140,
    -7.2363, -8.9574, -2.7501, -3.6478, -9.0125, -4.1465, -9.1688, -7.5016, -8.0843, -9.5695,
    -9.3175, -7.1179, -7.1663, -7.2272, -4.9653, -8.2219, -7.0097, -8.4260, -7.4497, -9.3293,
    -7.7901, -9.2948, -5.2933, -9.4525, -9.5114, -4.1125, -4.9640, -9.4161, -7.4422, -7.2427,
    -9.6254, -9.6711, -9.6651, -7.5089, -5.3663, -9.5648, -9.6798, -7.5711, -5.5659, -9.6269,
    -9.6953, -7.5245, -5.3928, -7.3786, -9.5688, -8.5431, -7.6826, -9.7159, -9.4741, -5.4906,
    -9.6981, -9.5643, -7.4654, -7.4979, -7.6006, -9.6827, -9.6766, -7.5083, -9.6663, -7.5214,
    -9.6739, -7.4942, -9.5549, -7.5969, -7.4819, -7.5751, -7.4278, -7.5953, -7.0759, -1.2608,
    -9.5150, -7.4723, -5.3994, -9.5632, -6.3238, -3.4385, -9.7068, -7.1768, -9.5035, -7.4957,
  ]

### rewards/sparse_only
  Total points: 100
  Min: -10.8162, Max: 9.7159, Mean: 6.9183
  Data: [
    -10.8162, -3.1164, -3.0454, 2.8227, -0.1646, 5.8316, 4.5423, 6.9216, 7.2473, 6.8245,
    0.9769, 7.0399, 8.1290, 7.3981, 7.9234, 4.7573, 3.1136, 3.9983, 4.9815, 7.1140,
    7.2363, 8.9574, 2.7501, 3.6478, 9.0125, 4.1465, 9.1688, 7.5016, 8.0843, 9.5695,
    9.3175, 7.1179, 7.1663, 7.2272, 4.9653, 8.2219, 7.0097, 8.4260, 7.4497, 9.3293,
    7.7901, 9.2948, 5.2933, 9.4525, 9.5114, 4.1125, 4.9640, 9.4161, 7.4422, 7.2427,
    9.6254, 9.6711, 9.6651, 7.5089, 5.3663, 9.5648, 9.6798, 7.5711, 5.5659, 9.6269,
    9.6953, 7.5245, 5.3928, 7.3786, 9.5688, 8.5431, 7.6826, 9.7159, 9.4741, 5.4906,
    9.6981, 9.5643, 7.4654, 7.4979, 7.6006, 9.6827, 9.6766, 7.5083, 9.6663, 7.5214,
    9.6739, 7.4942, 9.5549, 7.5969, 7.4819, 7.5751, 7.4278, 7.5953, 7.0759, 1.2608,
    9.5150, 7.4723, 5.3994, 9.5632, 6.3238, 3.4385, 9.7068, 7.1768, 9.5035, 7.4957,
  ]

### rewards/sparse_ratio
  Total points: 100
  Min: -0.0980, Max: 1.4641, Mean: 0.9893
  Data: [
    1.1250, 1.2688, 1.4641, 0.7347, -0.0980, 0.8353, 0.7373, 0.9696, 0.9091, 0.8275,
    0.5716, 1.1654, 0.9195, 0.9545, 0.9580, 0.9799, 1.3178, 0.7648, 1.0735, 0.9406,
    0.9721, 0.9440, 1.0335, 0.8047, 0.9601, 0.9439, 1.0379, 0.9246, 1.0051, 1.0239,
    1.0775, 1.0518, 0.9819, 1.0198, 1.1355, 0.9816, 0.9770, 0.8975, 1.0393, 1.0680,
    0.9510, 1.0163, 1.0064, 1.1170, 1.0409, 0.8643, 0.9663, 1.0402, 0.9988, 1.0145,
    1.0046, 1.0405, 1.0289, 1.0275, 1.0318, 1.0202, 1.0360, 1.0127, 1.0161, 1.0317,
    1.0239, 0.9979, 0.9371, 0.9938, 0.9919, 1.0190, 1.0464, 1.0263, 1.0039, 1.0068,
    1.0341, 1.0472, 1.0063, 1.0162, 1.0208, 1.0458, 1.0275, 1.0251, 1.0242, 0.9957,
    1.0505, 0.9730, 1.0071, 1.0318, 1.0185, 1.0070, 1.0191, 1.0349, 0.9451, 0.9663,
    1.0104, 1.0266, 1.0345, 1.0129, 0.9503, 0.9557, 1.0244, 0.9800, 1.0103, 1.0130,
  ]

### scoring/goals_conceded
  Total points: 100
  Min: 30.0000, Max: 6574.0000, Mean: 3673.8300
  Data: [
    30.0000, 203.0000, 223.0000, 521.0000, 575.0000, 684.0000, 749.0000, 823.0000, 909.0000, 919.0000,
    983.0000, 997.0000, 1037.0000, 1044.0000, 1166.0000, 1187.0000, 1268.0000, 1283.0000, 1290.0000, 1309.0000,
    1323.0000, 1429.0000, 1471.0000, 1548.0000, 1583.0000, 1625.0000, 1639.0000, 1700.0000, 1721.0000, 1747.0000,
    1766.0000, 1812.0000, 1848.0000, 1881.0000, 1900.0000, 1910.0000, 1922.0000, 1939.0000, 1996.0000, 2004.0000,
    2016.0000, 2026.0000, 2032.0000, 2056.0000, 2065.0000, 2157.0000, 2173.0000, 2221.0000, 2251.0000, 2291.0000,
    5345.0000, 5345.0000, 5347.0000, 5348.0000, 5377.0000, 5380.0000, 5401.0000, 5414.0000, 5442.0000, 5444.0000,
    5458.0000, 5469.0000, 5484.0000, 5527.0000, 5536.0000, 5601.0000, 5621.0000, 5664.0000, 5705.0000, 5750.0000,
    5761.0000, 5789.0000, 5793.0000, 5858.0000, 5865.0000, 5878.0000, 5893.0000, 5904.0000, 5909.0000, 5964.0000,
    6006.0000, 6039.0000, 6094.0000, 6110.0000, 6144.0000, 6215.0000, 6220.0000, 6225.0000, 6248.0000, 6260.0000,
    6282.0000, 6338.0000, 6353.0000, 6365.0000, 6426.0000, 6440.0000, 6450.0000, 6507.0000, 6563.0000, 6574.0000,
  ]

### scoring/goals_scored
  Total points: 100
  Min: 13.0000, Max: 162443.0000, Mean: 80396.7900
  Data: [
    13.0000, 129.0000, 152.0000, 535.0000, 635.0000, 847.0000, 994.0000, 1479.0000, 1901.0000, 1973.0000,
    2254.0000, 2323.0000, 2880.0000, 2962.0000, 4057.0000, 4168.0000, 4550.0000, 4625.0000, 4665.0000, 4834.0000,
    4918.0000, 5473.0000, 5761.0000, 6329.0000, 6620.0000, 6988.0000, 7163.0000, 7569.0000, 7738.0000, 8094.0000,
    8367.0000, 8798.0000, 9001.0000, 9354.0000, 9578.0000, 9762.0000, 10138.0000, 10562.0000, 11337.0000, 11477.0000,
    11610.0000, 11697.0000, 11788.0000, 12012.0000, 12101.0000, 13374.0000, 13555.0000, 14440.0000, 14852.0000, 15502.0000,
    146565.0000, 146665.0000, 146813.0000, 146861.0000, 147677.0000, 147773.0000, 148048.0000, 148234.0000, 148702.0000, 148750.0000,
    148936.0000, 149074.0000, 149209.0000, 149765.0000, 149906.0000, 150687.0000, 150917.0000, 151321.0000, 151827.0000, 152331.0000,
    152567.0000, 153035.0000, 153081.0000, 153963.0000, 154056.0000, 154191.0000, 154373.0000, 154510.0000, 154605.0000, 155196.0000,
    155504.0000, 155870.0000, 156612.0000, 156795.0000, 157307.0000, 157836.0000, 157881.0000, 157926.0000, 158251.0000, 158438.0000,
    158813.0000, 159604.0000, 159689.0000, 159775.0000, 160409.0000, 160543.0000, 160733.0000, 161423.0000, 162255.0000, 162443.0000,
  ]

### selfplay/active
  Total points: 100
  Min: 0.0000, Max: 0.0000, Mean: 0.0000
  Data: [
    0.0000, 0.0000, 0.0000, 0.0000, 0.0000, 0.0000, 0.0000, 0.0000, 0.0000, 0.0000,
    0.0000, 0.0000, 0.0000, 0.0000, 0.0000, 0.0000, 0.0000, 0.0000, 0.0000, 0.0000,
    0.0000, 0.0000, 0.0000, 0.0000, 0.0000, 0.0000, 0.0000, 0.0000, 0.0000, 0.0000,
    0.0000, 0.0000, 0.0000, 0.0000, 0.0000, 0.0000, 0.0000, 0.0000, 0.0000, 0.0000,
    0.0000, 0.0000, 0.0000, 0.0000, 0.0000, 0.0000, 0.0000, 0.0000, 0.0000, 0.0000,
    0.0000, 0.0000, 0.0000, 0.0000, 0.0000, 0.0000, 0.0000, 0.0000, 0.0000, 0.0000,
    0.0000, 0.0000, 0.0000, 0.0000, 0.0000, 0.0000, 0.0000, 0.0000, 0.0000, 0.0000,
    0.0000, 0.0000, 0.0000, 0.0000, 0.0000, 0.0000, 0.0000, 0.0000, 0.0000, 0.0000,
    0.0000, 0.0000, 0.0000, 0.0000, 0.0000, 0.0000, 0.0000, 0.0000, 0.0000, 0.0000,
    0.0000, 0.0000, 0.0000, 0.0000, 0.0000, 0.0000, 0.0000, 0.0000, 0.0000, 0.0000,
  ]

### selfplay/episode_opponent_type_selfplay
  Total points: 100
  Min: 0.0000, Max: 0.0000, Mean: 0.0000
  Data: [
    0.0000, 0.0000, 0.0000, 0.0000, 0.0000, 0.0000, 0.0000, 0.0000, 0.0000, 0.0000,
    0.0000, 0.0000, 0.0000, 0.0000, 0.0000, 0.0000, 0.0000, 0.0000, 0.0000, 0.0000,
    0.0000, 0.0000, 0.0000, 0.0000, 0.0000, 0.0000, 0.0000, 0.0000, 0.0000, 0.0000,
    0.0000, 0.0000, 0.0000, 0.0000, 0.0000, 0.0000, 0.0000, 0.0000, 0.0000, 0.0000,
    0.0000, 0.0000, 0.0000, 0.0000, 0.0000, 0.0000, 0.0000, 0.0000, 0.0000, 0.0000,
    0.0000, 0.0000, 0.0000, 0.0000, 0.0000, 0.0000, 0.0000, 0.0000, 0.0000, 0.0000,
    0.0000, 0.0000, 0.0000, 0.0000, 0.0000, 0.0000, 0.0000, 0.0000, 0.0000, 0.0000,
    0.0000, 0.0000, 0.0000, 0.0000, 0.0000, 0.0000, 0.0000, 0.0000, 0.0000, 0.0000,
    0.0000, 0.0000, 0.0000, 0.0000, 0.0000, 0.0000, 0.0000, 0.0000, 0.0000, 0.0000,
    0.0000, 0.0000, 0.0000, 0.0000, 0.0000, 0.0000, 0.0000, 0.0000, 0.0000, 0.0000,
  ]

### selfplay/episode_opponent_type_strong
  Total points: 100
  Min: 0.0000, Max: 0.0000, Mean: 0.0000
  Data: [
    0.0000, 0.0000, 0.0000, 0.0000, 0.0000, 0.0000, 0.0000, 0.0000, 0.0000, 0.0000,
    0.0000, 0.0000, 0.0000, 0.0000, 0.0000, 0.0000, 0.0000, 0.0000, 0.0000, 0.0000,
    0.0000, 0.0000, 0.0000, 0.0000, 0.0000, 0.0000, 0.0000, 0.0000, 0.0000, 0.0000,
    0.0000, 0.0000, 0.0000, 0.0000, 0.0000, 0.0000, 0.0000, 0.0000, 0.0000, 0.0000,
    0.0000, 0.0000, 0.0000, 0.0000, 0.0000, 0.0000, 0.0000, 0.0000, 0.0000, 0.0000,
    0.0000, 0.0000, 0.0000, 0.0000, 0.0000, 0.0000, 0.0000, 0.0000, 0.0000, 0.0000,
    0.0000, 0.0000, 0.0000, 0.0000, 0.0000, 0.0000, 0.0000, 0.0000, 0.0000, 0.0000,
    0.0000, 0.0000, 0.0000, 0.0000, 0.0000, 0.0000, 0.0000, 0.0000, 0.0000, 0.0000,
    0.0000, 0.0000, 0.0000, 0.0000, 0.0000, 0.0000, 0.0000, 0.0000, 0.0000, 0.0000,
    0.0000, 0.0000, 0.0000, 0.0000, 0.0000, 0.0000, 0.0000, 0.0000, 0.0000, 0.0000,
  ]

### selfplay/episode_opponent_type_weak
  Total points: 100
  Min: 1.0000, Max: 1.0000, Mean: 1.0000
  Data: [
    1.0000, 1.0000, 1.0000, 1.0000, 1.0000, 1.0000, 1.0000, 1.0000, 1.0000, 1.0000,
    1.0000, 1.0000, 1.0000, 1.0000, 1.0000, 1.0000, 1.0000, 1.0000, 1.0000, 1.0000,
    1.0000, 1.0000, 1.0000, 1.0000, 1.0000, 1.0000, 1.0000, 1.0000, 1.0000, 1.0000,
    1.0000, 1.0000, 1.0000, 1.0000, 1.0000, 1.0000, 1.0000, 1.0000, 1.0000, 1.0000,
    1.0000, 1.0000, 1.0000, 1.0000, 1.0000, 1.0000, 1.0000, 1.0000, 1.0000, 1.0000,
    1.0000, 1.0000, 1.0000, 1.0000, 1.0000, 1.0000, 1.0000, 1.0000, 1.0000, 1.0000,
    1.0000, 1.0000, 1.0000, 1.0000, 1.0000, 1.0000, 1.0000, 1.0000, 1.0000, 1.0000,
    1.0000, 1.0000, 1.0000, 1.0000, 1.0000, 1.0000, 1.0000, 1.0000, 1.0000, 1.0000,
    1.0000, 1.0000, 1.0000, 1.0000, 1.0000, 1.0000, 1.0000, 1.0000, 1.0000, 1.0000,
    1.0000, 1.0000, 1.0000, 1.0000, 1.0000, 1.0000, 1.0000, 1.0000, 1.0000, 1.0000,
  ]

### selfplay/pool_size
  Total points: 100
  Min: 0.0000, Max: 0.0000, Mean: 0.0000
  Data: [
    0.0000, 0.0000, 0.0000, 0.0000, 0.0000, 0.0000, 0.0000, 0.0000, 0.0000, 0.0000,
    0.0000, 0.0000, 0.0000, 0.0000, 0.0000, 0.0000, 0.0000, 0.0000, 0.0000, 0.0000,
    0.0000, 0.0000, 0.0000, 0.0000, 0.0000, 0.0000, 0.0000, 0.0000, 0.0000, 0.0000,
    0.0000, 0.0000, 0.0000, 0.0000, 0.0000, 0.0000, 0.0000, 0.0000, 0.0000, 0.0000,
    0.0000, 0.0000, 0.0000, 0.0000, 0.0000, 0.0000, 0.0000, 0.0000, 0.0000, 0.0000,
    0.0000, 0.0000, 0.0000, 0.0000, 0.0000, 0.0000, 0.0000, 0.0000, 0.0000, 0.0000,
    0.0000, 0.0000, 0.0000, 0.0000, 0.0000, 0.0000, 0.0000, 0.0000, 0.0000, 0.0000,
    0.0000, 0.0000, 0.0000, 0.0000, 0.0000, 0.0000, 0.0000, 0.0000, 0.0000, 0.0000,
    0.0000, 0.0000, 0.0000, 0.0000, 0.0000, 0.0000, 0.0000, 0.0000, 0.0000, 0.0000,
    0.0000, 0.0000, 0.0000, 0.0000, 0.0000, 0.0000, 0.0000, 0.0000, 0.0000, 0.0000,
  ]

### selfplay/weak_ratio_target
  Total points: 100
  Min: 0.5000, Max: 0.5000, Mean: 0.5000
  Data: [
    0.5000, 0.5000, 0.5000, 0.5000, 0.5000, 0.5000, 0.5000, 0.5000, 0.5000, 0.5000,
    0.5000, 0.5000, 0.5000, 0.5000, 0.5000, 0.5000, 0.5000, 0.5000, 0.5000, 0.5000,
    0.5000, 0.5000, 0.5000, 0.5000, 0.5000, 0.5000, 0.5000, 0.5000, 0.5000, 0.5000,
    0.5000, 0.5000, 0.5000, 0.5000, 0.5000, 0.5000, 0.5000, 0.5000, 0.5000, 0.5000,
    0.5000, 0.5000, 0.5000, 0.5000, 0.5000, 0.5000, 0.5000, 0.5000, 0.5000, 0.5000,
    0.5000, 0.5000, 0.5000, 0.5000, 0.5000, 0.5000, 0.5000, 0.5000, 0.5000, 0.5000,
    0.5000, 0.5000, 0.5000, 0.5000, 0.5000, 0.5000, 0.5000, 0.5000, 0.5000, 0.5000,
    0.5000, 0.5000, 0.5000, 0.5000, 0.5000, 0.5000, 0.5000, 0.5000, 0.5000, 0.5000,
    0.5000, 0.5000, 0.5000, 0.5000, 0.5000, 0.5000, 0.5000, 0.5000, 0.5000, 0.5000,
    0.5000, 0.5000, 0.5000, 0.5000, 0.5000, 0.5000, 0.5000, 0.5000, 0.5000, 0.5000,
  ]

### strategic/attack_diversity_bonus
  Total points: 100
  Min: 0.0000, Max: 0.0000, Mean: 0.0000
  Data: [
    0.0000, 0.0000, 0.0000, 0.0000, 0.0000, 0.0000, 0.0000, 0.0000, 0.0000, 0.0000,
    0.0000, 0.0000, 0.0000, 0.0000, 0.0000, 0.0000, 0.0000, 0.0000, 0.0000, 0.0000,
    0.0000, 0.0000, 0.0000, 0.0000, 0.0000, 0.0000, 0.0000, 0.0000, 0.0000, 0.0000,
    0.0000, 0.0000, 0.0000, 0.0000, 0.0000, 0.0000, 0.0000, 0.0000, 0.0000, 0.0000,
    0.0000, 0.0000, 0.0000, 0.0000, 0.0000, 0.0000, 0.0000, 0.0000, 0.0000, 0.0000,
    0.0000, 0.0000, 0.0000, 0.0000, 0.0000, 0.0000, 0.0000, 0.0000, 0.0000, 0.0000,
    0.0000, 0.0000, 0.0000, 0.0000, 0.0000, 0.0000, 0.0000, 0.0000, 0.0000, 0.0000,
    0.0000, 0.0000, 0.0000, 0.0000, 0.0000, 0.0000, 0.0000, 0.0000, 0.0000, 0.0000,
    0.0000, 0.0000, 0.0000, 0.0000, 0.0000, 0.0000, 0.0000, 0.0000, 0.0000, 0.0000,
    0.0000, 0.0000, 0.0000, 0.0000, 0.0000, 0.0000, 0.0000, 0.0000, 0.0000, 0.0000,
  ]

### strategic/attack_sides_unique
  Total points: 100
  Min: 0.0000, Max: 0.0000, Mean: 0.0000
  Data: [
    0.0000, 0.0000, 0.0000, 0.0000, 0.0000, 0.0000, 0.0000, 0.0000, 0.0000, 0.0000,
    0.0000, 0.0000, 0.0000, 0.0000, 0.0000, 0.0000, 0.0000, 0.0000, 0.0000, 0.0000,
    0.0000, 0.0000, 0.0000, 0.0000, 0.0000, 0.0000, 0.0000, 0.0000, 0.0000, 0.0000,
    0.0000, 0.0000, 0.0000, 0.0000, 0.0000, 0.0000, 0.0000, 0.0000, 0.0000, 0.0000,
    0.0000, 0.0000, 0.0000, 0.0000, 0.0000, 0.0000, 0.0000, 0.0000, 0.0000, 0.0000,
    0.0000, 0.0000, 0.0000, 0.0000, 0.0000, 0.0000, 0.0000, 0.0000, 0.0000, 0.0000,
    0.0000, 0.0000, 0.0000, 0.0000, 0.0000, 0.0000, 0.0000, 0.0000, 0.0000, 0.0000,
    0.0000, 0.0000, 0.0000, 0.0000, 0.0000, 0.0000, 0.0000, 0.0000, 0.0000, 0.0000,
    0.0000, 0.0000, 0.0000, 0.0000, 0.0000, 0.0000, 0.0000, 0.0000, 0.0000, 0.0000,
    0.0000, 0.0000, 0.0000, 0.0000, 0.0000, 0.0000, 0.0000, 0.0000, 0.0000, 0.0000,
  ]

### strategic/forcing_bonus
  Total points: 100
  Min: 0.0000, Max: 0.0000, Mean: 0.0000
  Data: [
    0.0000, 0.0000, 0.0000, 0.0000, 0.0000, 0.0000, 0.0000, 0.0000, 0.0000, 0.0000,
    0.0000, 0.0000, 0.0000, 0.0000, 0.0000, 0.0000, 0.0000, 0.0000, 0.0000, 0.0000,
    0.0000, 0.0000, 0.0000, 0.0000, 0.0000, 0.0000, 0.0000, 0.0000, 0.0000, 0.0000,
    0.0000, 0.0000, 0.0000, 0.0000, 0.0000, 0.0000, 0.0000, 0.0000, 0.0000, 0.0000,
    0.0000, 0.0000, 0.0000, 0.0000, 0.0000, 0.0000, 0.0000, 0.0000, 0.0000, 0.0000,
    0.0000, 0.0000, 0.0000, 0.0000, 0.0000, 0.0000, 0.0000, 0.0000, 0.0000, 0.0000,
    0.0000, 0.0000, 0.0000, 0.0000, 0.0000, 0.0000, 0.0000, 0.0000, 0.0000, 0.0000,
    0.0000, 0.0000, 0.0000, 0.0000, 0.0000, 0.0000, 0.0000, 0.0000, 0.0000, 0.0000,
    0.0000, 0.0000, 0.0000, 0.0000, 0.0000, 0.0000, 0.0000, 0.0000, 0.0000, 0.0000,
    0.0000, 0.0000, 0.0000, 0.0000, 0.0000, 0.0000, 0.0000, 0.0000, 0.0000, 0.0000,
  ]

### strategic/opponent_avg_movement
  Total points: 100
  Min: 0.0000, Max: 0.0000, Mean: 0.0000
  Data: [
    0.0000, 0.0000, 0.0000, 0.0000, 0.0000, 0.0000, 0.0000, 0.0000, 0.0000, 0.0000,
    0.0000, 0.0000, 0.0000, 0.0000, 0.0000, 0.0000, 0.0000, 0.0000, 0.0000, 0.0000,
    0.0000, 0.0000, 0.0000, 0.0000, 0.0000, 0.0000, 0.0000, 0.0000, 0.0000, 0.0000,
    0.0000, 0.0000, 0.0000, 0.0000, 0.0000, 0.0000, 0.0000, 0.0000, 0.0000, 0.0000,
    0.0000, 0.0000, 0.0000, 0.0000, 0.0000, 0.0000, 0.0000, 0.0000, 0.0000, 0.0000,
    0.0000, 0.0000, 0.0000, 0.0000, 0.0000, 0.0000, 0.0000, 0.0000, 0.0000, 0.0000,
    0.0000, 0.0000, 0.0000, 0.0000, 0.0000, 0.0000, 0.0000, 0.0000, 0.0000, 0.0000,
    0.0000, 0.0000, 0.0000, 0.0000, 0.0000, 0.0000, 0.0000, 0.0000, 0.0000, 0.0000,
    0.0000, 0.0000, 0.0000, 0.0000, 0.0000, 0.0000, 0.0000, 0.0000, 0.0000, 0.0000,
    0.0000, 0.0000, 0.0000, 0.0000, 0.0000, 0.0000, 0.0000, 0.0000, 0.0000, 0.0000,
  ]

### strategic/opponent_total_movement
  Total points: 100
  Min: 0.0000, Max: 0.0000, Mean: 0.0000
  Data: [
    0.0000, 0.0000, 0.0000, 0.0000, 0.0000, 0.0000, 0.0000, 0.0000, 0.0000, 0.0000,
    0.0000, 0.0000, 0.0000, 0.0000, 0.0000, 0.0000, 0.0000, 0.0000, 0.0000, 0.0000,
    0.0000, 0.0000, 0.0000, 0.0000, 0.0000, 0.0000, 0.0000, 0.0000, 0.0000, 0.0000,
    0.0000, 0.0000, 0.0000, 0.0000, 0.0000, 0.0000, 0.0000, 0.0000, 0.0000, 0.0000,
    0.0000, 0.0000, 0.0000, 0.0000, 0.0000, 0.0000, 0.0000, 0.0000, 0.0000, 0.0000,
    0.0000, 0.0000, 0.0000, 0.0000, 0.0000, 0.0000, 0.0000, 0.0000, 0.0000, 0.0000,
    0.0000, 0.0000, 0.0000, 0.0000, 0.0000, 0.0000, 0.0000, 0.0000, 0.0000, 0.0000,
    0.0000, 0.0000, 0.0000, 0.0000, 0.0000, 0.0000, 0.0000, 0.0000, 0.0000, 0.0000,
    0.0000, 0.0000, 0.0000, 0.0000, 0.0000, 0.0000, 0.0000, 0.0000, 0.0000, 0.0000,
    0.0000, 0.0000, 0.0000, 0.0000, 0.0000, 0.0000, 0.0000, 0.0000, 0.0000, 0.0000,
  ]

### strategic/shot_quality_ratio
  Total points: 100
  Min: 0.0000, Max: 0.0000, Mean: 0.0000
  Data: [
    0.0000, 0.0000, 0.0000, 0.0000, 0.0000, 0.0000, 0.0000, 0.0000, 0.0000, 0.0000,
    0.0000, 0.0000, 0.0000, 0.0000, 0.0000, 0.0000, 0.0000, 0.0000, 0.0000, 0.0000,
    0.0000, 0.0000, 0.0000, 0.0000, 0.0000, 0.0000, 0.0000, 0.0000, 0.0000, 0.0000,
    0.0000, 0.0000, 0.0000, 0.0000, 0.0000, 0.0000, 0.0000, 0.0000, 0.0000, 0.0000,
    0.0000, 0.0000, 0.0000, 0.0000, 0.0000, 0.0000, 0.0000, 0.0000, 0.0000, 0.0000,
    0.0000, 0.0000, 0.0000, 0.0000, 0.0000, 0.0000, 0.0000, 0.0000, 0.0000, 0.0000,
    0.0000, 0.0000, 0.0000, 0.0000, 0.0000, 0.0000, 0.0000, 0.0000, 0.0000, 0.0000,
    0.0000, 0.0000, 0.0000, 0.0000, 0.0000, 0.0000, 0.0000, 0.0000, 0.0000, 0.0000,
    0.0000, 0.0000, 0.0000, 0.0000, 0.0000, 0.0000, 0.0000, 0.0000, 0.0000, 0.0000,
    0.0000, 0.0000, 0.0000, 0.0000, 0.0000, 0.0000, 0.0000, 0.0000, 0.0000, 0.0000,
  ]

### strategic/shots_blocked
  Total points: 100
  Min: 0.0000, Max: 0.0000, Mean: 0.0000
  Data: [
    0.0000, 0.0000, 0.0000, 0.0000, 0.0000, 0.0000, 0.0000, 0.0000, 0.0000, 0.0000,
    0.0000, 0.0000, 0.0000, 0.0000, 0.0000, 0.0000, 0.0000, 0.0000, 0.0000, 0.0000,
    0.0000, 0.0000, 0.0000, 0.0000, 0.0000, 0.0000, 0.0000, 0.0000, 0.0000, 0.0000,
    0.0000, 0.0000, 0.0000, 0.0000, 0.0000, 0.0000, 0.0000, 0.0000, 0.0000, 0.0000,
    0.0000, 0.0000, 0.0000, 0.0000, 0.0000, 0.0000, 0.0000, 0.0000, 0.0000, 0.0000,
    0.0000, 0.0000, 0.0000, 0.0000, 0.0000, 0.0000, 0.0000, 0.0000, 0.0000, 0.0000,
    0.0000, 0.0000, 0.0000, 0.0000, 0.0000, 0.0000, 0.0000, 0.0000, 0.0000, 0.0000,
    0.0000, 0.0000, 0.0000, 0.0000, 0.0000, 0.0000, 0.0000, 0.0000, 0.0000, 0.0000,
    0.0000, 0.0000, 0.0000, 0.0000, 0.0000, 0.0000, 0.0000, 0.0000, 0.0000, 0.0000,
    0.0000, 0.0000, 0.0000, 0.0000, 0.0000, 0.0000, 0.0000, 0.0000, 0.0000, 0.0000,
  ]

### strategic/shots_clear
  Total points: 100
  Min: 0.0000, Max: 0.0000, Mean: 0.0000
  Data: [
    0.0000, 0.0000, 0.0000, 0.0000, 0.0000, 0.0000, 0.0000, 0.0000, 0.0000, 0.0000,
    0.0000, 0.0000, 0.0000, 0.0000, 0.0000, 0.0000, 0.0000, 0.0000, 0.0000, 0.0000,
    0.0000, 0.0000, 0.0000, 0.0000, 0.0000, 0.0000, 0.0000, 0.0000, 0.0000, 0.0000,
    0.0000, 0.0000, 0.0000, 0.0000, 0.0000, 0.0000, 0.0000, 0.0000, 0.0000, 0.0000,
    0.0000, 0.0000, 0.0000, 0.0000, 0.0000, 0.0000, 0.0000, 0.0000, 0.0000, 0.0000,
    0.0000, 0.0000, 0.0000, 0.0000, 0.0000, 0.0000, 0.0000, 0.0000, 0.0000, 0.0000,
    0.0000, 0.0000, 0.0000, 0.0000, 0.0000, 0.0000, 0.0000, 0.0000, 0.0000, 0.0000,
    0.0000, 0.0000, 0.0000, 0.0000, 0.0000, 0.0000, 0.0000, 0.0000, 0.0000, 0.0000,
    0.0000, 0.0000, 0.0000, 0.0000, 0.0000, 0.0000, 0.0000, 0.0000, 0.0000, 0.0000,
    0.0000, 0.0000, 0.0000, 0.0000, 0.0000, 0.0000, 0.0000, 0.0000, 0.0000, 0.0000,
  ]

### training/avg_episode_length
  Total points: 100
  Min: 27.9000, Max: 169.4000, Mean: 66.0830
  Data: [
    86.4000, 146.9000, 108.1000, 114.5000, 141.8000, 105.9000, 116.1000, 103.7000, 121.4000, 126.6000,
    169.4000, 126.1000, 124.3000, 70.6000, 134.2000, 90.6000, 83.8000, 103.8000, 129.7000, 77.3000,
    79.5000, 97.1000, 118.7000, 96.8000, 82.9000, 89.9000, 107.4000, 86.8000, 87.7000, 53.0000,
    84.4000, 75.9000, 85.1000, 89.7000, 87.0000, 102.3000, 61.7000, 85.3000, 51.2000, 66.8000,
    87.6000, 76.0000, 64.6000, 63.3000, 47.6000, 84.5000, 77.1000, 55.1000, 44.0000, 59.6000,
    39.0000, 44.6000, 35.0000, 32.3000, 30.3000, 46.5000, 37.9000, 37.9000, 33.7000, 35.9000,
    32.0000, 38.0000, 45.9000, 40.1000, 48.7000, 63.5000, 30.4000, 37.7000, 43.8000, 38.1000,
    29.1000, 37.6000, 41.1000, 33.3000, 33.0000, 31.2000, 32.1000, 38.0000, 32.3000, 43.4000,
    27.9000, 44.0000, 42.3000, 29.3000, 37.3000, 36.4000, 37.2000, 31.7000, 60.8000, 29.2000,
    44.0000, 41.9000, 40.3000, 47.0000, 66.1000, 39.3000, 44.6000, 59.0000, 38.4000, 39.4000,
  ]

### training/calls_per_episode
  Total points: 100
  Min: 0.0000, Max: 0.0000, Mean: 0.0000
  Data: [
    0.0000, 0.0000, 0.0000, 0.0000, 0.0000, 0.0000, 0.0000, 0.0000, 0.0000, 0.0000,
    0.0000, 0.0000, 0.0000, 0.0000, 0.0000, 0.0000, 0.0000, 0.0000, 0.0000, 0.0000,
    0.0000, 0.0000, 0.0000, 0.0000, 0.0000, 0.0000, 0.0000, 0.0000, 0.0000, 0.0000,
    0.0000, 0.0000, 0.0000, 0.0000, 0.0000, 0.0000, 0.0000, 0.0000, 0.0000, 0.0000,
    0.0000, 0.0000, 0.0000, 0.0000, 0.0000, 0.0000, 0.0000, 0.0000, 0.0000, 0.0000,
    0.0000, 0.0000, 0.0000, 0.0000, 0.0000, 0.0000, 0.0000, 0.0000, 0.0000, 0.0000,
    0.0000, 0.0000, 0.0000, 0.0000, 0.0000, 0.0000, 0.0000, 0.0000, 0.0000, 0.0000,
    0.0000, 0.0000, 0.0000, 0.0000, 0.0000, 0.0000, 0.0000, 0.0000, 0.0000, 0.0000,
    0.0000, 0.0000, 0.0000, 0.0000, 0.0000, 0.0000, 0.0000, 0.0000, 0.0000, 0.0000,
    0.0000, 0.0000, 0.0000, 0.0000, 0.0000, 0.0000, 0.0000, 0.0000, 0.0000, 0.0000,
  ]

### training/episode
  Total points: 100
  Min: 27550.0000, Max: 199350.0000, Mean: 113455.0000
  Data: [
    27550.0000, 27900.0000, 27950.0000, 28850.0000, 29050.0000, 29450.0000, 29700.0000, 30350.0000, 30950.0000, 31050.0000,
    31450.0000, 31550.0000, 32200.0000, 32300.0000, 33600.0000, 33750.0000, 34250.0000, 34350.0000, 34400.0000, 34600.0000,
    34700.0000, 35400.0000, 35750.0000, 36450.0000, 36800.0000, 37250.0000, 37450.0000, 37950.0000, 38150.0000, 38550.0000,
    38850.0000, 39350.0000, 39600.0000, 40000.0000, 40250.0000, 40450.0000, 40850.0000, 41300.0000, 42150.0000, 42300.0000,
    42450.0000, 42550.0000, 42650.0000, 42900.0000, 43000.0000, 44400.0000, 44600.0000, 45550.0000, 46000.0000, 46700.0000,
    182150.0000, 182250.0000, 182400.0000, 182450.0000, 183300.0000, 183400.0000, 183700.0000, 183900.0000, 184400.0000, 184450.0000,
    184650.0000, 184800.0000, 184950.0000, 185550.0000, 185700.0000, 186550.0000, 186800.0000, 187250.0000, 187800.0000, 188350.0000,
    188600.0000, 189100.0000, 189150.0000, 190100.0000, 190200.0000, 190350.0000, 190550.0000, 190700.0000, 190800.0000, 191450.0000,
    191800.0000, 192200.0000, 193000.0000, 193200.0000, 193750.0000, 194350.0000, 194400.0000, 194450.0000, 194800.0000, 195000.0000,
    195400.0000, 196250.0000, 196350.0000, 196450.0000, 197150.0000, 197300.0000, 197500.0000, 198250.0000, 199150.0000, 199350.0000,
  ]

### training/eps_per_sec
  Total points: 100
  Min: 0.4159, Max: 302.8571, Mean: 5.0768
  Data: [
    302.8571, 1.0344, 1.0287, 0.8767, 0.4159, 1.0561, 0.9636, 1.1004, 0.8404, 0.4586,
    0.9649, 0.4583, 1.0477, 1.0117, 1.0050, 1.2764, 1.1325, 1.0902, 1.1788, 1.1758,
    1.3276, 1.1089, 0.9747, 1.1073, 1.2656, 1.3195, 1.2555, 1.4996, 1.3992, 0.6369,
    1.3086, 1.3691, 1.3701, 1.2494, 1.6400, 1.3988, 1.9785, 1.5890, 1.8176, 1.7653,
    1.7599, 0.5513, 1.3797, 1.8351, 1.7264, 1.8941, 1.5969, 0.8108, 1.9870, 1.9367,
    3.0718, 3.0090, 2.9212, 3.1660, 2.7040, 3.0829, 3.1069, 2.7335, 2.8700, 3.2336,
    3.3821, 2.8219, 3.2121, 0.8535, 2.7920, 0.8709, 3.0646, 3.0429, 2.8137, 3.1754,
    3.0683, 3.0373, 3.1507, 3.5599, 3.5423, 2.9331, 0.8449, 3.0743, 3.2525, 3.1220,
    3.5135, 3.0261, 2.9113, 2.5234, 2.7877, 2.7338, 3.0773, 3.0181, 2.7783, 3.1985,
    2.9095, 3.0365, 3.0449, 2.3865, 2.5168, 2.9440, 3.2600, 2.5749, 2.8054, 3.2892,
  ]

### training/epsilon
  Total points: 100
  Min: 0.1000, Max: 0.1494, Mean: 0.1033
  Data: [
    0.1494, 0.1453, 0.1447, 0.1346, 0.1325, 0.1283, 0.1258, 0.1194, 0.1138, 0.1129,
    0.1094, 0.1085, 0.1030, 0.1022, 0.1000, 0.1000, 0.1000, 0.1000, 0.1000, 0.1000,
    0.1000, 0.1000, 0.1000, 0.1000, 0.1000, 0.1000, 0.1000, 0.1000, 0.1000, 0.1000,
    0.1000, 0.1000, 0.1000, 0.1000, 0.1000, 0.1000, 0.1000, 0.1000, 0.1000, 0.1000,
    0.1000, 0.1000, 0.1000, 0.1000, 0.1000, 0.1000, 0.1000, 0.1000, 0.1000, 0.1000,
    0.1000, 0.1000, 0.1000, 0.1000, 0.1000, 0.1000, 0.1000, 0.1000, 0.1000, 0.1000,
    0.1000, 0.1000, 0.1000, 0.1000, 0.1000, 0.1000, 0.1000, 0.1000, 0.1000, 0.1000,
    0.1000, 0.1000, 0.1000, 0.1000, 0.1000, 0.1000, 0.1000, 0.1000, 0.1000, 0.1000,
    0.1000, 0.1000, 0.1000, 0.1000, 0.1000, 0.1000, 0.1000, 0.1000, 0.1000, 0.1000,
    0.1000, 0.1000, 0.1000, 0.1000, 0.1000, 0.1000, 0.1000, 0.1000, 0.1000, 0.1000,
  ]

### training/pbrs_enabled
  Total points: 100
  Min: 1.0000, Max: 1.0000, Mean: 1.0000
  Data: [
    1.0000, 1.0000, 1.0000, 1.0000, 1.0000, 1.0000, 1.0000, 1.0000, 1.0000, 1.0000,
    1.0000, 1.0000, 1.0000, 1.0000, 1.0000, 1.0000, 1.0000, 1.0000, 1.0000, 1.0000,
    1.0000, 1.0000, 1.0000, 1.0000, 1.0000, 1.0000, 1.0000, 1.0000, 1.0000, 1.0000,
    1.0000, 1.0000, 1.0000, 1.0000, 1.0000, 1.0000, 1.0000, 1.0000, 1.0000, 1.0000,
    1.0000, 1.0000, 1.0000, 1.0000, 1.0000, 1.0000, 1.0000, 1.0000, 1.0000, 1.0000,
    1.0000, 1.0000, 1.0000, 1.0000, 1.0000, 1.0000, 1.0000, 1.0000, 1.0000, 1.0000,
    1.0000, 1.0000, 1.0000, 1.0000, 1.0000, 1.0000, 1.0000, 1.0000, 1.0000, 1.0000,
    1.0000, 1.0000, 1.0000, 1.0000, 1.0000, 1.0000, 1.0000, 1.0000, 1.0000, 1.0000,
    1.0000, 1.0000, 1.0000, 1.0000, 1.0000, 1.0000, 1.0000, 1.0000, 1.0000, 1.0000,
    1.0000, 1.0000, 1.0000, 1.0000, 1.0000, 1.0000, 1.0000, 1.0000, 1.0000, 1.0000,
  ]

### training/tie_penalty
  Total points: 100
  Min: -1.5000, Max: 0.0000, Mean: -0.0900
  Data: [
    0.0000, -1.5000, 0.0000, 0.0000, 0.0000, 0.0000, 0.0000, 0.0000, -1.5000, 0.0000,
    0.0000, 0.0000, 0.0000, 0.0000, 0.0000, 0.0000, 0.0000, -1.5000, -1.5000, 0.0000,
    0.0000, 0.0000, 0.0000, 0.0000, 0.0000, -1.5000, 0.0000, -1.5000, 0.0000, 0.0000,
    0.0000, 0.0000, 0.0000, 0.0000, 0.0000, 0.0000, 0.0000, 0.0000, 0.0000, 0.0000,
    0.0000, 0.0000, 0.0000, 0.0000, 0.0000, 0.0000, 0.0000, 0.0000, 0.0000, 0.0000,
    0.0000, 0.0000, 0.0000, 0.0000, 0.0000, 0.0000, 0.0000, 0.0000, 0.0000, 0.0000,
    0.0000, 0.0000, 0.0000, 0.0000, 0.0000, 0.0000, 0.0000, 0.0000, 0.0000, 0.0000,
    0.0000, 0.0000, 0.0000, 0.0000, 0.0000, 0.0000, 0.0000, 0.0000, 0.0000, 0.0000,
    0.0000, 0.0000, 0.0000, 0.0000, 0.0000, 0.0000, 0.0000, 0.0000, 0.0000, 0.0000,
    0.0000, 0.0000, 0.0000, 0.0000, 0.0000, 0.0000, 0.0000, 0.0000, 0.0000, 0.0000,
  ]

### values/Q_avg
  Total points: 100
  Min: -0.9241, Max: 1.5122, Mean: 0.4295
  Data: [
    -0.8908, 1.2038, -0.0699, 0.1588, -0.0154, -0.1520, -0.4371, -0.4944, -0.3193, -0.5055,
    0.0054, -0.6623, -0.5561, -0.4590, -0.9241, -0.5662, -0.3313, -0.5782, 0.1692, 0.0061,
    0.2346, 0.1438, -0.4571, -0.1302, -0.4166, -0.0652, 0.0432, -0.3913, 0.0368, -0.2386,
    -0.0196, 0.2658, 0.0479, 0.0108, -0.0779, 0.3534, 0.4443, 0.5592, 0.7594, 0.7716,
    1.2032, 0.3957, 0.9049, 0.6764, 1.2245, 0.3921, 1.4592, 1.2490, 0.4867, 0.7118,
    -0.0672, 0.7505, 1.2344, 0.7736, 1.0113, 0.9760, 0.9321, 0.5320, 0.1954, 0.7848,
    1.5106, 0.6879, 0.6264, 0.9267, 0.1343, 0.6342, 0.3304, 1.0783, 0.9390, 1.2994,
    0.7539, 1.0958, 1.1995, 0.5361, 0.4707, 0.6859, 1.1561, 1.2847, 0.9796, 0.3196,
    1.5122, 0.7846, 0.4294, 1.2310, 1.0482, 0.7538, 0.7252, 0.4117, 0.8965, 0.6317,
    0.8813, 0.3553, 0.0449, 0.9558, 0.3833, 0.5826, 0.9683, 0.0633, 0.5666, 0.7959,
  ]

### values/Q_max
  Total points: 100
  Min: 7.3422, Max: 10.5054, Mean: 8.8659
  Data: [
    10.5054, 9.6954, 7.3422, 8.4727, 8.9712, 7.8435, 8.7526, 7.6832, 8.3821, 7.7246,
    8.5192, 8.7541, 9.4418, 8.6948, 9.2443, 8.0562, 8.9828, 8.9128, 9.4194, 9.2045,
    9.2175, 9.4764, 9.0922, 8.7571, 8.0235, 9.0985, 8.9125, 7.6759, 8.5073, 8.6390,
    8.5340, 8.8756, 8.6299, 9.2601, 9.1704, 8.3276, 9.3730, 8.8974, 8.6654, 9.3213,
    9.5042, 9.2664, 9.5031, 9.3663, 9.4635, 9.5700, 9.3061, 9.5393, 8.9307, 9.5936,
    8.8144, 9.4707, 8.6728, 8.5195, 8.7393, 8.6492, 8.6841, 8.6073, 8.9034, 10.0276,
    8.8982, 8.8346, 8.6491, 8.9041, 8.6353, 8.7716, 8.6935, 8.9250, 8.8837, 9.0525,
    8.7407, 8.7474, 8.9963, 8.7255, 8.8145, 8.8384, 8.8786, 8.9139, 8.6850, 8.6785,
    8.9829, 9.5081, 8.7718, 8.7253, 8.8704, 8.8334, 8.6711, 8.6541, 8.7226, 8.6764,
    9.1968, 8.9744, 8.7594, 8.7635, 8.8392, 8.6068, 8.6492, 8.5786, 8.6530, 8.6928,
  ]

### values/Q_min
  Total points: 100
  Min: -10.0991, Max: -3.4654, Mean: -6.7281
  Data: [
    -10.0991, -8.4795, -6.8735, -6.2812, -7.4856, -7.7365, -7.5597, -7.2709, -6.2835, -7.7634,
    -7.3619, -8.7318, -6.5793, -9.5975, -8.0313, -8.7901, -9.2860, -9.1114, -7.7590, -7.9762,
    -10.0390, -8.5810, -9.3380, -6.9917, -8.6205, -8.4261, -6.1160, -7.0929, -5.6308, -6.7658,
    -7.3195, -7.3265, -8.0622, -9.0351, -8.5608, -7.0866, -8.1916, -6.3206, -6.6567, -7.5779,
    -6.1999, -6.9791, -9.2837, -7.6666, -6.3700, -8.2265, -7.4437, -7.1992, -7.1771, -7.3935,
    -5.4358, -5.1251, -5.0699, -4.3510, -3.4654, -4.2817, -4.2669, -5.2423, -5.6592, -5.2705,
    -4.3177, -4.5749, -5.0813, -4.3874, -4.7963, -4.7614, -6.5689, -5.3683, -4.6181, -4.3899,
    -5.6156, -4.2833, -5.2491, -5.2945, -5.4748, -5.2636, -5.1855, -6.2618, -6.2637, -4.6734,
    -5.5746, -6.9679, -4.7928, -7.4575, -7.0038, -8.0347, -4.0554, -7.3778, -7.2738, -6.4344,
    -6.4423, -6.5377, -5.8699, -7.5632, -7.3390, -6.8456, -6.9688, -6.8637, -8.3636, -7.7112,
  ]

### values/Q_std
  Total points: 100
  Min: 2.7460, Max: 4.5833, Mean: 3.7268
  Data: [
    4.0962, 4.0093, 2.8668, 3.0975, 3.5410, 2.9339, 2.9635, 3.4537, 3.0366, 2.7460,
    3.1205, 3.1605, 3.1609, 3.8316, 3.4486, 3.2635, 3.4490, 3.4440, 3.6546, 3.4362,
    3.8295, 3.6735, 3.8270, 3.2765, 3.4572, 3.7491, 3.5419, 2.7709, 3.7425, 3.2607,
    3.8052, 3.4227, 3.3564, 3.9516, 3.5365, 3.5269, 3.9019, 3.8989, 3.8380, 3.9937,
    4.1077, 3.9958, 4.1134, 3.7141, 3.9984, 3.9518, 4.5833, 4.1029, 3.6620, 3.7112,
    3.2363, 3.7959, 4.1346, 3.8041, 3.8427, 3.7842, 3.9699, 3.6097, 3.7826, 3.8018,
    4.2383, 3.6242, 3.7525, 3.6997, 3.4403, 3.7641, 3.7476, 4.0533, 3.9026, 4.0802,
    4.1480, 3.8448, 3.8735, 3.4858, 3.6682, 3.7590, 3.9721, 3.8135, 3.9763, 3.6314,
    3.8718, 4.0619, 3.7994, 4.1139, 4.1473, 3.9385, 3.5937, 4.0216, 4.1786, 3.8768,
    4.0372, 3.8955, 3.7313, 4.0120, 3.9117, 3.9428, 4.1383, 3.9828, 4.1541, 4.0143,
  ]
