================================================================================
W&B RUN DATA: td3-accurate-TD3-Hockey-NORMAL-weak-lr0.0010-seed42
================================================================================

## RUN METADATA
Run ID: 8bymuef4
Created: 2026-01-15T21:51:38Z
State: running
Duration: 36369.231790463 seconds

## CONFIGURATION
  algorithm: TD3
  mode: NORMAL
  opponent: weak
  learning_rate_actor: 0.001
  learning_rate_critic: 0.001
  batch_size: 100
  buffer_size: 1000000
  max_episodes: 20000
  random_seed: 42
  self_play_start: 0
  self_play_pool_size: 25
  gamma: 0.99
  tau: 0.005

## FINAL SUMMARY

## NOTE: Data discretized to fit 100000 char limit
  Showing ~100 points per metric (of 145 total)

## METRICS DATA

### behavior/action_magnitude_avg
  Total points: 100
  Min: 0.2076, Max: 1.3293, Mean: 0.9940
  Data: [
    0.2249, 0.2484, 0.2494, 0.2434, 0.2624, 0.2537, 0.2076, 0.2269, 0.2428, 0.2491,
    0.2148, 0.2234, 0.2271, 0.2182, 0.2520, 0.2178, 0.2496, 0.2137, 0.2189, 0.2526,
    1.2989, 1.2351, 1.2928, 1.2649, 1.3130, 1.3293, 1.2756, 1.3149, 1.3036, 1.3063,
    1.2478, 1.1908, 1.1414, 1.1683, 1.1069, 1.1249, 1.1623, 1.1262, 1.0953, 1.0892,
    1.1160, 1.1402, 1.1260, 1.1456, 1.1727, 1.1127, 1.1494, 1.1730, 1.1313, 1.1546,
    1.1341, 1.1333, 1.1029, 1.1563, 1.1790, 1.1873, 1.1400, 1.1568, 1.1068, 1.1484,
    1.1040, 1.1488, 1.1386, 1.1242, 1.1791, 1.1810, 1.1248, 1.1496, 1.1759, 1.2116,
    1.1672, 1.1967, 1.1789, 1.2134, 1.1806, 1.1793, 1.1872, 1.1709, 1.1641, 1.1831,
    1.1766, 1.1670, 1.2035, 1.2268, 1.2087, 1.2056, 1.2122, 1.2340, 1.2157, 1.1961,
    1.1832, 1.2172, 1.2238, 1.2032, 1.1894, 1.1885, 1.1873, 1.1956, 1.2039, 1.2531,
  ]

### behavior/action_magnitude_max
  Total points: 100
  Min: 0.5240, Max: 1.4142, Mean: 1.2567
  Data: [
    0.6472, 0.6515, 0.6988, 0.6832, 0.7260, 0.6441, 0.5240, 0.6098, 0.6114, 0.6768,
    0.5335, 0.6031, 0.5967, 0.5866, 0.6918, 0.5865, 0.6507, 0.5728, 0.5638, 0.6866,
    1.4142, 1.4142, 1.4142, 1.4142, 1.4142, 1.4142, 1.4142, 1.4142, 1.4142, 1.4142,
    1.4120, 1.4142, 1.4142, 1.4142, 1.4142, 1.4142, 1.4142, 1.4142, 1.4133, 1.4142,
    1.4133, 1.4142, 1.4138, 1.4142, 1.4142, 1.4142, 1.4142, 1.4142, 1.4142, 1.4142,
    1.4137, 1.4142, 1.4116, 1.4142, 1.4142, 1.4142, 1.4142, 1.4142, 1.4142, 1.4142,
    1.4142, 1.4142, 1.4142, 1.4142, 1.4142, 1.4142, 1.4136, 1.4130, 1.4142, 1.4142,
    1.4134, 1.4142, 1.4142, 1.4142, 1.4142, 1.4142, 1.4142, 1.4142, 1.4142, 1.4142,
    1.4142, 1.4142, 1.4142, 1.4142, 1.4142, 1.4142, 1.4142, 1.4142, 1.4142, 1.4142,
    1.4142, 1.4142, 1.4142, 1.4142, 1.4142, 1.4142, 1.4142, 1.4142, 1.4142, 1.4142,
  ]

### behavior/dist_to_puck_avg
  Total points: 100
  Min: 2.1676, Max: 4.0573, Mean: 2.8400
  Data: [
    3.3682, 3.5072, 3.7673, 3.5490, 3.8191, 3.9441, 3.8626, 3.7926, 3.6922, 3.9077,
    3.5256, 3.6470, 3.6141, 3.2382, 3.7510, 3.4000, 3.7931, 3.4617, 3.5984, 4.0573,
    2.3425, 2.3758, 2.3072, 2.5607, 2.6590, 2.2282, 2.7591, 2.5731, 2.2060, 2.3723,
    2.6645, 2.8404, 2.7610, 2.4197, 2.4475, 2.5475, 2.7301, 2.6516, 2.4633, 2.8155,
    2.7659, 2.4798, 2.7413, 2.7370, 2.3969, 2.7466, 2.5247, 2.7707, 2.8627, 2.3407,
    2.6672, 2.7112, 2.5461, 2.7773, 2.1676, 2.3899, 2.4353, 2.6758, 2.6655, 2.7290,
    2.7997, 2.9524, 2.4712, 2.7693, 2.7275, 2.4621, 2.9252, 2.8149, 2.2943, 2.7685,
    2.9480, 2.2792, 2.7611, 2.6093, 3.0124, 2.5729, 2.7316, 2.5284, 3.0076, 2.9115,
    2.7175, 2.7853, 3.1990, 2.7568, 2.5337, 2.7449, 2.7495, 2.3822, 2.4884, 2.4368,
    2.7177, 2.6488, 2.5750, 2.6567, 2.7368, 2.8078, 2.2388, 2.8043, 2.8415, 2.6780,
  ]

### behavior/dist_to_puck_min
  Total points: 100
  Min: 0.2643, Max: 1.7372, Mean: 0.6751
  Data: [
    1.3803, 1.1766, 1.4567, 1.4418, 1.2872, 1.2753, 1.7095, 1.6298, 1.6015, 1.3254,
    1.4112, 1.2401, 1.5064, 1.2641, 1.1917, 1.5742, 1.2759, 1.4601, 1.7372, 1.3647,
    0.5036, 0.4458, 0.3125, 0.3565, 0.4706, 0.2709, 0.6909, 0.3872, 0.4380, 0.2643,
    0.6822, 0.7328, 0.4602, 0.3581, 0.3598, 0.3173, 0.4083, 0.4842, 0.4333, 0.6199,
    0.4052, 0.3340, 0.5433, 0.4871, 0.4652, 0.4072, 0.2748, 0.5377, 0.8468, 0.4302,
    0.6539, 0.4621, 0.7450, 0.4139, 0.3010, 0.3640, 0.2718, 0.4098, 0.3917, 0.6360,
    0.3513, 0.5510, 0.3342, 0.5336, 0.4492, 0.3814, 0.7842, 0.4646, 0.2882, 0.3824,
    0.6966, 0.3600, 0.6979, 0.4063, 0.8165, 0.5235, 0.6575, 0.3494, 0.6911, 0.6807,
    0.5980, 0.5412, 1.1829, 0.7047, 0.4494, 0.6442, 0.5871, 0.3336, 0.3432, 0.3112,
    0.5103, 0.3083, 0.5134, 0.4446, 0.4576, 0.5205, 0.2703, 0.3627, 0.5679, 0.7698,
  ]

### behavior/distance_traveled
  Total points: 100
  Min: 3.1671, Max: 17.6075, Mean: 8.4648
  Data: [
    3.5084, 3.9567, 3.9125, 3.8040, 3.8315, 3.7451, 3.1671, 3.5271, 3.2237, 4.3508,
    3.5416, 3.8292, 3.5402, 3.3720, 3.9841, 3.4041, 4.1676, 3.3023, 3.6446, 3.7473,
    11.6593, 6.6258, 12.1581, 11.2455, 11.6927, 16.4984, 9.8544, 8.8132, 11.4930, 17.6075,
    14.7223, 10.3008, 9.7122, 8.5520, 6.9523, 10.7006, 9.1165, 8.8804, 8.2836, 11.4613,
    7.9494, 6.6897, 8.4583, 8.1985, 7.4625, 8.1199, 7.5925, 6.0850, 9.5007, 7.0861,
    9.6920, 8.6460, 6.7034, 10.6952, 11.4908, 15.3892, 9.9164, 9.2229, 7.2948, 7.8707,
    8.7124, 9.5368, 8.5168, 8.7336, 8.7305, 10.4484, 5.4238, 5.4458, 10.7178, 8.6304,
    8.3996, 8.1173, 13.8009, 12.8656, 9.3116, 7.5052, 6.9776, 9.9368, 7.6055, 10.6898,
    13.7007, 7.6048, 7.4790, 6.5578, 11.6641, 11.1233, 9.6179, 7.9985, 10.6874, 9.3889,
    8.3663, 14.4440, 6.4559, 10.0535, 9.5230, 8.2451, 9.8677, 17.2430, 12.9496, 9.4540,
  ]

### behavior/lazy_action_ratio
  Total points: 100
  Min: 0.0000, Max: 0.2177, Mean: 0.0365
  Data: [
    0.1790, 0.1683, 0.1705, 0.1929, 0.1516, 0.1673, 0.1724, 0.1735, 0.1561, 0.1771,
    0.2046, 0.2177, 0.1873, 0.1926, 0.1797, 0.2102, 0.1843, 0.2021, 0.1852, 0.1704,
    0.0000, 0.0008, 0.0000, 0.0000, 0.0000, 0.0000, 0.0000, 0.0000, 0.0000, 0.0000,
    0.0000, 0.0000, 0.0000, 0.0000, 0.0018, 0.0000, 0.0005, 0.0000, 0.0000, 0.0000,
    0.0000, 0.0000, 0.0000, 0.0000, 0.0000, 0.0000, 0.0000, 0.0000, 0.0000, 0.0000,
    0.0000, 0.0000, 0.0021, 0.0000, 0.0000, 0.0000, 0.0000, 0.0000, 0.0000, 0.0000,
    0.0000, 0.0000, 0.0000, 0.0000, 0.0000, 0.0000, 0.0000, 0.0000, 0.0000, 0.0000,
    0.0000, 0.0000, 0.0000, 0.0000, 0.0000, 0.0000, 0.0000, 0.0000, 0.0000, 0.0000,
    0.0000, 0.0000, 0.0000, 0.0000, 0.0000, 0.0000, 0.0000, 0.0000, 0.0000, 0.0000,
    0.0000, 0.0000, 0.0000, 0.0000, 0.0000, 0.0000, 0.0000, 0.0000, 0.0000, 0.0000,
  ]

### behavior/possession_ratio
  Total points: 100
  Min: 0.0000, Max: 0.2814, Mean: 0.1349
  Data: [
    0.0312, 0.0455, 0.0287, 0.0393, 0.0397, 0.0304, 0.0000, 0.0238, 0.0285, 0.0069,
    0.0137, 0.0303, 0.0286, 0.0163, 0.0362, 0.0182, 0.0345, 0.0111, 0.0112, 0.0153,
    0.0674, 0.1179, 0.2241, 0.1392, 0.1506, 0.1836, 0.1112, 0.1446, 0.2040, 0.1750,
    0.1666, 0.1508, 0.1684, 0.1925, 0.2470, 0.1967, 0.1519, 0.1717, 0.1893, 0.1117,
    0.1605, 0.2050, 0.1735, 0.1407, 0.2246, 0.1457, 0.2181, 0.1474, 0.0938, 0.2060,
    0.1320, 0.1298, 0.1446, 0.1183, 0.1930, 0.1718, 0.2175, 0.1593, 0.1595, 0.1638,
    0.1390, 0.1369, 0.2322, 0.1463, 0.1647, 0.1801, 0.1206, 0.2139, 0.1982, 0.1628,
    0.1375, 0.2519, 0.0916, 0.1689, 0.1148, 0.1619, 0.1554, 0.1449, 0.1186, 0.1348,
    0.1519, 0.1712, 0.0995, 0.1796, 0.1753, 0.1718, 0.1619, 0.2098, 0.1767, 0.1891,
    0.1585, 0.1280, 0.1958, 0.1634, 0.1104, 0.1265, 0.2814, 0.1263, 0.1273, 0.1508,
  ]

### behavior/puck_touches
  Total points: 100
  Min: 0.0000, Max: 3.0000, Mean: 1.3610
  Data: [
    0.3000, 0.5000, 0.3000, 0.5000, 0.4000, 0.4000, 0.0000, 0.3000, 0.2000, 0.4000,
    0.1000, 0.7000, 0.3000, 0.6000, 0.4000, 0.1000, 0.4000, 0.1000, 0.2000, 0.2000,
    1.1000, 1.3000, 2.9000, 1.7000, 1.7000, 2.5000, 1.4000, 1.1000, 2.0000, 3.0000,
    1.9000, 1.3000, 2.1000, 1.7000, 1.8000, 2.1000, 1.6000, 2.2000, 2.0000, 1.4000,
    1.5000, 2.1000, 1.3000, 1.4000, 1.7000, 1.4000, 2.1000, 0.9000, 1.0000, 1.6000,
    1.3000, 1.2000, 1.9000, 1.2000, 1.6000, 2.7000, 2.6000, 1.8000, 1.1000, 2.1000,
    1.8000, 1.3000, 2.4000, 1.1000, 1.1000, 1.4000, 0.6000, 1.1000, 1.7000, 1.2000,
    1.5000, 2.0000, 1.0000, 1.9000, 0.7000, 1.4000, 1.0000, 1.5000, 0.9000, 1.8000,
    2.0000, 1.2000, 1.0000, 1.4000, 2.1000, 1.7000, 1.6000, 1.3000, 1.5000, 1.7000,
    2.0000, 1.7000, 1.3000, 2.6000, 1.6000, 1.0000, 2.2000, 2.0000, 1.6000, 1.5000,
  ]

### behavior/shoot_action_avg
  Total points: 100
  Min: -0.8357, Max: -0.0506, Mean: -0.3708
  Data: [
    -0.1034, -0.0573, -0.0823, -0.0645, -0.1171, -0.1152, -0.1053, -0.1183, -0.1151, -0.0737,
    -0.1117, -0.0985, -0.0925, -0.1078, -0.0842, -0.1011, -0.0676, -0.1228, -0.1193, -0.0944,
    -0.4446, -0.1273, -0.2389, -0.1927, -0.3373, -0.2235, -0.3082, -0.0883, -0.2305, -0.3851,
    -0.3428, -0.2667, -0.1477, -0.3330, -0.1596, -0.2594, -0.1200, -0.2837, -0.4603, -0.4172,
    -0.0506, -0.2504, -0.3127, -0.4296, -0.4534, -0.2944, -0.5441, -0.1032, -0.1869, -0.4371,
    -0.4260, -0.4193, -0.5125, -0.4562, -0.4025, -0.4482, -0.4760, -0.3027, -0.2620, -0.5585,
    -0.2401, -0.4494, -0.5274, -0.3030, -0.3819, -0.6264, -0.5459, -0.4879, -0.7805, -0.6990,
    -0.6783, -0.6372, -0.8357, -0.6368, -0.6640, -0.6375, -0.6315, -0.5955, -0.4437, -0.4556,
    -0.3469, -0.4309, -0.5980, -0.4806, -0.6378, -0.5669, -0.4901, -0.3792, -0.5854, -0.5758,
    -0.4952, -0.6799, -0.5336, -0.5559, -0.6740, -0.5781, -0.5614, -0.7516, -0.6915, -0.5642,
  ]

### behavior/shoot_action_when_possess
  Total points: 100
  Min: -0.9680, Max: 0.0000, Mean: -0.5594
  Data: [
    -0.0488, -0.0663, -0.0574, -0.1172, -0.1023, -0.0744, 0.0000, -0.0506, -0.0557, -0.0254,
    -0.0197, -0.0587, -0.0238, -0.0574, -0.0505, -0.0176, -0.0686, -0.0210, -0.0190, -0.1020,
    -0.5259, -0.6278, -0.7880, -0.5172, -0.6104, -0.8970, -0.5297, -0.6421, -0.7217, -0.9322,
    -0.7428, -0.5948, -0.6977, -0.8177, -0.7292, -0.8351, -0.7235, -0.6457, -0.8256, -0.6500,
    -0.6298, -0.7226, -0.6412, -0.5682, -0.7421, -0.7237, -0.9680, -0.6130, -0.4448, -0.7422,
    -0.6333, -0.7521, -0.4694, -0.6724, -0.7560, -0.7413, -0.8604, -0.7666, -0.7554, -0.6643,
    -0.7162, -0.6260, -0.7425, -0.6452, -0.6379, -0.8418, -0.4804, -0.7372, -0.9297, -0.7581,
    -0.5620, -0.8144, -0.4782, -0.7634, -0.4562, -0.5743, -0.6629, -0.7634, -0.5734, -0.6662,
    -0.7260, -0.6606, -0.4518, -0.5672, -0.7613, -0.6716, -0.4684, -0.7181, -0.7637, -0.7592,
    -0.5708, -0.8590, -0.6430, -0.7535, -0.6661, -0.5781, -0.9385, -0.8615, -0.5759, -0.5573,
  ]

### behavior/time_near_puck
  Total points: 100
  Min: 0.0000, Max: 36.1000, Mean: 15.0450
  Data: [
    2.8000, 5.9000, 2.7000, 4.3000, 5.5000, 4.2000, 0.0000, 2.7000, 3.5000, 1.7000,
    1.4000, 4.9000, 4.4000, 3.3000, 4.5000, 1.4000, 4.2000, 1.3000, 2.7000, 1.6000,
    12.6000, 9.3000, 31.4000, 16.7000, 22.3000, 26.5000, 15.6000, 14.8000, 23.0000, 36.1000,
    23.0000, 15.3000, 19.5000, 18.7000, 17.2000, 25.8000, 18.7000, 20.5000, 20.2000, 15.3000,
    15.9000, 21.3000, 16.6000, 17.3000, 16.5000, 13.7000, 20.9000, 11.8000, 11.3000, 18.3000,
    17.4000, 15.5000, 18.6000, 11.8000, 19.0000, 27.3000, 28.5000, 18.8000, 14.0000, 15.8000,
    19.7000, 14.5000, 27.3000, 14.2000, 14.1000, 18.2000, 8.1000, 13.9000, 22.1000, 14.1000,
    17.4000, 21.0000, 12.3000, 19.9000, 8.1000, 15.7000, 12.9000, 15.9000, 12.5000, 19.0000,
    22.0000, 14.2000, 10.5000, 14.0000, 25.7000, 20.0000, 19.8000, 14.5000, 18.4000, 19.0000,
    22.7000, 17.8000, 14.6000, 22.5000, 15.8000, 13.2000, 26.9000, 22.5000, 18.9000, 14.8000,
  ]

### behavior/velocity_avg
  Total points: 100
  Min: 0.0222, Max: 0.1122, Mean: 0.0796
  Data: [
    0.0290, 0.0245, 0.0282, 0.0276, 0.0321, 0.0265, 0.0264, 0.0290, 0.0302, 0.0222,
    0.0328, 0.0261, 0.0242, 0.0250, 0.0261, 0.0348, 0.0248, 0.0290, 0.0283, 0.0249,
    0.0767, 0.0887, 0.0925, 0.0968, 0.0909, 0.0999, 0.1046, 0.0956, 0.0981, 0.0908,
    0.1004, 0.1016, 0.0818, 0.0918, 0.0908, 0.0809, 0.0936, 0.0901, 0.0779, 0.0898,
    0.0921, 0.0816, 0.0814, 0.0840, 0.0965, 0.0851, 0.0790, 0.0905, 0.0925, 0.0858,
    0.0805, 0.0856, 0.0948, 0.0935, 0.1016, 0.1045, 0.0770, 0.0765, 0.0805, 0.0865,
    0.0738, 0.0899, 0.0862, 0.0974, 0.0963, 0.0971, 0.0991, 0.0846, 0.0865, 0.0951,
    0.0873, 0.0947, 0.1111, 0.0920, 0.0965, 0.1082, 0.1068, 0.0939, 0.0833, 0.0947,
    0.0987, 0.0887, 0.1054, 0.1039, 0.0975, 0.1022, 0.0927, 0.1060, 0.0947, 0.0908,
    0.0894, 0.1020, 0.1032, 0.0885, 0.0942, 0.0979, 0.0905, 0.0957, 0.0975, 0.1122,
  ]

### behavior/velocity_max
  Total points: 100
  Min: 0.0835, Max: 0.2344, Mean: 0.1986
  Data: [
    0.0953, 0.0951, 0.1042, 0.1005, 0.1048, 0.0962, 0.0840, 0.0935, 0.1043, 0.1024,
    0.0906, 0.1010, 0.0875, 0.0907, 0.1086, 0.1009, 0.1009, 0.0835, 0.0921, 0.1063,
    0.2209, 0.2234, 0.2298, 0.2257, 0.2302, 0.2304, 0.2276, 0.2269, 0.2310, 0.2339,
    0.2312, 0.2282, 0.2289, 0.2219, 0.2209, 0.2222, 0.2256, 0.2252, 0.2200, 0.2233,
    0.2175, 0.2172, 0.2186, 0.2175, 0.2172, 0.2151, 0.2146, 0.2289, 0.2218, 0.2229,
    0.2226, 0.2250, 0.2166, 0.2223, 0.2299, 0.2280, 0.2219, 0.2258, 0.2185, 0.2242,
    0.2218, 0.2279, 0.2236, 0.2308, 0.2200, 0.2224, 0.2191, 0.2166, 0.2239, 0.2223,
    0.2229, 0.2259, 0.2310, 0.2259, 0.2158, 0.2201, 0.2231, 0.2228, 0.2232, 0.2237,
    0.2344, 0.2246, 0.2174, 0.2242, 0.2281, 0.2272, 0.2192, 0.2315, 0.2226, 0.2241,
    0.2236, 0.2247, 0.2198, 0.2248, 0.2264, 0.2228, 0.2207, 0.2307, 0.2301, 0.2260,
  ]

### eval/strong/avg_reward
  Total points: 14
  Min: -25.3874, Max: -5.0103, Mean: -9.0979
  Data: [
    -24.9496, -25.3874, -5.3897, -5.7731, -6.8797, -8.6919, -5.5853, -6.0635, -5.3059, -5.5553,
    -7.8133, -7.4345, -7.5304, -5.0103,
  ]

### eval/strong/loss_rate
  Total points: 14
  Min: 0.2800, Max: 0.7400, Mean: 0.5271
  Data: [
    0.2800, 0.3200, 0.4800, 0.5200, 0.5400, 0.7400, 0.6000, 0.5400, 0.5200, 0.5800,
    0.5200, 0.6200, 0.6200, 0.5000,
  ]

### eval/strong/losses
  Total points: 14
  Min: 14.0000, Max: 37.0000, Mean: 26.3571
  Data: [
    14.0000, 16.0000, 24.0000, 26.0000, 27.0000, 37.0000, 30.0000, 27.0000, 26.0000, 29.0000,
    26.0000, 31.0000, 31.0000, 25.0000,
  ]

### eval/strong/tie_rate
  Total points: 14
  Min: 0.0400, Max: 0.6600, Mean: 0.2371
  Data: [
    0.6600, 0.6400, 0.2200, 0.2000, 0.2000, 0.0400, 0.1000, 0.2200, 0.1800, 0.1000,
    0.2800, 0.1400, 0.1600, 0.1800,
  ]

### eval/strong/ties
  Total points: 14
  Min: 2.0000, Max: 33.0000, Mean: 11.8571
  Data: [
    33.0000, 32.0000, 11.0000, 10.0000, 10.0000, 2.0000, 5.0000, 11.0000, 9.0000, 5.0000,
    14.0000, 7.0000, 8.0000, 9.0000,
  ]

### eval/strong/win_rate
  Total points: 14
  Min: 0.0400, Max: 0.3200, Mean: 0.2357
  Data: [
    0.0600, 0.0400, 0.3000, 0.2800, 0.2600, 0.2200, 0.3000, 0.2400, 0.3000, 0.3200,
    0.2000, 0.2400, 0.2200, 0.3200,
  ]

### eval/strong/win_rate_decisive
  Total points: 14
  Min: 0.1111, Max: 0.3902, Mean: 0.2963
  Data: [
    0.1765, 0.1111, 0.3846, 0.3500, 0.3250, 0.2292, 0.3333, 0.3077, 0.3659, 0.3556,
    0.2778, 0.2791, 0.2619, 0.3902,
  ]

### eval/strong/wins
  Total points: 14
  Min: 2.0000, Max: 16.0000, Mean: 11.7857
  Data: [
    3.0000, 2.0000, 15.0000, 14.0000, 13.0000, 11.0000, 15.0000, 12.0000, 15.0000, 16.0000,
    10.0000, 12.0000, 11.0000, 16.0000,
  ]

### eval/weak/avg_reward
  Total points: 14
  Min: -25.6660, Max: -2.6140, Mean: -9.2832
  Data: [
    -25.1386, -25.6660, -2.6140, -8.0979, -5.6040, -4.8636, -5.3099, -6.0416, -8.2393, -5.6179,
    -6.9624, -9.9386, -8.0693, -7.8011,
  ]

### eval/weak/loss_rate
  Total points: 14
  Min: 0.3800, Max: 0.8400, Mean: 0.6143
  Data: [
    0.4000, 0.4200, 0.3800, 0.7200, 0.5400, 0.6000, 0.6000, 0.6600, 0.7400, 0.6000,
    0.6600, 0.8400, 0.7400, 0.7000,
  ]

### eval/weak/losses
  Total points: 14
  Min: 19.0000, Max: 42.0000, Mean: 30.7143
  Data: [
    20.0000, 21.0000, 19.0000, 36.0000, 27.0000, 30.0000, 30.0000, 33.0000, 37.0000, 30.0000,
    33.0000, 42.0000, 37.0000, 35.0000,
  ]

### eval/weak/tie_rate
  Total points: 14
  Min: 0.0800, Max: 0.5800, Mean: 0.1871
  Data: [
    0.5800, 0.5200, 0.2400, 0.1400, 0.2200, 0.0800, 0.1200, 0.0800, 0.1200, 0.1200,
    0.1000, 0.0800, 0.1000, 0.1200,
  ]

### eval/weak/ties
  Total points: 14
  Min: 4.0000, Max: 29.0000, Mean: 9.3571
  Data: [
    29.0000, 26.0000, 12.0000, 7.0000, 11.0000, 4.0000, 6.0000, 4.0000, 6.0000, 6.0000,
    5.0000, 4.0000, 5.0000, 6.0000,
  ]

### eval/weak/win_rate
  Total points: 14
  Min: 0.0200, Max: 0.3800, Mean: 0.1986
  Data: [
    0.0200, 0.0600, 0.3800, 0.1400, 0.2400, 0.3200, 0.2800, 0.2600, 0.1400, 0.2800,
    0.2400, 0.0800, 0.1600, 0.1800,
  ]

### eval/weak/win_rate_decisive
  Total points: 14
  Min: 0.0476, Max: 0.5000, Mean: 0.2361
  Data: [
    0.0476, 0.1250, 0.5000, 0.1628, 0.3077, 0.3478, 0.3182, 0.2826, 0.1591, 0.3182,
    0.2667, 0.0870, 0.1778, 0.2045,
  ]

### eval/weak/wins
  Total points: 14
  Min: 1.0000, Max: 19.0000, Mean: 9.9286
  Data: [
    1.0000, 3.0000, 19.0000, 7.0000, 12.0000, 16.0000, 14.0000, 13.0000, 7.0000, 14.0000,
    12.0000, 4.0000, 8.0000, 9.0000,
  ]

### gradients/actor_grad_norm
  Total points: 100
  Min: 0.0000, Max: 0.2928, Mean: 0.0622
  Data: [
    0.0000, 0.0000, 0.0000, 0.0000, 0.0000, 0.0000, 0.0000, 0.0000, 0.0000, 0.0000,
    0.0000, 0.0000, 0.0000, 0.0000, 0.0000, 0.0000, 0.0000, 0.0000, 0.0000, 0.0000,
    0.0341, 0.0418, 0.0554, 0.0626, 0.0722, 0.0695, 0.0648, 0.0714, 0.0602, 0.0734,
    0.0533, 0.0647, 0.0665, 0.1011, 0.0816, 0.0555, 0.0632, 0.0806, 0.0723, 0.0744,
    0.0722, 0.0737, 0.0713, 0.0757, 0.0941, 0.0929, 0.1523, 0.0753, 0.0826, 0.0955,
    0.0518, 0.0593, 0.0823, 0.0735, 0.0523, 0.0724, 0.0799, 0.0868, 0.0977, 0.0946,
    0.0830, 0.1234, 0.0985, 0.0474, 0.0800, 0.0613, 0.0675, 0.0818, 0.1344, 0.0678,
    0.0495, 0.1061, 0.0527, 0.0754, 0.2928, 0.0759, 0.0838, 0.0488, 0.0923, 0.0660,
    0.1344, 0.1172, 0.0809, 0.0406, 0.0817, 0.0611, 0.0376, 0.0548, 0.0818, 0.0629,
    0.0556, 0.0636, 0.0735, 0.0435, 0.1186, 0.0703, 0.0597, 0.0432, 0.1351, 0.0567,
  ]

### gradients/critic_grad_norm
  Total points: 100
  Min: 0.0000, Max: 0.0403, Mean: 0.0188
  Data: [
    0.0000, 0.0000, 0.0000, 0.0000, 0.0000, 0.0000, 0.0000, 0.0000, 0.0000, 0.0000,
    0.0000, 0.0000, 0.0000, 0.0000, 0.0000, 0.0000, 0.0000, 0.0000, 0.0000, 0.0403,
    0.0346, 0.0222, 0.0255, 0.0216, 0.0203, 0.0219, 0.0141, 0.0160, 0.0265, 0.0176,
    0.0167, 0.0173, 0.0195, 0.0176, 0.0175, 0.0164, 0.0167, 0.0273, 0.0229, 0.0169,
    0.0258, 0.0237, 0.0287, 0.0240, 0.0183, 0.0159, 0.0253, 0.0173, 0.0208, 0.0248,
    0.0189, 0.0184, 0.0263, 0.0310, 0.0220, 0.0240, 0.0208, 0.0284, 0.0343, 0.0219,
    0.0234, 0.0168, 0.0230, 0.0149, 0.0273, 0.0253, 0.0198, 0.0373, 0.0296, 0.0207,
    0.0225, 0.0291, 0.0253, 0.0213, 0.0351, 0.0317, 0.0208, 0.0279, 0.0189, 0.0236,
    0.0293, 0.0251, 0.0209, 0.0260, 0.0321, 0.0175, 0.0319, 0.0232, 0.0238, 0.0220,
    0.0216, 0.0187, 0.0249, 0.0169, 0.0213, 0.0260, 0.0183, 0.0193, 0.0239, 0.0225,
  ]

### losses/actor_loss
  Total points: 100
  Min: -0.2824, Max: 1.6778, Mean: 1.1170
  Data: [
    0.0000, 0.0000, 0.0000, 0.0000, 0.0000, 0.0000, 0.0000, 0.0000, 0.0000, 0.0000,
    0.0000, 0.0000, 0.0000, 0.0000, 0.0000, 0.0000, 0.0000, 0.0000, 0.0000, -0.0583,
    -0.2824, -0.1917, -0.0550, 0.3144, 0.6369, 0.7723, 0.9296, 1.1125, 1.1071, 1.1330,
    1.2028, 1.2158, 1.2597, 1.2547, 1.2847, 1.2338, 1.3763, 1.2506, 1.3941, 1.3680,
    1.4683, 1.4355, 1.4307, 1.4400, 1.4174, 1.4945, 1.4810, 1.5542, 1.5458, 1.5071,
    1.5062, 1.5337, 1.5803, 1.5113, 1.6028, 1.6206, 1.5408, 1.6143, 1.6165, 1.5751,
    1.6369, 1.5925, 1.5617, 1.5028, 1.5905, 1.5780, 1.5337, 1.5951, 1.5159, 1.5636,
    1.5104, 1.4973, 1.5255, 1.6302, 1.6778, 1.5396, 1.6217, 1.6423, 1.6436, 1.5452,
    1.5543, 1.5333, 1.6095, 1.6035, 1.6520, 1.5887, 1.5387, 1.6619, 1.6438, 1.5240,
    1.4969, 1.5580, 1.5455, 1.5611, 1.5215, 1.5228, 1.6038, 1.5511, 1.6191, 1.5745,
  ]

### losses/critic_loss
  Total points: 100
  Min: 0.0000, Max: 0.0097, Mean: 0.0007
  Data: [
    0.0000, 0.0000, 0.0000, 0.0000, 0.0000, 0.0000, 0.0000, 0.0000, 0.0000, 0.0000,
    0.0000, 0.0000, 0.0000, 0.0000, 0.0000, 0.0000, 0.0000, 0.0000, 0.0000, 0.0097,
    0.0008, 0.0007, 0.0009, 0.0008, 0.0007, 0.0006, 0.0003, 0.0005, 0.0006, 0.0004,
    0.0004, 0.0004, 0.0006, 0.0006, 0.0006, 0.0004, 0.0007, 0.0006, 0.0006, 0.0005,
    0.0006, 0.0007, 0.0007, 0.0009, 0.0005, 0.0005, 0.0008, 0.0005, 0.0006, 0.0008,
    0.0006, 0.0006, 0.0009, 0.0013, 0.0008, 0.0007, 0.0007, 0.0010, 0.0009, 0.0007,
    0.0007, 0.0008, 0.0007, 0.0006, 0.0009, 0.0009, 0.0006, 0.0011, 0.0012, 0.0008,
    0.0010, 0.0011, 0.0009, 0.0008, 0.0015, 0.0011, 0.0006, 0.0008, 0.0007, 0.0009,
    0.0011, 0.0010, 0.0008, 0.0008, 0.0013, 0.0007, 0.0008, 0.0008, 0.0010, 0.0008,
    0.0009, 0.0007, 0.0011, 0.0007, 0.0007, 0.0013, 0.0006, 0.0006, 0.0008, 0.0011,
  ]

### pbrs/avg_per_episode
  Total points: 100
  Min: 0.4571, Max: 0.9190, Mean: 0.7628
  Data: [
    0.5473, 0.4949, 0.5095, 0.4571, 0.5012, 0.5049, 0.5174, 0.5191, 0.5037, 0.4890,
    0.5104, 0.5186, 0.5058, 0.5167, 0.5208, 0.5198, 0.5213, 0.5192, 0.5254, 0.5284,
    0.5412, 0.5578, 0.5683, 0.5795, 0.5983, 0.6112, 0.6270, 0.6372, 0.6396, 0.6396,
    0.6494, 0.6568, 0.6662, 0.6763, 0.6881, 0.6976, 0.7072, 0.7163, 0.7302, 0.7502,
    0.7631, 0.7758, 0.7928, 0.8039, 0.8071, 0.8137, 0.8178, 0.8273, 0.8341, 0.8423,
    0.8492, 0.8524, 0.8618, 0.8665, 0.8726, 0.8762, 0.8807, 0.8834, 0.8873, 0.8893,
    0.8904, 0.8920, 0.8950, 0.8998, 0.9022, 0.9028, 0.9023, 0.9031, 0.9010, 0.9021,
    0.9019, 0.9014, 0.9020, 0.9025, 0.9037, 0.9039, 0.9061, 0.9060, 0.9068, 0.9075,
    0.9077, 0.9082, 0.9079, 0.9099, 0.9102, 0.9110, 0.9115, 0.9119, 0.9125, 0.9135,
    0.9156, 0.9162, 0.9174, 0.9181, 0.9184, 0.9190, 0.9180, 0.9176, 0.9172, 0.9184,
  ]

### per/beta
  Total points: 100
  Min: 0.4069, Max: 1.0000, Mean: 0.9736
  Data: [
    0.4069, 0.4825, 0.5575, 0.6331, 0.7081, 0.7837, 0.8587, 0.9343, 1.0000, 1.0000,
    1.0000, 1.0000, 1.0000, 1.0000, 1.0000, 1.0000, 1.0000, 1.0000, 1.0000, 1.0000,
    1.0000, 1.0000, 1.0000, 1.0000, 1.0000, 1.0000, 1.0000, 1.0000, 1.0000, 1.0000,
    1.0000, 1.0000, 1.0000, 1.0000, 1.0000, 1.0000, 1.0000, 1.0000, 1.0000, 1.0000,
    1.0000, 1.0000, 1.0000, 1.0000, 1.0000, 1.0000, 1.0000, 1.0000, 1.0000, 1.0000,
    1.0000, 1.0000, 1.0000, 1.0000, 1.0000, 1.0000, 1.0000, 1.0000, 1.0000, 1.0000,
    1.0000, 1.0000, 1.0000, 1.0000, 1.0000, 1.0000, 1.0000, 1.0000, 1.0000, 1.0000,
    1.0000, 1.0000, 1.0000, 1.0000, 1.0000, 1.0000, 1.0000, 1.0000, 1.0000, 1.0000,
    1.0000, 1.0000, 1.0000, 1.0000, 1.0000, 1.0000, 1.0000, 1.0000, 1.0000, 1.0000,
    1.0000, 1.0000, 1.0000, 1.0000, 1.0000, 1.0000, 1.0000, 1.0000, 1.0000, 1.0000,
  ]

### per/is_weight_max
  Total points: 100
  Min: 1.0000, Max: 1.0000, Mean: 1.0000
  Data: [
    1.0000, 1.0000, 1.0000, 1.0000, 1.0000, 1.0000, 1.0000, 1.0000, 1.0000, 1.0000,
    1.0000, 1.0000, 1.0000, 1.0000, 1.0000, 1.0000, 1.0000, 1.0000, 1.0000, 1.0000,
    1.0000, 1.0000, 1.0000, 1.0000, 1.0000, 1.0000, 1.0000, 1.0000, 1.0000, 1.0000,
    1.0000, 1.0000, 1.0000, 1.0000, 1.0000, 1.0000, 1.0000, 1.0000, 1.0000, 1.0000,
    1.0000, 1.0000, 1.0000, 1.0000, 1.0000, 1.0000, 1.0000, 1.0000, 1.0000, 1.0000,
    1.0000, 1.0000, 1.0000, 1.0000, 1.0000, 1.0000, 1.0000, 1.0000, 1.0000, 1.0000,
    1.0000, 1.0000, 1.0000, 1.0000, 1.0000, 1.0000, 1.0000, 1.0000, 1.0000, 1.0000,
    1.0000, 1.0000, 1.0000, 1.0000, 1.0000, 1.0000, 1.0000, 1.0000, 1.0000, 1.0000,
    1.0000, 1.0000, 1.0000, 1.0000, 1.0000, 1.0000, 1.0000, 1.0000, 1.0000, 1.0000,
    1.0000, 1.0000, 1.0000, 1.0000, 1.0000, 1.0000, 1.0000, 1.0000, 1.0000, 1.0000,
  ]

### per/is_weight_mean
  Total points: 100
  Min: 0.1058, Max: 0.6775, Mean: 0.1288
  Data: [
    0.6775, 0.3641, 0.2852, 0.2363, 0.2027, 0.1722, 0.1582, 0.1283, 0.1189, 0.1226,
    0.1141, 0.1134, 0.1154, 0.1120, 0.1181, 0.1096, 0.1141, 0.1144, 0.1118, 0.1170,
    0.1169, 0.1108, 0.1120, 0.1080, 0.1094, 0.1112, 0.1144, 0.1102, 0.1058, 0.1121,
    0.1182, 0.1094, 0.1131, 0.1151, 0.1172, 0.1162, 0.1112, 0.1144, 0.1129, 0.1174,
    0.1092, 0.1133, 0.1165, 0.1139, 0.1114, 0.1196, 0.1168, 0.1136, 0.1137, 0.1149,
    0.1113, 0.1189, 0.1175, 0.1158, 0.1156, 0.1120, 0.1168, 0.1225, 0.1154, 0.1172,
    0.1250, 0.1158, 0.1189, 0.1145, 0.1209, 0.1192, 0.1192, 0.1207, 0.1187, 0.1129,
    0.1200, 0.1173, 0.1197, 0.1156, 0.1207, 0.1184, 0.1123, 0.1182, 0.1184, 0.1186,
    0.1142, 0.1133, 0.1133, 0.1160, 0.1177, 0.1103, 0.1227, 0.1187, 0.1170, 0.1206,
    0.1202, 0.1180, 0.1166, 0.1189, 0.1199, 0.1243, 0.1175, 0.1187, 0.1209, 0.1115,
  ]

### per/is_weight_min
  Total points: 100
  Min: 0.0004, Max: 0.2493, Mean: 0.0040
  Data: [
    0.2493, 0.0434, 0.0255, 0.0092, 0.0074, 0.0027, 0.0018, 0.0012, 0.0007, 0.0005,
    0.0005, 0.0005, 0.0010, 0.0005, 0.0005, 0.0005, 0.0005, 0.0005, 0.0005, 0.0012,
    0.0011, 0.0007, 0.0006, 0.0007, 0.0005, 0.0006, 0.0006, 0.0005, 0.0006, 0.0008,
    0.0005, 0.0005, 0.0006, 0.0006, 0.0005, 0.0005, 0.0005, 0.0007, 0.0006, 0.0005,
    0.0006, 0.0004, 0.0011, 0.0009, 0.0004, 0.0004, 0.0008, 0.0008, 0.0009, 0.0006,
    0.0004, 0.0009, 0.0005, 0.0005, 0.0005, 0.0006, 0.0007, 0.0011, 0.0007, 0.0006,
    0.0006, 0.0010, 0.0006, 0.0006, 0.0007, 0.0007, 0.0014, 0.0007, 0.0009, 0.0007,
    0.0007, 0.0007, 0.0004, 0.0005, 0.0006, 0.0009, 0.0005, 0.0005, 0.0004, 0.0006,
    0.0005, 0.0004, 0.0011, 0.0008, 0.0005, 0.0005, 0.0010, 0.0007, 0.0006, 0.0008,
    0.0004, 0.0005, 0.0015, 0.0006, 0.0005, 0.0008, 0.0006, 0.0005, 0.0004, 0.0005,
  ]

### per/is_weight_std
  Total points: 100
  Min: 0.1458, Max: 0.2570, Mean: 0.1543
  Data: [
    0.2570, 0.1718, 0.1668, 0.1662, 0.1643, 0.1622, 0.1639, 0.1548, 0.1567, 0.1569,
    0.1517, 0.1544, 0.1547, 0.1524, 0.1555, 0.1514, 0.1529, 0.1533, 0.1541, 0.1560,
    0.1540, 0.1510, 0.1534, 0.1491, 0.1528, 0.1536, 0.1535, 0.1505, 0.1474, 0.1492,
    0.1544, 0.1497, 0.1514, 0.1548, 0.1558, 0.1543, 0.1496, 0.1530, 0.1527, 0.1558,
    0.1497, 0.1508, 0.1518, 0.1483, 0.1524, 0.1529, 0.1548, 0.1510, 0.1513, 0.1516,
    0.1476, 0.1536, 0.1533, 0.1502, 0.1518, 0.1489, 0.1503, 0.1535, 0.1514, 0.1521,
    0.1572, 0.1520, 0.1525, 0.1518, 0.1540, 0.1533, 0.1513, 0.1536, 0.1517, 0.1502,
    0.1527, 0.1525, 0.1552, 0.1518, 0.1536, 0.1526, 0.1498, 0.1549, 0.1541, 0.1523,
    0.1513, 0.1483, 0.1494, 0.1505, 0.1540, 0.1458, 0.1549, 0.1510, 0.1526, 0.1567,
    0.1548, 0.1513, 0.1511, 0.1520, 0.1520, 0.1544, 0.1518, 0.1536, 0.1540, 0.1489,
  ]

### per/max_priority
  Total points: 100
  Min: 2.4299, Max: 4.7184, Mean: 4.4283
  Data: [
    2.4299, 2.5020, 2.5331, 2.8875, 2.9490, 3.1649, 3.4056, 3.6245, 4.2590, 4.2590,
    4.3598, 4.3598, 4.3598, 4.3598, 4.3598, 4.3598, 4.3598, 4.3598, 4.3598, 4.3598,
    4.3598, 4.3598, 4.3598, 4.3598, 4.3598, 4.3598, 4.3598, 4.3598, 4.3598, 4.3598,
    4.3598, 4.3598, 4.3598, 4.3598, 4.3598, 4.3598, 4.3598, 4.3598, 4.3598, 4.4423,
    4.4423, 4.4423, 4.4423, 4.4423, 4.4423, 4.4423, 4.4423, 4.4423, 4.5785, 4.5785,
    4.5807, 4.6104, 4.6104, 4.6640, 4.6640, 4.6920, 4.6920, 4.6920, 4.7117, 4.7117,
    4.7117, 4.7117, 4.7117, 4.7117, 4.7117, 4.7117, 4.7117, 4.7117, 4.7117, 4.7117,
    4.7117, 4.7117, 4.7117, 4.7117, 4.7117, 4.7117, 4.7117, 4.7117, 4.7184, 4.7184,
    4.7184, 4.7184, 4.7184, 4.7184, 4.7184, 4.7184, 4.7184, 4.7184, 4.7184, 4.7184,
    4.7184, 4.7184, 4.7184, 4.7184, 4.7184, 4.7184, 4.7184, 4.7184, 4.7184, 4.7184,
  ]

### per/n_entries
  Total points: 100
  Min: 179782.0000, Max: 887143.0000, Mean: 537829.3800
  Data: [
    179782.0000, 186984.0000, 192628.0000, 198313.0000, 204812.0000, 211491.0000, 218565.0000, 224302.0000, 230488.0000, 237860.0000,
    244219.0000, 249597.0000, 256023.0000, 261534.0000, 266965.0000, 271507.0000, 278090.0000, 283555.0000, 289641.0000, 295495.0000,
    301616.0000, 307401.0000, 313700.0000, 319434.0000, 324235.0000, 329554.0000, 334839.0000, 340298.0000, 346652.0000, 352153.0000,
    357359.0000, 363407.0000, 369630.0000, 380211.0000, 391585.0000, 397798.0000, 409113.0000, 420849.0000, 426596.0000, 438265.0000,
    448822.0000, 460289.0000, 465795.0000, 476348.0000, 486614.0000, 493279.0000, 505392.0000, 515849.0000, 520973.0000, 532587.0000,
    544716.0000, 556273.0000, 562028.0000, 573816.0000, 584508.0000, 589704.0000, 600205.0000, 610715.0000, 616396.0000, 627587.0000,
    638441.0000, 649827.0000, 655145.0000, 665271.0000, 676221.0000, 682068.0000, 692443.0000, 703677.0000, 714109.0000, 719480.0000,
    725344.0000, 731185.0000, 737342.0000, 743976.0000, 748974.0000, 754243.0000, 759459.0000, 765099.0000, 771446.0000, 777212.0000,
    783857.0000, 789375.0000, 795157.0000, 799707.0000, 804708.0000, 809916.0000, 815484.0000, 821374.0000, 827014.0000, 832067.0000,
    836857.0000, 842465.0000, 846637.0000, 852736.0000, 858205.0000, 864121.0000, 869850.0000, 875410.0000, 881451.0000, 887143.0000,
  ]

### per/td_error_max
  Total points: 100
  Min: 1.3149, Max: 4.5900, Mean: 3.8752
  Data: [
    2.4298, 1.3149, 2.4873, 1.3610, 2.2162, 2.9888, 2.8776, 2.6894, 3.6359, 3.4341,
    3.7839, 3.5216, 3.2024, 3.0737, 3.4133, 3.6983, 3.9686, 3.8989, 3.5607, 3.5129,
    3.2804, 3.4566, 3.0943, 3.8080, 3.4234, 3.3701, 3.7855, 3.8683, 3.8919, 3.6366,
    3.7480, 3.9017, 3.7214, 3.7948, 3.8327, 3.8449, 3.7467, 4.3090, 4.0824, 3.8235,
    3.8074, 4.0108, 3.9847, 4.2382, 4.1317, 4.1511, 3.6039, 4.1301, 4.2670, 4.0792,
    4.4258, 4.3290, 4.0546, 4.0897, 4.1251, 4.1602, 4.2920, 3.7252, 4.5185, 4.5900,
    4.2805, 4.0155, 4.0138, 3.9320, 4.1896, 4.1751, 4.5332, 4.1095, 4.0527, 3.9206,
    4.3376, 3.9435, 4.4763, 4.2753, 4.5799, 4.1769, 4.0568, 4.3974, 4.1983, 4.3705,
    4.5763, 4.1152, 4.3209, 4.5190, 4.3639, 4.2644, 4.2387, 4.5690, 4.0444, 4.0294,
    4.4373, 4.0038, 4.4331, 4.1642, 3.9494, 4.1250, 3.8716, 4.4155, 4.5716, 4.2732,
  ]

### per/td_error_mean
  Total points: 100
  Min: 0.0465, Max: 0.1206, Mean: 0.1046
  Data: [
    0.0786, 0.0465, 0.0524, 0.0612, 0.0645, 0.0716, 0.0751, 0.0729, 0.0886, 0.0841,
    0.0896, 0.0858, 0.0870, 0.0923, 0.0883, 0.0896, 0.0905, 0.0952, 0.0964, 0.0937,
    0.0949, 0.0960, 0.0977, 0.1012, 0.1014, 0.1014, 0.1013, 0.1003, 0.0970, 0.1037,
    0.1000, 0.1010, 0.0986, 0.1052, 0.1052, 0.1027, 0.1013, 0.1025, 0.1076, 0.1064,
    0.1081, 0.1077, 0.1063, 0.1095, 0.1068, 0.1058, 0.1085, 0.1141, 0.1058, 0.1081,
    0.1125, 0.1113, 0.1113, 0.1085, 0.1127, 0.1155, 0.1081, 0.1122, 0.1151, 0.1160,
    0.1128, 0.1120, 0.1107, 0.1149, 0.1117, 0.1154, 0.1206, 0.1153, 0.1161, 0.1141,
    0.1149, 0.1136, 0.1171, 0.1177, 0.1178, 0.1157, 0.1168, 0.1167, 0.1162, 0.1185,
    0.1145, 0.1124, 0.1153, 0.1159, 0.1200, 0.1164, 0.1183, 0.1165, 0.1154, 0.1183,
    0.1168, 0.1154, 0.1144, 0.1171, 0.1162, 0.1204, 0.1134, 0.1136, 0.1147, 0.1145,
  ]

### per/td_error_min
  Total points: 100
  Min: 0.0000, Max: 0.0000, Mean: 0.0000
  Data: [
    0.0000, 0.0000, 0.0000, 0.0000, 0.0000, 0.0000, 0.0000, 0.0000, 0.0000, 0.0000,
    0.0000, 0.0000, 0.0000, 0.0000, 0.0000, 0.0000, 0.0000, 0.0000, 0.0000, 0.0000,
    0.0000, 0.0000, 0.0000, 0.0000, 0.0000, 0.0000, 0.0000, 0.0000, 0.0000, 0.0000,
    0.0000, 0.0000, 0.0000, 0.0000, 0.0000, 0.0000, 0.0000, 0.0000, 0.0000, 0.0000,
    0.0000, 0.0000, 0.0000, 0.0000, 0.0000, 0.0000, 0.0000, 0.0000, 0.0000, 0.0000,
    0.0000, 0.0000, 0.0000, 0.0000, 0.0000, 0.0000, 0.0000, 0.0000, 0.0000, 0.0000,
    0.0000, 0.0000, 0.0000, 0.0000, 0.0000, 0.0000, 0.0000, 0.0000, 0.0000, 0.0000,
    0.0000, 0.0000, 0.0000, 0.0000, 0.0000, 0.0000, 0.0000, 0.0000, 0.0000, 0.0000,
    0.0000, 0.0000, 0.0000, 0.0000, 0.0000, 0.0000, 0.0000, 0.0000, 0.0000, 0.0000,
    0.0000, 0.0000, 0.0000, 0.0000, 0.0000, 0.0000, 0.0000, 0.0000, 0.0000, 0.0000,
  ]

### per/td_error_std
  Total points: 100
  Min: 0.0748, Max: 0.2405, Mean: 0.1922
  Data: [
    0.1857, 0.0748, 0.0849, 0.0882, 0.0886, 0.1039, 0.1169, 0.1051, 0.1524, 0.1489,
    0.1817, 0.1676, 0.1694, 0.1684, 0.1447, 0.1614, 0.1696, 0.1801, 0.1708, 0.1700,
    0.1698, 0.1760, 0.1697, 0.1802, 0.1763, 0.1787, 0.1927, 0.1833, 0.1710, 0.1940,
    0.1869, 0.1923, 0.1744, 0.1880, 0.1880, 0.1731, 0.1832, 0.1911, 0.2062, 0.1992,
    0.2044, 0.1962, 0.1974, 0.2278, 0.2009, 0.1927, 0.1948, 0.2192, 0.1759, 0.2054,
    0.2116, 0.2083, 0.2058, 0.1879, 0.2192, 0.2130, 0.2016, 0.2094, 0.2188, 0.2200,
    0.2159, 0.2002, 0.2024, 0.2115, 0.2099, 0.2181, 0.2360, 0.2175, 0.2215, 0.2087,
    0.2132, 0.2034, 0.2253, 0.2291, 0.2252, 0.2152, 0.2224, 0.2110, 0.2231, 0.2188,
    0.2044, 0.1999, 0.2117, 0.2140, 0.2405, 0.2164, 0.2190, 0.2212, 0.2168, 0.2183,
    0.2198, 0.2095, 0.2151, 0.2198, 0.2044, 0.2214, 0.1976, 0.2150, 0.2079, 0.1962,
  ]

### per/total_priority
  Total points: 100
  Min: 13216.2241, Max: 159423.3260, Mean: 62712.6110
  Data: [
    159423.3260, 13216.2241, 14114.3083, 16032.0778, 17544.1189, 18553.1374, 19337.8447, 20122.5494, 20967.8540, 21659.3178,
    22257.9658, 22536.0249, 23334.2628, 24301.7846, 24963.5331, 25428.4244, 26307.7303, 27187.0842, 27968.7063, 28599.1162,
    29434.4798, 30334.0996, 31406.9956, 32092.3561, 32787.3180, 33723.1630, 34098.6104, 34806.4789, 35641.2251, 36468.2521,
    36833.5917, 37618.6051, 38628.5895, 39988.8481, 41599.3135, 42395.2982, 43835.0955, 45436.1220, 46270.3829, 47400.5640,
    48446.2613, 50233.8412, 50814.1648, 52251.4895, 53558.8554, 54569.2613, 56286.6053, 57986.8130, 58714.3489, 60473.9473,
    62366.9449, 64060.2247, 64942.2597, 66174.5908, 67613.7275, 68443.6367, 69243.2216, 70672.9763, 71978.0952, 73131.7493,
    74831.9782, 75936.7212, 76570.9514, 78012.3581, 79433.3267, 80340.1262, 82093.7892, 83005.0958, 84926.4337, 85601.2350,
    86326.6245, 87137.4681, 88371.4210, 89353.1080, 90337.0726, 90667.1410, 90862.6065, 92198.2086, 92573.4750, 93553.3200,
    95163.4862, 95485.6813, 96006.7281, 96933.1771, 97347.0728, 98458.8068, 98440.5493, 99044.8104, 99379.9581, 99899.5007,
    100806.7104, 102407.2150, 102168.3796, 103462.6796, 104426.1203, 105592.0206, 105660.5618, 106342.0569, 107185.7300, 108299.5971,
  ]

### performance/cumulative_win_rate
  Total points: 100
  Min: 0.0200, Max: 0.2061, Mean: 0.1411
  Data: [
    0.0200, 0.0300, 0.0267, 0.0400, 0.0360, 0.0333, 0.0343, 0.0300, 0.0311, 0.0340,
    0.0309, 0.0300, 0.0323, 0.0329, 0.0320, 0.0362, 0.0353, 0.0367, 0.0347, 0.0340,
    0.0362, 0.0455, 0.0591, 0.0658, 0.0688, 0.0723, 0.0770, 0.0836, 0.0917, 0.0987,
    0.1045, 0.1100, 0.1133, 0.1194, 0.1234, 0.1250, 0.1276, 0.1344, 0.1414, 0.1471,
    0.1481, 0.1536, 0.1528, 0.1535, 0.1614, 0.1652, 0.1698, 0.1724, 0.1739, 0.1732,
    0.1751, 0.1771, 0.1765, 0.1793, 0.1812, 0.1825, 0.1853, 0.1888, 0.1891, 0.1906,
    0.1925, 0.1932, 0.1957, 0.1965, 0.1964, 0.1975, 0.1980, 0.1982, 0.2002, 0.2007,
    0.2014, 0.2017, 0.2022, 0.2018, 0.2017, 0.2020, 0.2016, 0.2023, 0.2019, 0.2022,
    0.2019, 0.2017, 0.2022, 0.2020, 0.2022, 0.2021, 0.2026, 0.2029, 0.2036, 0.2040,
    0.2035, 0.2038, 0.2042, 0.2043, 0.2046, 0.2047, 0.2054, 0.2059, 0.2061, 0.2057,
  ]

### performance/losses
  Total points: 100
  Min: 18.0000, Max: 4214.0000, Mean: 1997.3900
  Data: [
    18.0000, 33.0000, 52.0000, 63.0000, 85.0000, 102.0000, 122.0000, 140.0000, 154.0000, 168.0000,
    191.0000, 211.0000, 224.0000, 246.0000, 265.0000, 284.0000, 302.0000, 319.0000, 339.0000, 358.0000,
    382.0000, 412.0000, 437.0000, 463.0000, 496.0000, 525.0000, 557.0000, 585.0000, 604.0000, 625.0000,
    656.0000, 682.0000, 711.0000, 741.0000, 776.0000, 808.0000, 840.0000, 899.0000, 984.0000, 1078.0000,
    1144.0000, 1237.0000, 1338.0000, 1407.0000, 1493.0000, 1583.0000, 1641.0000, 1737.0000, 1831.0000, 1901.0000,
    1995.0000, 2083.0000, 2155.0000, 2245.0000, 2342.0000, 2406.0000, 2499.0000, 2591.0000, 2656.0000, 2749.0000,
    2836.0000, 2897.0000, 2993.0000, 3092.0000, 3129.0000, 3158.0000, 3187.0000, 3219.0000, 3243.0000, 3275.0000,
    3302.0000, 3329.0000, 3359.0000, 3390.0000, 3424.0000, 3454.0000, 3491.0000, 3520.0000, 3552.0000, 3584.0000,
    3613.0000, 3646.0000, 3675.0000, 3711.0000, 3741.0000, 3773.0000, 3804.0000, 3835.0000, 3865.0000, 3897.0000,
    3935.0000, 3968.0000, 4003.0000, 4035.0000, 4066.0000, 4098.0000, 4124.0000, 4152.0000, 4180.0000, 4214.0000,
  ]

### performance/ties
  Total points: 100
  Min: 31.0000, Max: 1545.0000, Mean: 979.8400
  Data: [
    31.0000, 64.0000, 94.0000, 129.0000, 156.0000, 188.0000, 216.0000, 248.0000, 282.0000, 315.0000,
    342.0000, 371.0000, 405.0000, 431.0000, 461.0000, 487.0000, 518.0000, 548.0000, 578.0000, 608.0000,
    630.0000, 638.0000, 645.0000, 658.0000, 668.0000, 681.0000, 689.0000, 698.0000, 713.0000, 727.0000,
    732.0000, 742.0000, 752.0000, 756.0000, 758.0000, 767.0000, 774.0000, 789.0000, 819.0000, 841.0000,
    858.0000, 879.0000, 907.0000, 921.0000, 939.0000, 963.0000, 974.0000, 994.0000, 1019.0000, 1034.0000,
    1057.0000, 1085.0000, 1098.0000, 1120.0000, 1138.0000, 1150.0000, 1167.0000, 1181.0000, 1196.0000, 1217.0000,
    1242.0000, 1258.0000, 1270.0000, 1287.0000, 1291.0000, 1296.0000, 1304.0000, 1311.0000, 1316.0000, 1321.0000,
    1330.0000, 1341.0000, 1348.0000, 1359.0000, 1366.0000, 1374.0000, 1379.0000, 1386.0000, 1396.0000, 1402.0000,
    1415.0000, 1423.0000, 1431.0000, 1436.0000, 1445.0000, 1453.0000, 1459.0000, 1466.0000, 1471.0000, 1476.0000,
    1481.0000, 1486.0000, 1488.0000, 1495.0000, 1502.0000, 1509.0000, 1518.0000, 1526.0000, 1536.0000, 1545.0000,
  ]

### performance/wins
  Total points: 100
  Min: 1.0000, Max: 1491.0000, Mean: 668.2700
  Data: [
    1.0000, 3.0000, 4.0000, 8.0000, 9.0000, 10.0000, 12.0000, 12.0000, 14.0000, 17.0000,
    17.0000, 18.0000, 21.0000, 23.0000, 24.0000, 29.0000, 30.0000, 33.0000, 33.0000, 34.0000,
    38.0000, 50.0000, 68.0000, 79.0000, 86.0000, 94.0000, 104.0000, 117.0000, 133.0000, 148.0000,
    162.0000, 176.0000, 187.0000, 203.0000, 216.0000, 225.0000, 236.0000, 262.0000, 297.0000, 331.0000,
    348.0000, 384.0000, 405.0000, 422.0000, 468.0000, 504.0000, 535.0000, 569.0000, 600.0000, 615.0000,
    648.0000, 682.0000, 697.0000, 735.0000, 770.0000, 794.0000, 834.0000, 878.0000, 898.0000, 934.0000,
    972.0000, 995.0000, 1037.0000, 1071.0000, 1080.0000, 1096.0000, 1109.0000, 1120.0000, 1141.0000, 1154.0000,
    1168.0000, 1180.0000, 1193.0000, 1201.0000, 1210.0000, 1222.0000, 1230.0000, 1244.0000, 1252.0000, 1264.0000,
    1272.0000, 1281.0000, 1294.0000, 1303.0000, 1314.0000, 1324.0000, 1337.0000, 1349.0000, 1364.0000, 1377.0000,
    1384.0000, 1396.0000, 1409.0000, 1420.0000, 1432.0000, 1443.0000, 1458.0000, 1472.0000, 1484.0000, 1491.0000,
  ]

### rewards/p1
  Total points: 100
  Min: -3.8994, Max: -0.3923, Mean: -1.4308
  Data: [
    -3.0166, -3.1806, -3.1260, -2.7718, -2.7163, -3.3539, -3.5134, -3.5019, -3.0291, -3.8994,
    -3.2585, -3.5633, -3.1471, -3.1172, -3.2536, -2.9480, -3.6253, -3.0637, -3.2634, -2.9897,
    -1.6093, -0.5529, -1.0598, -1.0244, -1.1753, -1.1454, -1.2159, -0.5744, -1.2021, -1.3631,
    -1.1394, -0.6928, -0.8276, -0.7334, -0.6011, -0.3923, -1.2029, -1.0642, -0.7916, -1.2455,
    -0.6471, -1.4474, -1.0862, -1.2633, -0.5571, -1.0548, -0.5311, -1.0966, -1.1964, -1.0840,
    -0.9500, -0.9262, -1.0437, -1.5834, -1.0201, -1.1196, -0.6880, -0.8645, -0.9977, -0.8152,
    -1.1837, -0.7541, -0.7688, -0.4610, -1.0303, -0.9594, -0.8375, -0.4091, -0.9614, -0.9356,
    -1.0582, -0.7874, -1.7614, -0.9179, -1.2746, -0.6968, -0.9209, -0.7363, -0.8005, -0.6969,
    -0.7217, -1.0910, -0.9796, -0.7469, -1.7449, -1.2097, -1.2700, -0.5796, -0.5859, -0.7245,
    -1.0931, -1.2135, -0.9972, -1.3211, -1.4412, -0.7145, -0.4586, -1.7502, -1.6008, -0.9582,
  ]

### rewards/p2
  Total points: 100
  Min: 0.0921, Max: 2.9158, Mean: 1.0010
  Data: [
    2.4503, 2.2068, 2.2001, 2.0992, 2.0337, 2.3313, 2.7078, 2.9158, 2.2622, 2.8531,
    2.6888, 2.5395, 2.5185, 2.2305, 2.2405, 2.2881, 2.4714, 2.4488, 2.5219, 1.7458,
    0.9702, 0.6359, 0.6545, 0.3030, 0.5275, 0.6247, 0.8311, 0.4011, 0.1382, 0.4507,
    0.2073, 0.4641, 0.4819, 0.6381, 0.3550, 0.1354, 1.1196, 0.7615, 0.4077, 0.7762,
    0.4169, 0.8938, 0.7213, 1.2413, 0.3816, 0.6123, 0.4067, 1.0159, 0.9964, 1.0230,
    0.7194, 0.6295, 1.0114, 1.1226, 0.5060, 0.4054, 0.4250, 0.5968, 0.7087, 0.5682,
    0.7500, 0.6652, 0.4990, 0.4467, 0.7646, 0.7808, 0.7864, 0.1406, 0.7861, 0.9109,
    0.6213, 0.2636, 1.2467, 0.6735, 0.8740, 0.5544, 0.8182, 0.3511, 0.5686, 0.4681,
    0.5860, 0.7214, 0.7143, 0.5904, 1.1118, 0.6702, 0.6216, 0.3589, 0.3476, 0.3996,
    1.0292, 1.1122, 0.8048, 0.8381, 0.9081, 0.4616, 0.0921, 0.7293, 1.1377, 0.8594,
  ]

### rewards/sparse_only
  Total points: 100
  Min: -2.9158, Max: -0.0921, Mean: -1.0010
  Data: [
    -2.4503, -2.2068, -2.2001, -2.0992, -2.0337, -2.3313, -2.7078, -2.9158, -2.2622, -2.8531,
    -2.6888, -2.5395, -2.5185, -2.2305, -2.2405, -2.2881, -2.4714, -2.4488, -2.5219, -1.7458,
    -0.9702, -0.6359, -0.6545, -0.3030, -0.5275, -0.6247, -0.8311, -0.4011, -0.1382, -0.4507,
    -0.2073, -0.4641, -0.4819, -0.6381, -0.3550, -0.1354, -1.1196, -0.7615, -0.4077, -0.7762,
    -0.4169, -0.8938, -0.7213, -1.2413, -0.3816, -0.6123, -0.4067, -1.0159, -0.9964, -1.0230,
    -0.7194, -0.6295, -1.0114, -1.1226, -0.5060, -0.4054, -0.4250, -0.5968, -0.7087, -0.5682,
    -0.7500, -0.6652, -0.4990, -0.4467, -0.7646, -0.7808, -0.7864, -0.1406, -0.7861, -0.9109,
    -0.6213, -0.2636, -1.2467, -0.6735, -0.8740, -0.5544, -0.8182, -0.3511, -0.5686, -0.4681,
    -0.5860, -0.7214, -0.7143, -0.5904, -1.1118, -0.6702, -0.6216, -0.3589, -0.3476, -0.3996,
    -1.0292, -1.1122, -0.8048, -0.8381, -0.9081, -0.4616, -0.0921, -0.7293, -1.1377, -0.8594,
  ]

### rewards/sparse_ratio
  Total points: 100
  Min: 0.1150, Max: 1.1502, Mean: 0.6829
  Data: [
    0.8123, 0.6938, 0.7038, 0.7573, 0.7487, 0.6951, 0.7707, 0.8326, 0.7468, 0.7317,
    0.8252, 0.7127, 0.8003, 0.7156, 0.6886, 0.7762, 0.6817, 0.7993, 0.7728, 0.5839,
    0.6029, 1.1502, 0.6176, 0.2958, 0.4488, 0.5454, 0.6835, 0.6983, 0.1150, 0.3306,
    0.1820, 0.6699, 0.5823, 0.8700, 0.5906, 0.3451, 0.9307, 0.7155, 0.5151, 0.6232,
    0.6442, 0.6176, 0.6641, 0.9826, 0.6849, 0.5805, 0.7658, 0.9264, 0.8328, 0.9437,
    0.7572, 0.6796, 0.9691, 0.7090, 0.4960, 0.3621, 0.6178, 0.6903, 0.7103, 0.6970,
    0.6336, 0.8821, 0.6490, 0.9690, 0.7422, 0.8138, 0.9390, 0.3437, 0.8177, 0.9736,
    0.5871, 0.3348, 0.7078, 0.7338, 0.6857, 0.7956, 0.8885, 0.4769, 0.7103, 0.6717,
    0.8120, 0.6613, 0.7292, 0.7904, 0.6371, 0.5540, 0.4895, 0.6192, 0.5934, 0.5515,
    0.9416, 0.9165, 0.8071, 0.6344, 0.6301, 0.6461, 0.2009, 0.4167, 0.7108, 0.8969,
  ]

### scoring/goals_conceded
  Total points: 100
  Min: 18.0000, Max: 4214.0000, Mean: 1997.3900
  Data: [
    18.0000, 33.0000, 52.0000, 63.0000, 85.0000, 102.0000, 122.0000, 140.0000, 154.0000, 168.0000,
    191.0000, 211.0000, 224.0000, 246.0000, 265.0000, 284.0000, 302.0000, 319.0000, 339.0000, 358.0000,
    382.0000, 412.0000, 437.0000, 463.0000, 496.0000, 525.0000, 557.0000, 585.0000, 604.0000, 625.0000,
    656.0000, 682.0000, 711.0000, 741.0000, 776.0000, 808.0000, 840.0000, 899.0000, 984.0000, 1078.0000,
    1144.0000, 1237.0000, 1338.0000, 1407.0000, 1493.0000, 1583.0000, 1641.0000, 1737.0000, 1831.0000, 1901.0000,
    1995.0000, 2083.0000, 2155.0000, 2245.0000, 2342.0000, 2406.0000, 2499.0000, 2591.0000, 2656.0000, 2749.0000,
    2836.0000, 2897.0000, 2993.0000, 3092.0000, 3129.0000, 3158.0000, 3187.0000, 3219.0000, 3243.0000, 3275.0000,
    3302.0000, 3329.0000, 3359.0000, 3390.0000, 3424.0000, 3454.0000, 3491.0000, 3520.0000, 3552.0000, 3584.0000,
    3613.0000, 3646.0000, 3675.0000, 3711.0000, 3741.0000, 3773.0000, 3804.0000, 3835.0000, 3865.0000, 3897.0000,
    3935.0000, 3968.0000, 4003.0000, 4035.0000, 4066.0000, 4098.0000, 4124.0000, 4152.0000, 4180.0000, 4214.0000,
  ]

### scoring/goals_scored
  Total points: 100
  Min: 1.0000, Max: 1491.0000, Mean: 668.2700
  Data: [
    1.0000, 3.0000, 4.0000, 8.0000, 9.0000, 10.0000, 12.0000, 12.0000, 14.0000, 17.0000,
    17.0000, 18.0000, 21.0000, 23.0000, 24.0000, 29.0000, 30.0000, 33.0000, 33.0000, 34.0000,
    38.0000, 50.0000, 68.0000, 79.0000, 86.0000, 94.0000, 104.0000, 117.0000, 133.0000, 148.0000,
    162.0000, 176.0000, 187.0000, 203.0000, 216.0000, 225.0000, 236.0000, 262.0000, 297.0000, 331.0000,
    348.0000, 384.0000, 405.0000, 422.0000, 468.0000, 504.0000, 535.0000, 569.0000, 600.0000, 615.0000,
    648.0000, 682.0000, 697.0000, 735.0000, 770.0000, 794.0000, 834.0000, 878.0000, 898.0000, 934.0000,
    972.0000, 995.0000, 1037.0000, 1071.0000, 1080.0000, 1096.0000, 1109.0000, 1120.0000, 1141.0000, 1154.0000,
    1168.0000, 1180.0000, 1193.0000, 1201.0000, 1210.0000, 1222.0000, 1230.0000, 1244.0000, 1252.0000, 1264.0000,
    1272.0000, 1281.0000, 1294.0000, 1303.0000, 1314.0000, 1324.0000, 1337.0000, 1349.0000, 1364.0000, 1377.0000,
    1384.0000, 1396.0000, 1409.0000, 1420.0000, 1432.0000, 1443.0000, 1458.0000, 1472.0000, 1484.0000, 1491.0000,
  ]

### selfplay/active
  Total points: 100
  Min: 0.0000, Max: 0.0000, Mean: 0.0000
  Data: [
    0.0000, 0.0000, 0.0000, 0.0000, 0.0000, 0.0000, 0.0000, 0.0000, 0.0000, 0.0000,
    0.0000, 0.0000, 0.0000, 0.0000, 0.0000, 0.0000, 0.0000, 0.0000, 0.0000, 0.0000,
    0.0000, 0.0000, 0.0000, 0.0000, 0.0000, 0.0000, 0.0000, 0.0000, 0.0000, 0.0000,
    0.0000, 0.0000, 0.0000, 0.0000, 0.0000, 0.0000, 0.0000, 0.0000, 0.0000, 0.0000,
    0.0000, 0.0000, 0.0000, 0.0000, 0.0000, 0.0000, 0.0000, 0.0000, 0.0000, 0.0000,
    0.0000, 0.0000, 0.0000, 0.0000, 0.0000, 0.0000, 0.0000, 0.0000, 0.0000, 0.0000,
    0.0000, 0.0000, 0.0000, 0.0000, 0.0000, 0.0000, 0.0000, 0.0000, 0.0000, 0.0000,
    0.0000, 0.0000, 0.0000, 0.0000, 0.0000, 0.0000, 0.0000, 0.0000, 0.0000, 0.0000,
    0.0000, 0.0000, 0.0000, 0.0000, 0.0000, 0.0000, 0.0000, 0.0000, 0.0000, 0.0000,
    0.0000, 0.0000, 0.0000, 0.0000, 0.0000, 0.0000, 0.0000, 0.0000, 0.0000, 0.0000,
  ]

### selfplay/episode_opponent_type_selfplay
  Total points: 100
  Min: 0.0000, Max: 0.0000, Mean: 0.0000
  Data: [
    0.0000, 0.0000, 0.0000, 0.0000, 0.0000, 0.0000, 0.0000, 0.0000, 0.0000, 0.0000,
    0.0000, 0.0000, 0.0000, 0.0000, 0.0000, 0.0000, 0.0000, 0.0000, 0.0000, 0.0000,
    0.0000, 0.0000, 0.0000, 0.0000, 0.0000, 0.0000, 0.0000, 0.0000, 0.0000, 0.0000,
    0.0000, 0.0000, 0.0000, 0.0000, 0.0000, 0.0000, 0.0000, 0.0000, 0.0000, 0.0000,
    0.0000, 0.0000, 0.0000, 0.0000, 0.0000, 0.0000, 0.0000, 0.0000, 0.0000, 0.0000,
    0.0000, 0.0000, 0.0000, 0.0000, 0.0000, 0.0000, 0.0000, 0.0000, 0.0000, 0.0000,
    0.0000, 0.0000, 0.0000, 0.0000, 0.0000, 0.0000, 0.0000, 0.0000, 0.0000, 0.0000,
    0.0000, 0.0000, 0.0000, 0.0000, 0.0000, 0.0000, 0.0000, 0.0000, 0.0000, 0.0000,
    0.0000, 0.0000, 0.0000, 0.0000, 0.0000, 0.0000, 0.0000, 0.0000, 0.0000, 0.0000,
    0.0000, 0.0000, 0.0000, 0.0000, 0.0000, 0.0000, 0.0000, 0.0000, 0.0000, 0.0000,
  ]

### selfplay/episode_opponent_type_strong
  Total points: 100
  Min: 0.0000, Max: 0.0000, Mean: 0.0000
  Data: [
    0.0000, 0.0000, 0.0000, 0.0000, 0.0000, 0.0000, 0.0000, 0.0000, 0.0000, 0.0000,
    0.0000, 0.0000, 0.0000, 0.0000, 0.0000, 0.0000, 0.0000, 0.0000, 0.0000, 0.0000,
    0.0000, 0.0000, 0.0000, 0.0000, 0.0000, 0.0000, 0.0000, 0.0000, 0.0000, 0.0000,
    0.0000, 0.0000, 0.0000, 0.0000, 0.0000, 0.0000, 0.0000, 0.0000, 0.0000, 0.0000,
    0.0000, 0.0000, 0.0000, 0.0000, 0.0000, 0.0000, 0.0000, 0.0000, 0.0000, 0.0000,
    0.0000, 0.0000, 0.0000, 0.0000, 0.0000, 0.0000, 0.0000, 0.0000, 0.0000, 0.0000,
    0.0000, 0.0000, 0.0000, 0.0000, 0.0000, 0.0000, 0.0000, 0.0000, 0.0000, 0.0000,
    0.0000, 0.0000, 0.0000, 0.0000, 0.0000, 0.0000, 0.0000, 0.0000, 0.0000, 0.0000,
    0.0000, 0.0000, 0.0000, 0.0000, 0.0000, 0.0000, 0.0000, 0.0000, 0.0000, 0.0000,
    0.0000, 0.0000, 0.0000, 0.0000, 0.0000, 0.0000, 0.0000, 0.0000, 0.0000, 0.0000,
  ]

### selfplay/episode_opponent_type_weak
  Total points: 100
  Min: 1.0000, Max: 1.0000, Mean: 1.0000
  Data: [
    1.0000, 1.0000, 1.0000, 1.0000, 1.0000, 1.0000, 1.0000, 1.0000, 1.0000, 1.0000,
    1.0000, 1.0000, 1.0000, 1.0000, 1.0000, 1.0000, 1.0000, 1.0000, 1.0000, 1.0000,
    1.0000, 1.0000, 1.0000, 1.0000, 1.0000, 1.0000, 1.0000, 1.0000, 1.0000, 1.0000,
    1.0000, 1.0000, 1.0000, 1.0000, 1.0000, 1.0000, 1.0000, 1.0000, 1.0000, 1.0000,
    1.0000, 1.0000, 1.0000, 1.0000, 1.0000, 1.0000, 1.0000, 1.0000, 1.0000, 1.0000,
    1.0000, 1.0000, 1.0000, 1.0000, 1.0000, 1.0000, 1.0000, 1.0000, 1.0000, 1.0000,
    1.0000, 1.0000, 1.0000, 1.0000, 1.0000, 1.0000, 1.0000, 1.0000, 1.0000, 1.0000,
    1.0000, 1.0000, 1.0000, 1.0000, 1.0000, 1.0000, 1.0000, 1.0000, 1.0000, 1.0000,
    1.0000, 1.0000, 1.0000, 1.0000, 1.0000, 1.0000, 1.0000, 1.0000, 1.0000, 1.0000,
    1.0000, 1.0000, 1.0000, 1.0000, 1.0000, 1.0000, 1.0000, 1.0000, 1.0000, 1.0000,
  ]

### selfplay/pool_size
  Total points: 100
  Min: 0.0000, Max: 0.0000, Mean: 0.0000
  Data: [
    0.0000, 0.0000, 0.0000, 0.0000, 0.0000, 0.0000, 0.0000, 0.0000, 0.0000, 0.0000,
    0.0000, 0.0000, 0.0000, 0.0000, 0.0000, 0.0000, 0.0000, 0.0000, 0.0000, 0.0000,
    0.0000, 0.0000, 0.0000, 0.0000, 0.0000, 0.0000, 0.0000, 0.0000, 0.0000, 0.0000,
    0.0000, 0.0000, 0.0000, 0.0000, 0.0000, 0.0000, 0.0000, 0.0000, 0.0000, 0.0000,
    0.0000, 0.0000, 0.0000, 0.0000, 0.0000, 0.0000, 0.0000, 0.0000, 0.0000, 0.0000,
    0.0000, 0.0000, 0.0000, 0.0000, 0.0000, 0.0000, 0.0000, 0.0000, 0.0000, 0.0000,
    0.0000, 0.0000, 0.0000, 0.0000, 0.0000, 0.0000, 0.0000, 0.0000, 0.0000, 0.0000,
    0.0000, 0.0000, 0.0000, 0.0000, 0.0000, 0.0000, 0.0000, 0.0000, 0.0000, 0.0000,
    0.0000, 0.0000, 0.0000, 0.0000, 0.0000, 0.0000, 0.0000, 0.0000, 0.0000, 0.0000,
    0.0000, 0.0000, 0.0000, 0.0000, 0.0000, 0.0000, 0.0000, 0.0000, 0.0000, 0.0000,
  ]

### selfplay/weak_ratio_target
  Total points: 100
  Min: 0.5000, Max: 0.5000, Mean: 0.5000
  Data: [
    0.5000, 0.5000, 0.5000, 0.5000, 0.5000, 0.5000, 0.5000, 0.5000, 0.5000, 0.5000,
    0.5000, 0.5000, 0.5000, 0.5000, 0.5000, 0.5000, 0.5000, 0.5000, 0.5000, 0.5000,
    0.5000, 0.5000, 0.5000, 0.5000, 0.5000, 0.5000, 0.5000, 0.5000, 0.5000, 0.5000,
    0.5000, 0.5000, 0.5000, 0.5000, 0.5000, 0.5000, 0.5000, 0.5000, 0.5000, 0.5000,
    0.5000, 0.5000, 0.5000, 0.5000, 0.5000, 0.5000, 0.5000, 0.5000, 0.5000, 0.5000,
    0.5000, 0.5000, 0.5000, 0.5000, 0.5000, 0.5000, 0.5000, 0.5000, 0.5000, 0.5000,
    0.5000, 0.5000, 0.5000, 0.5000, 0.5000, 0.5000, 0.5000, 0.5000, 0.5000, 0.5000,
    0.5000, 0.5000, 0.5000, 0.5000, 0.5000, 0.5000, 0.5000, 0.5000, 0.5000, 0.5000,
    0.5000, 0.5000, 0.5000, 0.5000, 0.5000, 0.5000, 0.5000, 0.5000, 0.5000, 0.5000,
    0.5000, 0.5000, 0.5000, 0.5000, 0.5000, 0.5000, 0.5000, 0.5000, 0.5000, 0.5000,
  ]

### strategic/attack_diversity_bonus
  Total points: 100
  Min: 0.0000, Max: 0.0000, Mean: 0.0000
  Data: [
    0.0000, 0.0000, 0.0000, 0.0000, 0.0000, 0.0000, 0.0000, 0.0000, 0.0000, 0.0000,
    0.0000, 0.0000, 0.0000, 0.0000, 0.0000, 0.0000, 0.0000, 0.0000, 0.0000, 0.0000,
    0.0000, 0.0000, 0.0000, 0.0000, 0.0000, 0.0000, 0.0000, 0.0000, 0.0000, 0.0000,
    0.0000, 0.0000, 0.0000, 0.0000, 0.0000, 0.0000, 0.0000, 0.0000, 0.0000, 0.0000,
    0.0000, 0.0000, 0.0000, 0.0000, 0.0000, 0.0000, 0.0000, 0.0000, 0.0000, 0.0000,
    0.0000, 0.0000, 0.0000, 0.0000, 0.0000, 0.0000, 0.0000, 0.0000, 0.0000, 0.0000,
    0.0000, 0.0000, 0.0000, 0.0000, 0.0000, 0.0000, 0.0000, 0.0000, 0.0000, 0.0000,
    0.0000, 0.0000, 0.0000, 0.0000, 0.0000, 0.0000, 0.0000, 0.0000, 0.0000, 0.0000,
    0.0000, 0.0000, 0.0000, 0.0000, 0.0000, 0.0000, 0.0000, 0.0000, 0.0000, 0.0000,
    0.0000, 0.0000, 0.0000, 0.0000, 0.0000, 0.0000, 0.0000, 0.0000, 0.0000, 0.0000,
  ]

### strategic/attack_sides_unique
  Total points: 100
  Min: 0.0000, Max: 0.0000, Mean: 0.0000
  Data: [
    0.0000, 0.0000, 0.0000, 0.0000, 0.0000, 0.0000, 0.0000, 0.0000, 0.0000, 0.0000,
    0.0000, 0.0000, 0.0000, 0.0000, 0.0000, 0.0000, 0.0000, 0.0000, 0.0000, 0.0000,
    0.0000, 0.0000, 0.0000, 0.0000, 0.0000, 0.0000, 0.0000, 0.0000, 0.0000, 0.0000,
    0.0000, 0.0000, 0.0000, 0.0000, 0.0000, 0.0000, 0.0000, 0.0000, 0.0000, 0.0000,
    0.0000, 0.0000, 0.0000, 0.0000, 0.0000, 0.0000, 0.0000, 0.0000, 0.0000, 0.0000,
    0.0000, 0.0000, 0.0000, 0.0000, 0.0000, 0.0000, 0.0000, 0.0000, 0.0000, 0.0000,
    0.0000, 0.0000, 0.0000, 0.0000, 0.0000, 0.0000, 0.0000, 0.0000, 0.0000, 0.0000,
    0.0000, 0.0000, 0.0000, 0.0000, 0.0000, 0.0000, 0.0000, 0.0000, 0.0000, 0.0000,
    0.0000, 0.0000, 0.0000, 0.0000, 0.0000, 0.0000, 0.0000, 0.0000, 0.0000, 0.0000,
    0.0000, 0.0000, 0.0000, 0.0000, 0.0000, 0.0000, 0.0000, 0.0000, 0.0000, 0.0000,
  ]

### strategic/forcing_bonus
  Total points: 100
  Min: 0.0000, Max: 0.0000, Mean: 0.0000
  Data: [
    0.0000, 0.0000, 0.0000, 0.0000, 0.0000, 0.0000, 0.0000, 0.0000, 0.0000, 0.0000,
    0.0000, 0.0000, 0.0000, 0.0000, 0.0000, 0.0000, 0.0000, 0.0000, 0.0000, 0.0000,
    0.0000, 0.0000, 0.0000, 0.0000, 0.0000, 0.0000, 0.0000, 0.0000, 0.0000, 0.0000,
    0.0000, 0.0000, 0.0000, 0.0000, 0.0000, 0.0000, 0.0000, 0.0000, 0.0000, 0.0000,
    0.0000, 0.0000, 0.0000, 0.0000, 0.0000, 0.0000, 0.0000, 0.0000, 0.0000, 0.0000,
    0.0000, 0.0000, 0.0000, 0.0000, 0.0000, 0.0000, 0.0000, 0.0000, 0.0000, 0.0000,
    0.0000, 0.0000, 0.0000, 0.0000, 0.0000, 0.0000, 0.0000, 0.0000, 0.0000, 0.0000,
    0.0000, 0.0000, 0.0000, 0.0000, 0.0000, 0.0000, 0.0000, 0.0000, 0.0000, 0.0000,
    0.0000, 0.0000, 0.0000, 0.0000, 0.0000, 0.0000, 0.0000, 0.0000, 0.0000, 0.0000,
    0.0000, 0.0000, 0.0000, 0.0000, 0.0000, 0.0000, 0.0000, 0.0000, 0.0000, 0.0000,
  ]

### strategic/opponent_avg_movement
  Total points: 100
  Min: 0.0000, Max: 0.0000, Mean: 0.0000
  Data: [
    0.0000, 0.0000, 0.0000, 0.0000, 0.0000, 0.0000, 0.0000, 0.0000, 0.0000, 0.0000,
    0.0000, 0.0000, 0.0000, 0.0000, 0.0000, 0.0000, 0.0000, 0.0000, 0.0000, 0.0000,
    0.0000, 0.0000, 0.0000, 0.0000, 0.0000, 0.0000, 0.0000, 0.0000, 0.0000, 0.0000,
    0.0000, 0.0000, 0.0000, 0.0000, 0.0000, 0.0000, 0.0000, 0.0000, 0.0000, 0.0000,
    0.0000, 0.0000, 0.0000, 0.0000, 0.0000, 0.0000, 0.0000, 0.0000, 0.0000, 0.0000,
    0.0000, 0.0000, 0.0000, 0.0000, 0.0000, 0.0000, 0.0000, 0.0000, 0.0000, 0.0000,
    0.0000, 0.0000, 0.0000, 0.0000, 0.0000, 0.0000, 0.0000, 0.0000, 0.0000, 0.0000,
    0.0000, 0.0000, 0.0000, 0.0000, 0.0000, 0.0000, 0.0000, 0.0000, 0.0000, 0.0000,
    0.0000, 0.0000, 0.0000, 0.0000, 0.0000, 0.0000, 0.0000, 0.0000, 0.0000, 0.0000,
    0.0000, 0.0000, 0.0000, 0.0000, 0.0000, 0.0000, 0.0000, 0.0000, 0.0000, 0.0000,
  ]

### strategic/opponent_total_movement
  Total points: 100
  Min: 0.0000, Max: 0.0000, Mean: 0.0000
  Data: [
    0.0000, 0.0000, 0.0000, 0.0000, 0.0000, 0.0000, 0.0000, 0.0000, 0.0000, 0.0000,
    0.0000, 0.0000, 0.0000, 0.0000, 0.0000, 0.0000, 0.0000, 0.0000, 0.0000, 0.0000,
    0.0000, 0.0000, 0.0000, 0.0000, 0.0000, 0.0000, 0.0000, 0.0000, 0.0000, 0.0000,
    0.0000, 0.0000, 0.0000, 0.0000, 0.0000, 0.0000, 0.0000, 0.0000, 0.0000, 0.0000,
    0.0000, 0.0000, 0.0000, 0.0000, 0.0000, 0.0000, 0.0000, 0.0000, 0.0000, 0.0000,
    0.0000, 0.0000, 0.0000, 0.0000, 0.0000, 0.0000, 0.0000, 0.0000, 0.0000, 0.0000,
    0.0000, 0.0000, 0.0000, 0.0000, 0.0000, 0.0000, 0.0000, 0.0000, 0.0000, 0.0000,
    0.0000, 0.0000, 0.0000, 0.0000, 0.0000, 0.0000, 0.0000, 0.0000, 0.0000, 0.0000,
    0.0000, 0.0000, 0.0000, 0.0000, 0.0000, 0.0000, 0.0000, 0.0000, 0.0000, 0.0000,
    0.0000, 0.0000, 0.0000, 0.0000, 0.0000, 0.0000, 0.0000, 0.0000, 0.0000, 0.0000,
  ]

### strategic/shot_quality_ratio
  Total points: 100
  Min: 0.0000, Max: 0.0000, Mean: 0.0000
  Data: [
    0.0000, 0.0000, 0.0000, 0.0000, 0.0000, 0.0000, 0.0000, 0.0000, 0.0000, 0.0000,
    0.0000, 0.0000, 0.0000, 0.0000, 0.0000, 0.0000, 0.0000, 0.0000, 0.0000, 0.0000,
    0.0000, 0.0000, 0.0000, 0.0000, 0.0000, 0.0000, 0.0000, 0.0000, 0.0000, 0.0000,
    0.0000, 0.0000, 0.0000, 0.0000, 0.0000, 0.0000, 0.0000, 0.0000, 0.0000, 0.0000,
    0.0000, 0.0000, 0.0000, 0.0000, 0.0000, 0.0000, 0.0000, 0.0000, 0.0000, 0.0000,
    0.0000, 0.0000, 0.0000, 0.0000, 0.0000, 0.0000, 0.0000, 0.0000, 0.0000, 0.0000,
    0.0000, 0.0000, 0.0000, 0.0000, 0.0000, 0.0000, 0.0000, 0.0000, 0.0000, 0.0000,
    0.0000, 0.0000, 0.0000, 0.0000, 0.0000, 0.0000, 0.0000, 0.0000, 0.0000, 0.0000,
    0.0000, 0.0000, 0.0000, 0.0000, 0.0000, 0.0000, 0.0000, 0.0000, 0.0000, 0.0000,
    0.0000, 0.0000, 0.0000, 0.0000, 0.0000, 0.0000, 0.0000, 0.0000, 0.0000, 0.0000,
  ]

### strategic/shots_blocked
  Total points: 100
  Min: 0.0000, Max: 0.0000, Mean: 0.0000
  Data: [
    0.0000, 0.0000, 0.0000, 0.0000, 0.0000, 0.0000, 0.0000, 0.0000, 0.0000, 0.0000,
    0.0000, 0.0000, 0.0000, 0.0000, 0.0000, 0.0000, 0.0000, 0.0000, 0.0000, 0.0000,
    0.0000, 0.0000, 0.0000, 0.0000, 0.0000, 0.0000, 0.0000, 0.0000, 0.0000, 0.0000,
    0.0000, 0.0000, 0.0000, 0.0000, 0.0000, 0.0000, 0.0000, 0.0000, 0.0000, 0.0000,
    0.0000, 0.0000, 0.0000, 0.0000, 0.0000, 0.0000, 0.0000, 0.0000, 0.0000, 0.0000,
    0.0000, 0.0000, 0.0000, 0.0000, 0.0000, 0.0000, 0.0000, 0.0000, 0.0000, 0.0000,
    0.0000, 0.0000, 0.0000, 0.0000, 0.0000, 0.0000, 0.0000, 0.0000, 0.0000, 0.0000,
    0.0000, 0.0000, 0.0000, 0.0000, 0.0000, 0.0000, 0.0000, 0.0000, 0.0000, 0.0000,
    0.0000, 0.0000, 0.0000, 0.0000, 0.0000, 0.0000, 0.0000, 0.0000, 0.0000, 0.0000,
    0.0000, 0.0000, 0.0000, 0.0000, 0.0000, 0.0000, 0.0000, 0.0000, 0.0000, 0.0000,
  ]

### strategic/shots_clear
  Total points: 100
  Min: 0.0000, Max: 0.0000, Mean: 0.0000
  Data: [
    0.0000, 0.0000, 0.0000, 0.0000, 0.0000, 0.0000, 0.0000, 0.0000, 0.0000, 0.0000,
    0.0000, 0.0000, 0.0000, 0.0000, 0.0000, 0.0000, 0.0000, 0.0000, 0.0000, 0.0000,
    0.0000, 0.0000, 0.0000, 0.0000, 0.0000, 0.0000, 0.0000, 0.0000, 0.0000, 0.0000,
    0.0000, 0.0000, 0.0000, 0.0000, 0.0000, 0.0000, 0.0000, 0.0000, 0.0000, 0.0000,
    0.0000, 0.0000, 0.0000, 0.0000, 0.0000, 0.0000, 0.0000, 0.0000, 0.0000, 0.0000,
    0.0000, 0.0000, 0.0000, 0.0000, 0.0000, 0.0000, 0.0000, 0.0000, 0.0000, 0.0000,
    0.0000, 0.0000, 0.0000, 0.0000, 0.0000, 0.0000, 0.0000, 0.0000, 0.0000, 0.0000,
    0.0000, 0.0000, 0.0000, 0.0000, 0.0000, 0.0000, 0.0000, 0.0000, 0.0000, 0.0000,
    0.0000, 0.0000, 0.0000, 0.0000, 0.0000, 0.0000, 0.0000, 0.0000, 0.0000, 0.0000,
    0.0000, 0.0000, 0.0000, 0.0000, 0.0000, 0.0000, 0.0000, 0.0000, 0.0000, 0.0000,
  ]

### training/avg_episode_length
  Total points: 100
  Min: 60.3000, Max: 220.2000, Mean: 125.3740
  Data: [
    162.2000, 199.3000, 184.5000, 183.2000, 158.2000, 189.1000, 168.6000, 163.8000, 155.7000, 220.2000,
    152.6000, 191.3000, 185.8000, 176.0000, 192.6000, 149.9000, 209.2000, 156.6000, 170.3000, 192.8000,
    176.6000, 82.0000, 138.1000, 120.0000, 136.6000, 167.8000, 104.3000, 92.9000, 117.8000, 205.7000,
    143.9000, 110.7000, 129.2000, 95.1000, 82.0000, 138.9000, 110.6000, 105.8000, 118.6000, 134.4000,
    95.3000, 91.2000, 109.3000, 99.5000, 80.9000, 109.6000, 98.4000, 75.4000, 104.7000, 91.9000,
    133.1000, 113.0000, 85.2000, 116.1000, 116.6000, 155.6000, 138.3000, 130.6000, 101.3000, 96.1000,
    136.5000, 114.5000, 115.8000, 95.6000, 99.0000, 111.2000, 60.3000, 67.3000, 130.5000, 93.0000,
    101.6000, 93.9000, 128.8000, 134.2000, 93.3000, 78.0000, 71.4000, 115.0000, 116.1000, 132.0000,
    155.2000, 86.2000, 79.5000, 71.2000, 128.0000, 111.4000, 111.2000, 77.8000, 120.0000, 118.3000,
    105.2000, 138.4000, 66.8000, 126.2000, 124.0000, 94.8000, 113.5000, 185.2000, 133.7000, 87.8000,
  ]

### training/calls_per_episode
  Total points: 100
  Min: 0.0000, Max: 0.0000, Mean: 0.0000
  Data: [
    0.0000, 0.0000, 0.0000, 0.0000, 0.0000, 0.0000, 0.0000, 0.0000, 0.0000, 0.0000,
    0.0000, 0.0000, 0.0000, 0.0000, 0.0000, 0.0000, 0.0000, 0.0000, 0.0000, 0.0000,
    0.0000, 0.0000, 0.0000, 0.0000, 0.0000, 0.0000, 0.0000, 0.0000, 0.0000, 0.0000,
    0.0000, 0.0000, 0.0000, 0.0000, 0.0000, 0.0000, 0.0000, 0.0000, 0.0000, 0.0000,
    0.0000, 0.0000, 0.0000, 0.0000, 0.0000, 0.0000, 0.0000, 0.0000, 0.0000, 0.0000,
    0.0000, 0.0000, 0.0000, 0.0000, 0.0000, 0.0000, 0.0000, 0.0000, 0.0000, 0.0000,
    0.0000, 0.0000, 0.0000, 0.0000, 0.0000, 0.0000, 0.0000, 0.0000, 0.0000, 0.0000,
    0.0000, 0.0000, 0.0000, 0.0000, 0.0000, 0.0000, 0.0000, 0.0000, 0.0000, 0.0000,
    0.0000, 0.0000, 0.0000, 0.0000, 0.0000, 0.0000, 0.0000, 0.0000, 0.0000, 0.0000,
    0.0000, 0.0000, 0.0000, 0.0000, 0.0000, 0.0000, 0.0000, 0.0000, 0.0000, 0.0000,
  ]

### training/episode
  Total points: 100
  Min: 50.0000, Max: 7250.0000, Mean: 3645.5000
  Data: [
    50.0000, 100.0000, 150.0000, 200.0000, 250.0000, 300.0000, 350.0000, 400.0000, 450.0000, 500.0000,
    550.0000, 600.0000, 650.0000, 700.0000, 750.0000, 800.0000, 850.0000, 900.0000, 950.0000, 1000.0000,
    1050.0000, 1100.0000, 1150.0000, 1200.0000, 1250.0000, 1300.0000, 1350.0000, 1400.0000, 1450.0000, 1500.0000,
    1550.0000, 1600.0000, 1650.0000, 1700.0000, 1750.0000, 1800.0000, 1850.0000, 1950.0000, 2100.0000, 2250.0000,
    2350.0000, 2500.0000, 2650.0000, 2750.0000, 2900.0000, 3050.0000, 3150.0000, 3300.0000, 3450.0000, 3550.0000,
    3700.0000, 3850.0000, 3950.0000, 4100.0000, 4250.0000, 4350.0000, 4500.0000, 4650.0000, 4750.0000, 4900.0000,
    5050.0000, 5150.0000, 5300.0000, 5450.0000, 5500.0000, 5550.0000, 5600.0000, 5650.0000, 5700.0000, 5750.0000,
    5800.0000, 5850.0000, 5900.0000, 5950.0000, 6000.0000, 6050.0000, 6100.0000, 6150.0000, 6200.0000, 6250.0000,
    6300.0000, 6350.0000, 6400.0000, 6450.0000, 6500.0000, 6550.0000, 6600.0000, 6650.0000, 6700.0000, 6750.0000,
    6800.0000, 6850.0000, 6900.0000, 6950.0000, 7000.0000, 7050.0000, 7100.0000, 7150.0000, 7200.0000, 7250.0000,
  ]

### training/eps_per_sec
  Total points: 100
  Min: 0.1458, Max: 8.5112, Mean: 1.5414
  Data: [
    6.6756, 7.0956, 7.3697, 7.0427, 8.3949, 7.4340, 7.8432, 7.5698, 7.3824, 7.0922,
    0.8450, 7.9254, 7.0179, 8.1109, 7.6659, 8.5112, 7.4311, 7.6667, 7.9986, 3.0262,
    0.1484, 0.1836, 0.1712, 0.1851, 0.1802, 0.1767, 0.1759, 0.1793, 0.2087, 0.1777,
    0.1506, 0.1768, 0.1828, 0.1903, 0.1710, 0.1741, 0.1856, 0.1636, 0.1666, 0.1760,
    0.1832, 0.1811, 0.1784, 0.1615, 0.1802, 0.1458, 0.1827, 0.1818, 0.1727, 0.1542,
    0.1923, 0.1713, 0.1707, 0.1722, 0.1802, 0.1726, 0.1843, 0.1789, 0.1748, 0.1833,
    0.1516, 0.1804, 0.1810, 0.1775, 0.1745, 0.1593, 0.1787, 0.1803, 0.1853, 0.1725,
    0.1817, 0.1697, 0.1862, 0.1741, 0.1744, 0.1582, 0.1807, 0.1658, 0.1758, 0.1811,
    0.1794, 0.1773, 0.1808, 0.1754, 0.1838, 0.1527, 0.1804, 0.1704, 0.1734, 0.1728,
    0.1911, 0.1795, 0.1882, 0.1699, 0.1817, 0.1558, 0.1759, 0.1758, 0.1891, 0.1717,
  ]

### training/epsilon
  Total points: 100
  Min: 0.1000, Max: 0.1000, Mean: 0.1000
  Data: [
    0.1000, 0.1000, 0.1000, 0.1000, 0.1000, 0.1000, 0.1000, 0.1000, 0.1000, 0.1000,
    0.1000, 0.1000, 0.1000, 0.1000, 0.1000, 0.1000, 0.1000, 0.1000, 0.1000, 0.1000,
    0.1000, 0.1000, 0.1000, 0.1000, 0.1000, 0.1000, 0.1000, 0.1000, 0.1000, 0.1000,
    0.1000, 0.1000, 0.1000, 0.1000, 0.1000, 0.1000, 0.1000, 0.1000, 0.1000, 0.1000,
    0.1000, 0.1000, 0.1000, 0.1000, 0.1000, 0.1000, 0.1000, 0.1000, 0.1000, 0.1000,
    0.1000, 0.1000, 0.1000, 0.1000, 0.1000, 0.1000, 0.1000, 0.1000, 0.1000, 0.1000,
    0.1000, 0.1000, 0.1000, 0.1000, 0.1000, 0.1000, 0.1000, 0.1000, 0.1000, 0.1000,
    0.1000, 0.1000, 0.1000, 0.1000, 0.1000, 0.1000, 0.1000, 0.1000, 0.1000, 0.1000,
    0.1000, 0.1000, 0.1000, 0.1000, 0.1000, 0.1000, 0.1000, 0.1000, 0.1000, 0.1000,
    0.1000, 0.1000, 0.1000, 0.1000, 0.1000, 0.1000, 0.1000, 0.1000, 0.1000, 0.1000,
  ]

### training/pbrs_enabled
  Total points: 100
  Min: 1.0000, Max: 1.0000, Mean: 1.0000
  Data: [
    1.0000, 1.0000, 1.0000, 1.0000, 1.0000, 1.0000, 1.0000, 1.0000, 1.0000, 1.0000,
    1.0000, 1.0000, 1.0000, 1.0000, 1.0000, 1.0000, 1.0000, 1.0000, 1.0000, 1.0000,
    1.0000, 1.0000, 1.0000, 1.0000, 1.0000, 1.0000, 1.0000, 1.0000, 1.0000, 1.0000,
    1.0000, 1.0000, 1.0000, 1.0000, 1.0000, 1.0000, 1.0000, 1.0000, 1.0000, 1.0000,
    1.0000, 1.0000, 1.0000, 1.0000, 1.0000, 1.0000, 1.0000, 1.0000, 1.0000, 1.0000,
    1.0000, 1.0000, 1.0000, 1.0000, 1.0000, 1.0000, 1.0000, 1.0000, 1.0000, 1.0000,
    1.0000, 1.0000, 1.0000, 1.0000, 1.0000, 1.0000, 1.0000, 1.0000, 1.0000, 1.0000,
    1.0000, 1.0000, 1.0000, 1.0000, 1.0000, 1.0000, 1.0000, 1.0000, 1.0000, 1.0000,
    1.0000, 1.0000, 1.0000, 1.0000, 1.0000, 1.0000, 1.0000, 1.0000, 1.0000, 1.0000,
    1.0000, 1.0000, 1.0000, 1.0000, 1.0000, 1.0000, 1.0000, 1.0000, 1.0000, 1.0000,
  ]

### training/tie_penalty
  Total points: 100
  Min: -1.5000, Max: 0.0000, Mean: -0.2850
  Data: [
    0.0000, -1.5000, 0.0000, 0.0000, 0.0000, -1.5000, 0.0000, 0.0000, 0.0000, 0.0000,
    0.0000, -1.5000, 0.0000, -1.5000, 0.0000, 0.0000, -1.5000, 0.0000, 0.0000, 0.0000,
    0.0000, 0.0000, -1.5000, 0.0000, 0.0000, 0.0000, 0.0000, 0.0000, -1.5000, -1.5000,
    -1.5000, 0.0000, 0.0000, 0.0000, 0.0000, 0.0000, -1.5000, 0.0000, 0.0000, 0.0000,
    0.0000, 0.0000, 0.0000, 0.0000, 0.0000, 0.0000, 0.0000, 0.0000, 0.0000, 0.0000,
    0.0000, -1.5000, 0.0000, -1.5000, -1.5000, -1.5000, 0.0000, 0.0000, 0.0000, 0.0000,
    0.0000, 0.0000, 0.0000, 0.0000, 0.0000, 0.0000, 0.0000, 0.0000, 0.0000, 0.0000,
    0.0000, 0.0000, 0.0000, 0.0000, 0.0000, 0.0000, 0.0000, 0.0000, 0.0000, 0.0000,
    -1.5000, -1.5000, 0.0000, 0.0000, 0.0000, -1.5000, 0.0000, 0.0000, 0.0000, 0.0000,
    0.0000, 0.0000, 0.0000, 0.0000, 0.0000, 0.0000, 0.0000, -1.5000, -1.5000, 0.0000,
  ]

### values/Q_avg
  Total points: 72
  Min: -1.7707, Max: 0.1292, Mean: -1.1980
  Data: [
    0.0740, 0.0633, 0.0695, 0.0626, 0.0642, 0.0617, 0.0659, 0.0676, 0.0868, 0.0197,
    0.1292, -0.3753, -0.7480, -1.0235, -1.1825, -1.2765, -1.1649, -1.2624, -1.2266, -1.2953,
    -1.2225, -1.3274, -1.3706, -1.5293, -1.7042, -1.3824, -1.5247, -1.4507, -1.4268, -1.3816,
    -1.3292, -1.5506, -1.4256, -1.5502, -1.3782, -1.2776, -1.4164, -1.5286, -1.5141, -1.4866,
    -1.4230, -1.7348, -1.7707, -1.5259, -1.7595, -1.5163, -1.6047, -1.5881, -1.4133, -1.5542,
    -1.5600, -1.2125, -1.3545, -1.5210, -1.5280, -1.2388, -1.5139, -1.4970, -1.5144, -1.3588,
    -1.6447, -1.6168, -1.5530, -1.5823, -1.5062, -1.5575, -1.6132, -1.4624, -1.5337, -1.4119,
    -1.4334, -1.5849,
  ]

### values/Q_max
  Total points: 72
  Min: 0.1957, Max: 1.9234, Mean: 0.6909
  Data: [
    0.2079, 0.2452, 0.1957, 0.2156, 0.2495, 0.2277, 0.2632, 0.2228, 0.2554, 0.5072,
    1.9234, 1.4184, 1.1290, 1.1359, 0.6488, 0.7111, 0.9508, 0.6490, 0.9698, 0.8063,
    0.7901, 0.5451, 0.8448, 0.8435, 0.7046, 0.6997, 0.7279, 0.6064, 0.5767, 0.7187,
    0.6604, 0.7170, 0.6156, 0.7785, 0.6446, 0.6884, 0.9917, 0.6057, 0.6505, 0.5249,
    0.6538, 0.5969, 0.6397, 0.7638, 0.5922, 0.7416, 0.7700, 0.7347, 0.7665, 0.6386,
    0.6236, 0.6776, 0.5908, 0.7267, 0.5790, 0.8012, 0.7079, 0.7955, 0.8844, 0.7200,
    0.6964, 0.6034, 0.7718, 0.7183, 0.7344, 0.6706, 0.8109, 0.8373, 0.8243, 0.7398,
    0.7332, 0.7304,
  ]

### values/Q_min
  Total points: 72
  Min: -4.5307, Max: -0.1956, Mean: -3.5179
  Data: [
    -0.2266, -0.2206, -0.2332, -0.2671, -0.2358, -0.1978, -0.1956, -0.2362, -0.2486, -0.4653,
    -2.6507, -3.1589, -3.6339, -3.2938, -3.8719, -3.6166, -4.1191, -3.8911, -4.0275, -3.6489,
    -4.0017, -3.3860, -4.1075, -4.1498, -4.3707, -4.2555, -4.3092, -4.2706, -4.2293, -3.8542,
    -3.8164, -4.1803, -4.4297, -4.3646, -3.8380, -4.2459, -4.3796, -3.9628, -4.3785, -3.6865,
    -4.1480, -4.5273, -4.2626, -3.7517, -4.1263, -4.4828, -4.1621, -4.5307, -3.9321, -4.0868,
    -3.9073, -4.1020, -3.6931, -3.9901, -4.2244, -4.1675, -4.1252, -3.7904, -3.7666, -4.0321,
    -4.4219, -4.1636, -4.0425, -4.4178, -3.9622, -4.2098, -4.4655, -4.4387, -4.4314, -4.0114,
    -4.4129, -3.8489,
  ]

### values/Q_std
  Total points: 72
  Min: 0.0882, Max: 1.4126, Mean: 1.0205
  Data: [
    0.1008, 0.0959, 0.0949, 0.1076, 0.1038, 0.1014, 0.1038, 0.0934, 0.0882, 0.1135,
    0.7458, 0.8484, 0.8537, 0.8425, 0.9107, 1.0304, 1.0867, 1.0475, 1.0971, 1.0272,
    1.2574, 1.0312, 1.1716, 1.1481, 1.1490, 1.1707, 1.1197, 1.0884, 1.1725, 1.0600,
    1.1948, 1.3777, 1.1131, 1.2954, 1.2572, 1.2181, 1.3411, 1.0785, 1.1363, 1.0160,
    1.2397, 1.1734, 1.2859, 1.1437, 1.2225, 1.2172, 1.3060, 1.3023, 1.3409, 1.2790,
    1.1696, 1.2625, 1.2094, 1.3514, 1.2723, 1.1189, 1.2169, 1.2412, 1.1170, 1.2852,
    1.2719, 1.2340, 1.2394, 1.2386, 1.2115, 1.1838, 1.1421, 1.2184, 1.3531, 1.1716,
    1.4126, 1.1507,
  ]
