================================================================================
W&B RUN DATA: eps0.5-TD3-Hockey-NORMAL-weak-lr0.0010-seed42
================================================================================

## RUN METADATA
Run ID: 73h4jygv
Created: 2026-01-18T13:34:44Z
State: running
Duration: 18370.672630842 seconds

## CONFIGURATION
  algorithm: TD3
  mode: NORMAL
  opponent: weak
  learning_rate_actor: 0.001
  learning_rate_critic: 0.001
  batch_size: 100
  buffer_size: 1000000
  max_episodes: 100000
  random_seed: 42
  self_play_start: 100000
  self_play_pool_size: 25
  gamma: 0.99
  tau: 0.005

## FINAL SUMMARY

## NOTE: Data discretized to fit 100000 char limit
  Showing ~100 points per metric (of 131 total)

## METRICS DATA

### behavior/action_magnitude_avg
  Total points: 100
  Min: 0.6306, Max: 1.3862, Mean: 1.0776
  Data: [
    0.6306, 0.6631, 0.6566, 0.6408, 0.6581, 0.6626, 0.6592, 0.6747, 0.6743, 0.6599,
    0.6491, 0.6557, 0.6435, 0.6579, 0.6774, 0.6566, 0.6475, 0.6490, 0.6582, 0.6522,
    0.6490, 0.6508, 0.6467, 0.6615, 0.6529, 0.6490, 0.6531, 0.6396, 0.6604, 0.6325,
    0.6845, 0.6743, 0.6689, 0.6363, 0.6543, 0.6362, 0.6658, 1.1632, 1.1736, 1.1871,
    1.2185, 1.2137, 1.2185, 1.2333, 1.2374, 1.2418, 1.2488, 1.2515, 1.2599, 1.2799,
    1.2800, 1.2848, 1.2911, 1.2945, 1.2996, 1.3013, 1.3147, 1.3138, 1.3186, 1.3208,
    1.3225, 1.3297, 1.3327, 1.3349, 1.3425, 1.3428, 1.3433, 1.3483, 1.3520, 1.3541,
    1.3578, 1.3627, 1.3572, 1.3598, 1.3596, 1.3641, 1.3667, 1.3657, 1.3649, 1.3683,
    1.3670, 1.3698, 1.3689, 1.3725, 1.3716, 1.3697, 1.3697, 1.3750, 1.3779, 1.3766,
    1.3794, 1.3805, 1.3791, 1.3795, 1.3802, 1.3826, 1.3833, 1.3862, 1.3844, 1.3852,
  ]

### behavior/action_magnitude_max
  Total points: 100
  Min: 1.2892, Max: 1.4142, Mean: 1.3935
  Data: [
    1.3331, 1.3679, 1.3616, 1.3169, 1.3843, 1.3730, 1.3474, 1.3842, 1.3564, 1.3884,
    1.3898, 1.3843, 1.3081, 1.3540, 1.3894, 1.3815, 1.3470, 1.3465, 1.3918, 1.3929,
    1.3788, 1.3572, 1.3454, 1.3550, 1.3411, 1.3568, 1.3243, 1.3307, 1.3783, 1.2892,
    1.3628, 1.3752, 1.3689, 1.3342, 1.3760, 1.3185, 1.3587, 1.4142, 1.4142, 1.4142,
    1.4142, 1.4142, 1.4142, 1.4142, 1.4142, 1.4142, 1.4142, 1.4142, 1.4142, 1.4142,
    1.4142, 1.4142, 1.4142, 1.4142, 1.4142, 1.4142, 1.4142, 1.4142, 1.4142, 1.4142,
    1.4142, 1.4142, 1.4142, 1.4142, 1.4142, 1.4142, 1.4142, 1.4142, 1.4142, 1.4142,
    1.4142, 1.4142, 1.4142, 1.4142, 1.4142, 1.4142, 1.4142, 1.4142, 1.4142, 1.4142,
    1.4142, 1.4142, 1.4142, 1.4142, 1.4142, 1.4142, 1.4142, 1.4142, 1.4142, 1.4142,
    1.4142, 1.4142, 1.4142, 1.4142, 1.4142, 1.4142, 1.4142, 1.4142, 1.4142, 1.4142,
  ]

### behavior/dist_to_puck_avg
  Total points: 100
  Min: 1.9867, Max: 4.0463, Mean: 2.6731
  Data: [
    3.4067, 3.6174, 3.6254, 3.1090, 3.5306, 3.8677, 3.3417, 3.6177, 3.6914, 3.4967,
    3.3433, 3.7893, 3.3071, 3.2396, 3.4710, 3.4538, 3.3332, 3.1343, 3.3976, 3.5425,
    3.0764, 3.4240, 3.2238, 3.1728, 3.1829, 3.3521, 3.4192, 3.4302, 3.4586, 3.3556,
    4.0463, 3.8083, 3.4811, 3.3004, 3.4999, 3.4420, 3.3716, 2.2833, 2.2485, 2.5264,
    2.0954, 2.1079, 2.3959, 2.1661, 2.2176, 2.2685, 2.2462, 2.2528, 2.2022, 2.3956,
    2.3505, 2.1559, 2.3105, 2.3200, 2.3044, 2.2153, 2.2966, 2.1373, 2.3375, 2.0888,
    2.3980, 2.2297, 2.4671, 2.3816, 2.1440, 2.2396, 2.1991, 2.1574, 2.1137, 2.2362,
    2.0838, 2.1215, 2.2681, 2.2589, 2.3030, 2.3000, 2.1106, 2.2141, 2.2541, 2.3957,
    2.1336, 2.0861, 2.2228, 2.1520, 2.1872, 2.1453, 2.3426, 2.3129, 2.1429, 2.2584,
    2.0933, 2.0803, 2.1460, 2.4061, 2.0367, 2.1370, 2.1730, 2.0774, 2.0277, 1.9867,
  ]

### behavior/dist_to_puck_min
  Total points: 100
  Min: 0.2255, Max: 1.5372, Mean: 0.5613
  Data: [
    1.0239, 0.9291, 0.6895, 1.1158, 1.2259, 1.4431, 0.9359, 1.0813, 0.9822, 1.0458,
    0.7117, 1.0002, 0.8499, 0.6790, 0.5477, 0.8246, 0.9648, 0.7160, 1.2569, 0.9680,
    0.8448, 1.0213, 1.1867, 0.8919, 0.8467, 1.0316, 1.0889, 1.4140, 0.8963, 1.1452,
    1.2342, 0.8674, 1.0493, 1.5372, 0.8906, 1.1436, 1.2186, 0.5352, 0.4687, 0.6717,
    0.2595, 0.3406, 0.2642, 0.2878, 0.3246, 0.2707, 0.2979, 0.3194, 0.2923, 0.2761,
    0.2323, 0.2796, 0.3150, 0.2862, 0.2255, 0.2687, 0.3245, 0.3041, 0.2864, 0.2339,
    0.2844, 0.2747, 0.3018, 0.2982, 0.2763, 0.2688, 0.3675, 0.3270, 0.2712, 0.2756,
    0.2432, 0.3458, 0.3238, 0.2338, 0.2674, 0.2816, 0.2645, 0.2380, 0.3028, 0.2687,
    0.2803, 0.2726, 0.2739, 0.2676, 0.2713, 0.2755, 0.3098, 0.3010, 0.3163, 0.2898,
    0.2571, 0.2749, 0.2770, 0.4537, 0.2352, 0.2810, 0.3275, 0.2720, 0.2546, 0.2549,
  ]

### behavior/distance_traveled
  Total points: 100
  Min: 6.1475, Max: 15.1059, Mean: 10.3493
  Data: [
    7.8822, 10.3417, 12.4385, 8.8761, 9.9441, 10.1735, 9.9955, 11.7839, 9.3149, 8.7416,
    11.1862, 13.0068, 10.1741, 10.7723, 10.5946, 9.5920, 8.8006, 7.5882, 12.8754, 11.1064,
    9.5220, 8.3219, 10.9733, 9.1041, 9.2869, 9.4001, 7.9004, 8.0180, 9.9497, 8.9743,
    8.9844, 9.3311, 8.7635, 8.4905, 8.3313, 8.1756, 7.1773, 8.3561, 8.2531, 9.3207,
    7.8377, 11.0176, 12.4157, 10.8118, 11.9394, 10.6305, 14.8520, 14.3557, 8.9155, 11.2266,
    14.9755, 13.6393, 12.9695, 10.0273, 14.7081, 9.0725, 12.5231, 10.2107, 10.7871, 12.8797,
    10.6739, 11.6499, 9.2164, 11.0439, 11.1432, 10.4043, 7.7696, 9.8063, 11.2334, 12.6557,
    8.9200, 12.1915, 15.1059, 9.9445, 8.5000, 9.3680, 12.3458, 12.5070, 12.2750, 11.4368,
    12.4878, 9.3635, 9.8784, 8.9462, 12.1990, 7.6417, 11.7141, 9.0258, 9.0345, 8.8040,
    9.4167, 12.7725, 8.9381, 6.1475, 10.4997, 10.2934, 9.0176, 10.2215, 10.2674, 12.4525,
  ]

### behavior/gameplay_vs_strong
  Total points: 47
  ✗ Could not format data: float() argument must be a string or a real number, not 'dict'

### behavior/gameplay_vs_weak
  Total points: 47
  ✗ Could not format data: float() argument must be a string or a real number, not 'dict'

### behavior/lazy_action_ratio
  Total points: 100
  Min: 0.0000, Max: 0.0268, Mean: 0.0062
  Data: [
    0.0228, 0.0159, 0.0220, 0.0126, 0.0268, 0.0143, 0.0194, 0.0194, 0.0163, 0.0188,
    0.0180, 0.0162, 0.0218, 0.0114, 0.0092, 0.0220, 0.0149, 0.0215, 0.0127, 0.0143,
    0.0147, 0.0107, 0.0228, 0.0107, 0.0231, 0.0064, 0.0098, 0.0219, 0.0178, 0.0149,
    0.0126, 0.0121, 0.0261, 0.0214, 0.0193, 0.0141, 0.0146, 0.0004, 0.0000, 0.0000,
    0.0000, 0.0000, 0.0000, 0.0000, 0.0000, 0.0000, 0.0000, 0.0000, 0.0000, 0.0000,
    0.0000, 0.0000, 0.0000, 0.0000, 0.0000, 0.0000, 0.0000, 0.0000, 0.0000, 0.0000,
    0.0000, 0.0000, 0.0000, 0.0000, 0.0000, 0.0000, 0.0000, 0.0000, 0.0000, 0.0000,
    0.0000, 0.0000, 0.0000, 0.0000, 0.0000, 0.0000, 0.0000, 0.0000, 0.0000, 0.0000,
    0.0000, 0.0000, 0.0000, 0.0000, 0.0000, 0.0000, 0.0000, 0.0000, 0.0000, 0.0000,
    0.0000, 0.0000, 0.0000, 0.0000, 0.0000, 0.0000, 0.0000, 0.0000, 0.0000, 0.0000,
  ]

### behavior/possession_ratio
  Total points: 100
  Min: 0.0000, Max: 0.2699, Mean: 0.1320
  Data: [
    0.0300, 0.0473, 0.0130, 0.0072, 0.0187, 0.0000, 0.0107, 0.0276, 0.0185, 0.0277,
    0.0119, 0.0226, 0.0241, 0.0294, 0.0418, 0.0404, 0.0234, 0.0306, 0.0004, 0.0202,
    0.0246, 0.0256, 0.0096, 0.0213, 0.0233, 0.0242, 0.0118, 0.0191, 0.0370, 0.0096,
    0.0387, 0.0296, 0.0551, 0.0000, 0.0212, 0.0286, 0.0269, 0.1199, 0.1176, 0.1139,
    0.2526, 0.1542, 0.1642, 0.2011, 0.1271, 0.2037, 0.1487, 0.1735, 0.2295, 0.1822,
    0.1442, 0.1733, 0.1562, 0.2006, 0.1591, 0.1639, 0.1407, 0.1635, 0.1627, 0.2075,
    0.1594, 0.2007, 0.1559, 0.2058, 0.2020, 0.1783, 0.2042, 0.1983, 0.1992, 0.2194,
    0.2404, 0.2011, 0.1208, 0.2177, 0.2323, 0.2071, 0.2304, 0.1824, 0.2137, 0.2355,
    0.2505, 0.2252, 0.2241, 0.2106, 0.1946, 0.2631, 0.1848, 0.1962, 0.2309, 0.2433,
    0.2323, 0.2099, 0.2213, 0.1433, 0.2699, 0.2246, 0.1811, 0.2573, 0.2662, 0.2530,
  ]

### behavior/puck_touches
  Total points: 100
  Min: 0.0000, Max: 0.0000, Mean: 0.0000
  Data: [
    0.0000, 0.0000, 0.0000, 0.0000, 0.0000, 0.0000, 0.0000, 0.0000, 0.0000, 0.0000,
    0.0000, 0.0000, 0.0000, 0.0000, 0.0000, 0.0000, 0.0000, 0.0000, 0.0000, 0.0000,
    0.0000, 0.0000, 0.0000, 0.0000, 0.0000, 0.0000, 0.0000, 0.0000, 0.0000, 0.0000,
    0.0000, 0.0000, 0.0000, 0.0000, 0.0000, 0.0000, 0.0000, 0.0000, 0.0000, 0.0000,
    0.0000, 0.0000, 0.0000, 0.0000, 0.0000, 0.0000, 0.0000, 0.0000, 0.0000, 0.0000,
    0.0000, 0.0000, 0.0000, 0.0000, 0.0000, 0.0000, 0.0000, 0.0000, 0.0000, 0.0000,
    0.0000, 0.0000, 0.0000, 0.0000, 0.0000, 0.0000, 0.0000, 0.0000, 0.0000, 0.0000,
    0.0000, 0.0000, 0.0000, 0.0000, 0.0000, 0.0000, 0.0000, 0.0000, 0.0000, 0.0000,
    0.0000, 0.0000, 0.0000, 0.0000, 0.0000, 0.0000, 0.0000, 0.0000, 0.0000, 0.0000,
    0.0000, 0.0000, 0.0000, 0.0000, 0.0000, 0.0000, 0.0000, 0.0000, 0.0000, 0.0000,
  ]

### behavior/shoot_action_avg
  Total points: 100
  Min: -0.6080, Max: 0.6354, Mean: 0.0222
  Data: [
    -0.0948, -0.0662, -0.0701, -0.1008, -0.0901, -0.1092, -0.0366, -0.0958, -0.0956, -0.0915,
    -0.0727, -0.0605, -0.0926, -0.0823, -0.0501, -0.0916, -0.1049, -0.1058, -0.0463, -0.0903,
    -0.0619, -0.1099, -0.0976, -0.0646, -0.0767, -0.0919, -0.1112, -0.1056, -0.1023, -0.1328,
    -0.1161, -0.0645, -0.1262, -0.1372, -0.0920, -0.0731, -0.0881, -0.6080, -0.1528, -0.0573,
    -0.3904, -0.3264, 0.4001, -0.2398, -0.3784, -0.0236, 0.2345, 0.0673, 0.0122, -0.1578,
    0.3054, 0.3237, 0.4408, 0.4732, 0.4367, -0.1681, 0.4003, -0.1380, 0.1003, -0.2518,
    0.2919, 0.1788, 0.1894, 0.1086, 0.2252, 0.1748, -0.0667, 0.1327, 0.2257, 0.2007,
    -0.0239, 0.3595, 0.6354, 0.1807, 0.1620, 0.1469, 0.0905, 0.2658, 0.5534, 0.3456,
    0.4891, 0.5227, 0.3942, 0.1957, 0.1708, -0.0938, 0.0995, -0.1435, 0.0088, 0.0165,
    0.0519, -0.0177, 0.1043, 0.1076, -0.1598, -0.2003, -0.0013, -0.2509, -0.1956, -0.2547,
  ]

### behavior/shoot_action_when_possess
  Total points: 100
  Min: -0.8726, Max: 0.0270, Mean: -0.5049
  Data: [
    -0.0464, -0.1809, -0.1616, 0.0270, -0.0365, 0.0000, -0.1713, -0.1036, -0.0385, -0.1713,
    -0.1485, -0.0793, -0.0996, -0.1129, -0.1132, -0.1174, -0.0389, -0.0751, -0.0566, -0.1467,
    -0.0388, -0.0739, -0.0345, -0.0565, -0.1310, -0.0720, -0.0952, -0.0019, -0.0419, -0.0385,
    -0.1919, -0.0580, -0.1206, 0.0000, -0.1928, -0.0365, -0.0385, -0.4852, -0.5596, -0.4599,
    -0.7295, -0.6803, -0.7384, -0.7325, -0.6304, -0.7514, -0.6846, -0.6964, -0.8101, -0.8403,
    -0.8212, -0.7913, -0.6805, -0.7044, -0.7968, -0.7759, -0.7027, -0.6503, -0.7528, -0.8388,
    -0.4357, -0.6283, -0.4904, -0.8474, -0.7428, -0.7277, -0.6545, -0.7436, -0.8420, -0.8620,
    -0.8548, -0.7873, -0.7430, -0.8258, -0.8369, -0.8087, -0.7705, -0.8726, -0.7414, -0.8281,
    -0.8274, -0.8222, -0.8247, -0.8329, -0.8301, -0.8320, -0.8328, -0.8318, -0.7520, -0.8356,
    -0.8445, -0.8347, -0.7469, -0.5037, -0.8365, -0.8337, -0.6885, -0.8376, -0.8394, -0.8534,
  ]

### behavior/time_near_puck
  Total points: 100
  Min: 0.0000, Max: 36.3000, Mean: 15.9330
  Data: [
    4.9000, 5.9000, 3.6000, 1.5000, 4.8000, 0.2000, 0.6000, 4.9000, 3.2000, 3.6000,
    2.4000, 4.9000, 4.6000, 5.9000, 6.2000, 5.8000, 3.4000, 3.7000, 0.2000, 3.6000,
    3.0000, 3.3000, 0.8000, 2.5000, 2.3000, 3.5000, 0.4000, 2.7000, 3.2000, 2.2000,
    3.4000, 3.3000, 9.0000, 0.0000, 3.3000, 2.6000, 2.3000, 14.5000, 11.7000, 16.7000,
    26.9000, 23.0000, 24.9000, 26.4000, 24.6000, 26.3000, 25.8000, 29.4000, 23.3000, 26.0000,
    30.9000, 29.3000, 27.8000, 23.6000, 30.6000, 17.3000, 21.2000, 24.0000, 23.5000, 26.6000,
    16.1000, 17.3000, 14.2000, 26.5000, 23.0000, 20.7000, 17.3000, 23.9000, 27.8000, 32.4000,
    24.1000, 23.6000, 14.4000, 24.5000, 20.0000, 21.5000, 30.9000, 23.7000, 29.5000, 28.1000,
    36.3000, 19.7000, 23.9000, 20.1000, 26.9000, 18.1000, 17.6000, 15.8000, 21.1000, 18.3000,
    20.1000, 24.6000, 22.9000, 9.9000, 30.5000, 28.5000, 18.5000, 27.9000, 27.1000, 30.0000,
  ]

### behavior/velocity_avg
  Total points: 100
  Min: 0.0527, Max: 0.1037, Mean: 0.0777
  Data: [
    0.0577, 0.0569, 0.0562, 0.0624, 0.0581, 0.0599, 0.0608, 0.0612, 0.0527, 0.0594,
    0.0603, 0.0628, 0.0585, 0.0587, 0.0650, 0.0642, 0.0628, 0.0583, 0.0645, 0.0578,
    0.0606, 0.0672, 0.0678, 0.0674, 0.0621, 0.0675, 0.0623, 0.0605, 0.0640, 0.0537,
    0.0628, 0.0625, 0.0585, 0.0657, 0.0619, 0.0626, 0.0620, 0.0874, 0.0837, 0.0968,
    0.0979, 0.0731, 0.0722, 0.0766, 0.0723, 0.0786, 0.0822, 0.0771, 0.0850, 0.0851,
    0.0703, 0.0753, 0.0733, 0.0851, 0.0741, 0.0845, 0.0787, 0.0871, 0.0748, 0.0835,
    0.0867, 0.0923, 0.0928, 0.0853, 0.0893, 0.0784, 0.0962, 0.0815, 0.0786, 0.0825,
    0.0980, 0.0943, 0.0856, 0.0913, 0.0932, 0.0843, 0.0857, 0.0840, 0.0907, 0.0921,
    0.0849, 0.0960, 0.0925, 0.0902, 0.0854, 0.1025, 0.0926, 0.0931, 0.0992, 0.1020,
    0.0971, 0.0892, 0.0928, 0.1037, 0.0919, 0.0874, 0.1033, 0.0899, 0.0971, 0.0949,
  ]

### behavior/velocity_max
  Total points: 100
  Min: 0.1452, Max: 0.2331, Mean: 0.2029
  Data: [
    0.1570, 0.1609, 0.1675, 0.1525, 0.1729, 0.1601, 0.1607, 0.1809, 0.1629, 0.1701,
    0.1713, 0.1779, 0.1648, 0.1655, 0.1797, 0.1725, 0.1694, 0.1521, 0.1869, 0.1632,
    0.1728, 0.1673, 0.1635, 0.1876, 0.1699, 0.1796, 0.1452, 0.1489, 0.1673, 0.1600,
    0.1892, 0.1676, 0.1625, 0.1620, 0.1619, 0.1579, 0.1654, 0.2160, 0.2199, 0.2215,
    0.2167, 0.2181, 0.2216, 0.2236, 0.2225, 0.2166, 0.2177, 0.2158, 0.2292, 0.2231,
    0.2161, 0.2206, 0.2225, 0.2143, 0.2167, 0.2197, 0.2206, 0.2250, 0.2231, 0.2246,
    0.2281, 0.2292, 0.2258, 0.2331, 0.2291, 0.2254, 0.2266, 0.2239, 0.2232, 0.2271,
    0.2286, 0.2310, 0.2286, 0.2248, 0.2254, 0.2260, 0.2219, 0.2281, 0.2285, 0.2228,
    0.2169, 0.2258, 0.2205, 0.2172, 0.2221, 0.2263, 0.2306, 0.2244, 0.2260, 0.2265,
    0.2279, 0.2276, 0.2272, 0.2308, 0.2305, 0.2207, 0.2286, 0.2275, 0.2245, 0.2248,
  ]

### eval/strong/avg_reward
  Total points: 46
  Min: -25.3413, Max: -4.1016, Mean: -7.0508
  Data: [
    -25.3413, -9.4591, -10.5335, -9.1943, -9.1471, -9.4214, -5.6574, -6.0575, -6.2805, -5.2776,
    -8.7018, -4.9428, -5.6271, -7.2683, -9.6946, -7.6362, -7.4867, -6.9599, -9.0596, -7.2713,
    -7.9545, -5.0485, -5.4067, -6.0858, -6.4725, -6.5087, -8.2328, -5.7345, -5.0824, -4.8104,
    -5.2157, -8.0769, -4.6698, -5.1669, -5.4951, -4.3348, -5.9256, -6.7320, -7.1107, -5.4224,
    -7.0165, -7.4658, -4.7616, -4.4009, -4.1016, -6.0852,
  ]

### eval/strong/loss_rate
  Total points: 46
  Min: 0.3500, Max: 0.6800, Mean: 0.4737
  Data: [
    0.3700, 0.4300, 0.3500, 0.5600, 0.6400, 0.5800, 0.4500, 0.4800, 0.4500, 0.4300,
    0.6000, 0.4300, 0.4600, 0.4800, 0.6800, 0.5200, 0.4900, 0.4300, 0.5600, 0.4800,
    0.5500, 0.4800, 0.3600, 0.4700, 0.5000, 0.5200, 0.4800, 0.4200, 0.4300, 0.5000,
    0.3900, 0.5400, 0.4500, 0.4600, 0.4800, 0.3900, 0.4900, 0.5300, 0.4400, 0.4000,
    0.4700, 0.5100, 0.3800, 0.4500, 0.4400, 0.3900,
  ]

### eval/strong/losses
  Total points: 46
  Min: 35.0000, Max: 68.0000, Mean: 47.3696
  Data: [
    37.0000, 43.0000, 35.0000, 56.0000, 64.0000, 58.0000, 45.0000, 48.0000, 45.0000, 43.0000,
    60.0000, 43.0000, 46.0000, 48.0000, 68.0000, 52.0000, 49.0000, 43.0000, 56.0000, 48.0000,
    55.0000, 48.0000, 36.0000, 47.0000, 50.0000, 52.0000, 48.0000, 42.0000, 43.0000, 50.0000,
    39.0000, 54.0000, 45.0000, 46.0000, 48.0000, 39.0000, 49.0000, 53.0000, 44.0000, 40.0000,
    47.0000, 51.0000, 38.0000, 45.0000, 44.0000, 39.0000,
  ]

### eval/strong/tie_rate
  Total points: 46
  Min: 0.1500, Max: 0.5800, Mean: 0.3039
  Data: [
    0.5800, 0.4000, 0.5000, 0.3000, 0.2300, 0.3200, 0.2900, 0.2300, 0.3300, 0.3200,
    0.2600, 0.2700, 0.2800, 0.3700, 0.2000, 0.3200, 0.3800, 0.4700, 0.3300, 0.3800,
    0.3200, 0.2200, 0.3800, 0.3300, 0.2300, 0.1800, 0.3100, 0.3500, 0.3400, 0.1500,
    0.3600, 0.2800, 0.2100, 0.2300, 0.1900, 0.2400, 0.2200, 0.2300, 0.3900, 0.2800,
    0.3100, 0.3100, 0.3500, 0.2400, 0.2300, 0.3400,
  ]

### eval/strong/ties
  Total points: 46
  Min: 15.0000, Max: 58.0000, Mean: 30.3913
  Data: [
    58.0000, 40.0000, 50.0000, 30.0000, 23.0000, 32.0000, 29.0000, 23.0000, 33.0000, 32.0000,
    26.0000, 27.0000, 28.0000, 37.0000, 20.0000, 32.0000, 38.0000, 47.0000, 33.0000, 38.0000,
    32.0000, 22.0000, 38.0000, 33.0000, 23.0000, 18.0000, 31.0000, 35.0000, 34.0000, 15.0000,
    36.0000, 28.0000, 21.0000, 23.0000, 19.0000, 24.0000, 22.0000, 23.0000, 39.0000, 28.0000,
    31.0000, 31.0000, 35.0000, 24.0000, 23.0000, 34.0000,
  ]

### eval/strong/win_rate
  Total points: 46
  Min: 0.0500, Max: 0.3700, Mean: 0.2224
  Data: [
    0.0500, 0.1700, 0.1500, 0.1400, 0.1300, 0.1000, 0.2600, 0.2900, 0.2200, 0.2500,
    0.1400, 0.3000, 0.2600, 0.1500, 0.1200, 0.1600, 0.1300, 0.1000, 0.1100, 0.1400,
    0.1300, 0.3000, 0.2600, 0.2000, 0.2700, 0.3000, 0.2100, 0.2300, 0.2300, 0.3500,
    0.2500, 0.1800, 0.3400, 0.3100, 0.3300, 0.3700, 0.2900, 0.2400, 0.1700, 0.3200,
    0.2200, 0.1800, 0.2700, 0.3100, 0.3300, 0.2700,
  ]

### eval/strong/win_rate_decisive
  Total points: 46
  Min: 0.1190, Max: 0.4868, Mean: 0.3146
  Data: [
    0.1190, 0.2833, 0.3000, 0.2000, 0.1688, 0.1471, 0.3662, 0.3766, 0.3284, 0.3676,
    0.1892, 0.4110, 0.3611, 0.2381, 0.1500, 0.2353, 0.2097, 0.1887, 0.1642, 0.2258,
    0.1912, 0.3846, 0.4194, 0.2985, 0.3506, 0.3659, 0.3043, 0.3538, 0.3485, 0.4118,
    0.3906, 0.2500, 0.4304, 0.4026, 0.4074, 0.4868, 0.3718, 0.3117, 0.2787, 0.4444,
    0.3188, 0.2609, 0.4154, 0.4079, 0.4286, 0.4091,
  ]

### eval/strong/wins
  Total points: 46
  Min: 5.0000, Max: 37.0000, Mean: 22.2391
  Data: [
    5.0000, 17.0000, 15.0000, 14.0000, 13.0000, 10.0000, 26.0000, 29.0000, 22.0000, 25.0000,
    14.0000, 30.0000, 26.0000, 15.0000, 12.0000, 16.0000, 13.0000, 10.0000, 11.0000, 14.0000,
    13.0000, 30.0000, 26.0000, 20.0000, 27.0000, 30.0000, 21.0000, 23.0000, 23.0000, 35.0000,
    25.0000, 18.0000, 34.0000, 31.0000, 33.0000, 37.0000, 29.0000, 24.0000, 17.0000, 32.0000,
    22.0000, 18.0000, 27.0000, 31.0000, 33.0000, 27.0000,
  ]

### eval/weak/avg_reward
  Total points: 46
  Min: -25.1655, Max: 0.9134, Mean: -4.2649
  Data: [
    -25.1655, -8.3404, -9.1389, -5.0162, -5.2994, -5.3266, -3.7692, -1.1769, -3.4490, -1.2085,
    -2.5553, -5.0495, -2.9330, -1.1970, -3.7730, -5.0917, -4.3436, -2.7109, -5.9198, -5.4971,
    -6.0905, -2.1348, -3.2988, -3.7696, -5.1784, -5.5934, -6.8093, -3.8492, -1.2452, -2.4458,
    -2.8754, -4.1000, -4.7743, -5.1952, -3.0717, -3.5621, -2.0567, -1.5432, -1.9102, -4.4218,
    -4.4204, -4.1560, -3.3264, 0.9134, -2.3372, -1.9721,
  ]

### eval/weak/loss_rate
  Total points: 46
  Min: 0.2000, Max: 0.5700, Mean: 0.3987
  Data: [
    0.4000, 0.4700, 0.3700, 0.4100, 0.4800, 0.5200, 0.4300, 0.2600, 0.3100, 0.2300,
    0.4100, 0.4900, 0.3600, 0.2000, 0.4300, 0.5500, 0.4100, 0.2600, 0.4200, 0.4300,
    0.3900, 0.4600, 0.3900, 0.3700, 0.5600, 0.5400, 0.5400, 0.3800, 0.2400, 0.2700,
    0.3400, 0.4400, 0.4900, 0.5700, 0.3900, 0.4800, 0.3300, 0.2800, 0.3000, 0.4500,
    0.5200, 0.5200, 0.4700, 0.2000, 0.3100, 0.2700,
  ]

### eval/weak/losses
  Total points: 46
  Min: 20.0000, Max: 57.0000, Mean: 39.8696
  Data: [
    40.0000, 47.0000, 37.0000, 41.0000, 48.0000, 52.0000, 43.0000, 26.0000, 31.0000, 23.0000,
    41.0000, 49.0000, 36.0000, 20.0000, 43.0000, 55.0000, 41.0000, 26.0000, 42.0000, 43.0000,
    39.0000, 46.0000, 39.0000, 37.0000, 56.0000, 54.0000, 54.0000, 38.0000, 24.0000, 27.0000,
    34.0000, 44.0000, 49.0000, 57.0000, 39.0000, 48.0000, 33.0000, 28.0000, 30.0000, 45.0000,
    52.0000, 52.0000, 47.0000, 20.0000, 31.0000, 27.0000,
  ]

### eval/weak/tie_rate
  Total points: 46
  Min: 0.1400, Max: 0.5400, Mean: 0.3285
  Data: [
    0.5400, 0.3700, 0.5100, 0.3800, 0.3500, 0.2800, 0.3100, 0.3100, 0.4300, 0.4400,
    0.2600, 0.2500, 0.3600, 0.5400, 0.3500, 0.1900, 0.3900, 0.5400, 0.3700, 0.4300,
    0.4100, 0.1500, 0.3500, 0.3600, 0.1400, 0.2200, 0.3100, 0.3400, 0.4600, 0.4200,
    0.4000, 0.2900, 0.2200, 0.1700, 0.2400, 0.1400, 0.3200, 0.4000, 0.3500, 0.2800,
    0.1400, 0.1600, 0.1700, 0.2900, 0.3900, 0.3900,
  ]

### eval/weak/ties
  Total points: 46
  Min: 14.0000, Max: 54.0000, Mean: 32.8478
  Data: [
    54.0000, 37.0000, 51.0000, 38.0000, 35.0000, 28.0000, 31.0000, 31.0000, 43.0000, 44.0000,
    26.0000, 25.0000, 36.0000, 54.0000, 35.0000, 19.0000, 39.0000, 54.0000, 37.0000, 43.0000,
    41.0000, 15.0000, 35.0000, 36.0000, 14.0000, 22.0000, 31.0000, 34.0000, 46.0000, 42.0000,
    40.0000, 29.0000, 22.0000, 17.0000, 24.0000, 14.0000, 32.0000, 40.0000, 35.0000, 28.0000,
    14.0000, 16.0000, 17.0000, 29.0000, 39.0000, 39.0000,
  ]

### eval/weak/win_rate
  Total points: 46
  Min: 0.0600, Max: 0.5100, Mean: 0.2728
  Data: [
    0.0600, 0.1600, 0.1200, 0.2100, 0.1700, 0.2000, 0.2600, 0.4300, 0.2600, 0.3300,
    0.3300, 0.2600, 0.2800, 0.2600, 0.2200, 0.2600, 0.2000, 0.2000, 0.2100, 0.1400,
    0.2000, 0.3900, 0.2600, 0.2700, 0.3000, 0.2400, 0.1500, 0.2800, 0.3000, 0.3100,
    0.2600, 0.2700, 0.2900, 0.2600, 0.3700, 0.3800, 0.3500, 0.3200, 0.3500, 0.2700,
    0.3400, 0.3200, 0.3600, 0.5100, 0.3000, 0.3400,
  ]

### eval/weak/win_rate_decisive
  Total points: 46
  Min: 0.1304, Max: 0.7183, Mean: 0.4070
  Data: [
    0.1304, 0.2540, 0.2449, 0.3387, 0.2615, 0.2778, 0.3768, 0.6232, 0.4561, 0.5893,
    0.4459, 0.3467, 0.4375, 0.5652, 0.3385, 0.3210, 0.3279, 0.4348, 0.3333, 0.2456,
    0.3390, 0.4588, 0.4000, 0.4219, 0.3488, 0.3077, 0.2174, 0.4242, 0.5556, 0.5345,
    0.4333, 0.3803, 0.3718, 0.3133, 0.4868, 0.4419, 0.5147, 0.5333, 0.5385, 0.3750,
    0.3953, 0.3810, 0.4337, 0.7183, 0.4918, 0.5574,
  ]

### eval/weak/wins
  Total points: 46
  Min: 6.0000, Max: 51.0000, Mean: 27.2826
  Data: [
    6.0000, 16.0000, 12.0000, 21.0000, 17.0000, 20.0000, 26.0000, 43.0000, 26.0000, 33.0000,
    33.0000, 26.0000, 28.0000, 26.0000, 22.0000, 26.0000, 20.0000, 20.0000, 21.0000, 14.0000,
    20.0000, 39.0000, 26.0000, 27.0000, 30.0000, 24.0000, 15.0000, 28.0000, 30.0000, 31.0000,
    26.0000, 27.0000, 29.0000, 26.0000, 37.0000, 38.0000, 35.0000, 32.0000, 35.0000, 27.0000,
    34.0000, 32.0000, 36.0000, 51.0000, 30.0000, 34.0000,
  ]

### gradients/actor_grad_norm
  Total points: 100
  Min: 0.0000, Max: 0.1812, Mean: 0.0177
  Data: [
    0.0000, 0.0000, 0.0000, 0.0000, 0.0000, 0.0000, 0.0000, 0.0000, 0.0000, 0.0000,
    0.0000, 0.0000, 0.0000, 0.0000, 0.0000, 0.0000, 0.0000, 0.0000, 0.0000, 0.0000,
    0.0000, 0.0000, 0.0000, 0.0000, 0.0000, 0.0000, 0.0000, 0.0000, 0.0000, 0.0000,
    0.0000, 0.0000, 0.0000, 0.0000, 0.0000, 0.0000, 0.0000, 0.0423, 0.0218, 0.0315,
    0.0078, 0.0313, 0.0116, 0.0092, 0.1812, 0.0172, 0.0241, 0.0429, 0.0464, 0.0324,
    0.0355, 0.0386, 0.0366, 0.0105, 0.0140, 0.0256, 0.0335, 0.0144, 0.0484, 0.0102,
    0.0262, 0.0129, 0.0254, 0.0724, 0.0173, 0.0039, 0.0030, 0.0194, 0.0215, 0.0168,
    0.0089, 0.0364, 0.0015, 0.0142, 0.0071, 0.0103, 0.0459, 0.0519, 0.0063, 0.0113,
    0.0081, 0.0452, 0.0137, 0.0054, 0.0105, 0.0041, 0.0238, 0.0991, 0.0191, 0.0106,
    0.0091, 0.0344, 0.0166, 0.0301, 0.0117, 0.0507, 0.0458, 0.0915, 0.0568, 0.0039,
  ]

### gradients/critic_grad_norm
  Total points: 100
  Min: 0.0000, Max: 2.0199, Mean: 0.5002
  Data: [
    0.0000, 0.0000, 0.0000, 0.0000, 0.0000, 0.0000, 0.0000, 0.0000, 0.0000, 0.0000,
    0.0000, 0.0000, 0.0000, 0.0000, 0.0000, 0.0000, 0.0000, 0.0000, 0.0000, 0.0000,
    0.0000, 0.0000, 0.0000, 0.0000, 0.0000, 0.0000, 0.0000, 0.0000, 0.0000, 0.0000,
    0.0000, 0.0000, 0.0000, 0.0000, 0.0000, 0.0000, 0.0612, 0.6223, 0.6601, 0.4917,
    0.4328, 0.4766, 0.4711, 0.5369, 0.6078, 0.7493, 0.4627, 0.5898, 0.4965, 0.7990,
    0.5402, 1.0032, 0.7420, 0.7429, 0.7549, 0.3387, 0.6625, 0.6450, 0.6887, 0.6436,
    0.6843, 0.4722, 0.5968, 0.6117, 0.5605, 1.1575, 1.1279, 0.9231, 1.1000, 0.5414,
    0.6343, 1.0505, 0.9492, 0.7861, 0.9333, 0.6302, 1.1272, 0.9814, 0.7950, 1.7021,
    1.2858, 0.7271, 0.7786, 0.5740, 0.5755, 1.0257, 1.0930, 0.7538, 1.1966, 2.0199,
    0.9985, 0.7513, 0.7598, 1.1165, 0.5115, 0.4833, 0.9240, 0.8760, 1.1101, 0.8779,
  ]

### hacking/pbrs_to_sparse_ratio
  Total points: 100
  Min: 0.0237, Max: 1.5259, Mean: 0.2166
  Data: [
    0.0755, 0.0327, 0.1212, 0.0283, 0.0307, 0.1277, 0.0631, 0.1098, 0.1006, 0.0278,
    0.0337, 0.0442, 0.0409, 0.0369, 0.0452, 0.0290, 0.0276, 0.0802, 0.1577, 0.0346,
    0.0274, 0.0717, 0.0284, 0.0333, 0.0539, 0.0350, 0.1802, 0.0305, 0.6276, 0.1521,
    0.0353, 0.0523, 0.8121, 0.0237, 0.0316, 0.0266, 0.0394, 0.3408, 0.0847, 0.0910,
    0.1529, 0.0837, 0.2753, 0.7467, 0.4256, 0.1114, 0.1000, 0.3468, 0.0471, 0.1680,
    0.5286, 1.3092, 0.2256, 0.5500, 0.5524, 0.0955, 1.2400, 0.0690, 0.1258, 0.1699,
    1.5259, 0.3946, 0.0637, 0.0913, 0.1532, 0.0508, 0.0364, 0.0537, 0.2480, 0.4683,
    0.0538, 0.4911, 1.4816, 0.0648, 0.0406, 0.0398, 0.0741, 0.3871, 0.1426, 0.2867,
    0.4352, 0.2314, 0.0477, 0.3987, 0.2497, 0.0900, 0.4940, 0.2374, 0.0425, 0.0500,
    0.1117, 0.5976, 0.0570, 0.0353, 0.1738, 0.0702, 0.1965, 0.1748, 0.1862, 0.2797,
  ]

### hacking/possession_hoarding_ratio
  Total points: 100
  Min: 0.0000, Max: 0.7168, Mean: 0.3840
  Data: [
    0.2027, 0.4031, 0.0857, 0.1364, 0.1110, 0.0000, 0.0750, 0.1414, 0.1457, 0.1229,
    0.2750, 0.0937, 0.1073, 0.2665, 0.2395, 0.2015, 0.0938, 0.2024, 0.0000, 0.2714,
    0.1058, 0.1181, 0.0714, 0.0929, 0.0800, 0.1167, 0.0000, 0.0929, 0.1654, 0.0929,
    0.2111, 0.1327, 0.1429, 0.0000, 0.1881, 0.1742, 0.0357, 0.2982, 0.2849, 0.3350,
    0.4136, 0.4732, 0.4788, 0.5570, 0.4726, 0.7168, 0.4839, 0.5432, 0.5798, 0.5719,
    0.6274, 0.6678, 0.6499, 0.5264, 0.6514, 0.4071, 0.5121, 0.5287, 0.4714, 0.4353,
    0.5799, 0.6171, 0.5833, 0.5800, 0.4179, 0.5155, 0.4262, 0.5417, 0.5792, 0.5762,
    0.4671, 0.4571, 0.4786, 0.6521, 0.5952, 0.5857, 0.5257, 0.6571, 0.4715, 0.6173,
    0.6486, 0.4452, 0.7076, 0.5806, 0.5204, 0.6536, 0.5750, 0.6000, 0.4869, 0.5286,
    0.5571, 0.5519, 0.5472, 0.2750, 0.5551, 0.6461, 0.1974, 0.5792, 0.6298, 0.5107,
  ]

### hacking/possession_no_shoot_count
  Total points: 100
  Min: 0.0000, Max: 24.9000, Mean: 9.6960
  Data: [
    2.9000, 4.8000, 1.2000, 0.5000, 1.7000, 0.0000, 0.2000, 1.1000, 1.8000, 1.6000,
    1.9000, 1.4000, 1.0000, 4.3000, 2.6000, 2.8000, 1.6000, 2.1000, 0.0000, 3.0000,
    1.2000, 1.9000, 0.5000, 0.8000, 0.4000, 1.5000, 0.0000, 1.3000, 1.4000, 1.3000,
    1.1000, 1.0000, 2.6000, 0.0000, 0.9000, 2.0000, 0.5000, 7.4000, 5.9000, 10.3000,
    15.7000, 13.6000, 14.7000, 16.4000, 16.3000, 17.8000, 14.6000, 19.3000, 15.2000, 16.5000,
    21.0000, 20.1000, 20.2000, 14.4000, 21.3000, 8.1000, 13.3000, 16.6000, 12.5000, 15.1000,
    8.0000, 10.3000, 8.0000, 17.2000, 13.1000, 11.6000, 9.8000, 14.9000, 17.6000, 20.3000,
    13.4000, 14.2000, 7.5000, 16.0000, 12.8000, 14.5000, 20.0000, 15.9000, 19.4000, 19.2000,
    24.9000, 11.3000, 15.9000, 11.9000, 16.6000, 12.3000, 9.5000, 9.4000, 12.9000, 10.3000,
    12.2000, 15.9000, 14.8000, 4.5000, 20.5000, 19.3000, 7.9000, 17.6000, 18.7000, 18.3000,
  ]

### losses/actor_loss
  Total points: 100
  Min: 0.0000, Max: 4.3826, Mean: 2.5164
  Data: [
    0.0000, 0.0000, 0.0000, 0.0000, 0.0000, 0.0000, 0.0000, 0.0000, 0.0000, 0.0000,
    0.0000, 0.0000, 0.0000, 0.0000, 0.0000, 0.0000, 0.0000, 0.0000, 0.0000, 0.0000,
    0.0000, 0.0000, 0.0000, 0.0000, 0.0000, 0.0000, 0.0000, 0.0000, 0.0000, 0.0000,
    0.0000, 0.0000, 0.0000, 0.0000, 0.0000, 0.0000, 0.1094, 1.6385, 2.6419, 3.4305,
    3.9877, 4.0921, 4.2629, 4.2411, 4.2387, 4.2854, 4.2450, 4.3196, 4.3826, 4.2337,
    4.1926, 4.0926, 4.2040, 4.1932, 4.1501, 4.1155, 4.0522, 4.0904, 4.1281, 4.1122,
    4.0139, 4.0411, 4.0358, 3.9388, 4.1328, 4.1079, 4.0216, 4.0163, 3.9458, 3.9612,
    3.9346, 3.9486, 3.9175, 3.9449, 4.0083, 4.0320, 3.9970, 3.9777, 4.0388, 4.0223,
    4.0692, 3.9760, 4.0255, 4.0550, 4.0528, 3.8846, 3.9854, 3.9361, 3.9952, 4.0199,
    3.9446, 3.9885, 3.8972, 4.0354, 3.9218, 4.0573, 4.0142, 4.0947, 4.1123, 4.0963,
  ]

### losses/critic_loss
  Total points: 100
  Min: 0.0000, Max: 0.0710, Mean: 0.0272
  Data: [
    0.0000, 0.0000, 0.0000, 0.0000, 0.0000, 0.0000, 0.0000, 0.0000, 0.0000, 0.0000,
    0.0000, 0.0000, 0.0000, 0.0000, 0.0000, 0.0000, 0.0000, 0.0000, 0.0000, 0.0000,
    0.0000, 0.0000, 0.0000, 0.0000, 0.0000, 0.0000, 0.0000, 0.0000, 0.0000, 0.0000,
    0.0000, 0.0000, 0.0000, 0.0000, 0.0000, 0.0000, 0.0197, 0.0486, 0.0366, 0.0385,
    0.0285, 0.0482, 0.0468, 0.0234, 0.0251, 0.0453, 0.0221, 0.0533, 0.0200, 0.0296,
    0.0288, 0.0404, 0.0473, 0.0375, 0.0318, 0.0288, 0.0437, 0.0475, 0.0305, 0.0375,
    0.0366, 0.0440, 0.0256, 0.0435, 0.0244, 0.0431, 0.0593, 0.0401, 0.0303, 0.0447,
    0.0293, 0.0474, 0.0675, 0.0653, 0.0588, 0.0580, 0.0301, 0.0579, 0.0351, 0.0409,
    0.0463, 0.0573, 0.0330, 0.0554, 0.0465, 0.0499, 0.0494, 0.0710, 0.0529, 0.0416,
    0.0530, 0.0356, 0.0630, 0.0296, 0.0466, 0.0299, 0.0535, 0.0545, 0.0442, 0.0628,
  ]

### pbrs/annealing_weight
  Total points: 100
  Min: 1.0000, Max: 1.0000, Mean: 1.0000
  Data: [
    1.0000, 1.0000, 1.0000, 1.0000, 1.0000, 1.0000, 1.0000, 1.0000, 1.0000, 1.0000,
    1.0000, 1.0000, 1.0000, 1.0000, 1.0000, 1.0000, 1.0000, 1.0000, 1.0000, 1.0000,
    1.0000, 1.0000, 1.0000, 1.0000, 1.0000, 1.0000, 1.0000, 1.0000, 1.0000, 1.0000,
    1.0000, 1.0000, 1.0000, 1.0000, 1.0000, 1.0000, 1.0000, 1.0000, 1.0000, 1.0000,
    1.0000, 1.0000, 1.0000, 1.0000, 1.0000, 1.0000, 1.0000, 1.0000, 1.0000, 1.0000,
    1.0000, 1.0000, 1.0000, 1.0000, 1.0000, 1.0000, 1.0000, 1.0000, 1.0000, 1.0000,
    1.0000, 1.0000, 1.0000, 1.0000, 1.0000, 1.0000, 1.0000, 1.0000, 1.0000, 1.0000,
    1.0000, 1.0000, 1.0000, 1.0000, 1.0000, 1.0000, 1.0000, 1.0000, 1.0000, 1.0000,
    1.0000, 1.0000, 1.0000, 1.0000, 1.0000, 1.0000, 1.0000, 1.0000, 1.0000, 1.0000,
    1.0000, 1.0000, 1.0000, 1.0000, 1.0000, 1.0000, 1.0000, 1.0000, 1.0000, 1.0000,
  ]

### pbrs/avg_per_episode
  Total points: 100
  Min: 0.4999, Max: 0.5827, Mean: 0.5404
  Data: [
    0.5765, 0.5752, 0.5827, 0.5800, 0.5755, 0.5785, 0.5780, 0.5791, 0.5807, 0.5811,
    0.5816, 0.5795, 0.5785, 0.5770, 0.5769, 0.5758, 0.5754, 0.5747, 0.5767, 0.5765,
    0.5767, 0.5758, 0.5746, 0.5739, 0.5733, 0.5716, 0.5710, 0.5705, 0.5706, 0.5707,
    0.5711, 0.5706, 0.5694, 0.5694, 0.5701, 0.5697, 0.5694, 0.5666, 0.5623, 0.5572,
    0.5533, 0.5518, 0.5494, 0.5470, 0.5439, 0.5414, 0.5393, 0.5378, 0.5356, 0.5337,
    0.5334, 0.5322, 0.5309, 0.5296, 0.5287, 0.5274, 0.5263, 0.5252, 0.5244, 0.5239,
    0.5225, 0.5218, 0.5209, 0.5196, 0.5181, 0.5172, 0.5158, 0.5148, 0.5141, 0.5138,
    0.5131, 0.5123, 0.5119, 0.5111, 0.5106, 0.5100, 0.5098, 0.5097, 0.5091, 0.5085,
    0.5082, 0.5076, 0.5073, 0.5071, 0.5067, 0.5060, 0.5056, 0.5048, 0.5044, 0.5040,
    0.5034, 0.5026, 0.5022, 0.5016, 0.5013, 0.5010, 0.5005, 0.5003, 0.5002, 0.4999,
  ]

### performance/cumulative_win_rate
  Total points: 100
  Min: 0.0738, Max: 0.2243, Mean: 0.1409
  Data: [
    0.1400, 0.1100, 0.0933, 0.1050, 0.0960, 0.0833, 0.0771, 0.0825, 0.0822, 0.0840,
    0.0764, 0.0750, 0.0738, 0.0786, 0.0800, 0.0750, 0.0741, 0.0767, 0.0768, 0.0780,
    0.0790, 0.0791, 0.0757, 0.0775, 0.0768, 0.0785, 0.0785, 0.0779, 0.0766, 0.0767,
    0.0755, 0.0762, 0.0788, 0.0788, 0.0778, 0.0784, 0.0800, 0.0810, 0.0850, 0.0926,
    0.0983, 0.1016, 0.1063, 0.1143, 0.1229, 0.1298, 0.1319, 0.1361, 0.1419, 0.1474,
    0.1485, 0.1506, 0.1511, 0.1519, 0.1538, 0.1553, 0.1585, 0.1598, 0.1602, 0.1622,
    0.1675, 0.1694, 0.1730, 0.1747, 0.1772, 0.1806, 0.1829, 0.1873, 0.1894, 0.1897,
    0.1906, 0.1930, 0.1940, 0.1949, 0.1951, 0.1948, 0.1974, 0.1989, 0.2000, 0.2023,
    0.2032, 0.2035, 0.2046, 0.2064, 0.2072, 0.2084, 0.2090, 0.2111, 0.2113, 0.2117,
    0.2120, 0.2140, 0.2147, 0.2154, 0.2159, 0.2186, 0.2206, 0.2217, 0.2226, 0.2243,
  ]

### performance/losses
  Total points: 100
  Min: 19.0000, Max: 2694.0000, Mean: 1372.9100
  Data: [
    19.0000, 39.0000, 58.0000, 77.0000, 103.0000, 127.0000, 150.0000, 165.0000, 181.0000, 206.0000,
    227.0000, 245.0000, 266.0000, 288.0000, 309.0000, 339.0000, 364.0000, 388.0000, 404.0000, 423.0000,
    443.0000, 470.0000, 496.0000, 521.0000, 548.0000, 574.0000, 598.0000, 623.0000, 643.0000, 665.0000,
    690.0000, 711.0000, 735.0000, 758.0000, 798.0000, 841.0000, 883.0000, 939.0000, 996.0000, 1051.0000,
    1098.0000, 1116.0000, 1153.0000, 1179.0000, 1215.0000, 1252.0000, 1293.0000, 1325.0000, 1363.0000, 1397.0000,
    1408.0000, 1427.0000, 1460.0000, 1498.0000, 1524.0000, 1577.0000, 1609.0000, 1648.0000, 1686.0000, 1703.0000,
    1727.0000, 1762.0000, 1800.0000, 1856.0000, 1902.0000, 1945.0000, 1981.0000, 2014.0000, 2028.0000, 2048.0000,
    2074.0000, 2089.0000, 2105.0000, 2134.0000, 2161.0000, 2198.0000, 2213.0000, 2230.0000, 2253.0000, 2272.0000,
    2294.0000, 2321.0000, 2342.0000, 2357.0000, 2379.0000, 2403.0000, 2431.0000, 2455.0000, 2484.0000, 2513.0000,
    2543.0000, 2560.0000, 2583.0000, 2604.0000, 2619.0000, 2631.0000, 2647.0000, 2666.0000, 2681.0000, 2694.0000,
  ]

### performance/ties
  Total points: 100
  Min: 24.0000, Max: 2387.0000, Mean: 1344.3900
  Data: [
    24.0000, 50.0000, 78.0000, 102.0000, 123.0000, 148.0000, 173.0000, 202.0000, 232.0000, 252.0000,
    281.0000, 310.0000, 336.0000, 357.0000, 381.0000, 401.0000, 423.0000, 443.0000, 473.0000, 499.0000,
    524.0000, 543.0000, 567.0000, 586.0000, 606.0000, 624.0000, 646.0000, 668.0000, 696.0000, 720.0000,
    743.0000, 767.0000, 785.0000, 808.0000, 862.0000, 910.0000, 957.0000, 991.0000, 1017.0000, 1036.0000,
    1066.0000, 1085.0000, 1126.0000, 1168.0000, 1197.0000, 1228.0000, 1268.0000, 1310.0000, 1340.0000, 1374.0000,
    1402.0000, 1461.0000, 1511.0000, 1555.0000, 1607.0000, 1633.0000, 1673.0000, 1713.0000, 1757.0000, 1774.0000,
    1811.0000, 1851.0000, 1880.0000, 1899.0000, 1924.0000, 1947.0000, 1982.0000, 2009.0000, 2025.0000, 2044.0000,
    2054.0000, 2067.0000, 2086.0000, 2093.0000, 2105.0000, 2110.0000, 2121.0000, 2136.0000, 2147.0000, 2155.0000,
    2168.0000, 2179.0000, 2192.0000, 2206.0000, 2219.0000, 2228.0000, 2236.0000, 2239.0000, 2248.0000, 2256.0000,
    2264.0000, 2274.0000, 2286.0000, 2300.0000, 2321.0000, 2331.0000, 2341.0000, 2354.0000, 2372.0000, 2387.0000,
  ]

### performance/wins
  Total points: 100
  Min: 7.0000, Max: 1469.0000, Mean: 574.2000
  Data: [
    7.0000, 11.0000, 14.0000, 21.0000, 24.0000, 25.0000, 27.0000, 33.0000, 37.0000, 42.0000,
    42.0000, 45.0000, 48.0000, 55.0000, 60.0000, 60.0000, 63.0000, 69.0000, 73.0000, 78.0000,
    83.0000, 87.0000, 87.0000, 93.0000, 96.0000, 102.0000, 106.0000, 109.0000, 111.0000, 115.0000,
    117.0000, 122.0000, 130.0000, 134.0000, 140.0000, 149.0000, 160.0000, 170.0000, 187.0000, 213.0000,
    236.0000, 249.0000, 271.0000, 303.0000, 338.0000, 370.0000, 389.0000, 415.0000, 447.0000, 479.0000,
    490.0000, 512.0000, 529.0000, 547.0000, 569.0000, 590.0000, 618.0000, 639.0000, 657.0000, 673.0000,
    712.0000, 737.0000, 770.0000, 795.0000, 824.0000, 858.0000, 887.0000, 927.0000, 947.0000, 958.0000,
    972.0000, 994.0000, 1009.0000, 1023.0000, 1034.0000, 1042.0000, 1066.0000, 1084.0000, 1100.0000, 1123.0000,
    1138.0000, 1150.0000, 1166.0000, 1187.0000, 1202.0000, 1219.0000, 1233.0000, 1256.0000, 1268.0000, 1281.0000,
    1293.0000, 1316.0000, 1331.0000, 1346.0000, 1360.0000, 1388.0000, 1412.0000, 1430.0000, 1447.0000, 1469.0000,
  ]

### rewards/p1
  Total points: 100
  Min: -24.3126, Max: 5.0884, Mean: -8.7820
  Data: [
    -12.3651, -17.1639, -19.3053, -20.7083, -20.0265, -24.3126, -19.4046, -20.3280, -19.9429, -21.1461,
    -20.9066, -19.1004, -18.8686, -18.6727, -15.2888, -22.4531, -21.3072, -15.6251, -22.4636, -18.7282,
    -22.4178, -13.2818, -21.4581, -16.5996, -15.1069, -19.8840, -17.2555, -21.3924, -19.9397, -19.1083,
    -17.8601, -18.7441, -12.2045, -24.1853, -20.8335, -23.2304, -12.9062, -3.2361, -10.5774, -8.7677,
    1.0198, -5.4933, 0.7815, 0.2014, -7.0079, -1.3577, -5.9426, -3.5144, -2.3735, -2.5459,
    -1.6830, -2.2328, -5.6318, 0.3730, -1.4004, -6.1809, -1.6214, -10.2634, -9.0161, -1.5067,
    -0.4235, -2.3916, -0.7896, -7.3692, -4.7761, -3.1924, -7.5303, -5.3038, -3.0045, -2.3124,
    -3.5391, -2.1841, -4.9063, -3.0028, -4.7968, -8.0833, -0.2631, -2.3916, -3.9565, 0.0678,
    1.4501, -0.6205, -3.0570, -0.0622, -1.7086, 0.3440, -4.9741, -1.6079, -2.5233, -3.7752,
    -1.5041, 2.1803, -3.0033, -3.2532, -0.4840, -1.4770, -2.1071, 4.0438, 5.0884, 1.4984,
  ]

### rewards/p2
  Total points: 100
  Min: -4.6510, Max: 24.9035, Mean: 9.2831
  Data: [
    12.8897, 17.7521, 19.9609, 21.2436, 20.6104, 24.9035, 19.9561, 20.9653, 20.5268, 21.6901,
    21.5172, 19.7294, 19.4714, 19.2808, 15.8766, 23.0312, 21.8429, 16.1562, 23.0770, 19.3375,
    23.0055, 13.7809, 21.9967, 17.1333, 15.6532, 20.4233, 17.7526, 21.9382, 20.5193, 19.6681,
    18.4559, 19.3232, 12.7817, 24.6864, 21.3889, 23.7841, 13.4080, 3.6864, 11.0218, 9.2336,
    -0.6134, 5.9892, -0.2869, 0.2680, 7.5095, 1.7989, 6.4441, 4.0534, 2.8096, 2.9759,
    2.1917, 2.7240, 6.1383, 0.0678, 1.9178, 6.6314, 2.1150, 10.7413, 9.5123, 1.9957,
    0.8825, 2.8584, 1.2442, 7.8478, 5.2407, 3.7122, 7.9618, 5.7794, 3.5025, 2.7885,
    3.9287, 2.6271, 5.4142, 3.4431, 5.2267, 8.5774, 0.7718, 2.8837, 4.4250, 0.3884,
    -0.9885, 1.0152, 3.5293, 0.4920, 2.1749, 0.0435, 5.4712, 2.0397, 2.9860, 4.1955,
    1.9152, -1.7215, 3.4478, 3.6451, 0.9343, 1.9234, 2.5075, -3.5776, -4.6510, -1.0200,
  ]

### rewards/sparse_only
  Total points: 100
  Min: -24.9035, Max: 4.6510, Mean: -9.2831
  Data: [
    -12.8897, -17.7521, -19.9609, -21.2436, -20.6104, -24.9035, -19.9561, -20.9653, -20.5268, -21.6901,
    -21.5172, -19.7294, -19.4714, -19.2808, -15.8766, -23.0312, -21.8429, -16.1562, -23.0770, -19.3375,
    -23.0055, -13.7809, -21.9967, -17.1333, -15.6532, -20.4233, -17.7526, -21.9382, -20.5193, -19.6681,
    -18.4559, -19.3232, -12.7817, -24.6864, -21.3889, -23.7841, -13.4080, -3.6864, -11.0218, -9.2336,
    0.6134, -5.9892, 0.2869, -0.2680, -7.5095, -1.7989, -6.4441, -4.0534, -2.8096, -2.9759,
    -2.1917, -2.7240, -6.1383, -0.0678, -1.9178, -6.6314, -2.1150, -10.7413, -9.5123, -1.9957,
    -0.8825, -2.8584, -1.2442, -7.8478, -5.2407, -3.7122, -7.9618, -5.7794, -3.5025, -2.7885,
    -3.9287, -2.6271, -5.4142, -3.4431, -5.2267, -8.5774, -0.7718, -2.8837, -4.4250, -0.3884,
    0.9885, -1.0152, -3.5293, -0.4920, -2.1749, -0.0435, -5.4712, -2.0397, -2.9860, -4.1955,
    -1.9152, 1.7215, -3.4478, -3.6451, -0.9343, -1.9234, -2.5075, 3.5776, 4.6510, 1.0200,
  ]

### rewards/sparse_ratio
  Total points: 100
  Min: -5.7303, Max: 7.9068, Mean: 1.0705
  Data: [
    1.0424, 1.0343, 1.0340, 1.0259, 1.0292, 1.0243, 1.0284, 1.0314, 1.0293, 1.0257,
    1.0292, 1.0329, 1.0319, 1.0326, 1.0384, 1.0257, 1.0251, 1.0340, 1.0273, 1.0325,
    1.0262, 1.0376, 1.0251, 1.0322, 1.0362, 1.0271, 1.0288, 1.0255, 1.0291, 1.0293,
    1.0334, 1.0309, 1.0473, 1.0207, 1.0267, 1.0238, 1.0389, 1.1391, 1.0420, 1.0531,
    0.6015, 1.0903, 0.3671, -1.3304, 1.0716, 1.3250, 1.0844, 1.1534, 1.1837, 1.1689,
    1.3022, 1.2200, 1.0899, -0.1818, 1.3694, 1.0729, 1.3044, 1.0466, 1.0550, 1.3245,
    2.0840, 1.1952, 1.5756, 1.0649, 1.0973, 1.1628, 1.0573, 1.0897, 1.1657, 1.2059,
    1.1101, 1.2028, 1.1035, 1.1466, 1.0896, 1.0611, 2.9332, 1.2057, 1.1184, -5.7303,
    0.6817, 1.6361, 1.1545, 7.9068, 1.2729, -0.1266, 1.0999, 1.2685, 1.1834, 1.1113,
    1.2733, 0.7896, 1.1480, 1.1205, 1.9304, 1.3022, 1.1900, 0.8847, 0.9140, 0.6807,
  ]

### scoring/goals_conceded
  Total points: 100
  Min: 19.0000, Max: 2694.0000, Mean: 1372.9100
  Data: [
    19.0000, 39.0000, 58.0000, 77.0000, 103.0000, 127.0000, 150.0000, 165.0000, 181.0000, 206.0000,
    227.0000, 245.0000, 266.0000, 288.0000, 309.0000, 339.0000, 364.0000, 388.0000, 404.0000, 423.0000,
    443.0000, 470.0000, 496.0000, 521.0000, 548.0000, 574.0000, 598.0000, 623.0000, 643.0000, 665.0000,
    690.0000, 711.0000, 735.0000, 758.0000, 798.0000, 841.0000, 883.0000, 939.0000, 996.0000, 1051.0000,
    1098.0000, 1116.0000, 1153.0000, 1179.0000, 1215.0000, 1252.0000, 1293.0000, 1325.0000, 1363.0000, 1397.0000,
    1408.0000, 1427.0000, 1460.0000, 1498.0000, 1524.0000, 1577.0000, 1609.0000, 1648.0000, 1686.0000, 1703.0000,
    1727.0000, 1762.0000, 1800.0000, 1856.0000, 1902.0000, 1945.0000, 1981.0000, 2014.0000, 2028.0000, 2048.0000,
    2074.0000, 2089.0000, 2105.0000, 2134.0000, 2161.0000, 2198.0000, 2213.0000, 2230.0000, 2253.0000, 2272.0000,
    2294.0000, 2321.0000, 2342.0000, 2357.0000, 2379.0000, 2403.0000, 2431.0000, 2455.0000, 2484.0000, 2513.0000,
    2543.0000, 2560.0000, 2583.0000, 2604.0000, 2619.0000, 2631.0000, 2647.0000, 2666.0000, 2681.0000, 2694.0000,
  ]

### scoring/goals_scored
  Total points: 100
  Min: 7.0000, Max: 1469.0000, Mean: 574.2000
  Data: [
    7.0000, 11.0000, 14.0000, 21.0000, 24.0000, 25.0000, 27.0000, 33.0000, 37.0000, 42.0000,
    42.0000, 45.0000, 48.0000, 55.0000, 60.0000, 60.0000, 63.0000, 69.0000, 73.0000, 78.0000,
    83.0000, 87.0000, 87.0000, 93.0000, 96.0000, 102.0000, 106.0000, 109.0000, 111.0000, 115.0000,
    117.0000, 122.0000, 130.0000, 134.0000, 140.0000, 149.0000, 160.0000, 170.0000, 187.0000, 213.0000,
    236.0000, 249.0000, 271.0000, 303.0000, 338.0000, 370.0000, 389.0000, 415.0000, 447.0000, 479.0000,
    490.0000, 512.0000, 529.0000, 547.0000, 569.0000, 590.0000, 618.0000, 639.0000, 657.0000, 673.0000,
    712.0000, 737.0000, 770.0000, 795.0000, 824.0000, 858.0000, 887.0000, 927.0000, 947.0000, 958.0000,
    972.0000, 994.0000, 1009.0000, 1023.0000, 1034.0000, 1042.0000, 1066.0000, 1084.0000, 1100.0000, 1123.0000,
    1138.0000, 1150.0000, 1166.0000, 1187.0000, 1202.0000, 1219.0000, 1233.0000, 1256.0000, 1268.0000, 1281.0000,
    1293.0000, 1316.0000, 1331.0000, 1346.0000, 1360.0000, 1388.0000, 1412.0000, 1430.0000, 1447.0000, 1469.0000,
  ]

### selfplay/active
  Total points: 100
  Min: 0.0000, Max: 0.0000, Mean: 0.0000
  Data: [
    0.0000, 0.0000, 0.0000, 0.0000, 0.0000, 0.0000, 0.0000, 0.0000, 0.0000, 0.0000,
    0.0000, 0.0000, 0.0000, 0.0000, 0.0000, 0.0000, 0.0000, 0.0000, 0.0000, 0.0000,
    0.0000, 0.0000, 0.0000, 0.0000, 0.0000, 0.0000, 0.0000, 0.0000, 0.0000, 0.0000,
    0.0000, 0.0000, 0.0000, 0.0000, 0.0000, 0.0000, 0.0000, 0.0000, 0.0000, 0.0000,
    0.0000, 0.0000, 0.0000, 0.0000, 0.0000, 0.0000, 0.0000, 0.0000, 0.0000, 0.0000,
    0.0000, 0.0000, 0.0000, 0.0000, 0.0000, 0.0000, 0.0000, 0.0000, 0.0000, 0.0000,
    0.0000, 0.0000, 0.0000, 0.0000, 0.0000, 0.0000, 0.0000, 0.0000, 0.0000, 0.0000,
    0.0000, 0.0000, 0.0000, 0.0000, 0.0000, 0.0000, 0.0000, 0.0000, 0.0000, 0.0000,
    0.0000, 0.0000, 0.0000, 0.0000, 0.0000, 0.0000, 0.0000, 0.0000, 0.0000, 0.0000,
    0.0000, 0.0000, 0.0000, 0.0000, 0.0000, 0.0000, 0.0000, 0.0000, 0.0000, 0.0000,
  ]

### selfplay/episode_opponent_type_selfplay
  Total points: 100
  Min: 0.0000, Max: 0.0000, Mean: 0.0000
  Data: [
    0.0000, 0.0000, 0.0000, 0.0000, 0.0000, 0.0000, 0.0000, 0.0000, 0.0000, 0.0000,
    0.0000, 0.0000, 0.0000, 0.0000, 0.0000, 0.0000, 0.0000, 0.0000, 0.0000, 0.0000,
    0.0000, 0.0000, 0.0000, 0.0000, 0.0000, 0.0000, 0.0000, 0.0000, 0.0000, 0.0000,
    0.0000, 0.0000, 0.0000, 0.0000, 0.0000, 0.0000, 0.0000, 0.0000, 0.0000, 0.0000,
    0.0000, 0.0000, 0.0000, 0.0000, 0.0000, 0.0000, 0.0000, 0.0000, 0.0000, 0.0000,
    0.0000, 0.0000, 0.0000, 0.0000, 0.0000, 0.0000, 0.0000, 0.0000, 0.0000, 0.0000,
    0.0000, 0.0000, 0.0000, 0.0000, 0.0000, 0.0000, 0.0000, 0.0000, 0.0000, 0.0000,
    0.0000, 0.0000, 0.0000, 0.0000, 0.0000, 0.0000, 0.0000, 0.0000, 0.0000, 0.0000,
    0.0000, 0.0000, 0.0000, 0.0000, 0.0000, 0.0000, 0.0000, 0.0000, 0.0000, 0.0000,
    0.0000, 0.0000, 0.0000, 0.0000, 0.0000, 0.0000, 0.0000, 0.0000, 0.0000, 0.0000,
  ]

### selfplay/episode_opponent_type_strong
  Total points: 100
  Min: 0.0000, Max: 0.0000, Mean: 0.0000
  Data: [
    0.0000, 0.0000, 0.0000, 0.0000, 0.0000, 0.0000, 0.0000, 0.0000, 0.0000, 0.0000,
    0.0000, 0.0000, 0.0000, 0.0000, 0.0000, 0.0000, 0.0000, 0.0000, 0.0000, 0.0000,
    0.0000, 0.0000, 0.0000, 0.0000, 0.0000, 0.0000, 0.0000, 0.0000, 0.0000, 0.0000,
    0.0000, 0.0000, 0.0000, 0.0000, 0.0000, 0.0000, 0.0000, 0.0000, 0.0000, 0.0000,
    0.0000, 0.0000, 0.0000, 0.0000, 0.0000, 0.0000, 0.0000, 0.0000, 0.0000, 0.0000,
    0.0000, 0.0000, 0.0000, 0.0000, 0.0000, 0.0000, 0.0000, 0.0000, 0.0000, 0.0000,
    0.0000, 0.0000, 0.0000, 0.0000, 0.0000, 0.0000, 0.0000, 0.0000, 0.0000, 0.0000,
    0.0000, 0.0000, 0.0000, 0.0000, 0.0000, 0.0000, 0.0000, 0.0000, 0.0000, 0.0000,
    0.0000, 0.0000, 0.0000, 0.0000, 0.0000, 0.0000, 0.0000, 0.0000, 0.0000, 0.0000,
    0.0000, 0.0000, 0.0000, 0.0000, 0.0000, 0.0000, 0.0000, 0.0000, 0.0000, 0.0000,
  ]

### selfplay/episode_opponent_type_weak
  Total points: 100
  Min: 1.0000, Max: 1.0000, Mean: 1.0000
  Data: [
    1.0000, 1.0000, 1.0000, 1.0000, 1.0000, 1.0000, 1.0000, 1.0000, 1.0000, 1.0000,
    1.0000, 1.0000, 1.0000, 1.0000, 1.0000, 1.0000, 1.0000, 1.0000, 1.0000, 1.0000,
    1.0000, 1.0000, 1.0000, 1.0000, 1.0000, 1.0000, 1.0000, 1.0000, 1.0000, 1.0000,
    1.0000, 1.0000, 1.0000, 1.0000, 1.0000, 1.0000, 1.0000, 1.0000, 1.0000, 1.0000,
    1.0000, 1.0000, 1.0000, 1.0000, 1.0000, 1.0000, 1.0000, 1.0000, 1.0000, 1.0000,
    1.0000, 1.0000, 1.0000, 1.0000, 1.0000, 1.0000, 1.0000, 1.0000, 1.0000, 1.0000,
    1.0000, 1.0000, 1.0000, 1.0000, 1.0000, 1.0000, 1.0000, 1.0000, 1.0000, 1.0000,
    1.0000, 1.0000, 1.0000, 1.0000, 1.0000, 1.0000, 1.0000, 1.0000, 1.0000, 1.0000,
    1.0000, 1.0000, 1.0000, 1.0000, 1.0000, 1.0000, 1.0000, 1.0000, 1.0000, 1.0000,
    1.0000, 1.0000, 1.0000, 1.0000, 1.0000, 1.0000, 1.0000, 1.0000, 1.0000, 1.0000,
  ]

### selfplay/pool_size
  Total points: 100
  Min: 0.0000, Max: 0.0000, Mean: 0.0000
  Data: [
    0.0000, 0.0000, 0.0000, 0.0000, 0.0000, 0.0000, 0.0000, 0.0000, 0.0000, 0.0000,
    0.0000, 0.0000, 0.0000, 0.0000, 0.0000, 0.0000, 0.0000, 0.0000, 0.0000, 0.0000,
    0.0000, 0.0000, 0.0000, 0.0000, 0.0000, 0.0000, 0.0000, 0.0000, 0.0000, 0.0000,
    0.0000, 0.0000, 0.0000, 0.0000, 0.0000, 0.0000, 0.0000, 0.0000, 0.0000, 0.0000,
    0.0000, 0.0000, 0.0000, 0.0000, 0.0000, 0.0000, 0.0000, 0.0000, 0.0000, 0.0000,
    0.0000, 0.0000, 0.0000, 0.0000, 0.0000, 0.0000, 0.0000, 0.0000, 0.0000, 0.0000,
    0.0000, 0.0000, 0.0000, 0.0000, 0.0000, 0.0000, 0.0000, 0.0000, 0.0000, 0.0000,
    0.0000, 0.0000, 0.0000, 0.0000, 0.0000, 0.0000, 0.0000, 0.0000, 0.0000, 0.0000,
    0.0000, 0.0000, 0.0000, 0.0000, 0.0000, 0.0000, 0.0000, 0.0000, 0.0000, 0.0000,
    0.0000, 0.0000, 0.0000, 0.0000, 0.0000, 0.0000, 0.0000, 0.0000, 0.0000, 0.0000,
  ]

### selfplay/weak_ratio_target
  Total points: 100
  Min: 0.5000, Max: 0.5000, Mean: 0.5000
  Data: [
    0.5000, 0.5000, 0.5000, 0.5000, 0.5000, 0.5000, 0.5000, 0.5000, 0.5000, 0.5000,
    0.5000, 0.5000, 0.5000, 0.5000, 0.5000, 0.5000, 0.5000, 0.5000, 0.5000, 0.5000,
    0.5000, 0.5000, 0.5000, 0.5000, 0.5000, 0.5000, 0.5000, 0.5000, 0.5000, 0.5000,
    0.5000, 0.5000, 0.5000, 0.5000, 0.5000, 0.5000, 0.5000, 0.5000, 0.5000, 0.5000,
    0.5000, 0.5000, 0.5000, 0.5000, 0.5000, 0.5000, 0.5000, 0.5000, 0.5000, 0.5000,
    0.5000, 0.5000, 0.5000, 0.5000, 0.5000, 0.5000, 0.5000, 0.5000, 0.5000, 0.5000,
    0.5000, 0.5000, 0.5000, 0.5000, 0.5000, 0.5000, 0.5000, 0.5000, 0.5000, 0.5000,
    0.5000, 0.5000, 0.5000, 0.5000, 0.5000, 0.5000, 0.5000, 0.5000, 0.5000, 0.5000,
    0.5000, 0.5000, 0.5000, 0.5000, 0.5000, 0.5000, 0.5000, 0.5000, 0.5000, 0.5000,
    0.5000, 0.5000, 0.5000, 0.5000, 0.5000, 0.5000, 0.5000, 0.5000, 0.5000, 0.5000,
  ]

### training/avg_episode_length
  Total points: 100
  Min: 79.2000, Max: 221.0000, Mean: 150.4110
  Data: [
    145.5000, 183.9000, 221.0000, 148.6000, 171.7000, 190.6000, 170.6000, 203.0000, 182.5000, 149.6000,
    184.2000, 217.5000, 178.8000, 193.4000, 178.2000, 161.2000, 144.3000, 128.8000, 211.3000, 193.5000,
    167.4000, 126.5000, 160.9000, 142.6000, 153.8000, 155.8000, 144.3000, 139.6000, 179.7000, 165.8000,
    152.4000, 169.1000, 160.7000, 143.1000, 149.6000, 148.1000, 126.1000, 130.5000, 118.5000, 120.9000,
    103.0000, 173.1000, 185.6000, 159.6000, 178.6000, 150.4000, 199.4000, 197.3000, 114.8000, 157.1000,
    218.9000, 201.8000, 186.4000, 137.2000, 211.9000, 119.7000, 180.2000, 134.5000, 152.0000, 174.3000,
    137.6000, 147.2000, 111.3000, 147.0000, 141.1000, 152.8000, 92.9000, 126.0000, 154.6000, 169.3000,
    100.9000, 154.3000, 193.4000, 122.1000, 100.2000, 120.7000, 155.8000, 155.1000, 152.9000, 138.6000,
    156.4000, 113.6000, 120.2000, 109.8000, 155.4000, 84.7000, 142.6000, 108.3000, 103.7000, 103.1000,
    109.6000, 161.5000, 107.1000, 79.2000, 131.0000, 124.9000, 105.9000, 127.2000, 120.5000, 153.2000,
  ]

### training/calls_per_episode
  Total points: 100
  Min: 0.0000, Max: 0.0000, Mean: 0.0000
  Data: [
    0.0000, 0.0000, 0.0000, 0.0000, 0.0000, 0.0000, 0.0000, 0.0000, 0.0000, 0.0000,
    0.0000, 0.0000, 0.0000, 0.0000, 0.0000, 0.0000, 0.0000, 0.0000, 0.0000, 0.0000,
    0.0000, 0.0000, 0.0000, 0.0000, 0.0000, 0.0000, 0.0000, 0.0000, 0.0000, 0.0000,
    0.0000, 0.0000, 0.0000, 0.0000, 0.0000, 0.0000, 0.0000, 0.0000, 0.0000, 0.0000,
    0.0000, 0.0000, 0.0000, 0.0000, 0.0000, 0.0000, 0.0000, 0.0000, 0.0000, 0.0000,
    0.0000, 0.0000, 0.0000, 0.0000, 0.0000, 0.0000, 0.0000, 0.0000, 0.0000, 0.0000,
    0.0000, 0.0000, 0.0000, 0.0000, 0.0000, 0.0000, 0.0000, 0.0000, 0.0000, 0.0000,
    0.0000, 0.0000, 0.0000, 0.0000, 0.0000, 0.0000, 0.0000, 0.0000, 0.0000, 0.0000,
    0.0000, 0.0000, 0.0000, 0.0000, 0.0000, 0.0000, 0.0000, 0.0000, 0.0000, 0.0000,
    0.0000, 0.0000, 0.0000, 0.0000, 0.0000, 0.0000, 0.0000, 0.0000, 0.0000, 0.0000,
  ]

### training/episode
  Total points: 100
  Min: 50.0000, Max: 6550.0000, Mean: 3291.5000
  Data: [
    50.0000, 100.0000, 150.0000, 200.0000, 250.0000, 300.0000, 350.0000, 400.0000, 450.0000, 500.0000,
    550.0000, 600.0000, 650.0000, 700.0000, 750.0000, 800.0000, 850.0000, 900.0000, 950.0000, 1000.0000,
    1050.0000, 1100.0000, 1150.0000, 1200.0000, 1250.0000, 1300.0000, 1350.0000, 1400.0000, 1450.0000, 1500.0000,
    1550.0000, 1600.0000, 1650.0000, 1700.0000, 1800.0000, 1900.0000, 2000.0000, 2100.0000, 2200.0000, 2300.0000,
    2400.0000, 2450.0000, 2550.0000, 2650.0000, 2750.0000, 2850.0000, 2950.0000, 3050.0000, 3150.0000, 3250.0000,
    3300.0000, 3400.0000, 3500.0000, 3600.0000, 3700.0000, 3800.0000, 3900.0000, 4000.0000, 4100.0000, 4150.0000,
    4250.0000, 4350.0000, 4450.0000, 4550.0000, 4650.0000, 4750.0000, 4850.0000, 4950.0000, 5000.0000, 5050.0000,
    5100.0000, 5150.0000, 5200.0000, 5250.0000, 5300.0000, 5350.0000, 5400.0000, 5450.0000, 5500.0000, 5550.0000,
    5600.0000, 5650.0000, 5700.0000, 5750.0000, 5800.0000, 5850.0000, 5900.0000, 5950.0000, 6000.0000, 6050.0000,
    6100.0000, 6150.0000, 6200.0000, 6250.0000, 6300.0000, 6350.0000, 6400.0000, 6450.0000, 6500.0000, 6550.0000,
  ]

### training/eps_per_sec
  Total points: 100
  Min: 0.2032, Max: 7.0989, Mean: 2.3437
  Data: [
    4.5519, 5.8238, 5.2346, 6.0374, 6.2010, 5.6641, 5.8232, 5.4682, 5.4139, 6.0881,
    5.3957, 5.7670, 5.8376, 6.3397, 5.8814, 6.3974, 6.1009, 6.3073, 5.1810, 5.9128,
    5.7873, 6.4971, 6.2247, 6.5657, 6.2919, 7.0989, 6.3294, 6.4146, 5.7208, 5.9170,
    5.8514, 6.2918, 6.8917, 6.0743, 5.5635, 5.6823, 3.1256, 0.3132, 0.3177, 0.3236,
    0.3180, 0.2108, 0.2221, 0.2076, 0.2300, 0.2091, 0.2175, 0.2199, 0.2063, 0.2133,
    0.3095, 0.3169, 0.3113, 0.3096, 0.3143, 0.3187, 0.3278, 0.3188, 0.3083, 0.2146,
    0.2095, 0.2267, 0.2392, 0.2277, 0.2236, 0.2187, 0.2032, 0.2306, 0.3166, 0.2038,
    0.3246, 0.2343, 0.3123, 0.2296, 0.3228, 0.2128, 0.3225, 0.2102, 0.3293, 0.2211,
    0.3074, 0.2130, 0.3154, 0.2063, 0.3250, 0.2141, 0.3269, 0.2322, 0.3085, 0.2115,
    0.3250, 0.2143, 0.3313, 0.2114, 0.3210, 0.2311, 0.3192, 0.2091, 0.3032, 0.2158,
  ]

### training/epsilon
  Total points: 100
  Min: 0.0513, Max: 0.5000, Mean: 0.2892
  Data: [
    0.5000, 0.5000, 0.5000, 0.5000, 0.5000, 0.5000, 0.5000, 0.5000, 0.5000, 0.5000,
    0.5000, 0.5000, 0.5000, 0.5000, 0.5000, 0.5000, 0.5000, 0.5000, 0.5000, 0.5000,
    0.5000, 0.5000, 0.5000, 0.5000, 0.5000, 0.5000, 0.5000, 0.5000, 0.5000, 0.5000,
    0.5000, 0.5000, 0.5000, 0.5000, 0.5000, 0.5000, 0.4998, 0.4754, 0.4522, 0.4301,
    0.4091, 0.3990, 0.3796, 0.3611, 0.3434, 0.3267, 0.3108, 0.2956, 0.2812, 0.2675,
    0.2608, 0.2481, 0.2360, 0.2245, 0.2136, 0.2031, 0.1932, 0.1838, 0.1748, 0.1705,
    0.1622, 0.1543, 0.1468, 0.1396, 0.1328, 0.1263, 0.1202, 0.1143, 0.1115, 0.1087,
    0.1060, 0.1034, 0.1009, 0.0984, 0.0959, 0.0936, 0.0913, 0.0890, 0.0868, 0.0847,
    0.0826, 0.0805, 0.0785, 0.0766, 0.0747, 0.0729, 0.0711, 0.0693, 0.0676, 0.0659,
    0.0643, 0.0627, 0.0612, 0.0597, 0.0582, 0.0567, 0.0553, 0.0540, 0.0526, 0.0513,
  ]

### training/pbrs_enabled
  Total points: 100
  Min: 1.0000, Max: 1.0000, Mean: 1.0000
  Data: [
    1.0000, 1.0000, 1.0000, 1.0000, 1.0000, 1.0000, 1.0000, 1.0000, 1.0000, 1.0000,
    1.0000, 1.0000, 1.0000, 1.0000, 1.0000, 1.0000, 1.0000, 1.0000, 1.0000, 1.0000,
    1.0000, 1.0000, 1.0000, 1.0000, 1.0000, 1.0000, 1.0000, 1.0000, 1.0000, 1.0000,
    1.0000, 1.0000, 1.0000, 1.0000, 1.0000, 1.0000, 1.0000, 1.0000, 1.0000, 1.0000,
    1.0000, 1.0000, 1.0000, 1.0000, 1.0000, 1.0000, 1.0000, 1.0000, 1.0000, 1.0000,
    1.0000, 1.0000, 1.0000, 1.0000, 1.0000, 1.0000, 1.0000, 1.0000, 1.0000, 1.0000,
    1.0000, 1.0000, 1.0000, 1.0000, 1.0000, 1.0000, 1.0000, 1.0000, 1.0000, 1.0000,
    1.0000, 1.0000, 1.0000, 1.0000, 1.0000, 1.0000, 1.0000, 1.0000, 1.0000, 1.0000,
    1.0000, 1.0000, 1.0000, 1.0000, 1.0000, 1.0000, 1.0000, 1.0000, 1.0000, 1.0000,
    1.0000, 1.0000, 1.0000, 1.0000, 1.0000, 1.0000, 1.0000, 1.0000, 1.0000, 1.0000,
  ]

### values/Q_avg
  Total points: 65
  Min: -4.4362, Max: 0.0830, Mean: -2.7644
  Data: [
    0.0469, 0.0448, 0.0636, 0.0715, 0.0617, 0.0563, 0.0402, 0.0357, 0.0789, 0.0665,
    0.0830, 0.0331, 0.0548, 0.0525, 0.0567, 0.0365, 0.0593, 0.0482, 0.0495, -0.1533,
    -1.7992, -2.7642, -3.5144, -3.9353, -4.1797, -4.1784, -4.1483, -4.2794, -4.3537, -4.1254,
    -4.2769, -4.2645, -4.4362, -4.3059, -3.9852, -4.3104, -4.1311, -4.1052, -4.2312, -4.1769,
    -4.0600, -4.1155, -4.0005, -4.1321, -4.1033, -4.0422, -4.2573, -3.8582, -3.8537, -3.9059,
    -3.9986, -4.0753, -4.1063, -4.0261, -3.9277, -3.8744, -4.2624, -3.9508, -4.0731, -4.0741,
    -4.0025, -3.9301, -4.1489, -4.1946, -4.0952,
  ]

### values/Q_max
  Total points: 65
  Min: -2.8328, Max: 8.9678, Mean: 0.2073
  Data: [
    0.2924, 0.3239, 0.3303, 0.2956, 0.3209, 0.3075, 0.3079, 0.3035, 0.3291, 0.2631,
    0.2976, 0.3708, 0.3165, 0.3078, 0.3371, 0.2966, 0.3113, 0.3007, 0.3266, 0.1862,
    0.2114, 0.9991, -0.2164, 7.0950, 5.2266, -1.8625, -1.9911, -1.5615, -2.8328, 6.0576,
    -2.2925, -2.4661, -2.6360, -2.1948, -1.9532, -1.9631, -1.7647, -1.8161, -1.9648, -0.5281,
    -2.3136, 8.9678, -2.1133, -2.2371, -2.0968, -2.1249, -2.1682, -2.1834, 7.6546, 2.1380,
    -1.8216, -1.9449, 5.5516, 8.8120, -2.0674, -2.0683, -2.0844, -2.0668, 5.3797, 5.2324,
    8.8858, -2.2653, -2.5517, -2.3872, -2.3231,
  ]

### values/Q_min
  Total points: 65
  Min: -9.2926, Max: -0.1807, Mean: -5.9652
  Data: [
    -0.2543, -0.2421, -0.1807, -0.2184, -0.3291, -0.3346, -0.2572, -0.3091, -0.2853, -0.3168,
    -0.2472, -0.2794, -0.2633, -0.2798, -0.2536, -0.2747, -0.3264, -0.2182, -0.3347, -0.4194,
    -9.2926, -8.8499, -9.1106, -8.9518, -8.8675, -8.3702, -8.4367, -8.5215, -8.9938, -6.4624,
    -9.0184, -8.2578, -8.5804, -9.1717, -7.0493, -8.5978, -8.8075, -8.9868, -8.9817, -9.1220,
    -8.6871, -9.1923, -8.6495, -8.7064, -9.1053, -8.8634, -8.6416, -8.9243, -8.4379, -8.7674,
    -8.8967, -8.4810, -9.1525, -8.9338, -6.9209, -6.2134, -8.6847, -6.3502, -7.4020, -8.8122,
    -9.1353, -7.8821, -8.1225, -8.7714, -7.9477,
  ]

### values/Q_std
  Total points: 65
  Min: 0.1113, Max: 2.2576, Mean: 0.9562
  Data: [
    0.1180, 0.1353, 0.1113, 0.1192, 0.1303, 0.1272, 0.1280, 0.1403, 0.1225, 0.1236,
    0.1176, 0.1411, 0.1523, 0.1310, 0.1464, 0.1234, 0.1309, 0.1304, 0.1318, 0.1291,
    1.9163, 1.6367, 1.5219, 2.0746, 1.5416, 1.0441, 0.9829, 1.0746, 1.0463, 1.2679,
    1.0761, 0.9475, 1.1836, 1.3235, 0.9904, 1.1434, 1.1730, 1.2203, 1.4569, 1.4491,
    1.2020, 1.9093, 1.0515, 1.1362, 1.2368, 1.0701, 1.2101, 1.1186, 1.7843, 1.4423,
    1.3341, 1.2909, 1.6970, 2.2576, 0.9917, 0.9611, 1.3311, 0.9779, 1.4863, 1.5084,
    2.0980, 0.9671, 1.0602, 1.2719, 1.0990,
  ]

### vf_reg/active_ratio
  Total points: 92
  Min: 0.8128, Max: 0.9265, Mean: 0.8548
  Data: [
    0.9265, 0.9265, 0.9207, 0.9226, 0.9229, 0.9168, 0.9169, 0.9154, 0.9142, 0.9101,
    0.9061, 0.9038, 0.9008, 0.8977, 0.8962, 0.8986, 0.8894, 0.8890, 0.8908, 0.8882,
    0.8834, 0.8817, 0.8816, 0.8830, 0.8722, 0.8766, 0.8711, 0.8729, 0.8646, 0.8642,
    0.8631, 0.8642, 0.8512, 0.8554, 0.8582, 0.8596, 0.8474, 0.8578, 0.8550, 0.8495,
    0.8486, 0.8498, 0.8462, 0.8442, 0.8427, 0.8446, 0.8474, 0.8416, 0.8403, 0.8408,
    0.8395, 0.8393, 0.8399, 0.8386, 0.8436, 0.8418, 0.8300, 0.8343, 0.8296, 0.8289,
    0.8330, 0.8310, 0.8336, 0.8283, 0.8254, 0.8281, 0.8247, 0.8300, 0.8303, 0.8289,
    0.8223, 0.8269, 0.8259, 0.8308, 0.8240, 0.8227, 0.8203, 0.8218, 0.8278, 0.8214,
    0.8213, 0.8252, 0.8180, 0.8231, 0.8277, 0.8128, 0.8183, 0.8158, 0.8178, 0.8131,
    0.8137, 0.8180,
  ]

### vf_reg/q_advantage_mean
  Total points: 92
  Min: 0.0050, Max: 0.0398, Mean: 0.0225
  Data: [
    0.0050, 0.0398, 0.0378, 0.0332, 0.0276, 0.0291, 0.0302, 0.0279, 0.0282, 0.0275,
    0.0256, 0.0255, 0.0283, 0.0289, 0.0261, 0.0271, 0.0260, 0.0257, 0.0251, 0.0238,
    0.0246, 0.0229, 0.0235, 0.0235, 0.0244, 0.0246, 0.0253, 0.0273, 0.0252, 0.0247,
    0.0236, 0.0231, 0.0249, 0.0251, 0.0241, 0.0258, 0.0227, 0.0225, 0.0229, 0.0228,
    0.0228, 0.0217, 0.0216, 0.0201, 0.0203, 0.0217, 0.0206, 0.0213, 0.0215, 0.0221,
    0.0217, 0.0223, 0.0214, 0.0203, 0.0207, 0.0195, 0.0205, 0.0209, 0.0203, 0.0216,
    0.0221, 0.0219, 0.0207, 0.0210, 0.0197, 0.0208, 0.0200, 0.0196, 0.0212, 0.0205,
    0.0197, 0.0195, 0.0190, 0.0183, 0.0197, 0.0186, 0.0194, 0.0193, 0.0202, 0.0188,
    0.0183, 0.0187, 0.0178, 0.0193, 0.0182, 0.0183, 0.0170, 0.0188, 0.0172, 0.0170,
    0.0181, 0.0182,
  ]

### vf_reg/reg_loss
  Total points: 92
  Min: 0.0000, Max: 0.0002, Mean: 0.0001
  Data: [
    0.0000, 0.0001, 0.0001, 0.0001, 0.0001, 0.0001, 0.0001, 0.0001, 0.0001, 0.0001,
    0.0001, 0.0001, 0.0001, 0.0001, 0.0001, 0.0001, 0.0001, 0.0001, 0.0001, 0.0001,
    0.0001, 0.0001, 0.0001, 0.0001, 0.0001, 0.0001, 0.0001, 0.0001, 0.0001, 0.0001,
    0.0001, 0.0001, 0.0001, 0.0001, 0.0001, 0.0001, 0.0001, 0.0001, 0.0001, 0.0001,
    0.0001, 0.0001, 0.0001, 0.0001, 0.0001, 0.0001, 0.0001, 0.0001, 0.0001, 0.0001,
    0.0001, 0.0001, 0.0001, 0.0001, 0.0001, 0.0001, 0.0001, 0.0001, 0.0001, 0.0001,
    0.0001, 0.0001, 0.0002, 0.0001, 0.0001, 0.0001, 0.0002, 0.0002, 0.0001, 0.0001,
    0.0001, 0.0001, 0.0001, 0.0001, 0.0001, 0.0002, 0.0001, 0.0001, 0.0001, 0.0001,
    0.0002, 0.0001, 0.0001, 0.0002, 0.0001, 0.0001, 0.0002, 0.0001, 0.0002, 0.0002,
    0.0002, 0.0002,
  ]

### vf_reg/violation_ratio
  Total points: 92
  Min: 0.0524, Max: 0.2242, Mean: 0.1641
  Data: [
    0.0943, 0.0690, 0.0524, 0.0821, 0.0903, 0.0871, 0.0810, 0.0934, 0.1046, 0.1015,
    0.1055, 0.1117, 0.1091, 0.1174, 0.1252, 0.1100, 0.1179, 0.1225, 0.1271, 0.1389,
    0.1285, 0.1328, 0.1352, 0.1398, 0.1437, 0.1460, 0.1410, 0.1427, 0.1423, 0.1509,
    0.1546, 0.1530, 0.1548, 0.1523, 0.1591, 0.1550, 0.1649, 0.1569, 0.1585, 0.1658,
    0.1539, 0.1691, 0.1635, 0.1688, 0.1703, 0.1601, 0.1719, 0.1764, 0.1745, 0.1755,
    0.1695, 0.1702, 0.1730, 0.1770, 0.1798, 0.1758, 0.1824, 0.1825, 0.1866, 0.1793,
    0.1874, 0.1846, 0.1878, 0.1915, 0.1988, 0.2022, 0.1981, 0.2100, 0.2038, 0.2033,
    0.2048, 0.2034, 0.2034, 0.2020, 0.2067, 0.2137, 0.2011, 0.2062, 0.2021, 0.2242,
    0.2138, 0.2185, 0.2125, 0.2195, 0.2082, 0.2078, 0.2126, 0.2098, 0.2159, 0.2187,
    0.2208, 0.2220,
  ]
