================================================================================
W&B RUN DATA: 3TD3-Hockey-NORMAL-weak-lr0.0010-seed42
================================================================================

## RUN METADATA
Run ID: urydz4jc
Created: 2026-01-18T23:06:41Z
State: running
Duration: 40108.090066314 seconds

## CONFIGURATION
  algorithm: TD3
  mode: NORMAL
  opponent: weak
  learning_rate_actor: 0.001
  learning_rate_critic: 0.001
  batch_size: 100
  buffer_size: 1000000
  max_episodes: 100000
  random_seed: 42
  self_play_start: 100000
  self_play_pool_size: 25
  gamma: 0.99
  tau: 0.005

## FINAL SUMMARY

## NOTE: Data discretized to fit 100000 char limit
  Showing ~66 points per metric (of 245 total)

## METRICS DATA

### behavior/action_magnitude_avg
  Total points: 100
  Min: 0.9626, Max: 1.3890, Mean: 1.1958
  Data: [
    0.9836, 0.9755, 0.9643, 0.9706, 0.9669, 0.9744, 0.9754, 0.9952, 0.9878, 0.9911,
    0.9798, 0.9640, 0.9693, 0.9859, 0.9867, 0.9652, 0.9731, 0.9796, 0.9775, 0.9748,
    0.9715, 0.9702, 0.9626, 0.9734, 0.9737, 0.9721, 0.9667, 0.9724, 0.9686, 0.9711,
    0.9780, 0.9816, 0.9741, 0.9739, 0.9765, 0.9754, 0.9738, 0.9725, 0.9832, 0.9851,
    1.1246, 1.1364, 1.1233, 1.1233, 1.1350, 1.1218, 1.1244, 1.1191, 1.1185, 1.1144,
    1.3872, 1.3862, 1.3862, 1.3859, 1.3836, 1.3861, 1.3865, 1.3863, 1.3869, 1.3856,
    1.3888, 1.3866, 1.3855, 1.3854, 1.3853, 1.3872, 1.3866, 1.3858, 1.3869, 1.3854,
    1.3855, 1.3886, 1.3841, 1.3851, 1.3865, 1.3890, 1.3849, 1.3861, 1.3846, 1.3882,
    1.3869, 1.3879, 1.3863, 1.3874, 1.3869, 1.3876, 1.3869, 1.3861, 1.3879, 1.3871,
    1.3851, 1.3864, 1.3864, 1.3872, 1.3886, 1.3843, 1.3864, 1.3855, 1.3870, 1.3890,
  ]

### behavior/action_magnitude_max
  Total points: 100
  Min: 1.4039, Max: 1.4142, Mean: 1.4141
  Data: [
    1.4142, 1.4142, 1.4142, 1.4142, 1.4142, 1.4142, 1.4142, 1.4142, 1.4142, 1.4142,
    1.4142, 1.4142, 1.4112, 1.4142, 1.4142, 1.4142, 1.4142, 1.4142, 1.4142, 1.4142,
    1.4142, 1.4142, 1.4142, 1.4142, 1.4142, 1.4039, 1.4142, 1.4142, 1.4142, 1.4142,
    1.4142, 1.4142, 1.4142, 1.4142, 1.4142, 1.4142, 1.4142, 1.4142, 1.4142, 1.4142,
    1.4142, 1.4142, 1.4142, 1.4142, 1.4142, 1.4142, 1.4142, 1.4142, 1.4142, 1.4142,
    1.4142, 1.4142, 1.4142, 1.4142, 1.4142, 1.4142, 1.4142, 1.4142, 1.4142, 1.4142,
    1.4142, 1.4142, 1.4142, 1.4142, 1.4142, 1.4142, 1.4142, 1.4142, 1.4142, 1.4142,
    1.4142, 1.4142, 1.4142, 1.4142, 1.4142, 1.4142, 1.4142, 1.4142, 1.4142, 1.4142,
    1.4142, 1.4142, 1.4142, 1.4142, 1.4142, 1.4142, 1.4142, 1.4142, 1.4142, 1.4142,
    1.4142, 1.4142, 1.4142, 1.4142, 1.4142, 1.4142, 1.4142, 1.4142, 1.4142, 1.4142,
  ]

### behavior/dist_to_puck_avg
  Total points: 100
  Min: 1.9911, Max: 3.9133, Mean: 2.8293
  Data: [
    3.7181, 3.9133, 3.2174, 3.2501, 3.0093, 3.4647, 3.8326, 3.7693, 3.4525, 3.6156,
    3.3437, 3.2217, 3.3324, 3.0924, 3.6009, 3.3920, 3.5758, 3.2184, 3.1096, 3.2514,
    3.1592, 3.3843, 3.4068, 3.5287, 3.2940, 3.1860, 3.2965, 3.6509, 3.0232, 3.0588,
    3.6038, 3.2106, 3.3926, 3.3464, 3.8093, 3.3722, 3.1640, 3.3530, 3.4851, 3.7326,
    2.9612, 2.8401, 2.4859, 2.3543, 2.0733, 2.3267, 2.3102, 2.3146, 2.2817, 2.1430,
    2.3432, 2.4864, 2.1489, 2.3795, 2.4426, 2.3212, 2.4867, 2.5154, 2.4172, 2.5025,
    2.1494, 2.2620, 2.5068, 2.4456, 2.5653, 2.6919, 2.2624, 2.5866, 2.3636, 2.2264,
    2.3479, 2.4083, 2.4740, 2.6700, 2.6238, 2.7034, 2.7467, 2.5741, 2.5003, 2.5963,
    2.5685, 2.6580, 2.7470, 2.6735, 2.3153, 2.0875, 2.4223, 2.5672, 2.4468, 2.5643,
    2.3220, 2.2016, 1.9911, 2.3175, 2.5361, 2.5613, 2.5841, 2.6446, 2.5251, 2.5170,
  ]

### behavior/dist_to_puck_min
  Total points: 100
  Min: 0.1938, Max: 1.4733, Mean: 0.6259
  Data: [
    1.1647, 1.4301, 0.9185, 0.7960, 1.0341, 0.9896, 0.9017, 1.0091, 0.7084, 1.0247,
    1.3205, 0.8815, 0.6521, 0.5924, 0.6347, 1.1592, 0.9136, 0.6770, 0.9382, 0.7252,
    0.5521, 0.8504, 1.0602, 1.3954, 0.7591, 0.8052, 0.9720, 1.4733, 0.8733, 0.4768,
    1.0052, 0.5735, 1.1740, 1.0815, 0.6250, 1.1855, 0.6860, 0.8451, 0.8777, 1.0797,
    0.8401, 0.4312, 0.4194, 0.3253, 0.2878, 0.2857, 0.3174, 0.3088, 0.3194, 0.2557,
    0.4118, 0.2765, 0.2473, 0.2367, 0.3739, 0.2666, 0.2387, 0.2977, 0.2980, 0.3521,
    0.3495, 0.3293, 0.2483, 0.2972, 0.2495, 0.2998, 0.1938, 0.4288, 0.3579, 0.5101,
    0.4052, 0.5164, 0.5433, 0.4233, 0.5838, 0.5542, 0.4528, 0.5030, 0.4847, 0.4723,
    0.3546, 0.6084, 0.5135, 0.5121, 0.7123, 0.8343, 0.4576, 0.5482, 0.4239, 0.3772,
    0.4849, 0.5641, 0.6820, 0.5502, 0.6656, 0.5685, 0.4777, 0.5080, 0.4416, 0.4896,
  ]

### behavior/distance_traveled
  Total points: 100
  Min: 5.0034, Max: 14.8623, Mean: 10.3776
  Data: [
    9.7026, 11.6566, 10.4796, 10.1341, 11.4629, 13.7535, 13.8831, 12.6034, 12.5209, 12.8301,
    13.5880, 13.4623, 12.3277, 13.5430, 13.1210, 11.4222, 13.3862, 7.0703, 10.9879, 12.9574,
    12.7608, 13.0239, 14.6770, 13.8733, 12.6738, 11.5691, 10.7004, 11.6626, 12.3835, 11.8503,
    11.2543, 14.8001, 12.3993, 14.8623, 10.7902, 8.7426, 11.5020, 11.7374, 14.4518, 14.5475,
    5.6775, 7.8208, 5.5692, 9.4190, 9.3046, 9.8552, 8.7229, 7.1979, 8.4713, 8.3686,
    7.6866, 12.5291, 12.1764, 11.2357, 11.9288, 10.6370, 10.9189, 12.6903, 13.4317, 9.9344,
    10.5945, 11.7674, 14.5638, 10.2969, 11.2195, 10.9033, 14.1280, 10.5708, 13.0649, 10.1076,
    9.3718, 10.8141, 7.8752, 11.1290, 9.5945, 8.0873, 7.6206, 6.5848, 6.8206, 5.5577,
    6.7705, 7.5622, 6.6232, 8.7801, 6.2891, 5.8868, 8.0178, 6.8232, 10.2838, 10.5289,
    9.1348, 6.3936, 9.3764, 7.5289, 5.0034, 6.2375, 8.7604, 7.4584, 7.1800, 7.7170,
  ]

### behavior/gameplay_vs_strong
  Total points: 66
  ✗ Could not format data: float() argument must be a string or a real number, not 'dict'

### behavior/gameplay_vs_weak
  Total points: 66
  ✗ Could not format data: float() argument must be a string or a real number, not 'dict'

### behavior/lazy_action_ratio
  Total points: 100
  Min: 0.0000, Max: 0.0112, Mean: 0.0020
  Data: [
    0.0077, 0.0046, 0.0084, 0.0011, 0.0055, 0.0044, 0.0038, 0.0090, 0.0035, 0.0059,
    0.0027, 0.0048, 0.0043, 0.0036, 0.0016, 0.0084, 0.0112, 0.0071, 0.0016, 0.0045,
    0.0018, 0.0039, 0.0035, 0.0048, 0.0083, 0.0039, 0.0034, 0.0044, 0.0051, 0.0046,
    0.0054, 0.0012, 0.0032, 0.0024, 0.0054, 0.0078, 0.0035, 0.0016, 0.0049, 0.0031,
    0.0012, 0.0033, 0.0000, 0.0027, 0.0004, 0.0013, 0.0015, 0.0007, 0.0004, 0.0022,
    0.0000, 0.0000, 0.0000, 0.0000, 0.0000, 0.0000, 0.0000, 0.0000, 0.0000, 0.0000,
    0.0000, 0.0000, 0.0000, 0.0000, 0.0000, 0.0000, 0.0000, 0.0000, 0.0000, 0.0000,
    0.0000, 0.0000, 0.0000, 0.0000, 0.0000, 0.0000, 0.0000, 0.0000, 0.0000, 0.0000,
    0.0000, 0.0000, 0.0000, 0.0000, 0.0000, 0.0000, 0.0000, 0.0000, 0.0000, 0.0000,
    0.0000, 0.0000, 0.0000, 0.0000, 0.0000, 0.0000, 0.0000, 0.0000, 0.0000, 0.0000,
  ]

### behavior/possession_ratio
  Total points: 100
  Min: 0.0018, Max: 0.2132, Mean: 0.0584
  Data: [
    0.0179, 0.0122, 0.0106, 0.0195, 0.0054, 0.0111, 0.0098, 0.0163, 0.0073, 0.0151,
    0.0032, 0.0251, 0.0125, 0.0165, 0.0251, 0.0060, 0.0196, 0.0367, 0.0100, 0.0206,
    0.0151, 0.0264, 0.0094, 0.0051, 0.0231, 0.0055, 0.0277, 0.0060, 0.0218, 0.0333,
    0.0243, 0.0231, 0.0018, 0.0043, 0.0313, 0.0216, 0.0204, 0.0153, 0.0280, 0.0148,
    0.0211, 0.0190, 0.1339, 0.1700, 0.1999, 0.1511, 0.1916, 0.1639, 0.1768, 0.1666,
    0.1889, 0.1457, 0.2132, 0.1898, 0.0776, 0.1869, 0.1930, 0.1562, 0.1416, 0.1470,
    0.1130, 0.1143, 0.1279, 0.1577, 0.1715, 0.1579, 0.1711, 0.1271, 0.1260, 0.1201,
    0.1341, 0.0921, 0.1282, 0.0133, 0.0111, 0.0130, 0.0269, 0.0149, 0.0132, 0.0133,
    0.0160, 0.0094, 0.0106, 0.0108, 0.0074, 0.0022, 0.0118, 0.0119, 0.0094, 0.0125,
    0.0120, 0.0121, 0.0060, 0.0188, 0.0133, 0.0111, 0.0116, 0.0149, 0.0206, 0.0741,
  ]

### behavior/puck_touches
  Total points: 100
  Min: 0.0000, Max: 0.0000, Mean: 0.0000
  Data: [
    0.0000, 0.0000, 0.0000, 0.0000, 0.0000, 0.0000, 0.0000, 0.0000, 0.0000, 0.0000,
    0.0000, 0.0000, 0.0000, 0.0000, 0.0000, 0.0000, 0.0000, 0.0000, 0.0000, 0.0000,
    0.0000, 0.0000, 0.0000, 0.0000, 0.0000, 0.0000, 0.0000, 0.0000, 0.0000, 0.0000,
    0.0000, 0.0000, 0.0000, 0.0000, 0.0000, 0.0000, 0.0000, 0.0000, 0.0000, 0.0000,
    0.0000, 0.0000, 0.0000, 0.0000, 0.0000, 0.0000, 0.0000, 0.0000, 0.0000, 0.0000,
    0.0000, 0.0000, 0.0000, 0.0000, 0.0000, 0.0000, 0.0000, 0.0000, 0.0000, 0.0000,
    0.0000, 0.0000, 0.0000, 0.0000, 0.0000, 0.0000, 0.0000, 0.0000, 0.0000, 0.0000,
    0.0000, 0.0000, 0.0000, 0.0000, 0.0000, 0.0000, 0.0000, 0.0000, 0.0000, 0.0000,
    0.0000, 0.0000, 0.0000, 0.0000, 0.0000, 0.0000, 0.0000, 0.0000, 0.0000, 0.0000,
    0.0000, 0.0000, 0.0000, 0.0000, 0.0000, 0.0000, 0.0000, 0.0000, 0.0000, 0.0000,
  ]

### behavior/shoot_action_avg
  Total points: 100
  Min: -0.6631, Max: 0.7099, Mean: 0.0190
  Data: [
    -0.0977, -0.0654, -0.0655, -0.1147, -0.0685, -0.0942, -0.0707, -0.0800, -0.0823, -0.0338,
    -0.0599, -0.0528, -0.0750, -0.0872, -0.0204, -0.0840, -0.0410, -0.0879, -0.0875, -0.0894,
    -0.0495, -0.0917, -0.0661, -0.0520, -0.0453, -0.0927, -0.0876, -0.0389, -0.0642, -0.1009,
    -0.1259, -0.0464, -0.0855, -0.0635, -0.0853, -0.0651, -0.1215, -0.0522, -0.0461, -0.0664,
    0.6088, 0.6462, -0.6147, -0.6631, -0.2325, 0.1155, 0.0689, 0.0099, -0.1498, -0.4296,
    -0.4177, -0.1958, -0.5963, -0.4440, -0.3009, -0.5312, -0.5017, -0.3791, -0.2588, -0.5363,
    -0.1382, -0.1001, -0.3624, -0.4236, -0.0415, 0.0646, -0.1316, 0.1205, 0.1663, 0.2668,
    0.0698, 0.0704, 0.1008, 0.3724, 0.4263, 0.4338, 0.4976, 0.3904, 0.5623, 0.4677,
    0.4752, 0.4338, 0.4865, 0.7034, 0.6437, 0.7099, 0.5437, 0.4962, 0.3936, 0.4285,
    0.3224, 0.1422, 0.1990, 0.0462, 0.2066, 0.3605, 0.3039, 0.0368, -0.0074, -0.1261,
  ]

### behavior/shoot_action_when_possess
  Total points: 100
  Min: -0.9031, Max: 0.8884, Mean: -0.1338
  Data: [
    0.0100, -0.2148, 0.0862, -0.1438, -0.0812, -0.2537, -0.3269, -0.3098, -0.1883, -0.2034,
    0.0314, -0.1072, -0.0147, -0.2466, -0.1934, -0.0695, -0.3043, -0.3293, -0.0738, -0.2230,
    -0.2459, -0.0024, -0.2096, -0.0232, -0.1597, -0.0491, -0.0915, -0.0341, -0.2411, -0.1921,
    -0.2311, -0.3112, 0.1273, -0.1088, -0.4284, -0.0756, -0.2615, -0.1378, -0.1859, 0.1707,
    0.2302, 0.3924, -0.4888, -0.7713, -0.7187, -0.5436, -0.5334, -0.3431, -0.5327, -0.7336,
    -0.7132, -0.8071, -0.8920, -0.8736, -0.5522, -0.9031, -0.8742, -0.8510, -0.8756, -0.8004,
    -0.5855, -0.5974, -0.8905, -0.8158, -0.8542, -0.7551, -0.8412, -0.5878, -0.6913, -0.5012,
    -0.5866, -0.4107, -0.4914, 0.1372, 0.3643, 0.5822, 0.6236, 0.6930, 0.6926, 0.6934,
    0.8777, 0.5893, 0.5972, 0.6828, 0.3912, 0.0929, 0.5832, 0.6755, 0.7630, 0.8884,
    0.7692, 0.2929, 0.0814, 0.3702, 0.4873, 0.5919, 0.5941, 0.4122, 0.2308, -0.5009,
  ]

### behavior/time_near_puck
  Total points: 100
  Min: 0.0000, Max: 36.2000, Mean: 7.8850
  Data: [
    3.0000, 1.6000, 1.4000, 3.2000, 1.1000, 2.9000, 1.7000, 4.2000, 2.2000, 2.8000,
    1.3000, 2.5000, 2.0000, 3.6000, 4.0000, 0.9000, 3.5000, 2.6000, 0.7000, 3.1000,
    2.1000, 6.4000, 1.7000, 1.3000, 4.5000, 0.9000, 4.0000, 0.9000, 3.1000, 2.8000,
    1.8000, 4.7000, 0.3000, 0.8000, 3.9000, 1.7000, 2.6000, 1.7000, 4.7000, 2.1000,
    1.0000, 2.7000, 10.6000, 20.9000, 24.7000, 24.0000, 20.9000, 12.7000, 21.0000, 17.3000,
    18.3000, 20.9000, 30.8000, 28.2000, 17.4000, 24.2000, 25.2000, 19.7000, 20.3000, 20.3000,
    16.1000, 22.0000, 23.2000, 20.2000, 21.0000, 22.1000, 36.2000, 21.3000, 25.3000, 18.2000,
    15.1000, 11.9000, 9.7000, 2.8000, 1.0000, 0.4000, 2.6000, 2.0000, 1.8000, 1.6000,
    1.6000, 0.7000, 1.3000, 2.9000, 1.1000, 0.0000, 2.2000, 0.4000, 2.6000, 2.0000,
    1.4000, 0.8000, 0.4000, 1.0000, 1.2000, 0.7000, 1.8000, 1.8000, 2.1000, 6.6000,
  ]

### behavior/velocity_avg
  Total points: 100
  Min: 0.0632, Max: 0.1108, Mean: 0.0818
  Data: [
    0.0756, 0.0718, 0.0784, 0.0742, 0.0767, 0.0785, 0.0761, 0.0781, 0.0723, 0.0759,
    0.0837, 0.0800, 0.0802, 0.0707, 0.0776, 0.0821, 0.0758, 0.0766, 0.0845, 0.0822,
    0.0790, 0.0802, 0.0813, 0.0798, 0.0770, 0.0860, 0.0765, 0.0742, 0.0833, 0.0778,
    0.0829, 0.0759, 0.0773, 0.0783, 0.0791, 0.0768, 0.0824, 0.0718, 0.0785, 0.0761,
    0.0984, 0.0786, 0.0873, 0.0815, 0.0738, 0.0756, 0.0824, 0.0734, 0.0675, 0.0695,
    0.0955, 0.0744, 0.0813, 0.0782, 0.0840, 0.0773, 0.0806, 0.0825, 0.0813, 0.0855,
    0.0831, 0.0748, 0.0777, 0.0849, 0.0811, 0.0836, 0.0742, 0.0971, 0.0834, 0.0739,
    0.0853, 0.0928, 0.0944, 0.0786, 0.0894, 0.0989, 0.0934, 0.0973, 0.0895, 0.0901,
    0.0801, 0.0908, 0.0990, 0.0899, 0.0886, 0.0769, 0.0791, 0.0872, 0.0787, 0.0772,
    0.0803, 0.0835, 0.0632, 0.0890, 0.1108, 0.0865, 0.0913, 0.0905, 0.0965, 0.0872,
  ]

### behavior/velocity_max
  Total points: 100
  Min: 0.1711, Max: 0.2284, Mean: 0.2078
  Data: [
    0.1914, 0.1799, 0.1732, 0.1779, 0.1965, 0.1868, 0.1875, 0.1923, 0.1926, 0.1890,
    0.1975, 0.1893, 0.1836, 0.1991, 0.2024, 0.1849, 0.1974, 0.1711, 0.1917, 0.1959,
    0.1920, 0.1825, 0.1969, 0.2022, 0.1840, 0.1951, 0.1820, 0.1912, 0.1959, 0.1840,
    0.1969, 0.1984, 0.1900, 0.2023, 0.2024, 0.1841, 0.1893, 0.1777, 0.1922, 0.1968,
    0.2221, 0.2157, 0.2077, 0.2092, 0.2085, 0.2135, 0.2155, 0.2107, 0.2137, 0.2152,
    0.2178, 0.2173, 0.2184, 0.2219, 0.2159, 0.2182, 0.2200, 0.2194, 0.2206, 0.2150,
    0.2137, 0.2148, 0.2167, 0.2192, 0.2177, 0.2220, 0.2215, 0.2273, 0.2261, 0.2236,
    0.2247, 0.2241, 0.2205, 0.2227, 0.2257, 0.2244, 0.2208, 0.2237, 0.2173, 0.2211,
    0.2209, 0.2138, 0.2209, 0.2230, 0.2284, 0.2218, 0.2230, 0.2183, 0.2249, 0.2215,
    0.2208, 0.2137, 0.2168, 0.2224, 0.2218, 0.2189, 0.2243, 0.2218, 0.2222, 0.2207,
  ]

### eval/strong/avg_reward
  Total points: 66
  Min: -24.8090, Max: -4.4781, Mean: -8.2371
  Data: [
    -24.8090, -8.0641, -8.0284, -8.0077, -5.2082, -5.8255, -5.8625, -5.4229, -4.4781, -4.8912,
    -5.4459, -7.2302, -9.0523, -5.2858, -6.1229, -7.4689, -6.9510, -7.3792, -5.9488, -10.2630,
    -6.3157, -9.9064, -6.4658, -8.5606, -7.5630, -7.5273, -8.1372, -6.9772, -7.3682, -8.7136,
    -10.6075, -9.4773, -7.6057, -7.5485, -10.7740, -8.1110, -8.5808, -10.0683, -10.5281, -9.2603,
    -7.4910, -8.9955, -9.2667, -9.8042, -9.2441, -8.0142, -9.4527, -7.5556, -10.1197, -8.5736,
    -9.2166, -9.1509, -10.5606, -7.1177, -5.8665, -7.9851, -8.5419, -7.5152, -8.9668, -7.5642,
    -7.7608, -9.3828, -10.9615, -8.8840, -7.6940, -6.1215,
  ]

### eval/strong/loss_rate
  Total points: 66
  Min: 0.3400, Max: 0.6700, Mean: 0.5142
  Data: [
    0.4200, 0.5600, 0.4600, 0.5500, 0.3900, 0.4400, 0.4500, 0.4300, 0.4800, 0.4300,
    0.4500, 0.5500, 0.6000, 0.4300, 0.5000, 0.5000, 0.5000, 0.4700, 0.4800, 0.5800,
    0.4700, 0.5400, 0.4500, 0.5400, 0.4800, 0.4800, 0.5100, 0.4900, 0.5700, 0.4500,
    0.5000, 0.5800, 0.5500, 0.5000, 0.5600, 0.5200, 0.4900, 0.5400, 0.6200, 0.4400,
    0.4500, 0.5400, 0.5400, 0.6100, 0.5700, 0.5400, 0.4500, 0.5100, 0.5900, 0.5000,
    0.5500, 0.5100, 0.6300, 0.4800, 0.5600, 0.6300, 0.6100, 0.5600, 0.5100, 0.4700,
    0.6100, 0.3400, 0.4100, 0.6700, 0.6000, 0.5500,
  ]

### eval/strong/losses
  Total points: 66
  Min: 34.0000, Max: 67.0000, Mean: 51.4242
  Data: [
    42.0000, 56.0000, 46.0000, 55.0000, 39.0000, 44.0000, 45.0000, 43.0000, 48.0000, 43.0000,
    45.0000, 55.0000, 60.0000, 43.0000, 50.0000, 50.0000, 50.0000, 47.0000, 48.0000, 58.0000,
    47.0000, 54.0000, 45.0000, 54.0000, 48.0000, 48.0000, 51.0000, 49.0000, 57.0000, 45.0000,
    50.0000, 58.0000, 55.0000, 50.0000, 56.0000, 52.0000, 49.0000, 54.0000, 62.0000, 44.0000,
    45.0000, 54.0000, 54.0000, 61.0000, 57.0000, 54.0000, 45.0000, 51.0000, 59.0000, 50.0000,
    55.0000, 51.0000, 63.0000, 48.0000, 56.0000, 63.0000, 61.0000, 56.0000, 51.0000, 47.0000,
    61.0000, 34.0000, 41.0000, 67.0000, 60.0000, 55.0000,
  ]

### eval/strong/tie_rate
  Total points: 66
  Min: 0.1400, Max: 0.5500, Mean: 0.3082
  Data: [
    0.5500, 0.2800, 0.4100, 0.2000, 0.2800, 0.2400, 0.2400, 0.2600, 0.1800, 0.2700,
    0.2300, 0.2600, 0.3000, 0.3000, 0.2600, 0.3000, 0.2600, 0.3300, 0.2400, 0.3000,
    0.2700, 0.3700, 0.2900, 0.3300, 0.3600, 0.3800, 0.3400, 0.3400, 0.2700, 0.4500,
    0.4500, 0.3500, 0.2700, 0.3300, 0.3600, 0.3200, 0.3300, 0.4000, 0.2900, 0.4500,
    0.3500, 0.3300, 0.3500, 0.3000, 0.3300, 0.2700, 0.4300, 0.3200, 0.3100, 0.3400,
    0.3400, 0.3800, 0.2800, 0.2900, 0.1400, 0.1500, 0.2200, 0.2300, 0.3300, 0.3200,
    0.1700, 0.5000, 0.4900, 0.1700, 0.1800, 0.1800,
  ]

### eval/strong/ties
  Total points: 66
  Min: 14.0000, Max: 55.0000, Mean: 30.8182
  Data: [
    55.0000, 28.0000, 41.0000, 20.0000, 28.0000, 24.0000, 24.0000, 26.0000, 18.0000, 27.0000,
    23.0000, 26.0000, 30.0000, 30.0000, 26.0000, 30.0000, 26.0000, 33.0000, 24.0000, 30.0000,
    27.0000, 37.0000, 29.0000, 33.0000, 36.0000, 38.0000, 34.0000, 34.0000, 27.0000, 45.0000,
    45.0000, 35.0000, 27.0000, 33.0000, 36.0000, 32.0000, 33.0000, 40.0000, 29.0000, 45.0000,
    35.0000, 33.0000, 35.0000, 30.0000, 33.0000, 27.0000, 43.0000, 32.0000, 31.0000, 34.0000,
    34.0000, 38.0000, 28.0000, 29.0000, 14.0000, 15.0000, 22.0000, 23.0000, 33.0000, 32.0000,
    17.0000, 50.0000, 49.0000, 17.0000, 18.0000, 18.0000,
  ]

### eval/strong/win_rate
  Total points: 66
  Min: 0.0300, Max: 0.3400, Mean: 0.1776
  Data: [
    0.0300, 0.1600, 0.1300, 0.2500, 0.3300, 0.3200, 0.3100, 0.3100, 0.3400, 0.3000,
    0.3200, 0.1900, 0.1000, 0.2700, 0.2400, 0.2000, 0.2400, 0.2000, 0.2800, 0.1200,
    0.2600, 0.0900, 0.2600, 0.1300, 0.1600, 0.1400, 0.1500, 0.1700, 0.1600, 0.1000,
    0.0500, 0.0700, 0.1800, 0.1700, 0.0800, 0.1600, 0.1800, 0.0600, 0.0900, 0.1100,
    0.2000, 0.1300, 0.1100, 0.0900, 0.1000, 0.1900, 0.1200, 0.1700, 0.1000, 0.1600,
    0.1100, 0.1100, 0.0900, 0.2300, 0.3000, 0.2200, 0.1700, 0.2100, 0.1600, 0.2100,
    0.2200, 0.1600, 0.1000, 0.1600, 0.2200, 0.2700,
  ]

### eval/strong/win_rate_decisive
  Total points: 66
  Min: 0.0667, Max: 0.4583, Mean: 0.2511
  Data: [
    0.0667, 0.2222, 0.2203, 0.3125, 0.4583, 0.4211, 0.4079, 0.4189, 0.4146, 0.4110,
    0.4156, 0.2568, 0.1429, 0.3857, 0.3243, 0.2857, 0.3243, 0.2985, 0.3684, 0.1714,
    0.3562, 0.1429, 0.3662, 0.1940, 0.2500, 0.2258, 0.2273, 0.2576, 0.2192, 0.1818,
    0.0909, 0.1077, 0.2466, 0.2537, 0.1250, 0.2353, 0.2687, 0.1000, 0.1268, 0.2000,
    0.3077, 0.1940, 0.1692, 0.1286, 0.1493, 0.2603, 0.2105, 0.2500, 0.1449, 0.2424,
    0.1667, 0.1774, 0.1250, 0.3239, 0.3488, 0.2588, 0.2179, 0.2727, 0.2388, 0.3088,
    0.2651, 0.3200, 0.1961, 0.1928, 0.2683, 0.3293,
  ]

### eval/strong/wins
  Total points: 66
  Min: 3.0000, Max: 34.0000, Mean: 17.7576
  Data: [
    3.0000, 16.0000, 13.0000, 25.0000, 33.0000, 32.0000, 31.0000, 31.0000, 34.0000, 30.0000,
    32.0000, 19.0000, 10.0000, 27.0000, 24.0000, 20.0000, 24.0000, 20.0000, 28.0000, 12.0000,
    26.0000, 9.0000, 26.0000, 13.0000, 16.0000, 14.0000, 15.0000, 17.0000, 16.0000, 10.0000,
    5.0000, 7.0000, 18.0000, 17.0000, 8.0000, 16.0000, 18.0000, 6.0000, 9.0000, 11.0000,
    20.0000, 13.0000, 11.0000, 9.0000, 10.0000, 19.0000, 12.0000, 17.0000, 10.0000, 16.0000,
    11.0000, 11.0000, 9.0000, 23.0000, 30.0000, 22.0000, 17.0000, 21.0000, 16.0000, 21.0000,
    22.0000, 16.0000, 10.0000, 16.0000, 22.0000, 27.0000,
  ]

### eval/weak/avg_reward
  Total points: 66
  Min: -25.3846, Max: 4.9044, Mean: -5.2314
  Data: [
    -25.3846, -7.4810, -3.3888, -3.0135, -0.1283, 2.1499, -3.5956, -0.2396, 0.6051, 0.4906,
    0.3792, -1.9207, -6.8824, -0.5890, 4.9044, 0.7641, 1.9047, -2.1522, -2.9695, -3.8902,
    -3.1792, -2.3520, -1.2567, -0.6689, -4.3395, -3.7130, -4.0106, -1.9099, -3.9866, -7.3820,
    -6.6037, -7.5691, -7.3089, -4.5215, -9.4484, -7.9099, -8.1278, -6.4850, -5.5023, -6.7730,
    -4.9924, -7.4134, -5.5268, -6.9549, -7.0790, -5.8039, -6.8664, -5.3637, -6.2686, -5.5135,
    -8.5743, -10.4900, -6.2519, -4.8905, -7.9730, -7.7431, -8.3598, -6.9655, -10.7166, -6.3615,
    -9.0215, -10.2782, -11.1949, -8.0351, -5.9229, -7.2253,
  ]

### eval/weak/loss_rate
  Total points: 66
  Min: 0.1000, Max: 0.7800, Mean: 0.4402
  Data: [
    0.4100, 0.6300, 0.3300, 0.4100, 0.1900, 0.1700, 0.4500, 0.2700, 0.2800, 0.2500,
    0.2500, 0.3700, 0.5100, 0.3000, 0.1000, 0.2700, 0.1500, 0.2700, 0.3400, 0.3100,
    0.2100, 0.2400, 0.1700, 0.2400, 0.2700, 0.1700, 0.2400, 0.2000, 0.2100, 0.5300,
    0.1900, 0.6900, 0.6300, 0.3900, 0.6300, 0.6200, 0.5900, 0.5900, 0.4300, 0.4400,
    0.4300, 0.6600, 0.5000, 0.6400, 0.6300, 0.4800, 0.4300, 0.4500, 0.5900, 0.4900,
    0.6300, 0.6300, 0.5700, 0.5200, 0.6600, 0.6200, 0.7800, 0.7000, 0.6700, 0.5700,
    0.7200, 0.4400, 0.4900, 0.6800, 0.5600, 0.5700,
  ]

### eval/weak/losses
  Total points: 66
  Min: 10.0000, Max: 78.0000, Mean: 44.0152
  Data: [
    41.0000, 63.0000, 33.0000, 41.0000, 19.0000, 17.0000, 45.0000, 27.0000, 28.0000, 25.0000,
    25.0000, 37.0000, 51.0000, 30.0000, 10.0000, 27.0000, 15.0000, 27.0000, 34.0000, 31.0000,
    21.0000, 24.0000, 17.0000, 24.0000, 27.0000, 17.0000, 24.0000, 20.0000, 21.0000, 53.0000,
    19.0000, 69.0000, 63.0000, 39.0000, 63.0000, 62.0000, 59.0000, 59.0000, 43.0000, 44.0000,
    43.0000, 66.0000, 50.0000, 64.0000, 63.0000, 48.0000, 43.0000, 45.0000, 59.0000, 49.0000,
    63.0000, 63.0000, 57.0000, 52.0000, 66.0000, 62.0000, 78.0000, 70.0000, 67.0000, 57.0000,
    72.0000, 44.0000, 49.0000, 68.0000, 56.0000, 57.0000,
  ]

### eval/weak/tie_rate
  Total points: 66
  Min: 0.0700, Max: 0.7200, Mean: 0.3318
  Data: [
    0.5600, 0.1800, 0.4500, 0.2300, 0.3900, 0.2500, 0.2200, 0.2700, 0.1800, 0.2100,
    0.2400, 0.2200, 0.4100, 0.2400, 0.1700, 0.2100, 0.2900, 0.3900, 0.3000, 0.5000,
    0.5800, 0.4700, 0.5300, 0.3300, 0.5800, 0.6800, 0.6300, 0.5400, 0.6900, 0.3600,
    0.7200, 0.1900, 0.2300, 0.4200, 0.3300, 0.2500, 0.3200, 0.2700, 0.4200, 0.4200,
    0.4000, 0.2300, 0.3000, 0.1900, 0.2600, 0.3900, 0.4700, 0.3800, 0.2800, 0.3600,
    0.2500, 0.3200, 0.2400, 0.2000, 0.1900, 0.2100, 0.0700, 0.0800, 0.2800, 0.2300,
    0.1600, 0.4600, 0.4500, 0.1300, 0.2200, 0.2800,
  ]

### eval/weak/ties
  Total points: 66
  Min: 7.0000, Max: 72.0000, Mean: 33.1818
  Data: [
    56.0000, 18.0000, 45.0000, 23.0000, 39.0000, 25.0000, 22.0000, 27.0000, 18.0000, 21.0000,
    24.0000, 22.0000, 41.0000, 24.0000, 17.0000, 21.0000, 29.0000, 39.0000, 30.0000, 50.0000,
    58.0000, 47.0000, 53.0000, 33.0000, 58.0000, 68.0000, 63.0000, 54.0000, 69.0000, 36.0000,
    72.0000, 19.0000, 23.0000, 42.0000, 33.0000, 25.0000, 32.0000, 27.0000, 42.0000, 42.0000,
    40.0000, 23.0000, 30.0000, 19.0000, 26.0000, 39.0000, 47.0000, 38.0000, 28.0000, 36.0000,
    25.0000, 32.0000, 24.0000, 20.0000, 19.0000, 21.0000, 7.0000, 8.0000, 28.0000, 23.0000,
    16.0000, 46.0000, 45.0000, 13.0000, 22.0000, 28.0000,
  ]

### eval/weak/win_rate
  Total points: 66
  Min: 0.0300, Max: 0.7300, Mean: 0.2280
  Data: [
    0.0300, 0.1900, 0.2200, 0.3600, 0.4200, 0.5800, 0.3300, 0.4600, 0.5400, 0.5400,
    0.5100, 0.4100, 0.0800, 0.4600, 0.7300, 0.5200, 0.5600, 0.3400, 0.3600, 0.1900,
    0.2100, 0.2900, 0.3000, 0.4300, 0.1500, 0.1500, 0.1300, 0.2600, 0.1000, 0.1100,
    0.0900, 0.1200, 0.1400, 0.1900, 0.0400, 0.1300, 0.0900, 0.1400, 0.1500, 0.1400,
    0.1700, 0.1100, 0.2000, 0.1700, 0.1100, 0.1300, 0.1000, 0.1700, 0.1300, 0.1500,
    0.1200, 0.0500, 0.1900, 0.2800, 0.1500, 0.1700, 0.1500, 0.2200, 0.0500, 0.2000,
    0.1200, 0.1000, 0.0600, 0.1900, 0.2200, 0.1500,
  ]

### eval/weak/win_rate_decisive
  Total points: 66
  Min: 0.0597, Max: 0.8795, Mean: 0.3426
  Data: [
    0.0682, 0.2317, 0.4000, 0.4675, 0.6885, 0.7733, 0.4231, 0.6301, 0.6585, 0.6835,
    0.6711, 0.5256, 0.1356, 0.6053, 0.8795, 0.6582, 0.7887, 0.5574, 0.5143, 0.3800,
    0.5000, 0.5472, 0.6383, 0.6418, 0.3571, 0.4688, 0.3514, 0.5652, 0.3226, 0.1719,
    0.3214, 0.1481, 0.1818, 0.3276, 0.0597, 0.1733, 0.1324, 0.1918, 0.2586, 0.2414,
    0.2833, 0.1429, 0.2857, 0.2099, 0.1486, 0.2131, 0.1887, 0.2742, 0.1806, 0.2344,
    0.1600, 0.0735, 0.2500, 0.3500, 0.1852, 0.2152, 0.1613, 0.2391, 0.0694, 0.2597,
    0.1429, 0.1852, 0.1091, 0.2184, 0.2821, 0.2083,
  ]

### eval/weak/wins
  Total points: 66
  Min: 3.0000, Max: 73.0000, Mean: 22.8030
  Data: [
    3.0000, 19.0000, 22.0000, 36.0000, 42.0000, 58.0000, 33.0000, 46.0000, 54.0000, 54.0000,
    51.0000, 41.0000, 8.0000, 46.0000, 73.0000, 52.0000, 56.0000, 34.0000, 36.0000, 19.0000,
    21.0000, 29.0000, 30.0000, 43.0000, 15.0000, 15.0000, 13.0000, 26.0000, 10.0000, 11.0000,
    9.0000, 12.0000, 14.0000, 19.0000, 4.0000, 13.0000, 9.0000, 14.0000, 15.0000, 14.0000,
    17.0000, 11.0000, 20.0000, 17.0000, 11.0000, 13.0000, 10.0000, 17.0000, 13.0000, 15.0000,
    12.0000, 5.0000, 19.0000, 28.0000, 15.0000, 17.0000, 15.0000, 22.0000, 5.0000, 20.0000,
    12.0000, 10.0000, 6.0000, 19.0000, 22.0000, 15.0000,
  ]

### gradients/actor_grad_norm
  Total points: 100
  Min: 0.0000, Max: 0.1525, Mean: 0.0120
  Data: [
    0.0000, 0.0000, 0.0000, 0.0000, 0.0000, 0.0000, 0.0000, 0.0000, 0.0000, 0.0000,
    0.0000, 0.0000, 0.0000, 0.0000, 0.0000, 0.0000, 0.0000, 0.0000, 0.0000, 0.0000,
    0.0000, 0.0000, 0.0000, 0.0000, 0.0000, 0.0000, 0.0000, 0.0000, 0.0000, 0.0000,
    0.0000, 0.0000, 0.0000, 0.0000, 0.0000, 0.0000, 0.0000, 0.0000, 0.0000, 0.0000,
    0.0081, 0.0143, 0.0110, 0.0132, 0.1525, 0.0180, 0.0617, 0.0279, 0.0310, 0.0345,
    0.0237, 0.0034, 0.0052, 0.0023, 0.0718, 0.0278, 0.0034, 0.0437, 0.0054, 0.0083,
    0.0053, 0.0008, 0.0002, 0.0294, 0.0298, 0.0384, 0.0024, 0.0369, 0.0236, 0.0136,
    0.0088, 0.0116, 0.0108, 0.1083, 0.0303, 0.0034, 0.0037, 0.0096, 0.0060, 0.0035,
    0.0059, 0.0149, 0.0021, 0.0033, 0.0029, 0.0031, 0.0158, 0.0180, 0.0025, 0.0050,
    0.0004, 0.0135, 0.0030, 0.0458, 0.0185, 0.0326, 0.0072, 0.0422, 0.0015, 0.0153,
  ]

### gradients/critic_grad_norm
  Total points: 100
  Min: 0.0000, Max: 3.1330, Mean: 0.4987
  Data: [
    0.0000, 0.0000, 0.0000, 0.0000, 0.0000, 0.0000, 0.0000, 0.0000, 0.0000, 0.0000,
    0.0000, 0.0000, 0.0000, 0.0000, 0.0000, 0.0000, 0.0000, 0.0000, 0.0000, 0.0000,
    0.0000, 0.0000, 0.0000, 0.0000, 0.0000, 0.0000, 0.0000, 0.0000, 0.0000, 0.0000,
    0.0000, 0.0000, 0.0000, 0.0000, 0.0000, 0.0000, 0.0000, 0.0000, 0.0000, 0.0634,
    0.6100, 0.7427, 0.5829, 0.7049, 0.5695, 0.5111, 0.5805, 0.6291, 0.4545, 0.7526,
    0.7294, 0.5783, 0.5890, 0.6043, 1.3274, 0.5358, 1.0215, 0.7796, 0.3977, 0.8293,
    1.2315, 0.4408, 0.5925, 0.7953, 0.5795, 0.8832, 0.7169, 0.9710, 1.0990, 0.6483,
    0.5138, 0.8943, 0.7725, 0.5361, 0.6790, 3.1330, 0.4052, 1.0220, 1.0613, 0.4754,
    1.8928, 0.3860, 0.8736, 0.4862, 1.0349, 0.3295, 2.0738, 1.3678, 0.8727, 1.0713,
    0.8816, 1.0242, 0.7005, 1.3558, 0.5902, 0.5147, 0.7816, 1.4705, 0.6805, 0.4374,
  ]

### hacking/pbrs_to_sparse_ratio
  Total points: 100
  Min: 0.0544, Max: 2.0393, Mean: 0.2534
  Data: [
    0.0980, 0.0728, 0.0597, 0.0697, 0.0645, 0.0951, 0.0736, 0.0768, 0.0774, 0.0932,
    0.3429, 0.1001, 0.0754, 0.0811, 0.6237, 0.0721, 0.0798, 0.1246, 0.0544, 0.1302,
    0.2462, 0.0749, 0.0982, 0.0660, 0.0722, 0.0810, 0.0622, 0.0601, 0.0816, 0.0966,
    0.0886, 0.2445, 0.0609, 0.0695, 0.5958, 0.1127, 0.0622, 0.0877, 0.0790, 0.0821,
    0.0735, 0.1123, 0.0740, 0.1449, 0.1902, 0.5978, 0.1033, 0.4868, 0.0799, 0.1215,
    0.4704, 0.6106, 0.4074, 0.2016, 0.5175, 0.2672, 0.2981, 1.9289, 2.0393, 1.4646,
    0.1215, 0.7804, 1.4963, 0.1051, 1.0703, 0.4972, 0.1770, 0.5071, 0.4617, 0.0849,
    0.1721, 0.3222, 0.0896, 0.1625, 0.3750, 0.2967, 0.0776, 0.0729, 0.0836, 0.0791,
    0.0879, 0.3615, 0.0908, 0.0980, 0.0718, 0.0692, 0.0903, 0.0733, 1.0652, 0.1805,
    0.0829, 0.0724, 0.1408, 0.1096, 0.0651, 0.0716, 0.1458, 0.1499, 0.1002, 0.0993,
  ]

### hacking/possession_hoarding_ratio
  Total points: 100
  Min: 0.0000, Max: 0.7477, Mean: 0.3001
  Data: [
    0.2438, 0.1333, 0.1917, 0.2131, 0.1333, 0.2849, 0.1375, 0.1583, 0.0143, 0.0889,
    0.2600, 0.0738, 0.1667, 0.2217, 0.0792, 0.0250, 0.4208, 0.1417, 0.0500, 0.3778,
    0.4500, 0.3790, 0.1538, 0.1143, 0.1741, 0.0800, 0.1471, 0.0000, 0.2164, 0.3333,
    0.2846, 0.3758, 0.1000, 0.0000, 0.2096, 0.1238, 0.3235, 0.2957, 0.1628, 0.0308,
    0.0750, 0.3000, 0.2404, 0.4745, 0.5479, 0.5288, 0.5196, 0.3486, 0.4312, 0.4693,
    0.3298, 0.5798, 0.6369, 0.7477, 0.3976, 0.6024, 0.5286, 0.5071, 0.5750, 0.5976,
    0.4214, 0.5476, 0.5298, 0.4167, 0.5226, 0.5226, 0.6631, 0.4446, 0.3686, 0.3821,
    0.3455, 0.1738, 0.1514, 0.2400, 0.1167, 0.2167, 0.3083, 0.2500, 0.3167, 0.2500,
    0.5167, 0.2500, 0.2750, 0.2500, 0.2667, 0.0000, 0.2833, 0.2833, 0.3833, 0.5917,
    0.6667, 0.4500, 0.3083, 0.4167, 0.0500, 0.2000, 0.3600, 0.2333, 0.1833, 0.0475,
  ]

### hacking/possession_no_shoot_count
  Total points: 100
  Min: 0.0000, Max: 24.5000, Mean: 4.4410
  Data: [
    2.1000, 0.4000, 1.2000, 1.3000, 0.4000, 1.4000, 0.5000, 1.1000, 0.1000, 0.7000,
    0.5000, 0.9000, 0.5000, 1.7000, 0.4000, 0.1000, 2.4000, 0.8000, 0.1000, 1.7000,
    2.3000, 4.1000, 0.8000, 0.4000, 2.2000, 0.4000, 2.5000, 0.0000, 1.8000, 1.4000,
    1.3000, 2.4000, 0.1000, 0.0000, 1.3000, 0.8000, 0.9000, 1.3000, 1.2000, 0.4000,
    0.2000, 0.7000, 4.8000, 13.8000, 13.6000, 14.7000, 12.4000, 3.9000, 10.5000, 7.1000,
    10.0000, 12.8000, 21.0000, 22.6000, 11.4000, 16.2000, 15.9000, 11.3000, 11.8000, 13.1000,
    10.2000, 16.4000, 12.7000, 11.5000, 12.1000, 14.4000, 24.5000, 13.2000, 14.7000, 12.4000,
    8.6000, 5.0000, 2.7000, 0.8000, 0.3000, 0.5000, 0.9000, 0.3000, 0.5000, 0.3000,
    0.7000, 0.3000, 0.4000, 0.5000, 0.4000, 0.0000, 0.6000, 0.4000, 0.8000, 1.1000,
    1.0000, 0.5000, 0.6000, 0.7000, 0.1000, 0.2000, 0.9000, 0.4000, 0.3000, 0.5000,
  ]

### losses/actor_loss
  Total points: 100
  Min: 0.0000, Max: 4.0769, Mean: 2.0867
  Data: [
    0.0000, 0.0000, 0.0000, 0.0000, 0.0000, 0.0000, 0.0000, 0.0000, 0.0000, 0.0000,
    0.0000, 0.0000, 0.0000, 0.0000, 0.0000, 0.0000, 0.0000, 0.0000, 0.0000, 0.0000,
    0.0000, 0.0000, 0.0000, 0.0000, 0.0000, 0.0000, 0.0000, 0.0000, 0.0000, 0.0000,
    0.0000, 0.0000, 0.0000, 0.0000, 0.0000, 0.0000, 0.0000, 0.0000, 0.0000, 0.1003,
    0.9590, 1.7294, 2.4269, 2.9583, 3.2513, 3.6118, 3.7243, 3.8692, 3.9041, 4.0769,
    3.5668, 3.5450, 3.5711, 3.5265, 3.4532, 3.5726, 3.5130, 3.5277, 3.6239, 3.5918,
    3.5521, 3.5400, 3.4734, 3.5101, 3.4633, 3.5430, 3.6401, 3.4902, 3.5231, 3.5585,
    3.4408, 3.4064, 3.6476, 3.6967, 3.6412, 3.6294, 3.6293, 3.6749, 3.6433, 3.6215,
    3.6293, 3.5306, 3.5247, 3.5189, 3.6283, 3.6211, 3.5144, 3.5385, 3.4437, 3.6221,
    3.6190, 3.5567, 3.5358, 3.6348, 3.4784, 3.6630, 3.5504, 3.4914, 3.5557, 3.5825,
  ]

### losses/critic_loss
  Total points: 100
  Min: 0.0000, Max: 0.0630, Mean: 0.0211
  Data: [
    0.0000, 0.0000, 0.0000, 0.0000, 0.0000, 0.0000, 0.0000, 0.0000, 0.0000, 0.0000,
    0.0000, 0.0000, 0.0000, 0.0000, 0.0000, 0.0000, 0.0000, 0.0000, 0.0000, 0.0000,
    0.0000, 0.0000, 0.0000, 0.0000, 0.0000, 0.0000, 0.0000, 0.0000, 0.0000, 0.0000,
    0.0000, 0.0000, 0.0000, 0.0000, 0.0000, 0.0000, 0.0000, 0.0000, 0.0000, 0.0375,
    0.0367, 0.0630, 0.0308, 0.0523, 0.0316, 0.0447, 0.0237, 0.0405, 0.0207, 0.0366,
    0.0303, 0.0473, 0.0348, 0.0354, 0.0485, 0.0275, 0.0491, 0.0443, 0.0519, 0.0311,
    0.0458, 0.0325, 0.0182, 0.0315, 0.0401, 0.0447, 0.0481, 0.0298, 0.0358, 0.0353,
    0.0368, 0.0351, 0.0389, 0.0269, 0.0274, 0.0555, 0.0309, 0.0351, 0.0259, 0.0346,
    0.0255, 0.0245, 0.0267, 0.0182, 0.0313, 0.0222, 0.0399, 0.0399, 0.0264, 0.0384,
    0.0319, 0.0240, 0.0363, 0.0496, 0.0225, 0.0177, 0.0176, 0.0306, 0.0210, 0.0345,
  ]

### pbrs/annealing_weight
  Total points: 100
  Min: 1.0000, Max: 1.0000, Mean: 1.0000
  Data: [
    1.0000, 1.0000, 1.0000, 1.0000, 1.0000, 1.0000, 1.0000, 1.0000, 1.0000, 1.0000,
    1.0000, 1.0000, 1.0000, 1.0000, 1.0000, 1.0000, 1.0000, 1.0000, 1.0000, 1.0000,
    1.0000, 1.0000, 1.0000, 1.0000, 1.0000, 1.0000, 1.0000, 1.0000, 1.0000, 1.0000,
    1.0000, 1.0000, 1.0000, 1.0000, 1.0000, 1.0000, 1.0000, 1.0000, 1.0000, 1.0000,
    1.0000, 1.0000, 1.0000, 1.0000, 1.0000, 1.0000, 1.0000, 1.0000, 1.0000, 1.0000,
    1.0000, 1.0000, 1.0000, 1.0000, 1.0000, 1.0000, 1.0000, 1.0000, 1.0000, 1.0000,
    1.0000, 1.0000, 1.0000, 1.0000, 1.0000, 1.0000, 1.0000, 1.0000, 1.0000, 1.0000,
    1.0000, 1.0000, 1.0000, 1.0000, 1.0000, 1.0000, 1.0000, 1.0000, 1.0000, 1.0000,
    1.0000, 1.0000, 1.0000, 1.0000, 1.0000, 1.0000, 1.0000, 1.0000, 1.0000, 1.0000,
    1.0000, 1.0000, 1.0000, 1.0000, 1.0000, 1.0000, 1.0000, 1.0000, 1.0000, 1.0000,
  ]

### pbrs/avg_per_episode
  Total points: 100
  Min: 1.0376, Max: 1.1803, Mean: 1.1081
  Data: [
    1.1716, 1.1543, 1.1599, 1.1711, 1.1548, 1.1695, 1.1721, 1.1695, 1.1712, 1.1760,
    1.1782, 1.1713, 1.1755, 1.1803, 1.1796, 1.1787, 1.1786, 1.1766, 1.1757, 1.1741,
    1.1761, 1.1734, 1.1767, 1.1764, 1.1752, 1.1741, 1.1745, 1.1742, 1.1741, 1.1740,
    1.1742, 1.1744, 1.1735, 1.1741, 1.1756, 1.1761, 1.1752, 1.1755, 1.1768, 1.1769,
    1.1726, 1.1672, 1.1613, 1.1573, 1.1544, 1.1511, 1.1487, 1.1459, 1.1427, 1.1384,
    1.0531, 1.0528, 1.0528, 1.0527, 1.0523, 1.0519, 1.0516, 1.0514, 1.0510, 1.0508,
    1.0508, 1.0509, 1.0511, 1.0511, 1.0510, 1.0509, 1.0510, 1.0507, 1.0505, 1.0504,
    1.0499, 1.0502, 1.0498, 1.0495, 1.0490, 1.0486, 1.0477, 1.0471, 1.0462, 1.0454,
    1.0447, 1.0439, 1.0434, 1.0431, 1.0423, 1.0422, 1.0420, 1.0416, 1.0411, 1.0410,
    1.0406, 1.0406, 1.0406, 1.0408, 1.0403, 1.0395, 1.0387, 1.0381, 1.0376, 1.0376,
  ]

### performance/cumulative_win_rate
  Total points: 100
  Min: 0.0709, Max: 0.1921, Mean: 0.1364
  Data: [
    0.0800, 0.0900, 0.0867, 0.0850, 0.0840, 0.0833, 0.0829, 0.0825, 0.0756, 0.0760,
    0.0709, 0.0717, 0.0738, 0.0743, 0.0760, 0.0737, 0.0776, 0.0811, 0.0789, 0.0780,
    0.0810, 0.0818, 0.0817, 0.0842, 0.0832, 0.0831, 0.0859, 0.0857, 0.0869, 0.0867,
    0.0865, 0.0881, 0.0873, 0.0859, 0.0857, 0.0861, 0.0838, 0.0821, 0.0815, 0.0805,
    0.0800, 0.0843, 0.0907, 0.0977, 0.1022, 0.1070, 0.1098, 0.1167, 0.1229, 0.1304,
    0.1921, 0.1921, 0.1920, 0.1917, 0.1912, 0.1912, 0.1910, 0.1907, 0.1902, 0.1900,
    0.1899, 0.1893, 0.1891, 0.1890, 0.1888, 0.1884, 0.1882, 0.1882, 0.1878, 0.1873,
    0.1867, 0.1862, 0.1858, 0.1853, 0.1853, 0.1855, 0.1858, 0.1855, 0.1851, 0.1852,
    0.1850, 0.1849, 0.1850, 0.1851, 0.1850, 0.1843, 0.1838, 0.1834, 0.1833, 0.1831,
    0.1832, 0.1830, 0.1827, 0.1826, 0.1826, 0.1828, 0.1832, 0.1835, 0.1841, 0.1835,
  ]

### performance/losses
  Total points: 100
  Min: 28.0000, Max: 5601.0000, Mean: 2752.6900
  Data: [
    28.0000, 52.0000, 75.0000, 101.0000, 131.0000, 153.0000, 182.0000, 205.0000, 231.0000, 255.0000,
    278.0000, 302.0000, 321.0000, 345.0000, 364.0000, 394.0000, 418.0000, 447.0000, 471.0000, 495.0000,
    519.0000, 542.0000, 558.0000, 578.0000, 610.0000, 637.0000, 660.0000, 687.0000, 707.0000, 733.0000,
    755.0000, 778.0000, 801.0000, 825.0000, 848.0000, 868.0000, 901.0000, 921.0000, 946.0000, 973.0000,
    1001.0000, 1029.0000, 1055.0000, 1072.0000, 1090.0000, 1113.0000, 1136.0000, 1152.0000, 1171.0000, 1190.0000,
    4194.0000, 4220.0000, 4247.0000, 4278.0000, 4312.0000, 4345.0000, 4380.0000, 4404.0000, 4435.0000, 4463.0000,
    4484.0000, 4508.0000, 4525.0000, 4549.0000, 4570.0000, 4598.0000, 4622.0000, 4646.0000, 4671.0000, 4693.0000,
    4729.0000, 4754.0000, 4787.0000, 4819.0000, 4847.0000, 4875.0000, 4904.0000, 4939.0000, 4975.0000, 5003.0000,
    5037.0000, 5070.0000, 5102.0000, 5129.0000, 5163.0000, 5192.0000, 5220.0000, 5252.0000, 5283.0000, 5315.0000,
    5344.0000, 5363.0000, 5387.0000, 5407.0000, 5440.0000, 5475.0000, 5505.0000, 5538.0000, 5566.0000, 5601.0000,
  ]

### performance/ties
  Total points: 100
  Min: 18.0000, Max: 4401.0000, Mean: 2312.0700
  Data: [
    18.0000, 39.0000, 62.0000, 82.0000, 98.0000, 122.0000, 139.0000, 162.0000, 185.0000, 207.0000,
    233.0000, 255.0000, 281.0000, 303.0000, 329.0000, 347.0000, 366.0000, 380.0000, 404.0000, 427.0000,
    446.0000, 468.0000, 498.0000, 521.0000, 536.0000, 555.0000, 574.0000, 593.0000, 617.0000, 637.0000,
    661.0000, 681.0000, 705.0000, 729.0000, 752.0000, 777.0000, 794.0000, 823.0000, 845.0000, 866.0000,
    885.0000, 894.0000, 900.0000, 913.0000, 930.0000, 941.0000, 956.0000, 968.0000, 978.0000, 984.0000,
    3723.0000, 3738.0000, 3752.0000, 3765.0000, 3776.0000, 3783.0000, 3791.0000, 3810.0000, 3825.0000, 3839.0000,
    3860.0000, 3883.0000, 3908.0000, 3926.0000, 3948.0000, 3964.0000, 3983.0000, 4000.0000, 4020.0000, 4044.0000,
    4055.0000, 4076.0000, 4088.0000, 4102.0000, 4115.0000, 4125.0000, 4134.0000, 4143.0000, 4152.0000, 4164.0000,
    4172.0000, 4181.0000, 4189.0000, 4202.0000, 4209.0000, 4229.0000, 4248.0000, 4261.0000, 4272.0000, 4283.0000,
    4294.0000, 4319.0000, 4339.0000, 4361.0000, 4369.0000, 4372.0000, 4378.0000, 4382.0000, 4388.0000, 4401.0000,
  ]

### performance/wins
  Total points: 100
  Min: 4.0000, Max: 2248.0000, Mean: 1085.2400
  Data: [
    4.0000, 9.0000, 13.0000, 17.0000, 21.0000, 25.0000, 29.0000, 33.0000, 34.0000, 38.0000,
    39.0000, 43.0000, 48.0000, 52.0000, 57.0000, 59.0000, 66.0000, 73.0000, 75.0000, 78.0000,
    85.0000, 90.0000, 94.0000, 101.0000, 104.0000, 108.0000, 116.0000, 120.0000, 126.0000, 130.0000,
    134.0000, 141.0000, 144.0000, 146.0000, 150.0000, 155.0000, 155.0000, 156.0000, 159.0000, 161.0000,
    164.0000, 177.0000, 195.0000, 215.0000, 230.0000, 246.0000, 258.0000, 280.0000, 301.0000, 326.0000,
    1883.0000, 1892.0000, 1901.0000, 1907.0000, 1912.0000, 1922.0000, 1929.0000, 1936.0000, 1940.0000, 1948.0000,
    1956.0000, 1959.0000, 1967.0000, 1975.0000, 1982.0000, 1988.0000, 1995.0000, 2004.0000, 2009.0000, 2013.0000,
    2016.0000, 2020.0000, 2025.0000, 2029.0000, 2038.0000, 2050.0000, 2062.0000, 2068.0000, 2073.0000, 2083.0000,
    2091.0000, 2099.0000, 2109.0000, 2119.0000, 2128.0000, 2129.0000, 2132.0000, 2137.0000, 2145.0000, 2152.0000,
    2162.0000, 2168.0000, 2174.0000, 2182.0000, 2191.0000, 2203.0000, 2217.0000, 2230.0000, 2246.0000, 2248.0000,
  ]

### rewards/p1
  Total points: 100
  Min: -22.0545, Max: 2.3895, Mean: -10.2465
  Data: [
    -14.0546, -15.4118, -18.1784, -15.9436, -16.9922, -22.0545, -20.0585, -17.8609, -18.0480, -19.1409,
    -19.1720, -14.8277, -15.4765, -18.3636, -10.2984, -20.2795, -16.3104, -5.8662, -19.7502, -12.1892,
    -15.7639, -13.2334, -17.8834, -19.0084, -16.9400, -17.6949, -16.7129, -21.5735, -12.7006, -15.9640,
    -15.4700, -15.1978, -20.3015, -21.9247, -11.7575, -15.8826, -19.1678, -19.2976, -17.4892, -15.8429,
    -6.7413, -5.3199, -4.9569, 1.6959, 0.3272, -1.6615, -4.1695, -3.5318, -4.8160, -4.7147,
    -7.5127, -3.9176, 2.3895, -6.7713, -6.7290, -6.3264, -5.7011, -2.6086, -5.1341, -2.6710,
    -8.2989, -8.7074, -2.5547, -6.0609, -5.4291, -2.0484, -7.1354, -3.7797, -6.5546, -8.9190,
    -9.9761, -4.9031, -4.1844, -11.3174, -8.2440, -4.7411, -5.4313, -6.8775, -8.7168, -6.3269,
    -6.2075, -7.2231, -6.4461, -9.0278, -9.6769, -12.3276, -6.9414, -7.2059, -8.0207, -8.0653,
    -10.0696, -5.9169, -10.8969, -0.2580, -6.8022, -9.3541, -6.0709, -4.8430, -2.4951, -7.6434,
  ]

### rewards/p2
  Total points: 100
  Min: -1.3572, Max: 23.2619, Mean: 11.2961
  Data: [
    15.1881, 16.6340, 19.2742, 17.0903, 18.0446, 23.2619, 21.4039, 19.0823, 19.2487, 20.4037,
    20.3503, 15.9157, 16.6095, 19.6465, 11.5277, 21.4376, 17.6019, 6.8061, 20.7348, 13.3677,
    16.9221, 14.2853, 19.1298, 20.2375, 18.1654, 18.8543, 17.7950, 22.7376, 13.8665, 17.0901,
    16.5353, 16.4941, 21.5005, 23.1592, 12.8778, 16.9094, 20.3528, 20.4205, 18.8595, 17.1392,
    7.5420, 6.3205, 5.7888, -0.7031, 0.6431, 2.7469, 5.1681, 4.4713, 5.8282, 5.7330,
    8.3662, 5.0571, -1.3572, 7.8384, 7.7303, 7.4181, 6.7788, 3.6116, 6.1718, 3.6385,
    9.3276, 9.7751, 3.6285, 7.0892, 6.4016, 3.0378, 8.3683, 4.7280, 7.6577, 10.0748,
    10.9542, 5.9379, 5.0993, 12.3841, 9.1661, 5.6032, 6.2548, 7.7083, 9.6075, 7.1456,
    7.0976, 8.0909, 7.3034, 9.9845, 10.5684, 13.2505, 7.9253, 8.0529, 9.0671, 9.0451,
    11.1514, 6.8224, 12.0026, 1.1994, 7.5406, 10.2290, 6.9475, 5.6849, 3.3936, 8.5481,
  ]

### rewards/sparse_only
  Total points: 100
  Min: -23.2619, Max: 1.3572, Mean: -11.2961
  Data: [
    -15.1881, -16.6340, -19.2742, -17.0903, -18.0446, -23.2619, -21.4039, -19.0823, -19.2487, -20.4037,
    -20.3503, -15.9157, -16.6095, -19.6465, -11.5277, -21.4376, -17.6019, -6.8061, -20.7348, -13.3677,
    -16.9221, -14.2853, -19.1298, -20.2375, -18.1654, -18.8543, -17.7950, -22.7376, -13.8665, -17.0901,
    -16.5353, -16.4941, -21.5005, -23.1592, -12.8778, -16.9094, -20.3528, -20.4205, -18.8595, -17.1392,
    -7.5420, -6.3205, -5.7888, 0.7031, -0.6431, -2.7469, -5.1681, -4.4713, -5.8282, -5.7330,
    -8.3662, -5.0571, 1.3572, -7.8384, -7.7303, -7.4181, -6.7788, -3.6116, -6.1718, -3.6385,
    -9.3276, -9.7751, -3.6285, -7.0892, -6.4016, -3.0378, -8.3683, -4.7280, -7.6577, -10.0748,
    -10.9542, -5.9379, -5.0993, -12.3841, -9.1661, -5.6032, -6.2548, -7.7083, -9.6075, -7.1456,
    -7.0976, -8.0909, -7.3034, -9.9845, -10.5684, -13.2505, -7.9253, -8.0529, -9.0671, -9.0451,
    -11.1514, -6.8224, -12.0026, -1.1994, -7.5406, -10.2290, -6.9475, -5.6849, -3.3936, -8.5481,
  ]

### rewards/sparse_ratio
  Total points: 100
  Min: -1.9656, Max: 4.6491, Mean: 1.1286
  Data: [
    1.0807, 1.0793, 1.0603, 1.0719, 1.0619, 1.0547, 1.0671, 1.0684, 1.0665, 1.0660,
    1.0615, 1.0734, 1.0732, 1.0699, 1.1194, 1.0571, 1.0792, 1.1602, 1.0499, 1.0967,
    1.0735, 1.0795, 1.0697, 1.0647, 1.0723, 1.0655, 1.0647, 1.0540, 1.0918, 1.0705,
    1.0689, 1.0853, 1.0591, 1.0563, 1.0953, 1.0647, 1.0618, 1.0582, 1.0784, 1.0818,
    1.1188, 1.1881, 1.1678, 0.4146, -1.9656, 1.6532, 1.2395, 1.2660, 1.2102, 1.2160,
    1.1136, 1.2909, 0.5680, 1.1576, 1.1488, 1.1726, 1.1890, 1.3845, 1.2021, 1.3622,
    1.1240, 1.1226, 1.4203, 1.1697, 1.1791, 1.4830, 1.1728, 1.2509, 1.1683, 1.1296,
    1.0980, 1.2111, 1.2187, 1.0942, 1.1119, 1.1818, 1.1516, 1.1208, 1.1022, 1.1294,
    1.1434, 1.1201, 1.1330, 1.1060, 1.0921, 1.0749, 1.1417, 1.1175, 1.1305, 1.1215,
    1.1074, 1.1530, 1.1015, 4.6491, 1.1085, 1.0935, 1.1444, 1.1738, 1.3601, 1.1184,
  ]

### scoring/goals_conceded
  Total points: 100
  Min: 28.0000, Max: 5601.0000, Mean: 2752.6900
  Data: [
    28.0000, 52.0000, 75.0000, 101.0000, 131.0000, 153.0000, 182.0000, 205.0000, 231.0000, 255.0000,
    278.0000, 302.0000, 321.0000, 345.0000, 364.0000, 394.0000, 418.0000, 447.0000, 471.0000, 495.0000,
    519.0000, 542.0000, 558.0000, 578.0000, 610.0000, 637.0000, 660.0000, 687.0000, 707.0000, 733.0000,
    755.0000, 778.0000, 801.0000, 825.0000, 848.0000, 868.0000, 901.0000, 921.0000, 946.0000, 973.0000,
    1001.0000, 1029.0000, 1055.0000, 1072.0000, 1090.0000, 1113.0000, 1136.0000, 1152.0000, 1171.0000, 1190.0000,
    4194.0000, 4220.0000, 4247.0000, 4278.0000, 4312.0000, 4345.0000, 4380.0000, 4404.0000, 4435.0000, 4463.0000,
    4484.0000, 4508.0000, 4525.0000, 4549.0000, 4570.0000, 4598.0000, 4622.0000, 4646.0000, 4671.0000, 4693.0000,
    4729.0000, 4754.0000, 4787.0000, 4819.0000, 4847.0000, 4875.0000, 4904.0000, 4939.0000, 4975.0000, 5003.0000,
    5037.0000, 5070.0000, 5102.0000, 5129.0000, 5163.0000, 5192.0000, 5220.0000, 5252.0000, 5283.0000, 5315.0000,
    5344.0000, 5363.0000, 5387.0000, 5407.0000, 5440.0000, 5475.0000, 5505.0000, 5538.0000, 5566.0000, 5601.0000,
  ]

### scoring/goals_scored
  Total points: 100
  Min: 4.0000, Max: 2248.0000, Mean: 1085.2400
  Data: [
    4.0000, 9.0000, 13.0000, 17.0000, 21.0000, 25.0000, 29.0000, 33.0000, 34.0000, 38.0000,
    39.0000, 43.0000, 48.0000, 52.0000, 57.0000, 59.0000, 66.0000, 73.0000, 75.0000, 78.0000,
    85.0000, 90.0000, 94.0000, 101.0000, 104.0000, 108.0000, 116.0000, 120.0000, 126.0000, 130.0000,
    134.0000, 141.0000, 144.0000, 146.0000, 150.0000, 155.0000, 155.0000, 156.0000, 159.0000, 161.0000,
    164.0000, 177.0000, 195.0000, 215.0000, 230.0000, 246.0000, 258.0000, 280.0000, 301.0000, 326.0000,
    1883.0000, 1892.0000, 1901.0000, 1907.0000, 1912.0000, 1922.0000, 1929.0000, 1936.0000, 1940.0000, 1948.0000,
    1956.0000, 1959.0000, 1967.0000, 1975.0000, 1982.0000, 1988.0000, 1995.0000, 2004.0000, 2009.0000, 2013.0000,
    2016.0000, 2020.0000, 2025.0000, 2029.0000, 2038.0000, 2050.0000, 2062.0000, 2068.0000, 2073.0000, 2083.0000,
    2091.0000, 2099.0000, 2109.0000, 2119.0000, 2128.0000, 2129.0000, 2132.0000, 2137.0000, 2145.0000, 2152.0000,
    2162.0000, 2168.0000, 2174.0000, 2182.0000, 2191.0000, 2203.0000, 2217.0000, 2230.0000, 2246.0000, 2248.0000,
  ]

### selfplay/active
  Total points: 100
  Min: 0.0000, Max: 0.0000, Mean: 0.0000
  Data: [
    0.0000, 0.0000, 0.0000, 0.0000, 0.0000, 0.0000, 0.0000, 0.0000, 0.0000, 0.0000,
    0.0000, 0.0000, 0.0000, 0.0000, 0.0000, 0.0000, 0.0000, 0.0000, 0.0000, 0.0000,
    0.0000, 0.0000, 0.0000, 0.0000, 0.0000, 0.0000, 0.0000, 0.0000, 0.0000, 0.0000,
    0.0000, 0.0000, 0.0000, 0.0000, 0.0000, 0.0000, 0.0000, 0.0000, 0.0000, 0.0000,
    0.0000, 0.0000, 0.0000, 0.0000, 0.0000, 0.0000, 0.0000, 0.0000, 0.0000, 0.0000,
    0.0000, 0.0000, 0.0000, 0.0000, 0.0000, 0.0000, 0.0000, 0.0000, 0.0000, 0.0000,
    0.0000, 0.0000, 0.0000, 0.0000, 0.0000, 0.0000, 0.0000, 0.0000, 0.0000, 0.0000,
    0.0000, 0.0000, 0.0000, 0.0000, 0.0000, 0.0000, 0.0000, 0.0000, 0.0000, 0.0000,
    0.0000, 0.0000, 0.0000, 0.0000, 0.0000, 0.0000, 0.0000, 0.0000, 0.0000, 0.0000,
    0.0000, 0.0000, 0.0000, 0.0000, 0.0000, 0.0000, 0.0000, 0.0000, 0.0000, 0.0000,
  ]

### selfplay/episode_opponent_type_selfplay
  Total points: 100
  Min: 0.0000, Max: 0.0000, Mean: 0.0000
  Data: [
    0.0000, 0.0000, 0.0000, 0.0000, 0.0000, 0.0000, 0.0000, 0.0000, 0.0000, 0.0000,
    0.0000, 0.0000, 0.0000, 0.0000, 0.0000, 0.0000, 0.0000, 0.0000, 0.0000, 0.0000,
    0.0000, 0.0000, 0.0000, 0.0000, 0.0000, 0.0000, 0.0000, 0.0000, 0.0000, 0.0000,
    0.0000, 0.0000, 0.0000, 0.0000, 0.0000, 0.0000, 0.0000, 0.0000, 0.0000, 0.0000,
    0.0000, 0.0000, 0.0000, 0.0000, 0.0000, 0.0000, 0.0000, 0.0000, 0.0000, 0.0000,
    0.0000, 0.0000, 0.0000, 0.0000, 0.0000, 0.0000, 0.0000, 0.0000, 0.0000, 0.0000,
    0.0000, 0.0000, 0.0000, 0.0000, 0.0000, 0.0000, 0.0000, 0.0000, 0.0000, 0.0000,
    0.0000, 0.0000, 0.0000, 0.0000, 0.0000, 0.0000, 0.0000, 0.0000, 0.0000, 0.0000,
    0.0000, 0.0000, 0.0000, 0.0000, 0.0000, 0.0000, 0.0000, 0.0000, 0.0000, 0.0000,
    0.0000, 0.0000, 0.0000, 0.0000, 0.0000, 0.0000, 0.0000, 0.0000, 0.0000, 0.0000,
  ]

### selfplay/episode_opponent_type_strong
  Total points: 100
  Min: 0.0000, Max: 0.0000, Mean: 0.0000
  Data: [
    0.0000, 0.0000, 0.0000, 0.0000, 0.0000, 0.0000, 0.0000, 0.0000, 0.0000, 0.0000,
    0.0000, 0.0000, 0.0000, 0.0000, 0.0000, 0.0000, 0.0000, 0.0000, 0.0000, 0.0000,
    0.0000, 0.0000, 0.0000, 0.0000, 0.0000, 0.0000, 0.0000, 0.0000, 0.0000, 0.0000,
    0.0000, 0.0000, 0.0000, 0.0000, 0.0000, 0.0000, 0.0000, 0.0000, 0.0000, 0.0000,
    0.0000, 0.0000, 0.0000, 0.0000, 0.0000, 0.0000, 0.0000, 0.0000, 0.0000, 0.0000,
    0.0000, 0.0000, 0.0000, 0.0000, 0.0000, 0.0000, 0.0000, 0.0000, 0.0000, 0.0000,
    0.0000, 0.0000, 0.0000, 0.0000, 0.0000, 0.0000, 0.0000, 0.0000, 0.0000, 0.0000,
    0.0000, 0.0000, 0.0000, 0.0000, 0.0000, 0.0000, 0.0000, 0.0000, 0.0000, 0.0000,
    0.0000, 0.0000, 0.0000, 0.0000, 0.0000, 0.0000, 0.0000, 0.0000, 0.0000, 0.0000,
    0.0000, 0.0000, 0.0000, 0.0000, 0.0000, 0.0000, 0.0000, 0.0000, 0.0000, 0.0000,
  ]

### selfplay/episode_opponent_type_weak
  Total points: 100
  Min: 1.0000, Max: 1.0000, Mean: 1.0000
  Data: [
    1.0000, 1.0000, 1.0000, 1.0000, 1.0000, 1.0000, 1.0000, 1.0000, 1.0000, 1.0000,
    1.0000, 1.0000, 1.0000, 1.0000, 1.0000, 1.0000, 1.0000, 1.0000, 1.0000, 1.0000,
    1.0000, 1.0000, 1.0000, 1.0000, 1.0000, 1.0000, 1.0000, 1.0000, 1.0000, 1.0000,
    1.0000, 1.0000, 1.0000, 1.0000, 1.0000, 1.0000, 1.0000, 1.0000, 1.0000, 1.0000,
    1.0000, 1.0000, 1.0000, 1.0000, 1.0000, 1.0000, 1.0000, 1.0000, 1.0000, 1.0000,
    1.0000, 1.0000, 1.0000, 1.0000, 1.0000, 1.0000, 1.0000, 1.0000, 1.0000, 1.0000,
    1.0000, 1.0000, 1.0000, 1.0000, 1.0000, 1.0000, 1.0000, 1.0000, 1.0000, 1.0000,
    1.0000, 1.0000, 1.0000, 1.0000, 1.0000, 1.0000, 1.0000, 1.0000, 1.0000, 1.0000,
    1.0000, 1.0000, 1.0000, 1.0000, 1.0000, 1.0000, 1.0000, 1.0000, 1.0000, 1.0000,
    1.0000, 1.0000, 1.0000, 1.0000, 1.0000, 1.0000, 1.0000, 1.0000, 1.0000, 1.0000,
  ]

### selfplay/pool_size
  Total points: 100
  Min: 0.0000, Max: 0.0000, Mean: 0.0000
  Data: [
    0.0000, 0.0000, 0.0000, 0.0000, 0.0000, 0.0000, 0.0000, 0.0000, 0.0000, 0.0000,
    0.0000, 0.0000, 0.0000, 0.0000, 0.0000, 0.0000, 0.0000, 0.0000, 0.0000, 0.0000,
    0.0000, 0.0000, 0.0000, 0.0000, 0.0000, 0.0000, 0.0000, 0.0000, 0.0000, 0.0000,
    0.0000, 0.0000, 0.0000, 0.0000, 0.0000, 0.0000, 0.0000, 0.0000, 0.0000, 0.0000,
    0.0000, 0.0000, 0.0000, 0.0000, 0.0000, 0.0000, 0.0000, 0.0000, 0.0000, 0.0000,
    0.0000, 0.0000, 0.0000, 0.0000, 0.0000, 0.0000, 0.0000, 0.0000, 0.0000, 0.0000,
    0.0000, 0.0000, 0.0000, 0.0000, 0.0000, 0.0000, 0.0000, 0.0000, 0.0000, 0.0000,
    0.0000, 0.0000, 0.0000, 0.0000, 0.0000, 0.0000, 0.0000, 0.0000, 0.0000, 0.0000,
    0.0000, 0.0000, 0.0000, 0.0000, 0.0000, 0.0000, 0.0000, 0.0000, 0.0000, 0.0000,
    0.0000, 0.0000, 0.0000, 0.0000, 0.0000, 0.0000, 0.0000, 0.0000, 0.0000, 0.0000,
  ]

### selfplay/weak_ratio_target
  Total points: 100
  Min: 0.5000, Max: 0.5000, Mean: 0.5000
  Data: [
    0.5000, 0.5000, 0.5000, 0.5000, 0.5000, 0.5000, 0.5000, 0.5000, 0.5000, 0.5000,
    0.5000, 0.5000, 0.5000, 0.5000, 0.5000, 0.5000, 0.5000, 0.5000, 0.5000, 0.5000,
    0.5000, 0.5000, 0.5000, 0.5000, 0.5000, 0.5000, 0.5000, 0.5000, 0.5000, 0.5000,
    0.5000, 0.5000, 0.5000, 0.5000, 0.5000, 0.5000, 0.5000, 0.5000, 0.5000, 0.5000,
    0.5000, 0.5000, 0.5000, 0.5000, 0.5000, 0.5000, 0.5000, 0.5000, 0.5000, 0.5000,
    0.5000, 0.5000, 0.5000, 0.5000, 0.5000, 0.5000, 0.5000, 0.5000, 0.5000, 0.5000,
    0.5000, 0.5000, 0.5000, 0.5000, 0.5000, 0.5000, 0.5000, 0.5000, 0.5000, 0.5000,
    0.5000, 0.5000, 0.5000, 0.5000, 0.5000, 0.5000, 0.5000, 0.5000, 0.5000, 0.5000,
    0.5000, 0.5000, 0.5000, 0.5000, 0.5000, 0.5000, 0.5000, 0.5000, 0.5000, 0.5000,
    0.5000, 0.5000, 0.5000, 0.5000, 0.5000, 0.5000, 0.5000, 0.5000, 0.5000, 0.5000,
  ]

### training/avg_episode_length
  Total points: 100
  Min: 52.5000, Max: 197.6000, Mean: 140.4560
  Data: [
    132.6000, 169.2000, 132.6000, 132.3000, 155.4000, 176.9000, 177.6000, 160.5000, 172.5000, 169.1000,
    171.1000, 170.1000, 152.7000, 190.5000, 174.0000, 151.4000, 178.6000, 92.5000, 133.0000, 161.7000,
    161.1000, 155.6000, 182.1000, 179.9000, 159.3000, 143.5000, 143.7000, 161.0000, 147.2000, 155.8000,
    141.5000, 191.7000, 163.4000, 196.1000, 140.1000, 120.4000, 140.4000, 162.2000, 191.9000, 196.1000,
    70.4000, 133.5000, 73.9000, 147.1000, 145.0000, 146.9000, 124.1000, 111.8000, 135.0000, 130.6000,
    92.2000, 175.0000, 162.6000, 150.1000, 155.8000, 142.3000, 142.0000, 171.2000, 175.5000, 131.6000,
    153.3000, 169.2000, 194.6000, 135.7000, 149.6000, 139.4000, 197.6000, 136.5000, 172.4000, 170.4000,
    131.1000, 139.2000, 96.8000, 151.0000, 119.9000, 100.9000, 99.5000, 81.8000, 91.6000, 76.4000,
    92.6000, 98.3000, 84.6000, 117.0000, 102.5000, 124.8000, 131.5000, 88.5000, 152.2000, 149.0000,
    139.5000, 113.8000, 178.3000, 120.2000, 52.5000, 79.1000, 117.2000, 98.0000, 92.6000, 102.6000,
  ]

### training/calls_per_episode
  Total points: 100
  Min: 0.0000, Max: 0.0000, Mean: 0.0000
  Data: [
    0.0000, 0.0000, 0.0000, 0.0000, 0.0000, 0.0000, 0.0000, 0.0000, 0.0000, 0.0000,
    0.0000, 0.0000, 0.0000, 0.0000, 0.0000, 0.0000, 0.0000, 0.0000, 0.0000, 0.0000,
    0.0000, 0.0000, 0.0000, 0.0000, 0.0000, 0.0000, 0.0000, 0.0000, 0.0000, 0.0000,
    0.0000, 0.0000, 0.0000, 0.0000, 0.0000, 0.0000, 0.0000, 0.0000, 0.0000, 0.0000,
    0.0000, 0.0000, 0.0000, 0.0000, 0.0000, 0.0000, 0.0000, 0.0000, 0.0000, 0.0000,
    0.0000, 0.0000, 0.0000, 0.0000, 0.0000, 0.0000, 0.0000, 0.0000, 0.0000, 0.0000,
    0.0000, 0.0000, 0.0000, 0.0000, 0.0000, 0.0000, 0.0000, 0.0000, 0.0000, 0.0000,
    0.0000, 0.0000, 0.0000, 0.0000, 0.0000, 0.0000, 0.0000, 0.0000, 0.0000, 0.0000,
    0.0000, 0.0000, 0.0000, 0.0000, 0.0000, 0.0000, 0.0000, 0.0000, 0.0000, 0.0000,
    0.0000, 0.0000, 0.0000, 0.0000, 0.0000, 0.0000, 0.0000, 0.0000, 0.0000, 0.0000,
  ]

### training/episode
  Total points: 100
  Min: 50.0000, Max: 12250.0000, Mean: 6150.0000
  Data: [
    50.0000, 100.0000, 150.0000, 200.0000, 250.0000, 300.0000, 350.0000, 400.0000, 450.0000, 500.0000,
    550.0000, 600.0000, 650.0000, 700.0000, 750.0000, 800.0000, 850.0000, 900.0000, 950.0000, 1000.0000,
    1050.0000, 1100.0000, 1150.0000, 1200.0000, 1250.0000, 1300.0000, 1350.0000, 1400.0000, 1450.0000, 1500.0000,
    1550.0000, 1600.0000, 1650.0000, 1700.0000, 1750.0000, 1800.0000, 1850.0000, 1900.0000, 1950.0000, 2000.0000,
    2050.0000, 2100.0000, 2150.0000, 2200.0000, 2250.0000, 2300.0000, 2350.0000, 2400.0000, 2450.0000, 2500.0000,
    9800.0000, 9850.0000, 9900.0000, 9950.0000, 10000.0000, 10050.0000, 10100.0000, 10150.0000, 10200.0000, 10250.0000,
    10300.0000, 10350.0000, 10400.0000, 10450.0000, 10500.0000, 10550.0000, 10600.0000, 10650.0000, 10700.0000, 10750.0000,
    10800.0000, 10850.0000, 10900.0000, 10950.0000, 11000.0000, 11050.0000, 11100.0000, 11150.0000, 11200.0000, 11250.0000,
    11300.0000, 11350.0000, 11400.0000, 11450.0000, 11500.0000, 11550.0000, 11600.0000, 11650.0000, 11700.0000, 11750.0000,
    11800.0000, 11850.0000, 11900.0000, 11950.0000, 12000.0000, 12050.0000, 12100.0000, 12150.0000, 12200.0000, 12250.0000,
  ]

### training/eps_per_sec
  Total points: 100
  Min: 0.1981, Max: 6.6444, Mean: 2.4400
  Data: [
    4.9734, 6.1062, 5.6504, 5.8194, 6.6444, 5.2157, 5.9060, 5.8178, 5.6738, 5.5672,
    5.3360, 6.2154, 5.2493, 5.4124, 5.5924, 6.0868, 5.9420, 6.5757, 5.5742, 5.8723,
    5.6847, 6.0517, 4.8410, 5.6613, 6.2222, 6.1198, 5.7136, 6.1132, 5.6480, 5.9505,
    5.4753, 5.7683, 5.7102, 5.5336, 5.3583, 5.5374, 6.3578, 5.1981, 5.5171, 3.8232,
    0.2002, 0.3510, 0.2221, 0.3360, 0.2076, 0.3429, 0.2057, 0.3354, 0.2335, 0.3431,
    0.3387, 0.2342, 0.3340, 0.2356, 0.3421, 0.2262, 0.3346, 0.2083, 0.3263, 0.2054,
    0.3209, 0.2037, 0.3230, 0.2056, 0.3217, 0.2156, 0.3238, 0.2050, 0.3267, 0.2041,
    0.3349, 0.2042, 0.3398, 0.2052, 0.3318, 0.2123, 0.3336, 0.2144, 0.3297, 0.2395,
    0.3426, 0.2179, 0.3290, 0.2123, 0.3506, 0.2139, 0.3279, 0.2174, 0.3371, 0.2143,
    0.3292, 0.2013, 0.3348, 0.1981, 0.3335, 0.2100, 0.3383, 0.2382, 0.3317, 0.2463,
  ]

### training/epsilon
  Total points: 100
  Min: 0.0500, Max: 1.0000, Mean: 0.5123
  Data: [
    1.0000, 1.0000, 1.0000, 1.0000, 1.0000, 1.0000, 1.0000, 1.0000, 1.0000, 1.0000,
    1.0000, 1.0000, 1.0000, 1.0000, 1.0000, 1.0000, 1.0000, 1.0000, 1.0000, 1.0000,
    1.0000, 1.0000, 1.0000, 1.0000, 1.0000, 1.0000, 1.0000, 1.0000, 1.0000, 1.0000,
    1.0000, 1.0000, 1.0000, 1.0000, 1.0000, 1.0000, 1.0000, 1.0000, 1.0000, 0.9995,
    0.9748, 0.9507, 0.9273, 0.9044, 0.8820, 0.8602, 0.8390, 0.8183, 0.7981, 0.7784,
    0.0500, 0.0500, 0.0500, 0.0500, 0.0500, 0.0500, 0.0500, 0.0500, 0.0500, 0.0500,
    0.0500, 0.0500, 0.0500, 0.0500, 0.0500, 0.0500, 0.0500, 0.0500, 0.0500, 0.0500,
    0.0500, 0.0500, 0.0500, 0.0500, 0.0500, 0.0500, 0.0500, 0.0500, 0.0500, 0.0500,
    0.0500, 0.0500, 0.0500, 0.0500, 0.0500, 0.0500, 0.0500, 0.0500, 0.0500, 0.0500,
    0.0500, 0.0500, 0.0500, 0.0500, 0.0500, 0.0500, 0.0500, 0.0500, 0.0500, 0.0500,
  ]

### training/pbrs_enabled
  Total points: 100
  Min: 1.0000, Max: 1.0000, Mean: 1.0000
  Data: [
    1.0000, 1.0000, 1.0000, 1.0000, 1.0000, 1.0000, 1.0000, 1.0000, 1.0000, 1.0000,
    1.0000, 1.0000, 1.0000, 1.0000, 1.0000, 1.0000, 1.0000, 1.0000, 1.0000, 1.0000,
    1.0000, 1.0000, 1.0000, 1.0000, 1.0000, 1.0000, 1.0000, 1.0000, 1.0000, 1.0000,
    1.0000, 1.0000, 1.0000, 1.0000, 1.0000, 1.0000, 1.0000, 1.0000, 1.0000, 1.0000,
    1.0000, 1.0000, 1.0000, 1.0000, 1.0000, 1.0000, 1.0000, 1.0000, 1.0000, 1.0000,
    1.0000, 1.0000, 1.0000, 1.0000, 1.0000, 1.0000, 1.0000, 1.0000, 1.0000, 1.0000,
    1.0000, 1.0000, 1.0000, 1.0000, 1.0000, 1.0000, 1.0000, 1.0000, 1.0000, 1.0000,
    1.0000, 1.0000, 1.0000, 1.0000, 1.0000, 1.0000, 1.0000, 1.0000, 1.0000, 1.0000,
    1.0000, 1.0000, 1.0000, 1.0000, 1.0000, 1.0000, 1.0000, 1.0000, 1.0000, 1.0000,
    1.0000, 1.0000, 1.0000, 1.0000, 1.0000, 1.0000, 1.0000, 1.0000, 1.0000, 1.0000,
  ]

### values/Q_avg
  Total points: 66
  Min: -4.2794, Max: 0.0706, Mean: -2.4855
  Data: [
    0.0683, 0.0368, 0.0508, 0.0344, 0.0236, 0.0665, 0.0706, 0.0318, 0.0443, 0.0336,
    0.0502, 0.0297, 0.0279, 0.0394, 0.0653, 0.0590, 0.0514, 0.0392, 0.0433, -0.1139,
    -1.5810, -3.1283, -3.7247, -3.7162, -4.2794, -3.8534, -4.0443, -4.0841, -4.0891, -3.9949,
    -4.0436, -3.9616, -3.7533, -3.8388, -3.5646, -3.4264, -3.4467, -3.5733, -3.4252, -3.5034,
    -3.3816, -3.6518, -3.7110, -3.5179, -3.7898, -3.7269, -2.9734, -3.4456, -3.6346, -3.5094,
    -3.4990, -3.3247, -3.6812, -3.6915, -3.7502, -3.3941, -3.4347, -3.6921, -3.5666, -3.5792,
    -3.5811, -3.1104, -3.4224, -3.7760, -3.4601, -3.4550,
  ]

### values/Q_max
  Total points: 66
  Min: -2.2582, Max: 9.4119, Mean: 1.1865
  Data: [
    0.3453, 0.3362, 0.3352, 0.3019, 0.3337, 0.3275, 0.3195, 0.3119, 0.3152, 0.3270,
    0.3860, 0.3100, 0.3691, 0.3506, 0.3612, 0.3196, 0.3537, 0.3234, 0.3454, 0.1918,
    0.1710, -0.6366, -0.0250, 3.1217, -1.1844, 3.9900, -1.2267, 4.6148, -1.3991, 6.4677,
    6.1744, 9.2440, 8.5374, 8.6408, 8.8658, -2.0929, 5.5380, -2.1228, -2.1340, 7.9671,
    -2.0667, -2.0448, -2.0700, -2.0979, -2.2155, -2.2582, 9.4119, -2.0646, -2.0510, -1.9290,
    9.2712, -1.1950, -2.0171, -2.0572, -2.1186, 6.1058, 7.4279, -2.0752, 8.4294, -2.2321,
    -1.9923, 8.9676, -1.9493, -1.9973, -1.9860, -1.9597,
  ]

### values/Q_min
  Total points: 66
  Min: -8.9843, Max: -0.2047, Mean: -5.9359
  Data: [
    -0.2314, -0.2265, -0.2484, -0.2468, -0.3545, -0.2287, -0.2207, -0.2856, -0.2633, -0.2772,
    -0.3485, -0.2381, -0.3015, -0.2352, -0.2681, -0.2122, -0.3449, -0.2047, -0.3316, -0.3914,
    -7.2358, -8.4560, -7.9998, -7.5908, -8.7385, -8.0614, -8.1149, -8.8050, -8.9528, -8.5152,
    -7.9064, -8.7325, -8.6445, -8.7704, -8.1667, -7.0800, -8.4785, -8.5961, -6.9684, -8.6037,
    -8.6056, -8.6924, -8.5843, -8.1396, -8.7198, -8.5755, -8.6214, -8.5328, -8.3431, -8.5818,
    -8.7384, -7.4706, -8.6475, -8.2580, -8.0506, -8.8566, -8.5483, -8.8147, -8.6990, -8.2994,
    -8.1539, -8.7403, -8.5822, -8.7792, -8.8735, -8.9843,
  ]

### values/Q_std
  Total points: 66
  Min: 0.1199, Max: 2.0997, Mean: 1.0838
  Data: [
    0.1426, 0.1338, 0.1346, 0.1417, 0.1358, 0.1445, 0.1366, 0.1230, 0.1323, 0.1384,
    0.1466, 0.1305, 0.1509, 0.1225, 0.1380, 0.1311, 0.1345, 0.1199, 0.1428, 0.1254,
    1.3958, 1.2289, 1.4715, 1.2211, 1.4460, 1.8283, 1.0824, 1.5473, 1.3243, 2.0487,
    1.8458, 1.9595, 2.0997, 1.8962, 1.6593, 0.8562, 1.6139, 1.2845, 0.8626, 1.8218,
    1.0652, 1.4736, 1.4737, 1.4604, 1.4680, 1.4722, 2.0667, 1.2587, 1.4852, 1.2733,
    2.0809, 1.0748, 1.3862, 1.3259, 1.4378, 1.6675, 1.6656, 1.5270, 1.8934, 1.1912,
    1.2680, 1.7241, 1.3016, 1.6075, 1.3122, 1.3679,
  ]

### vf_reg/active_ratio
  Total points: 100
  Min: 0.7444, Max: 0.9116, Mean: 0.8104
  Data: [
    0.9090, 0.9116, 0.9077, 0.9036, 0.8992, 0.9007, 0.8975, 0.8918, 0.8896, 0.8854,
    0.8799, 0.8817, 0.8813, 0.8821, 0.8754, 0.8763, 0.8758, 0.8688, 0.8721, 0.8648,
    0.8691, 0.8682, 0.8610, 0.8548, 0.8642, 0.8621, 0.8587, 0.8570, 0.8494, 0.8559,
    0.8515, 0.8531, 0.8546, 0.8501, 0.8519, 0.8464, 0.8475, 0.8464, 0.8443, 0.8451,
    0.8414, 0.8394, 0.8447, 0.8452, 0.8420, 0.8402, 0.8388, 0.8383, 0.8363, 0.8358,
    0.7584, 0.7562, 0.7637, 0.7636, 0.7589, 0.7569, 0.7619, 0.7604, 0.7607, 0.7661,
    0.7594, 0.7600, 0.7555, 0.7550, 0.7559, 0.7561, 0.7546, 0.7527, 0.7597, 0.7524,
    0.7622, 0.7565, 0.7592, 0.7583, 0.7505, 0.7564, 0.7562, 0.7525, 0.7518, 0.7480,
    0.7510, 0.7520, 0.7523, 0.7496, 0.7538, 0.7444, 0.7547, 0.7510, 0.7534, 0.7590,
    0.7554, 0.7509, 0.7618, 0.7553, 0.7500, 0.7618, 0.7561, 0.7599, 0.7514, 0.7514,
  ]

### vf_reg/q_advantage_mean
  Total points: 100
  Min: 0.0041, Max: 0.0408, Mean: 0.0148
  Data: [
    0.0041, 0.0389, 0.0408, 0.0326, 0.0281, 0.0273, 0.0267, 0.0291, 0.0248, 0.0268,
    0.0258, 0.0247, 0.0240, 0.0241, 0.0236, 0.0237, 0.0234, 0.0219, 0.0231, 0.0236,
    0.0234, 0.0238, 0.0233, 0.0222, 0.0227, 0.0218, 0.0225, 0.0237, 0.0234, 0.0237,
    0.0228, 0.0242, 0.0235, 0.0224, 0.0220, 0.0224, 0.0215, 0.0219, 0.0223, 0.0218,
    0.0226, 0.0223, 0.0227, 0.0210, 0.0220, 0.0216, 0.0213, 0.0206, 0.0206, 0.0202,
    0.0055, 0.0055, 0.0061, 0.0056, 0.0074, 0.0059, 0.0058, 0.0058, 0.0060, 0.0058,
    0.0070, 0.0069, 0.0065, 0.0054, 0.0058, 0.0057, 0.0060, 0.0063, 0.0057, 0.0057,
    0.0067, 0.0060, 0.0067, 0.0055, 0.0058, 0.0066, 0.0059, 0.0058, 0.0056, 0.0054,
    0.0056, 0.0063, 0.0053, 0.0055, 0.0058, 0.0064, 0.0065, 0.0065, 0.0063, 0.0064,
    0.0058, 0.0060, 0.0055, 0.0060, 0.0054, 0.0056, 0.0059, 0.0056, 0.0053, 0.0053,
  ]

### vf_reg/reg_loss
  Total points: 100
  Min: 0.0000, Max: 0.0002, Mean: 0.0001
  Data: [
    0.0000, 0.0001, 0.0001, 0.0001, 0.0001, 0.0001, 0.0001, 0.0001, 0.0001, 0.0001,
    0.0001, 0.0001, 0.0001, 0.0001, 0.0001, 0.0001, 0.0001, 0.0001, 0.0001, 0.0001,
    0.0001, 0.0001, 0.0001, 0.0001, 0.0001, 0.0002, 0.0001, 0.0001, 0.0001, 0.0002,
    0.0001, 0.0001, 0.0001, 0.0001, 0.0002, 0.0001, 0.0002, 0.0001, 0.0002, 0.0002,
    0.0002, 0.0002, 0.0001, 0.0001, 0.0002, 0.0001, 0.0002, 0.0002, 0.0001, 0.0002,
    0.0001, 0.0001, 0.0001, 0.0001, 0.0001, 0.0001, 0.0001, 0.0001, 0.0001, 0.0001,
    0.0001, 0.0001, 0.0001, 0.0001, 0.0001, 0.0001, 0.0001, 0.0001, 0.0001, 0.0001,
    0.0001, 0.0001, 0.0001, 0.0001, 0.0001, 0.0001, 0.0001, 0.0001, 0.0001, 0.0001,
    0.0001, 0.0001, 0.0001, 0.0001, 0.0001, 0.0001, 0.0001, 0.0001, 0.0001, 0.0001,
    0.0001, 0.0001, 0.0001, 0.0001, 0.0001, 0.0001, 0.0001, 0.0001, 0.0001, 0.0001,
  ]

### vf_reg/violation_ratio
  Total points: 100
  Min: 0.0648, Max: 0.3041, Mean: 0.2160
  Data: [
    0.1495, 0.0648, 0.0849, 0.0858, 0.1141, 0.1121, 0.1069, 0.1090, 0.1148, 0.1030,
    0.1183, 0.1272, 0.1273, 0.1249, 0.1350, 0.1375, 0.1300, 0.1564, 0.1474, 0.1453,
    0.1470, 0.1482, 0.1606, 0.1581, 0.1512, 0.1618, 0.1642, 0.1607, 0.1630, 0.1750,
    0.1747, 0.1704, 0.1703, 0.1792, 0.1866, 0.1820, 0.1903, 0.1863, 0.1872, 0.1869,
    0.1776, 0.1845, 0.1834, 0.1923, 0.1936, 0.1896, 0.1905, 0.1890, 0.1934, 0.1917,
    0.2737, 0.2671, 0.2644, 0.2621, 0.2731, 0.2789, 0.2707, 0.2827, 0.2814, 0.2737,
    0.2744, 0.2728, 0.2711, 0.2809, 0.2811, 0.2682, 0.2798, 0.2703, 0.2734, 0.2759,
    0.2792, 0.2789, 0.2781, 0.2779, 0.2791, 0.2671, 0.2748, 0.2666, 0.2746, 0.2761,
    0.2782, 0.2680, 0.2773, 0.2765, 0.2805, 0.2708, 0.2807, 0.2848, 0.2799, 0.2777,
    0.2837, 0.2838, 0.2932, 0.2893, 0.2886, 0.2912, 0.2963, 0.2959, 0.3041, 0.2895,
  ]
