================================================================================
W&B RUN DATA: 10-clip-TD3-Hockey-NORMAL-weak-lr0.0003-seed55
================================================================================

## RUN METADATA
Run ID: 28k4jihz
Created: 2026-01-14T18:42:17Z
State: running
Duration: 14198.446447354 seconds

## CONFIGURATION
  algorithm: TD3
  mode: NORMAL
  opponent: weak
  learning_rate_actor: 0.0003
  learning_rate_critic: 0.0003
  batch_size: 1024
  buffer_size: 1000000
  max_episodes: 100000
  random_seed: 55
  self_play_start: 0
  self_play_pool_size: 25
  gamma: 0.99
  tau: 0.005

## FINAL SUMMARY

## NOTE: Data discretized to fit 100000 char limit
  Showing ~66 points per metric (of 257 total)

## METRICS DATA

### behavior/action_magnitude_avg
  Total points: 100
  Min: 0.7262, Max: 1.2118, Mean: 0.9837
  Data: [
    0.9810, 0.8673, 0.8703, 0.8152, 0.8620, 0.8524, 0.8382, 0.8424, 0.8526, 0.7373,
    0.8042, 0.7543, 0.7896, 0.8470, 0.8273, 0.9024, 0.7946, 0.7603, 0.7262, 0.7645,
    0.9693, 0.7959, 0.8775, 0.7882, 0.7592, 0.8516, 0.8564, 0.8836, 0.8242, 0.8108,
    0.8274, 0.8286, 0.7638, 0.7681, 0.7349, 0.7626, 0.7999, 0.8179, 0.7665, 0.7435,
    0.9676, 0.8450, 0.8239, 0.7445, 0.8797, 0.8388, 0.8543, 0.9369, 0.9917, 0.8816,
    1.0891, 1.0887, 1.0893, 1.0726, 1.1269, 1.1579, 1.1547, 1.1182, 1.1155, 1.1492,
    1.1239, 1.0935, 1.1375, 1.1407, 1.0960, 1.0627, 1.1342, 1.1622, 1.2107, 1.1462,
    1.1227, 1.1730, 1.1781, 1.1345, 1.1027, 1.1519, 1.1070, 1.1022, 1.1011, 1.1448,
    1.1561, 1.1327, 1.1867, 1.1163, 1.1585, 1.1690, 1.1749, 1.2118, 1.1085, 1.1305,
    1.1357, 1.1729, 1.1653, 1.1112, 1.1725, 1.1745, 1.1357, 1.1748, 1.1507, 1.1569,
  ]

### behavior/action_magnitude_max
  Total points: 100
  Min: 1.2340, Max: 1.4142, Mean: 1.3702
  Data: [
    1.3774, 1.3189, 1.3267, 1.3562, 1.2914, 1.3108, 1.2736, 1.3504, 1.3406, 1.2340,
    1.3340, 1.2942, 1.2895, 1.3132, 1.3042, 1.3088, 1.2600, 1.2379, 1.3012, 1.3090,
    1.3720, 1.2794, 1.3179, 1.2488, 1.2530, 1.3326, 1.3865, 1.3356, 1.3571, 1.3700,
    1.3327, 1.3195, 1.2735, 1.2781, 1.2778, 1.3266, 1.2760, 1.2891, 1.2959, 1.3192,
    1.4110, 1.3765, 1.4065, 1.3795, 1.4122, 1.3894, 1.3740, 1.4142, 1.4058, 1.3975,
    1.4142, 1.4086, 1.4142, 1.4142, 1.4138, 1.4133, 1.4113, 1.4142, 1.4142, 1.4142,
    1.4125, 1.4116, 1.4142, 1.4142, 1.4142, 1.4142, 1.4142, 1.4142, 1.4142, 1.4142,
    1.4142, 1.4142, 1.4142, 1.4137, 1.4142, 1.4142, 1.4142, 1.4124, 1.4142, 1.4096,
    1.4140, 1.4142, 1.4142, 1.4142, 1.4134, 1.4142, 1.4142, 1.4059, 1.4142, 1.4142,
    1.4132, 1.4142, 1.4142, 1.4142, 1.4142, 1.4142, 1.4142, 1.4115, 1.4142, 1.4132,
  ]

### behavior/dist_to_puck_avg
  Total points: 100
  Min: 2.3125, Max: 3.9640, Mean: 3.2725
  Data: [
    3.4765, 3.4078, 3.6147, 3.4259, 3.6601, 3.5615, 3.3271, 3.9640, 3.8885, 3.3896,
    3.4630, 3.7948, 3.5016, 3.8879, 3.7368, 3.6957, 3.4801, 3.5019, 3.3068, 3.6430,
    3.8500, 3.4485, 3.3765, 3.5724, 3.3940, 3.5607, 3.3495, 3.8248, 3.3372, 3.8112,
    3.7164, 3.6996, 3.4060, 3.3896, 3.5491, 3.4278, 3.4257, 3.5277, 3.6143, 3.2181,
    3.0804, 2.6484, 2.5958, 2.3733, 2.3125, 2.5875, 2.7024, 2.6284, 2.8730, 2.3657,
    2.9473, 2.7903, 3.3251, 3.5207, 3.2036, 2.8460, 3.2641, 3.1220, 3.1781, 3.3455,
    3.3657, 3.1231, 3.4359, 3.3964, 3.3730, 3.4154, 3.2188, 3.0467, 3.1115, 3.2407,
    2.9282, 3.0788, 3.2773, 2.9009, 3.0803, 3.2851, 3.2194, 3.2325, 3.5929, 3.0387,
    3.0988, 3.2383, 2.8221, 3.4855, 3.1269, 3.3947, 2.8788, 3.0703, 3.3550, 3.1642,
    3.1273, 3.0809, 3.2529, 3.4091, 3.0954, 2.9555, 2.7955, 3.2070, 3.4165, 2.9757,
  ]

### behavior/dist_to_puck_min
  Total points: 100
  Min: 0.2749, Max: 2.1288, Mean: 0.8818
  Data: [
    1.2711, 1.6351, 1.3623, 1.0410, 1.3245, 1.1443, 1.3764, 1.3704, 1.8415, 1.3624,
    1.0939, 1.4863, 1.7514, 1.7679, 1.7103, 1.5163, 1.3061, 1.6616, 1.2738, 1.5777,
    1.3358, 1.7989, 1.3798, 1.3424, 1.5836, 1.3165, 1.1835, 2.1288, 1.3009, 1.8462,
    1.2104, 1.6998, 1.4624, 1.5924, 0.9485, 1.0288, 1.4142, 1.2899, 1.7787, 1.2178,
    1.0298, 1.4824, 0.8842, 0.7631, 0.9319, 0.7574, 1.1948, 0.5455, 0.9350, 0.6050,
    0.4520, 0.3355, 0.3660, 0.3340, 0.4027, 0.5225, 0.4331, 0.3817, 0.4885, 0.3831,
    0.3943, 0.3677, 0.4180, 0.4377, 0.3487, 0.2749, 0.4163, 0.3566, 0.4372, 0.4754,
    0.5530, 0.3197, 0.3895, 0.3295, 0.4085, 0.2792, 0.3257, 0.4493, 0.4832, 0.5019,
    0.5430, 0.4355, 0.4622, 0.3801, 0.4257, 0.3903, 0.4319, 0.4904, 0.4081, 0.4286,
    0.3892, 0.4921, 0.4798, 0.4503, 0.5136, 0.4756, 0.5414, 0.5234, 0.5832, 0.4131,
  ]

### behavior/distance_traveled
  Total points: 100
  Min: 4.9702, Max: 25.7602, Mean: 13.6556
  Data: [
    11.2486, 6.9624, 8.3867, 7.4325, 7.9633, 7.2077, 7.7981, 8.7194, 7.9441, 7.0664,
    10.8880, 10.2774, 6.2571, 7.2224, 6.9474, 4.9702, 7.7050, 5.8708, 7.8520, 7.9677,
    5.6858, 7.6371, 10.2207, 6.5155, 6.8718, 8.5648, 9.8665, 8.0996, 7.4419, 6.9614,
    7.5628, 6.8582, 7.2547, 5.6757, 9.6459, 8.4477, 7.9828, 7.8497, 8.5524, 7.5510,
    18.0189, 10.1553, 9.9673, 10.7332, 6.8541, 11.5972, 9.3752, 12.2211, 12.5514, 10.0883,
    19.1112, 16.9529, 20.6619, 23.6693, 16.7145, 11.5554, 20.2585, 25.1305, 19.6395, 25.7602,
    20.2175, 18.3007, 22.5459, 18.6169, 25.5267, 23.2281, 18.8182, 16.8176, 13.3029, 24.6089,
    19.3914, 21.2445, 13.3680, 16.4447, 15.9869, 21.3036, 16.7336, 20.0489, 22.9575, 16.3494,
    16.3063, 19.7460, 16.2642, 20.7358, 22.5932, 20.1268, 16.9292, 17.6427, 25.4191, 12.8771,
    24.4347, 13.8203, 15.5847, 20.6242, 19.7654, 15.9931, 12.7794, 9.4222, 20.8862, 14.8463,
  ]

### behavior/lazy_action_ratio
  Total points: 100
  Min: 0.0000, Max: 0.0345, Mean: 0.0089
  Data: [
    0.0076, 0.0134, 0.0126, 0.0161, 0.0136, 0.0080, 0.0141, 0.0144, 0.0077, 0.0184,
    0.0112, 0.0203, 0.0223, 0.0116, 0.0111, 0.0064, 0.0225, 0.0242, 0.0316, 0.0197,
    0.0051, 0.0136, 0.0040, 0.0205, 0.0063, 0.0165, 0.0192, 0.0107, 0.0143, 0.0296,
    0.0189, 0.0209, 0.0204, 0.0345, 0.0334, 0.0213, 0.0174, 0.0085, 0.0269, 0.0184,
    0.0068, 0.0124, 0.0228, 0.0246, 0.0196, 0.0188, 0.0313, 0.0113, 0.0099, 0.0189,
    0.0056, 0.0019, 0.0036, 0.0024, 0.0009, 0.0000, 0.0004, 0.0004, 0.0000, 0.0004,
    0.0004, 0.0008, 0.0000, 0.0004, 0.0004, 0.0056, 0.0008, 0.0005, 0.0000, 0.0000,
    0.0012, 0.0006, 0.0000, 0.0004, 0.0017, 0.0000, 0.0045, 0.0004, 0.0032, 0.0000,
    0.0012, 0.0004, 0.0004, 0.0000, 0.0000, 0.0000, 0.0000, 0.0004, 0.0004, 0.0012,
    0.0000, 0.0000, 0.0000, 0.0004, 0.0000, 0.0004, 0.0015, 0.0008, 0.0000, 0.0007,
  ]

### behavior/puck_touches
  Total points: 100
  Min: 0.0000, Max: 4.4000, Mean: 1.3230
  Data: [
    1.5000, 0.2000, 0.4000, 0.5000, 0.2000, 0.0000, 0.9000, 0.7000, 0.1000, 0.3000,
    0.9000, 0.8000, 0.1000, 0.5000, 0.1000, 0.3000, 0.1000, 0.0000, 0.3000, 0.5000,
    0.2000, 0.0000, 0.2000, 0.3000, 0.3000, 0.1000, 0.6000, 0.2000, 0.3000, 0.1000,
    1.2000, 0.8000, 0.7000, 0.1000, 1.2000, 0.7000, 0.4000, 0.2000, 0.1000, 0.9000,
    0.5000, 0.2000, 0.7000, 1.0000, 0.5000, 0.9000, 0.3000, 1.6000, 0.8000, 1.5000,
    2.3000, 1.9000, 4.2000, 2.7000, 2.0000, 1.9000, 1.7000, 1.7000, 2.1000, 2.7000,
    2.9000, 1.7000, 4.4000, 1.6000, 3.9000, 3.0000, 1.5000, 2.2000, 1.3000, 3.2000,
    1.8000, 2.6000, 1.5000, 2.4000, 1.7000, 4.0000, 2.2000, 2.5000, 2.4000, 2.5000,
    1.3000, 1.7000, 1.3000, 2.6000, 2.6000, 1.8000, 1.7000, 1.0000, 2.5000, 2.2000,
    2.1000, 1.2000, 1.2000, 2.2000, 1.8000, 1.7000, 1.3000, 1.1000, 2.2000, 1.3000,
  ]

### behavior/time_near_puck
  Total points: 100
  Min: 0.0000, Max: 18.0000, Mean: 4.9100
  Data: [
    3.7000, 2.8000, 4.0000, 5.5000, 2.6000, 0.0000, 2.9000, 6.7000, 1.4000, 2.6000,
    7.8000, 6.3000, 1.8000, 4.1000, 0.7000, 2.8000, 1.5000, 0.0000, 2.8000, 5.7000,
    2.8000, 0.1000, 3.2000, 2.9000, 2.6000, 0.0000, 5.7000, 3.0000, 3.1000, 1.5000,
    5.8000, 4.4000, 2.7000, 1.3000, 10.3000, 7.3000, 5.4000, 2.7000, 1.7000, 8.1000,
    4.2000, 2.4000, 7.2000, 12.4000, 9.6000, 11.0000, 5.6000, 18.0000, 10.9000, 11.6000,
    4.0000, 9.1000, 8.8000, 9.9000, 3.9000, 3.5000, 5.1000, 7.0000, 7.9000, 3.7000,
    4.8000, 6.5000, 7.6000, 3.5000, 10.4000, 9.6000, 3.4000, 1.8000, 4.6000, 4.8000,
    3.3000, 7.2000, 2.6000, 5.8000, 3.4000, 5.8000, 4.5000, 11.3000, 8.9000, 5.4000,
    4.0000, 5.0000, 4.0000, 6.1000, 10.2000, 2.8000, 2.1000, 0.9000, 7.7000, 4.7000,
    4.8000, 2.6000, 0.7000, 3.4000, 3.5000, 4.1000, 2.1000, 1.6000, 8.4000, 1.0000,
  ]

### behavior/velocity_avg
  Total points: 100
  Min: 0.0497, Max: 0.1514, Mean: 0.1010
  Data: [
    0.0506, 0.0700, 0.0536, 0.0534, 0.0564, 0.0505, 0.0646, 0.0579, 0.0651, 0.0601,
    0.0578, 0.0747, 0.0667, 0.0594, 0.0574, 0.0510, 0.0563, 0.0568, 0.0505, 0.0534,
    0.0555, 0.0588, 0.0579, 0.0631, 0.0651, 0.0527, 0.0593, 0.0601, 0.0662, 0.0594,
    0.0543, 0.0502, 0.0601, 0.0635, 0.0662, 0.0627, 0.0564, 0.0497, 0.0637, 0.0588,
    0.1139, 0.0746, 0.0898, 0.0794, 0.0815, 0.0831, 0.0995, 0.1084, 0.1200, 0.0900,
    0.1337, 0.1235, 0.1263, 0.1338, 0.1358, 0.1364, 0.1348, 0.1303, 0.1369, 0.1370,
    0.1356, 0.1378, 0.1417, 0.1402, 0.1300, 0.1243, 0.1389, 0.1317, 0.1514, 0.1398,
    0.1372, 0.1386, 0.1350, 0.1378, 0.1363, 0.1310, 0.1354, 0.1351, 0.1385, 0.1324,
    0.1467, 0.1418, 0.1396, 0.1350, 0.1319, 0.1380, 0.1410, 0.1464, 0.1345, 0.1186,
    0.1339, 0.1420, 0.1406, 0.1367, 0.1391, 0.1416, 0.1376, 0.1391, 0.1376, 0.1359,
  ]

### behavior/velocity_max
  Total points: 100
  Min: 0.1800, Max: 0.2471, Mean: 0.2215
  Data: [
    0.2144, 0.2038, 0.2148, 0.1989, 0.1949, 0.1965, 0.2082, 0.2089, 0.2038, 0.1893,
    0.2028, 0.2113, 0.2048, 0.1993, 0.2065, 0.2087, 0.1949, 0.1976, 0.1800, 0.1896,
    0.1959, 0.1946, 0.2012, 0.1885, 0.1978, 0.2009, 0.2119, 0.2006, 0.2101, 0.1989,
    0.1918, 0.1960, 0.2027, 0.2069, 0.2118, 0.2137, 0.2001, 0.1946, 0.1970, 0.2071,
    0.2378, 0.2122, 0.2093, 0.1997, 0.2124, 0.2134, 0.2154, 0.2171, 0.2313, 0.2179,
    0.2357, 0.2366, 0.2410, 0.2439, 0.2353, 0.2331, 0.2409, 0.2432, 0.2333, 0.2464,
    0.2415, 0.2378, 0.2406, 0.2364, 0.2442, 0.2407, 0.2404, 0.2397, 0.2413, 0.2448,
    0.2332, 0.2431, 0.2360, 0.2390, 0.2373, 0.2368, 0.2339, 0.2390, 0.2442, 0.2339,
    0.2441, 0.2330, 0.2350, 0.2408, 0.2398, 0.2422, 0.2339, 0.2428, 0.2444, 0.2318,
    0.2427, 0.2376, 0.2339, 0.2445, 0.2357, 0.2401, 0.2300, 0.2287, 0.2471, 0.2302,
  ]

### eval/strong/avg_reward
  Total points: 12
  Min: -28.0912, Max: -5.1708, Mean: -9.7597
  Data: [
    -25.8001, -28.0912, -6.7662, -6.3303, -7.3176, -6.5058, -5.1805, -5.7897, -5.1708, -5.8040,
    -7.6411, -6.7194,
  ]

### eval/strong/loss_rate
  Total points: 12
  Min: 0.2900, Max: 0.5400, Mean: 0.4283
  Data: [
    0.2900, 0.3700, 0.4800, 0.4700, 0.5400, 0.4500, 0.4200, 0.4600, 0.4100, 0.4300,
    0.4000, 0.4200,
  ]

### eval/strong/losses
  Total points: 12
  Min: 29.0000, Max: 54.0000, Mean: 42.8333
  Data: [
    29.0000, 37.0000, 48.0000, 47.0000, 54.0000, 45.0000, 42.0000, 46.0000, 41.0000, 43.0000,
    40.0000, 42.0000,
  ]

### eval/strong/tie_rate
  Total points: 12
  Min: 0.2500, Max: 0.6400, Mean: 0.3575
  Data: [
    0.6400, 0.6100, 0.2700, 0.2600, 0.3000, 0.4000, 0.2900, 0.3100, 0.2500, 0.2800,
    0.3900, 0.2900,
  ]

### eval/strong/ties
  Total points: 12
  Min: 25.0000, Max: 64.0000, Mean: 35.7500
  Data: [
    64.0000, 61.0000, 27.0000, 26.0000, 30.0000, 40.0000, 29.0000, 31.0000, 25.0000, 28.0000,
    39.0000, 29.0000,
  ]

### eval/strong/win_rate
  Total points: 12
  Min: 0.0200, Max: 0.3400, Mean: 0.2142
  Data: [
    0.0700, 0.0200, 0.2500, 0.2700, 0.1600, 0.1500, 0.2900, 0.2300, 0.3400, 0.2900,
    0.2100, 0.2900,
  ]

### eval/strong/win_rate_decisive
  Total points: 12
  Min: 0.0513, Max: 0.4533, Mean: 0.3152
  Data: [
    0.1944, 0.0513, 0.3425, 0.3649, 0.2286, 0.2500, 0.4085, 0.3333, 0.4533, 0.4028,
    0.3443, 0.4085,
  ]

### eval/strong/wins
  Total points: 12
  Min: 2.0000, Max: 34.0000, Mean: 21.4167
  Data: [
    7.0000, 2.0000, 25.0000, 27.0000, 16.0000, 15.0000, 29.0000, 23.0000, 34.0000, 29.0000,
    21.0000, 29.0000,
  ]

### eval/weak/avg_reward
  Total points: 12
  Min: -25.3451, Max: -2.9644, Mean: -8.9271
  Data: [
    -25.3451, -23.8346, -8.3820, -8.6711, -5.2548, -5.3391, -6.1131, -2.9644, -4.4859, -4.6643,
    -7.0170, -5.0541,
  ]

### eval/weak/loss_rate
  Total points: 12
  Min: 0.3100, Max: 0.6600, Mean: 0.4558
  Data: [
    0.3100, 0.3900, 0.6300, 0.6600, 0.5100, 0.5400, 0.3900, 0.3200, 0.3900, 0.3800,
    0.4800, 0.4700,
  ]

### eval/weak/losses
  Total points: 12
  Min: 31.0000, Max: 66.0000, Mean: 45.5833
  Data: [
    31.0000, 39.0000, 63.0000, 66.0000, 51.0000, 54.0000, 39.0000, 32.0000, 39.0000, 38.0000,
    48.0000, 47.0000,
  ]

### eval/weak/tie_rate
  Total points: 12
  Min: 0.2000, Max: 0.6200, Mean: 0.3733
  Data: [
    0.6200, 0.5700, 0.2100, 0.2000, 0.2700, 0.2400, 0.4600, 0.4100, 0.3800, 0.4000,
    0.4000, 0.3200,
  ]

### eval/weak/ties
  Total points: 12
  Min: 20.0000, Max: 62.0000, Mean: 37.3333
  Data: [
    62.0000, 57.0000, 21.0000, 20.0000, 27.0000, 24.0000, 46.0000, 41.0000, 38.0000, 40.0000,
    40.0000, 32.0000,
  ]

### eval/weak/win_rate
  Total points: 12
  Min: 0.0400, Max: 0.2700, Mean: 0.1708
  Data: [
    0.0700, 0.0400, 0.1600, 0.1400, 0.2200, 0.2200, 0.1500, 0.2700, 0.2300, 0.2200,
    0.1200, 0.2100,
  ]

### eval/weak/win_rate_decisive
  Total points: 12
  Min: 0.0930, Max: 0.4576, Mean: 0.2690
  Data: [
    0.1842, 0.0930, 0.2025, 0.1750, 0.3014, 0.2895, 0.2778, 0.4576, 0.3710, 0.3667,
    0.2000, 0.3088,
  ]

### eval/weak/wins
  Total points: 12
  Min: 4.0000, Max: 27.0000, Mean: 17.0833
  Data: [
    7.0000, 4.0000, 16.0000, 14.0000, 22.0000, 22.0000, 15.0000, 27.0000, 23.0000, 22.0000,
    12.0000, 21.0000,
  ]

### gradients/actor_grad_norm
  Total points: 100
  Min: 0.0000, Max: 0.0868, Mean: 0.0346
  Data: [
    0.0000, 0.0000, 0.0000, 0.0000, 0.0000, 0.0000, 0.0000, 0.0000, 0.0000, 0.0000,
    0.0000, 0.0000, 0.0000, 0.0000, 0.0000, 0.0000, 0.0000, 0.0000, 0.0000, 0.0000,
    0.0000, 0.0000, 0.0000, 0.0000, 0.0000, 0.0000, 0.0000, 0.0000, 0.0000, 0.0000,
    0.0000, 0.0000, 0.0000, 0.0000, 0.0000, 0.0000, 0.0000, 0.0000, 0.0000, 0.0338,
    0.0782, 0.0630, 0.0613, 0.0487, 0.0440, 0.0487, 0.0540, 0.0333, 0.0460, 0.0572,
    0.0661, 0.0602, 0.0582, 0.0475, 0.0559, 0.0798, 0.0369, 0.0546, 0.0669, 0.0540,
    0.0398, 0.0639, 0.0536, 0.0802, 0.0391, 0.0380, 0.0585, 0.0650, 0.0529, 0.0643,
    0.0697, 0.0551, 0.0542, 0.0604, 0.0688, 0.0559, 0.0569, 0.0868, 0.0574, 0.0719,
    0.0534, 0.0587, 0.0413, 0.0560, 0.0722, 0.0531, 0.0599, 0.0558, 0.0408, 0.0745,
    0.0524, 0.0582, 0.0678, 0.0504, 0.0474, 0.0561, 0.0643, 0.0562, 0.0557, 0.0472,
  ]

### gradients/critic_grad_norm
  Total points: 100
  Min: 0.0000, Max: 0.2469, Mean: 0.0685
  Data: [
    0.0000, 0.0000, 0.0000, 0.0000, 0.0000, 0.0000, 0.0000, 0.0000, 0.0000, 0.0000,
    0.0000, 0.0000, 0.0000, 0.0000, 0.0000, 0.0000, 0.0000, 0.0000, 0.0000, 0.0000,
    0.0000, 0.0000, 0.0000, 0.0000, 0.0000, 0.0000, 0.0000, 0.0000, 0.0000, 0.0000,
    0.0000, 0.0000, 0.0000, 0.0000, 0.0000, 0.0000, 0.0000, 0.0000, 0.0000, 0.0250,
    0.1322, 0.1953, 0.1899, 0.1728, 0.2233, 0.2469, 0.2225, 0.2100, 0.2296, 0.2385,
    0.1430, 0.0746, 0.0754, 0.1034, 0.1371, 0.1431, 0.0748, 0.1270, 0.1056, 0.1053,
    0.1334, 0.1077, 0.0920, 0.1376, 0.0867, 0.0867, 0.1190, 0.1129, 0.0986, 0.0897,
    0.0989, 0.0886, 0.0771, 0.0760, 0.0740, 0.0942, 0.0735, 0.0593, 0.0646, 0.0937,
    0.1306, 0.1080, 0.1305, 0.0780, 0.0534, 0.1164, 0.0928, 0.0657, 0.0754, 0.0884,
    0.1016, 0.0886, 0.0846, 0.0697, 0.0917, 0.0888, 0.0853, 0.0743, 0.1101, 0.0802,
  ]

### losses/actor_loss
  Total points: 100
  Min: 0.0000, Max: 0.9826, Mean: 0.1980
  Data: [
    0.0000, 0.0000, 0.0000, 0.0000, 0.0000, 0.0000, 0.0000, 0.0000, 0.0000, 0.0000,
    0.0000, 0.0000, 0.0000, 0.0000, 0.0000, 0.0000, 0.0000, 0.0000, 0.0000, 0.0000,
    0.0000, 0.0000, 0.0000, 0.0000, 0.0000, 0.0000, 0.0000, 0.0000, 0.0000, 0.0000,
    0.0000, 0.0000, 0.0000, 0.0000, 0.0000, 0.0000, 0.0000, 0.0000, 0.0000, 0.2045,
    0.4617, 0.6072, 0.6283, 0.6979, 0.7165, 0.7868, 0.8973, 0.9163, 0.9495, 0.9826,
    0.3079, 0.2988, 0.3299, 0.3517, 0.3236, 0.3428, 0.3206, 0.2910, 0.3288, 0.3125,
    0.2984, 0.3036, 0.2514, 0.2653, 0.3060, 0.2489, 0.2217, 0.2514, 0.2199, 0.2946,
    0.2813, 0.2273, 0.2469, 0.2204, 0.2115, 0.1993, 0.2582, 0.1789, 0.2132, 0.2169,
    0.1967, 0.2082, 0.2074, 0.2092, 0.2289, 0.2406, 0.2022, 0.2000, 0.1567, 0.2058,
    0.1869, 0.1648, 0.1700, 0.1783, 0.1818, 0.1590, 0.1996, 0.1775, 0.1620, 0.1967,
  ]

### losses/critic_loss
  Total points: 100
  Min: 0.0000, Max: 0.0824, Mean: 0.0100
  Data: [
    0.0000, 0.0000, 0.0000, 0.0000, 0.0000, 0.0000, 0.0000, 0.0000, 0.0000, 0.0000,
    0.0000, 0.0000, 0.0000, 0.0000, 0.0000, 0.0000, 0.0000, 0.0000, 0.0000, 0.0000,
    0.0000, 0.0000, 0.0000, 0.0000, 0.0000, 0.0000, 0.0000, 0.0000, 0.0000, 0.0000,
    0.0000, 0.0000, 0.0000, 0.0000, 0.0000, 0.0000, 0.0000, 0.0000, 0.0000, 0.0199,
    0.0824, 0.0590, 0.0452, 0.0409, 0.0389, 0.0448, 0.0407, 0.0391, 0.0361, 0.0454,
    0.0101, 0.0083, 0.0080, 0.0110, 0.0122, 0.0122, 0.0077, 0.0122, 0.0102, 0.0119,
    0.0136, 0.0095, 0.0118, 0.0137, 0.0106, 0.0127, 0.0110, 0.0107, 0.0119, 0.0103,
    0.0098, 0.0114, 0.0098, 0.0076, 0.0087, 0.0104, 0.0097, 0.0088, 0.0075, 0.0089,
    0.0121, 0.0125, 0.0109, 0.0092, 0.0068, 0.0121, 0.0107, 0.0073, 0.0099, 0.0086,
    0.0094, 0.0107, 0.0099, 0.0087, 0.0076, 0.0089, 0.0103, 0.0109, 0.0113, 0.0090,
  ]

### pbrs/avg_per_episode
  Total points: 100
  Min: 0.4816, Max: 0.7631, Mean: 0.7132
  Data: [
    0.4816, 0.5853, 0.6415, 0.6423, 0.6589, 0.6539, 0.6468, 0.6596, 0.6566, 0.6698,
    0.6666, 0.6705, 0.6835, 0.6874, 0.6881, 0.6883, 0.6792, 0.6817, 0.6825, 0.6821,
    0.6879, 0.6844, 0.6795, 0.6825, 0.6882, 0.6885, 0.6852, 0.6843, 0.6853, 0.6886,
    0.6875, 0.6882, 0.6886, 0.6905, 0.6885, 0.6876, 0.6868, 0.6859, 0.6850, 0.6860,
    0.6872, 0.6900, 0.6933, 0.6970, 0.6985, 0.7030, 0.7053, 0.7069, 0.7125, 0.7164,
    0.7631, 0.7628, 0.7626, 0.7615, 0.7610, 0.7611, 0.7602, 0.7600, 0.7592, 0.7578,
    0.7575, 0.7561, 0.7558, 0.7546, 0.7540, 0.7535, 0.7528, 0.7522, 0.7510, 0.7520,
    0.7517, 0.7514, 0.7513, 0.7515, 0.7500, 0.7484, 0.7482, 0.7483, 0.7478, 0.7473,
    0.7469, 0.7467, 0.7457, 0.7446, 0.7452, 0.7442, 0.7433, 0.7433, 0.7425, 0.7415,
    0.7413, 0.7404, 0.7395, 0.7389, 0.7383, 0.7381, 0.7377, 0.7372, 0.7370, 0.7360,
  ]

### performance/cumulative_win_rate
  Total points: 100
  Min: 0.0300, Max: 0.1683, Mean: 0.1008
  Data: [
    0.0800, 0.0400, 0.0400, 0.0350, 0.0360, 0.0300, 0.0400, 0.0400, 0.0400, 0.0360,
    0.0345, 0.0383, 0.0369, 0.0371, 0.0373, 0.0387, 0.0400, 0.0389, 0.0389, 0.0420,
    0.0400, 0.0400, 0.0391, 0.0400, 0.0392, 0.0400, 0.0400, 0.0393, 0.0400, 0.0400,
    0.0400, 0.0387, 0.0394, 0.0382, 0.0377, 0.0383, 0.0378, 0.0395, 0.0390, 0.0400,
    0.0390, 0.0405, 0.0414, 0.0409, 0.0413, 0.0422, 0.0451, 0.0483, 0.0502, 0.0528,
    0.1531, 0.1537, 0.1539, 0.1543, 0.1553, 0.1554, 0.1557, 0.1560, 0.1564, 0.1568,
    0.1571, 0.1577, 0.1575, 0.1579, 0.1577, 0.1582, 0.1587, 0.1592, 0.1596, 0.1594,
    0.1597, 0.1599, 0.1603, 0.1607, 0.1616, 0.1620, 0.1622, 0.1621, 0.1621, 0.1626,
    0.1629, 0.1633, 0.1636, 0.1636, 0.1635, 0.1640, 0.1643, 0.1644, 0.1642, 0.1645,
    0.1646, 0.1652, 0.1657, 0.1659, 0.1663, 0.1664, 0.1668, 0.1673, 0.1676, 0.1683,
  ]

### performance/losses
  Total points: 100
  Min: 17.0000, Max: 6304.0000, Mean: 3167.8200
  Data: [
    17.0000, 38.0000, 61.0000, 82.0000, 105.0000, 125.0000, 144.0000, 168.0000, 188.0000, 212.0000,
    232.0000, 254.0000, 280.0000, 303.0000, 325.0000, 347.0000, 367.0000, 389.0000, 412.0000, 434.0000,
    459.0000, 478.0000, 496.0000, 520.0000, 545.0000, 567.0000, 586.0000, 607.0000, 630.0000, 655.0000,
    676.0000, 698.0000, 722.0000, 745.0000, 767.0000, 787.0000, 807.0000, 828.0000, 850.0000, 874.0000,
    896.0000, 921.0000, 948.0000, 974.0000, 998.0000, 1026.0000, 1053.0000, 1080.0000, 1109.0000, 1138.0000,
    5232.0000, 5258.0000, 5283.0000, 5302.0000, 5325.0000, 5353.0000, 5374.0000, 5399.0000, 5421.0000, 5437.0000,
    5461.0000, 5478.0000, 5503.0000, 5521.0000, 5542.0000, 5563.0000, 5584.0000, 5607.0000, 5626.0000, 5657.0000,
    5681.0000, 5706.0000, 5731.0000, 5757.0000, 5772.0000, 5790.0000, 5815.0000, 5839.0000, 5861.0000, 5883.0000,
    5903.0000, 5927.0000, 5947.0000, 5964.0000, 5993.0000, 6014.0000, 6032.0000, 6058.0000, 6075.0000, 6094.0000,
    6116.0000, 6136.0000, 6155.0000, 6177.0000, 6196.0000, 6219.0000, 6241.0000, 6262.0000, 6285.0000, 6304.0000,
  ]

### performance/ties
  Total points: 100
  Min: 29.0000, Max: 4383.0000, Mean: 2318.9000
  Data: [
    29.0000, 58.0000, 83.0000, 111.0000, 136.0000, 166.0000, 192.0000, 216.0000, 244.0000, 270.0000,
    299.0000, 323.0000, 346.0000, 371.0000, 397.0000, 422.0000, 449.0000, 476.0000, 501.0000, 524.0000,
    549.0000, 578.0000, 609.0000, 632.0000, 656.0000, 681.0000, 710.0000, 738.0000, 762.0000, 785.0000,
    812.0000, 840.0000, 863.0000, 890.0000, 917.0000, 944.0000, 973.0000, 997.0000, 1024.0000, 1046.0000,
    1074.0000, 1094.0000, 1113.0000, 1136.0000, 1159.0000, 1177.0000, 1191.0000, 1204.0000, 1218.0000, 1230.0000,
    3576.0000, 3586.0000, 3601.0000, 3620.0000, 3629.0000, 3642.0000, 3660.0000, 3674.0000, 3690.0000, 3712.0000,
    3727.0000, 3745.0000, 3764.0000, 3784.0000, 3807.0000, 3823.0000, 3839.0000, 3852.0000, 3870.0000, 3884.0000,
    3898.0000, 3913.0000, 3926.0000, 3937.0000, 3954.0000, 3973.0000, 3987.0000, 4006.0000, 4026.0000, 4040.0000,
    4059.0000, 4072.0000, 4090.0000, 4115.0000, 4129.0000, 4144.0000, 4164.0000, 4178.0000, 4205.0000, 4225.0000,
    4243.0000, 4257.0000, 4274.0000, 4291.0000, 4309.0000, 4326.0000, 4341.0000, 4355.0000, 4370.0000, 4383.0000,
  ]

### performance/wins
  Total points: 100
  Min: 4.0000, Max: 2163.0000, Mean: 963.2800
  Data: [
    4.0000, 4.0000, 6.0000, 7.0000, 9.0000, 9.0000, 14.0000, 16.0000, 18.0000, 18.0000,
    19.0000, 23.0000, 24.0000, 26.0000, 28.0000, 31.0000, 34.0000, 35.0000, 37.0000, 42.0000,
    42.0000, 44.0000, 45.0000, 48.0000, 49.0000, 52.0000, 54.0000, 55.0000, 58.0000, 60.0000,
    62.0000, 62.0000, 65.0000, 65.0000, 66.0000, 69.0000, 70.0000, 75.0000, 76.0000, 80.0000,
    80.0000, 85.0000, 89.0000, 90.0000, 93.0000, 97.0000, 106.0000, 116.0000, 123.0000, 132.0000,
    1592.0000, 1606.0000, 1616.0000, 1628.0000, 1646.0000, 1655.0000, 1666.0000, 1677.0000, 1689.0000, 1701.0000,
    1712.0000, 1727.0000, 1733.0000, 1745.0000, 1751.0000, 1764.0000, 1777.0000, 1791.0000, 1804.0000, 1809.0000,
    1821.0000, 1831.0000, 1843.0000, 1856.0000, 1874.0000, 1887.0000, 1898.0000, 1905.0000, 1913.0000, 1927.0000,
    1938.0000, 1951.0000, 1963.0000, 1971.0000, 1978.0000, 1992.0000, 2004.0000, 2014.0000, 2020.0000, 2031.0000,
    2041.0000, 2057.0000, 2071.0000, 2082.0000, 2095.0000, 2105.0000, 2118.0000, 2133.0000, 2145.0000, 2163.0000,
  ]

### rewards/p1
  Total points: 100
  Min: -29.6618, Max: 2.3217, Mean: -13.7784
  Data: [
    -28.9953, -23.7992, -26.6740, -24.0393, -25.1681, -26.0571, -27.9200, -26.6409, -25.1076, -22.7576,
    -23.9708, -17.9295, -23.5484, -28.6486, -27.3454, -29.6618, -26.9864, -26.0436, -23.8154, -26.0207,
    -22.6137, -27.3084, -21.7404, -18.8144, -21.6934, -25.1980, -25.4141, -24.8904, -24.0820, -25.6179,
    -22.3401, -28.1294, -23.1511, -23.8499, -20.4508, -21.2703, -24.0385, -24.4585, -25.0046, -19.9901,
    -21.2600, -21.5427, -11.6934, -16.4961, -14.8637, -12.7449, -13.4445, -5.7344, -11.8293, -11.3074,
    -4.3526, -3.1218, -6.6676, -2.8506, -4.8682, -2.7811, -3.2397, -3.5585, -5.5146, -2.6903,
    -6.5872, -4.1249, -8.5371, -5.8176, -9.8079, -8.1864, -3.5440, -2.5494, -2.7057, -8.5083,
    -6.3083, -8.4545, -2.0721, -6.3752, -5.6150, -11.1656, -7.1048, -4.4621, -5.5549, -1.8179,
    -6.9846, -4.1351, -5.0867, -6.1286, -6.8828, -6.2329, 0.8011, -4.9239, -6.3300, -6.4971,
    -5.9404, -5.9512, -7.4914, -8.0987, -4.9863, -5.9204, -3.6098, -2.2188, -2.5004, 2.3217,
  ]

### rewards/p2
  Total points: 100
  Min: -2.5075, Max: 29.1884, Mean: 13.3294
  Data: [
    28.2270, 23.3275, 26.1748, 23.7177, 24.7340, 25.2336, 27.4581, 26.2546, 24.5015, 22.3202,
    23.2039, 17.7633, 23.0685, 28.2182, 26.8137, 29.1884, 26.4436, 25.5684, 23.3987, 25.6921,
    21.9469, 26.7621, 20.9648, 18.4974, 21.5074, 24.4228, 24.3997, 24.2728, 23.6813, 24.9489,
    21.6606, 27.5644, 22.7290, 23.4507, 19.7225, 20.9611, 23.5522, 23.8948, 24.2070, 19.5966,
    20.9478, 21.0173, 11.2753, 15.9471, 14.2878, 12.4884, 12.9825, 5.4154, 11.6828, 11.1759,
    3.5218, 2.8124, 6.1617, 2.4963, 4.5147, 2.5866, 2.6416, 2.8847, 4.7411, 1.6907,
    6.0961, 3.3839, 7.9883, 5.2462, 9.2348, 7.6707, 3.3311, 2.3636, 2.4521, 8.0600,
    6.1201, 8.5574, 1.7380, 6.1711, 5.5905, 10.7125, 7.1086, 3.8643, 4.8169, 1.3238,
    6.7386, 3.9824, 4.5350, 5.5494, 6.2616, 5.7704, -1.3306, 4.5314, 5.7260, 6.5171,
    5.4013, 5.8002, 7.5305, 7.6952, 4.3807, 5.8082, 3.3513, 2.0063, 2.0416, -2.5075,
  ]

### rewards/sparse_only
  Total points: 100
  Min: -29.1884, Max: 2.5075, Mean: -13.3294
  Data: [
    -28.2270, -23.3275, -26.1748, -23.7177, -24.7340, -25.2336, -27.4581, -26.2546, -24.5015, -22.3202,
    -23.2039, -17.7633, -23.0685, -28.2182, -26.8137, -29.1884, -26.4436, -25.5684, -23.3987, -25.6921,
    -21.9469, -26.7621, -20.9648, -18.4974, -21.5074, -24.4228, -24.3997, -24.2728, -23.6813, -24.9489,
    -21.6606, -27.5644, -22.7290, -23.4507, -19.7225, -20.9611, -23.5522, -23.8948, -24.2070, -19.5966,
    -20.9478, -21.0173, -11.2753, -15.9471, -14.2878, -12.4884, -12.9825, -5.4154, -11.6828, -11.1759,
    -3.5218, -2.8124, -6.1617, -2.4963, -4.5147, -2.5866, -2.6416, -2.8847, -4.7411, -1.6907,
    -6.0961, -3.3839, -7.9883, -5.2462, -9.2348, -7.6707, -3.3311, -2.3636, -2.4521, -8.0600,
    -6.1201, -8.5574, -1.7380, -6.1711, -5.5905, -10.7125, -7.1086, -3.8643, -4.8169, -1.3238,
    -6.7386, -3.9824, -4.5350, -5.5494, -6.2616, -5.7704, 1.3306, -4.5314, -5.7260, -6.5171,
    -5.4013, -5.8002, -7.5305, -7.6952, -4.3807, -5.8082, -3.3513, -2.0063, -2.0416, 2.5075,
  ]

### rewards/sparse_ratio
  Total points: 100
  Min: 0.6284, Max: 1.6610, Mean: 0.9520
  Data: [
    0.9735, 0.9802, 0.9813, 0.9866, 0.9828, 0.9684, 0.9835, 0.9855, 0.9759, 0.9808,
    0.9680, 0.9907, 0.9796, 0.9850, 0.9806, 0.9840, 0.9799, 0.9818, 0.9825, 0.9874,
    0.9705, 0.9800, 0.9643, 0.9832, 0.9914, 0.9692, 0.9601, 0.9752, 0.9834, 0.9739,
    0.9696, 0.9799, 0.9818, 0.9833, 0.9644, 0.9855, 0.9798, 0.9770, 0.9681, 0.9803,
    0.9853, 0.9756, 0.9642, 0.9667, 0.9613, 0.9799, 0.9656, 0.9444, 0.9876, 0.9884,
    0.8091, 0.9009, 0.9241, 0.8757, 0.9274, 0.9301, 0.8154, 0.8106, 0.8597, 0.6284,
    0.9254, 0.8204, 0.9357, 0.9018, 0.9416, 0.9370, 0.9399, 0.9271, 0.9063, 0.9473,
    0.9702, 1.0122, 0.8388, 0.9680, 0.9956, 0.9594, 1.0005, 0.8660, 0.8671, 0.7282,
    0.9648, 0.9631, 0.8915, 0.9055, 0.9098, 0.9258, 1.6610, 0.9203, 0.9046, 1.0031,
    0.9093, 0.9746, 1.0052, 0.9502, 0.8786, 0.9811, 0.9284, 0.9042, 0.8165, 1.0800,
  ]

### scoring/goals_conceded
  Total points: 100
  Min: 17.0000, Max: 6304.0000, Mean: 3167.8200
  Data: [
    17.0000, 38.0000, 61.0000, 82.0000, 105.0000, 125.0000, 144.0000, 168.0000, 188.0000, 212.0000,
    232.0000, 254.0000, 280.0000, 303.0000, 325.0000, 347.0000, 367.0000, 389.0000, 412.0000, 434.0000,
    459.0000, 478.0000, 496.0000, 520.0000, 545.0000, 567.0000, 586.0000, 607.0000, 630.0000, 655.0000,
    676.0000, 698.0000, 722.0000, 745.0000, 767.0000, 787.0000, 807.0000, 828.0000, 850.0000, 874.0000,
    896.0000, 921.0000, 948.0000, 974.0000, 998.0000, 1026.0000, 1053.0000, 1080.0000, 1109.0000, 1138.0000,
    5232.0000, 5258.0000, 5283.0000, 5302.0000, 5325.0000, 5353.0000, 5374.0000, 5399.0000, 5421.0000, 5437.0000,
    5461.0000, 5478.0000, 5503.0000, 5521.0000, 5542.0000, 5563.0000, 5584.0000, 5607.0000, 5626.0000, 5657.0000,
    5681.0000, 5706.0000, 5731.0000, 5757.0000, 5772.0000, 5790.0000, 5815.0000, 5839.0000, 5861.0000, 5883.0000,
    5903.0000, 5927.0000, 5947.0000, 5964.0000, 5993.0000, 6014.0000, 6032.0000, 6058.0000, 6075.0000, 6094.0000,
    6116.0000, 6136.0000, 6155.0000, 6177.0000, 6196.0000, 6219.0000, 6241.0000, 6262.0000, 6285.0000, 6304.0000,
  ]

### scoring/goals_scored
  Total points: 100
  Min: 4.0000, Max: 2163.0000, Mean: 963.2800
  Data: [
    4.0000, 4.0000, 6.0000, 7.0000, 9.0000, 9.0000, 14.0000, 16.0000, 18.0000, 18.0000,
    19.0000, 23.0000, 24.0000, 26.0000, 28.0000, 31.0000, 34.0000, 35.0000, 37.0000, 42.0000,
    42.0000, 44.0000, 45.0000, 48.0000, 49.0000, 52.0000, 54.0000, 55.0000, 58.0000, 60.0000,
    62.0000, 62.0000, 65.0000, 65.0000, 66.0000, 69.0000, 70.0000, 75.0000, 76.0000, 80.0000,
    80.0000, 85.0000, 89.0000, 90.0000, 93.0000, 97.0000, 106.0000, 116.0000, 123.0000, 132.0000,
    1592.0000, 1606.0000, 1616.0000, 1628.0000, 1646.0000, 1655.0000, 1666.0000, 1677.0000, 1689.0000, 1701.0000,
    1712.0000, 1727.0000, 1733.0000, 1745.0000, 1751.0000, 1764.0000, 1777.0000, 1791.0000, 1804.0000, 1809.0000,
    1821.0000, 1831.0000, 1843.0000, 1856.0000, 1874.0000, 1887.0000, 1898.0000, 1905.0000, 1913.0000, 1927.0000,
    1938.0000, 1951.0000, 1963.0000, 1971.0000, 1978.0000, 1992.0000, 2004.0000, 2014.0000, 2020.0000, 2031.0000,
    2041.0000, 2057.0000, 2071.0000, 2082.0000, 2095.0000, 2105.0000, 2118.0000, 2133.0000, 2145.0000, 2163.0000,
  ]

### selfplay/active
  Total points: 100
  Min: 0.0000, Max: 0.0000, Mean: 0.0000
  Data: [
    0.0000, 0.0000, 0.0000, 0.0000, 0.0000, 0.0000, 0.0000, 0.0000, 0.0000, 0.0000,
    0.0000, 0.0000, 0.0000, 0.0000, 0.0000, 0.0000, 0.0000, 0.0000, 0.0000, 0.0000,
    0.0000, 0.0000, 0.0000, 0.0000, 0.0000, 0.0000, 0.0000, 0.0000, 0.0000, 0.0000,
    0.0000, 0.0000, 0.0000, 0.0000, 0.0000, 0.0000, 0.0000, 0.0000, 0.0000, 0.0000,
    0.0000, 0.0000, 0.0000, 0.0000, 0.0000, 0.0000, 0.0000, 0.0000, 0.0000, 0.0000,
    0.0000, 0.0000, 0.0000, 0.0000, 0.0000, 0.0000, 0.0000, 0.0000, 0.0000, 0.0000,
    0.0000, 0.0000, 0.0000, 0.0000, 0.0000, 0.0000, 0.0000, 0.0000, 0.0000, 0.0000,
    0.0000, 0.0000, 0.0000, 0.0000, 0.0000, 0.0000, 0.0000, 0.0000, 0.0000, 0.0000,
    0.0000, 0.0000, 0.0000, 0.0000, 0.0000, 0.0000, 0.0000, 0.0000, 0.0000, 0.0000,
    0.0000, 0.0000, 0.0000, 0.0000, 0.0000, 0.0000, 0.0000, 0.0000, 0.0000, 0.0000,
  ]

### selfplay/episode_opponent_type_selfplay
  Total points: 100
  Min: 0.0000, Max: 0.0000, Mean: 0.0000
  Data: [
    0.0000, 0.0000, 0.0000, 0.0000, 0.0000, 0.0000, 0.0000, 0.0000, 0.0000, 0.0000,
    0.0000, 0.0000, 0.0000, 0.0000, 0.0000, 0.0000, 0.0000, 0.0000, 0.0000, 0.0000,
    0.0000, 0.0000, 0.0000, 0.0000, 0.0000, 0.0000, 0.0000, 0.0000, 0.0000, 0.0000,
    0.0000, 0.0000, 0.0000, 0.0000, 0.0000, 0.0000, 0.0000, 0.0000, 0.0000, 0.0000,
    0.0000, 0.0000, 0.0000, 0.0000, 0.0000, 0.0000, 0.0000, 0.0000, 0.0000, 0.0000,
    0.0000, 0.0000, 0.0000, 0.0000, 0.0000, 0.0000, 0.0000, 0.0000, 0.0000, 0.0000,
    0.0000, 0.0000, 0.0000, 0.0000, 0.0000, 0.0000, 0.0000, 0.0000, 0.0000, 0.0000,
    0.0000, 0.0000, 0.0000, 0.0000, 0.0000, 0.0000, 0.0000, 0.0000, 0.0000, 0.0000,
    0.0000, 0.0000, 0.0000, 0.0000, 0.0000, 0.0000, 0.0000, 0.0000, 0.0000, 0.0000,
    0.0000, 0.0000, 0.0000, 0.0000, 0.0000, 0.0000, 0.0000, 0.0000, 0.0000, 0.0000,
  ]

### selfplay/episode_opponent_type_strong
  Total points: 100
  Min: 0.0000, Max: 0.0000, Mean: 0.0000
  Data: [
    0.0000, 0.0000, 0.0000, 0.0000, 0.0000, 0.0000, 0.0000, 0.0000, 0.0000, 0.0000,
    0.0000, 0.0000, 0.0000, 0.0000, 0.0000, 0.0000, 0.0000, 0.0000, 0.0000, 0.0000,
    0.0000, 0.0000, 0.0000, 0.0000, 0.0000, 0.0000, 0.0000, 0.0000, 0.0000, 0.0000,
    0.0000, 0.0000, 0.0000, 0.0000, 0.0000, 0.0000, 0.0000, 0.0000, 0.0000, 0.0000,
    0.0000, 0.0000, 0.0000, 0.0000, 0.0000, 0.0000, 0.0000, 0.0000, 0.0000, 0.0000,
    0.0000, 0.0000, 0.0000, 0.0000, 0.0000, 0.0000, 0.0000, 0.0000, 0.0000, 0.0000,
    0.0000, 0.0000, 0.0000, 0.0000, 0.0000, 0.0000, 0.0000, 0.0000, 0.0000, 0.0000,
    0.0000, 0.0000, 0.0000, 0.0000, 0.0000, 0.0000, 0.0000, 0.0000, 0.0000, 0.0000,
    0.0000, 0.0000, 0.0000, 0.0000, 0.0000, 0.0000, 0.0000, 0.0000, 0.0000, 0.0000,
    0.0000, 0.0000, 0.0000, 0.0000, 0.0000, 0.0000, 0.0000, 0.0000, 0.0000, 0.0000,
  ]

### selfplay/episode_opponent_type_weak
  Total points: 100
  Min: 1.0000, Max: 1.0000, Mean: 1.0000
  Data: [
    1.0000, 1.0000, 1.0000, 1.0000, 1.0000, 1.0000, 1.0000, 1.0000, 1.0000, 1.0000,
    1.0000, 1.0000, 1.0000, 1.0000, 1.0000, 1.0000, 1.0000, 1.0000, 1.0000, 1.0000,
    1.0000, 1.0000, 1.0000, 1.0000, 1.0000, 1.0000, 1.0000, 1.0000, 1.0000, 1.0000,
    1.0000, 1.0000, 1.0000, 1.0000, 1.0000, 1.0000, 1.0000, 1.0000, 1.0000, 1.0000,
    1.0000, 1.0000, 1.0000, 1.0000, 1.0000, 1.0000, 1.0000, 1.0000, 1.0000, 1.0000,
    1.0000, 1.0000, 1.0000, 1.0000, 1.0000, 1.0000, 1.0000, 1.0000, 1.0000, 1.0000,
    1.0000, 1.0000, 1.0000, 1.0000, 1.0000, 1.0000, 1.0000, 1.0000, 1.0000, 1.0000,
    1.0000, 1.0000, 1.0000, 1.0000, 1.0000, 1.0000, 1.0000, 1.0000, 1.0000, 1.0000,
    1.0000, 1.0000, 1.0000, 1.0000, 1.0000, 1.0000, 1.0000, 1.0000, 1.0000, 1.0000,
    1.0000, 1.0000, 1.0000, 1.0000, 1.0000, 1.0000, 1.0000, 1.0000, 1.0000, 1.0000,
  ]

### selfplay/pool_size
  Total points: 100
  Min: 0.0000, Max: 0.0000, Mean: 0.0000
  Data: [
    0.0000, 0.0000, 0.0000, 0.0000, 0.0000, 0.0000, 0.0000, 0.0000, 0.0000, 0.0000,
    0.0000, 0.0000, 0.0000, 0.0000, 0.0000, 0.0000, 0.0000, 0.0000, 0.0000, 0.0000,
    0.0000, 0.0000, 0.0000, 0.0000, 0.0000, 0.0000, 0.0000, 0.0000, 0.0000, 0.0000,
    0.0000, 0.0000, 0.0000, 0.0000, 0.0000, 0.0000, 0.0000, 0.0000, 0.0000, 0.0000,
    0.0000, 0.0000, 0.0000, 0.0000, 0.0000, 0.0000, 0.0000, 0.0000, 0.0000, 0.0000,
    0.0000, 0.0000, 0.0000, 0.0000, 0.0000, 0.0000, 0.0000, 0.0000, 0.0000, 0.0000,
    0.0000, 0.0000, 0.0000, 0.0000, 0.0000, 0.0000, 0.0000, 0.0000, 0.0000, 0.0000,
    0.0000, 0.0000, 0.0000, 0.0000, 0.0000, 0.0000, 0.0000, 0.0000, 0.0000, 0.0000,
    0.0000, 0.0000, 0.0000, 0.0000, 0.0000, 0.0000, 0.0000, 0.0000, 0.0000, 0.0000,
    0.0000, 0.0000, 0.0000, 0.0000, 0.0000, 0.0000, 0.0000, 0.0000, 0.0000, 0.0000,
  ]

### selfplay/weak_ratio_target
  Total points: 100
  Min: 0.5000, Max: 0.5000, Mean: 0.5000
  Data: [
    0.5000, 0.5000, 0.5000, 0.5000, 0.5000, 0.5000, 0.5000, 0.5000, 0.5000, 0.5000,
    0.5000, 0.5000, 0.5000, 0.5000, 0.5000, 0.5000, 0.5000, 0.5000, 0.5000, 0.5000,
    0.5000, 0.5000, 0.5000, 0.5000, 0.5000, 0.5000, 0.5000, 0.5000, 0.5000, 0.5000,
    0.5000, 0.5000, 0.5000, 0.5000, 0.5000, 0.5000, 0.5000, 0.5000, 0.5000, 0.5000,
    0.5000, 0.5000, 0.5000, 0.5000, 0.5000, 0.5000, 0.5000, 0.5000, 0.5000, 0.5000,
    0.5000, 0.5000, 0.5000, 0.5000, 0.5000, 0.5000, 0.5000, 0.5000, 0.5000, 0.5000,
    0.5000, 0.5000, 0.5000, 0.5000, 0.5000, 0.5000, 0.5000, 0.5000, 0.5000, 0.5000,
    0.5000, 0.5000, 0.5000, 0.5000, 0.5000, 0.5000, 0.5000, 0.5000, 0.5000, 0.5000,
    0.5000, 0.5000, 0.5000, 0.5000, 0.5000, 0.5000, 0.5000, 0.5000, 0.5000, 0.5000,
    0.5000, 0.5000, 0.5000, 0.5000, 0.5000, 0.5000, 0.5000, 0.5000, 0.5000, 0.5000,
  ]

### strategic/attack_diversity_bonus
  Total points: 100
  Min: 0.0000, Max: 0.0000, Mean: 0.0000
  Data: [
    0.0000, 0.0000, 0.0000, 0.0000, 0.0000, 0.0000, 0.0000, 0.0000, 0.0000, 0.0000,
    0.0000, 0.0000, 0.0000, 0.0000, 0.0000, 0.0000, 0.0000, 0.0000, 0.0000, 0.0000,
    0.0000, 0.0000, 0.0000, 0.0000, 0.0000, 0.0000, 0.0000, 0.0000, 0.0000, 0.0000,
    0.0000, 0.0000, 0.0000, 0.0000, 0.0000, 0.0000, 0.0000, 0.0000, 0.0000, 0.0000,
    0.0000, 0.0000, 0.0000, 0.0000, 0.0000, 0.0000, 0.0000, 0.0000, 0.0000, 0.0000,
    0.0000, 0.0000, 0.0000, 0.0000, 0.0000, 0.0000, 0.0000, 0.0000, 0.0000, 0.0000,
    0.0000, 0.0000, 0.0000, 0.0000, 0.0000, 0.0000, 0.0000, 0.0000, 0.0000, 0.0000,
    0.0000, 0.0000, 0.0000, 0.0000, 0.0000, 0.0000, 0.0000, 0.0000, 0.0000, 0.0000,
    0.0000, 0.0000, 0.0000, 0.0000, 0.0000, 0.0000, 0.0000, 0.0000, 0.0000, 0.0000,
    0.0000, 0.0000, 0.0000, 0.0000, 0.0000, 0.0000, 0.0000, 0.0000, 0.0000, 0.0000,
  ]

### strategic/attack_sides_unique
  Total points: 100
  Min: 0.0000, Max: 0.0000, Mean: 0.0000
  Data: [
    0.0000, 0.0000, 0.0000, 0.0000, 0.0000, 0.0000, 0.0000, 0.0000, 0.0000, 0.0000,
    0.0000, 0.0000, 0.0000, 0.0000, 0.0000, 0.0000, 0.0000, 0.0000, 0.0000, 0.0000,
    0.0000, 0.0000, 0.0000, 0.0000, 0.0000, 0.0000, 0.0000, 0.0000, 0.0000, 0.0000,
    0.0000, 0.0000, 0.0000, 0.0000, 0.0000, 0.0000, 0.0000, 0.0000, 0.0000, 0.0000,
    0.0000, 0.0000, 0.0000, 0.0000, 0.0000, 0.0000, 0.0000, 0.0000, 0.0000, 0.0000,
    0.0000, 0.0000, 0.0000, 0.0000, 0.0000, 0.0000, 0.0000, 0.0000, 0.0000, 0.0000,
    0.0000, 0.0000, 0.0000, 0.0000, 0.0000, 0.0000, 0.0000, 0.0000, 0.0000, 0.0000,
    0.0000, 0.0000, 0.0000, 0.0000, 0.0000, 0.0000, 0.0000, 0.0000, 0.0000, 0.0000,
    0.0000, 0.0000, 0.0000, 0.0000, 0.0000, 0.0000, 0.0000, 0.0000, 0.0000, 0.0000,
    0.0000, 0.0000, 0.0000, 0.0000, 0.0000, 0.0000, 0.0000, 0.0000, 0.0000, 0.0000,
  ]

### strategic/forcing_bonus
  Total points: 100
  Min: 0.0000, Max: 0.0000, Mean: 0.0000
  Data: [
    0.0000, 0.0000, 0.0000, 0.0000, 0.0000, 0.0000, 0.0000, 0.0000, 0.0000, 0.0000,
    0.0000, 0.0000, 0.0000, 0.0000, 0.0000, 0.0000, 0.0000, 0.0000, 0.0000, 0.0000,
    0.0000, 0.0000, 0.0000, 0.0000, 0.0000, 0.0000, 0.0000, 0.0000, 0.0000, 0.0000,
    0.0000, 0.0000, 0.0000, 0.0000, 0.0000, 0.0000, 0.0000, 0.0000, 0.0000, 0.0000,
    0.0000, 0.0000, 0.0000, 0.0000, 0.0000, 0.0000, 0.0000, 0.0000, 0.0000, 0.0000,
    0.0000, 0.0000, 0.0000, 0.0000, 0.0000, 0.0000, 0.0000, 0.0000, 0.0000, 0.0000,
    0.0000, 0.0000, 0.0000, 0.0000, 0.0000, 0.0000, 0.0000, 0.0000, 0.0000, 0.0000,
    0.0000, 0.0000, 0.0000, 0.0000, 0.0000, 0.0000, 0.0000, 0.0000, 0.0000, 0.0000,
    0.0000, 0.0000, 0.0000, 0.0000, 0.0000, 0.0000, 0.0000, 0.0000, 0.0000, 0.0000,
    0.0000, 0.0000, 0.0000, 0.0000, 0.0000, 0.0000, 0.0000, 0.0000, 0.0000, 0.0000,
  ]

### strategic/opponent_avg_movement
  Total points: 100
  Min: 0.0000, Max: 0.0000, Mean: 0.0000
  Data: [
    0.0000, 0.0000, 0.0000, 0.0000, 0.0000, 0.0000, 0.0000, 0.0000, 0.0000, 0.0000,
    0.0000, 0.0000, 0.0000, 0.0000, 0.0000, 0.0000, 0.0000, 0.0000, 0.0000, 0.0000,
    0.0000, 0.0000, 0.0000, 0.0000, 0.0000, 0.0000, 0.0000, 0.0000, 0.0000, 0.0000,
    0.0000, 0.0000, 0.0000, 0.0000, 0.0000, 0.0000, 0.0000, 0.0000, 0.0000, 0.0000,
    0.0000, 0.0000, 0.0000, 0.0000, 0.0000, 0.0000, 0.0000, 0.0000, 0.0000, 0.0000,
    0.0000, 0.0000, 0.0000, 0.0000, 0.0000, 0.0000, 0.0000, 0.0000, 0.0000, 0.0000,
    0.0000, 0.0000, 0.0000, 0.0000, 0.0000, 0.0000, 0.0000, 0.0000, 0.0000, 0.0000,
    0.0000, 0.0000, 0.0000, 0.0000, 0.0000, 0.0000, 0.0000, 0.0000, 0.0000, 0.0000,
    0.0000, 0.0000, 0.0000, 0.0000, 0.0000, 0.0000, 0.0000, 0.0000, 0.0000, 0.0000,
    0.0000, 0.0000, 0.0000, 0.0000, 0.0000, 0.0000, 0.0000, 0.0000, 0.0000, 0.0000,
  ]

### strategic/opponent_total_movement
  Total points: 100
  Min: 0.0000, Max: 0.0000, Mean: 0.0000
  Data: [
    0.0000, 0.0000, 0.0000, 0.0000, 0.0000, 0.0000, 0.0000, 0.0000, 0.0000, 0.0000,
    0.0000, 0.0000, 0.0000, 0.0000, 0.0000, 0.0000, 0.0000, 0.0000, 0.0000, 0.0000,
    0.0000, 0.0000, 0.0000, 0.0000, 0.0000, 0.0000, 0.0000, 0.0000, 0.0000, 0.0000,
    0.0000, 0.0000, 0.0000, 0.0000, 0.0000, 0.0000, 0.0000, 0.0000, 0.0000, 0.0000,
    0.0000, 0.0000, 0.0000, 0.0000, 0.0000, 0.0000, 0.0000, 0.0000, 0.0000, 0.0000,
    0.0000, 0.0000, 0.0000, 0.0000, 0.0000, 0.0000, 0.0000, 0.0000, 0.0000, 0.0000,
    0.0000, 0.0000, 0.0000, 0.0000, 0.0000, 0.0000, 0.0000, 0.0000, 0.0000, 0.0000,
    0.0000, 0.0000, 0.0000, 0.0000, 0.0000, 0.0000, 0.0000, 0.0000, 0.0000, 0.0000,
    0.0000, 0.0000, 0.0000, 0.0000, 0.0000, 0.0000, 0.0000, 0.0000, 0.0000, 0.0000,
    0.0000, 0.0000, 0.0000, 0.0000, 0.0000, 0.0000, 0.0000, 0.0000, 0.0000, 0.0000,
  ]

### strategic/shot_quality_ratio
  Total points: 100
  Min: 0.0000, Max: 0.0000, Mean: 0.0000
  Data: [
    0.0000, 0.0000, 0.0000, 0.0000, 0.0000, 0.0000, 0.0000, 0.0000, 0.0000, 0.0000,
    0.0000, 0.0000, 0.0000, 0.0000, 0.0000, 0.0000, 0.0000, 0.0000, 0.0000, 0.0000,
    0.0000, 0.0000, 0.0000, 0.0000, 0.0000, 0.0000, 0.0000, 0.0000, 0.0000, 0.0000,
    0.0000, 0.0000, 0.0000, 0.0000, 0.0000, 0.0000, 0.0000, 0.0000, 0.0000, 0.0000,
    0.0000, 0.0000, 0.0000, 0.0000, 0.0000, 0.0000, 0.0000, 0.0000, 0.0000, 0.0000,
    0.0000, 0.0000, 0.0000, 0.0000, 0.0000, 0.0000, 0.0000, 0.0000, 0.0000, 0.0000,
    0.0000, 0.0000, 0.0000, 0.0000, 0.0000, 0.0000, 0.0000, 0.0000, 0.0000, 0.0000,
    0.0000, 0.0000, 0.0000, 0.0000, 0.0000, 0.0000, 0.0000, 0.0000, 0.0000, 0.0000,
    0.0000, 0.0000, 0.0000, 0.0000, 0.0000, 0.0000, 0.0000, 0.0000, 0.0000, 0.0000,
    0.0000, 0.0000, 0.0000, 0.0000, 0.0000, 0.0000, 0.0000, 0.0000, 0.0000, 0.0000,
  ]

### strategic/shots_blocked
  Total points: 100
  Min: 0.0000, Max: 0.0000, Mean: 0.0000
  Data: [
    0.0000, 0.0000, 0.0000, 0.0000, 0.0000, 0.0000, 0.0000, 0.0000, 0.0000, 0.0000,
    0.0000, 0.0000, 0.0000, 0.0000, 0.0000, 0.0000, 0.0000, 0.0000, 0.0000, 0.0000,
    0.0000, 0.0000, 0.0000, 0.0000, 0.0000, 0.0000, 0.0000, 0.0000, 0.0000, 0.0000,
    0.0000, 0.0000, 0.0000, 0.0000, 0.0000, 0.0000, 0.0000, 0.0000, 0.0000, 0.0000,
    0.0000, 0.0000, 0.0000, 0.0000, 0.0000, 0.0000, 0.0000, 0.0000, 0.0000, 0.0000,
    0.0000, 0.0000, 0.0000, 0.0000, 0.0000, 0.0000, 0.0000, 0.0000, 0.0000, 0.0000,
    0.0000, 0.0000, 0.0000, 0.0000, 0.0000, 0.0000, 0.0000, 0.0000, 0.0000, 0.0000,
    0.0000, 0.0000, 0.0000, 0.0000, 0.0000, 0.0000, 0.0000, 0.0000, 0.0000, 0.0000,
    0.0000, 0.0000, 0.0000, 0.0000, 0.0000, 0.0000, 0.0000, 0.0000, 0.0000, 0.0000,
    0.0000, 0.0000, 0.0000, 0.0000, 0.0000, 0.0000, 0.0000, 0.0000, 0.0000, 0.0000,
  ]

### strategic/shots_clear
  Total points: 100
  Min: 0.0000, Max: 0.0000, Mean: 0.0000
  Data: [
    0.0000, 0.0000, 0.0000, 0.0000, 0.0000, 0.0000, 0.0000, 0.0000, 0.0000, 0.0000,
    0.0000, 0.0000, 0.0000, 0.0000, 0.0000, 0.0000, 0.0000, 0.0000, 0.0000, 0.0000,
    0.0000, 0.0000, 0.0000, 0.0000, 0.0000, 0.0000, 0.0000, 0.0000, 0.0000, 0.0000,
    0.0000, 0.0000, 0.0000, 0.0000, 0.0000, 0.0000, 0.0000, 0.0000, 0.0000, 0.0000,
    0.0000, 0.0000, 0.0000, 0.0000, 0.0000, 0.0000, 0.0000, 0.0000, 0.0000, 0.0000,
    0.0000, 0.0000, 0.0000, 0.0000, 0.0000, 0.0000, 0.0000, 0.0000, 0.0000, 0.0000,
    0.0000, 0.0000, 0.0000, 0.0000, 0.0000, 0.0000, 0.0000, 0.0000, 0.0000, 0.0000,
    0.0000, 0.0000, 0.0000, 0.0000, 0.0000, 0.0000, 0.0000, 0.0000, 0.0000, 0.0000,
    0.0000, 0.0000, 0.0000, 0.0000, 0.0000, 0.0000, 0.0000, 0.0000, 0.0000, 0.0000,
    0.0000, 0.0000, 0.0000, 0.0000, 0.0000, 0.0000, 0.0000, 0.0000, 0.0000, 0.0000,
  ]

### training/avg_episode_length
  Total points: 100
  Min: 72.8000, Max: 230.7000, Mean: 151.6290
  Data: [
    230.7000, 146.0000, 196.5000, 166.9000, 171.7000, 168.0000, 162.3000, 184.6000, 161.0000, 143.9000,
    207.0000, 156.5000, 128.6000, 161.1000, 170.7000, 161.5000, 154.6000, 146.1000, 167.1000, 180.1000,
    152.5000, 154.5000, 191.1000, 126.8000, 135.6000, 193.2000, 196.4000, 167.4000, 137.9000, 159.9000,
    174.1000, 172.8000, 142.6000, 132.5000, 167.3000, 162.7000, 178.6000, 180.9000, 173.8000, 158.7000,
    171.8000, 163.2000, 146.1000, 171.6000, 119.9000, 158.4000, 123.2000, 126.0000, 113.4000, 135.4000,
    146.8000, 142.3000, 172.8000, 183.0000, 127.6000, 84.3000, 159.1000, 195.0000, 143.2000, 189.7000,
    153.3000, 140.2000, 162.0000, 133.5000, 203.0000, 189.4000, 143.7000, 131.0000, 89.8000, 182.2000,
    144.7000, 149.6000, 101.7000, 118.7000, 121.8000, 163.1000, 125.8000, 150.9000, 173.5000, 127.4000,
    113.1000, 141.7000, 116.1000, 157.8000, 169.7000, 150.7000, 123.0000, 123.7000, 192.3000, 122.5000,
    184.2000, 96.9000, 116.9000, 154.4000, 142.3000, 114.2000, 98.9000, 72.8000, 158.5000, 110.9000,
  ]

### training/calls_per_episode
  Total points: 100
  Min: 0.0000, Max: 0.0000, Mean: 0.0000
  Data: [
    0.0000, 0.0000, 0.0000, 0.0000, 0.0000, 0.0000, 0.0000, 0.0000, 0.0000, 0.0000,
    0.0000, 0.0000, 0.0000, 0.0000, 0.0000, 0.0000, 0.0000, 0.0000, 0.0000, 0.0000,
    0.0000, 0.0000, 0.0000, 0.0000, 0.0000, 0.0000, 0.0000, 0.0000, 0.0000, 0.0000,
    0.0000, 0.0000, 0.0000, 0.0000, 0.0000, 0.0000, 0.0000, 0.0000, 0.0000, 0.0000,
    0.0000, 0.0000, 0.0000, 0.0000, 0.0000, 0.0000, 0.0000, 0.0000, 0.0000, 0.0000,
    0.0000, 0.0000, 0.0000, 0.0000, 0.0000, 0.0000, 0.0000, 0.0000, 0.0000, 0.0000,
    0.0000, 0.0000, 0.0000, 0.0000, 0.0000, 0.0000, 0.0000, 0.0000, 0.0000, 0.0000,
    0.0000, 0.0000, 0.0000, 0.0000, 0.0000, 0.0000, 0.0000, 0.0000, 0.0000, 0.0000,
    0.0000, 0.0000, 0.0000, 0.0000, 0.0000, 0.0000, 0.0000, 0.0000, 0.0000, 0.0000,
    0.0000, 0.0000, 0.0000, 0.0000, 0.0000, 0.0000, 0.0000, 0.0000, 0.0000, 0.0000,
  ]

### training/episode
  Total points: 100
  Min: 50.0000, Max: 12850.0000, Mean: 6450.0000
  Data: [
    50.0000, 100.0000, 150.0000, 200.0000, 250.0000, 300.0000, 350.0000, 400.0000, 450.0000, 500.0000,
    550.0000, 600.0000, 650.0000, 700.0000, 750.0000, 800.0000, 850.0000, 900.0000, 950.0000, 1000.0000,
    1050.0000, 1100.0000, 1150.0000, 1200.0000, 1250.0000, 1300.0000, 1350.0000, 1400.0000, 1450.0000, 1500.0000,
    1550.0000, 1600.0000, 1650.0000, 1700.0000, 1750.0000, 1800.0000, 1850.0000, 1900.0000, 1950.0000, 2000.0000,
    2050.0000, 2100.0000, 2150.0000, 2200.0000, 2250.0000, 2300.0000, 2350.0000, 2400.0000, 2450.0000, 2500.0000,
    10400.0000, 10450.0000, 10500.0000, 10550.0000, 10600.0000, 10650.0000, 10700.0000, 10750.0000, 10800.0000, 10850.0000,
    10900.0000, 10950.0000, 11000.0000, 11050.0000, 11100.0000, 11150.0000, 11200.0000, 11250.0000, 11300.0000, 11350.0000,
    11400.0000, 11450.0000, 11500.0000, 11550.0000, 11600.0000, 11650.0000, 11700.0000, 11750.0000, 11800.0000, 11850.0000,
    11900.0000, 11950.0000, 12000.0000, 12050.0000, 12100.0000, 12150.0000, 12200.0000, 12250.0000, 12300.0000, 12350.0000,
    12400.0000, 12450.0000, 12500.0000, 12550.0000, 12600.0000, 12650.0000, 12700.0000, 12750.0000, 12800.0000, 12850.0000,
  ]

### training/eps_per_sec
  Total points: 100
  Min: 0.3519, Max: 8.0992, Mean: 3.3285
  Data: [
    6.3619, 7.5134, 7.5437, 6.9639, 7.7374, 7.3280, 7.2952, 7.5169, 6.9429, 7.4738,
    6.8760, 7.4394, 8.0992, 7.6681, 7.4021, 7.7475, 7.4096, 7.5896, 7.4282, 7.2344,
    0.6726, 7.2422, 6.8451, 7.8033, 7.5785, 7.3636, 7.0267, 7.3604, 7.6778, 7.6493,
    7.1112, 7.0046, 7.6279, 7.5791, 6.9673, 6.9718, 7.1170, 7.7424, 7.8085, 4.7313,
    0.3519, 0.7860, 0.8154, 0.7421, 0.7236, 0.7777, 0.9275, 0.8520, 0.8162, 0.8883,
    1.0722, 0.9713, 0.8262, 0.7796, 1.1102, 0.9336, 0.7861, 0.8706, 0.8558, 0.7825,
    0.8093, 0.8120, 0.7304, 0.4492, 0.7142, 0.8271, 0.7975, 0.8574, 0.7589, 0.7870,
    0.8555, 0.8104, 0.8196, 0.8202, 0.7786, 0.6846, 0.7496, 0.7774, 0.7072, 0.7644,
    0.7187, 0.9100, 0.7944, 0.3579, 0.8264, 0.7767, 0.7317, 0.8872, 0.6117, 0.6712,
    0.7472, 0.8049, 0.8381, 0.7742, 0.7846, 0.7827, 0.8524, 0.8649, 0.7900, 0.8941,
  ]

### training/epsilon
  Total points: 100
  Min: 0.5260, Max: 0.9975, Mean: 0.7492
  Data: [
    0.9975, 0.9950, 0.9925, 0.9900, 0.9876, 0.9851, 0.9827, 0.9802, 0.9778, 0.9753,
    0.9729, 0.9704, 0.9680, 0.9656, 0.9632, 0.9608, 0.9584, 0.9560, 0.9536, 0.9512,
    0.9489, 0.9465, 0.9441, 0.9418, 0.9394, 0.9371, 0.9347, 0.9324, 0.9301, 0.9277,
    0.9254, 0.9231, 0.9208, 0.9185, 0.9162, 0.9139, 0.9116, 0.9094, 0.9071, 0.9048,
    0.9026, 0.9003, 0.8981, 0.8958, 0.8936, 0.8914, 0.8891, 0.8869, 0.8847, 0.8825,
    0.5945, 0.5930, 0.5915, 0.5901, 0.5886, 0.5871, 0.5857, 0.5842, 0.5827, 0.5813,
    0.5798, 0.5784, 0.5769, 0.5755, 0.5741, 0.5726, 0.5712, 0.5698, 0.5684, 0.5669,
    0.5655, 0.5641, 0.5627, 0.5613, 0.5599, 0.5585, 0.5571, 0.5557, 0.5543, 0.5529,
    0.5516, 0.5502, 0.5488, 0.5474, 0.5461, 0.5447, 0.5433, 0.5420, 0.5406, 0.5393,
    0.5379, 0.5366, 0.5353, 0.5339, 0.5326, 0.5313, 0.5299, 0.5286, 0.5273, 0.5260,
  ]

### training/pbrs_enabled
  Total points: 100
  Min: 1.0000, Max: 1.0000, Mean: 1.0000
  Data: [
    1.0000, 1.0000, 1.0000, 1.0000, 1.0000, 1.0000, 1.0000, 1.0000, 1.0000, 1.0000,
    1.0000, 1.0000, 1.0000, 1.0000, 1.0000, 1.0000, 1.0000, 1.0000, 1.0000, 1.0000,
    1.0000, 1.0000, 1.0000, 1.0000, 1.0000, 1.0000, 1.0000, 1.0000, 1.0000, 1.0000,
    1.0000, 1.0000, 1.0000, 1.0000, 1.0000, 1.0000, 1.0000, 1.0000, 1.0000, 1.0000,
    1.0000, 1.0000, 1.0000, 1.0000, 1.0000, 1.0000, 1.0000, 1.0000, 1.0000, 1.0000,
    1.0000, 1.0000, 1.0000, 1.0000, 1.0000, 1.0000, 1.0000, 1.0000, 1.0000, 1.0000,
    1.0000, 1.0000, 1.0000, 1.0000, 1.0000, 1.0000, 1.0000, 1.0000, 1.0000, 1.0000,
    1.0000, 1.0000, 1.0000, 1.0000, 1.0000, 1.0000, 1.0000, 1.0000, 1.0000, 1.0000,
    1.0000, 1.0000, 1.0000, 1.0000, 1.0000, 1.0000, 1.0000, 1.0000, 1.0000, 1.0000,
    1.0000, 1.0000, 1.0000, 1.0000, 1.0000, 1.0000, 1.0000, 1.0000, 1.0000, 1.0000,
  ]

### training/tie_penalty
  Total points: 100
  Min: -1.5000, Max: 0.0000, Mean: -0.3750
  Data: [
    0.0000, 0.0000, 0.0000, 0.0000, 0.0000, 0.0000, 0.0000, 0.0000, 0.0000, 0.0000,
    0.0000, -1.5000, 0.0000, 0.0000, 0.0000, 0.0000, 0.0000, 0.0000, 0.0000, -1.5000,
    0.0000, 0.0000, 0.0000, 0.0000, 0.0000, -1.5000, 0.0000, 0.0000, 0.0000, 0.0000,
    -1.5000, 0.0000, 0.0000, 0.0000, 0.0000, 0.0000, -1.5000, 0.0000, -1.5000, -1.5000,
    0.0000, 0.0000, 0.0000, 0.0000, 0.0000, 0.0000, -1.5000, 0.0000, 0.0000, 0.0000,
    -1.5000, 0.0000, -1.5000, -1.5000, 0.0000, -1.5000, -1.5000, -1.5000, 0.0000, -1.5000,
    -1.5000, 0.0000, 0.0000, 0.0000, -1.5000, 0.0000, 0.0000, 0.0000, 0.0000, 0.0000,
    0.0000, -1.5000, 0.0000, 0.0000, 0.0000, -1.5000, 0.0000, -1.5000, 0.0000, 0.0000,
    0.0000, 0.0000, -1.5000, 0.0000, 0.0000, -1.5000, 0.0000, -1.5000, -1.5000, 0.0000,
    0.0000, 0.0000, 0.0000, 0.0000, 0.0000, 0.0000, 0.0000, 0.0000, -1.5000, 0.0000,
  ]

### values/Q_avg
  Total points: 66
  Min: -1.6341, Max: 0.9205, Mean: -0.1730
  Data: [
    0.0638, 0.0291, 0.0516, 0.0495, 0.0538, 0.0478, 0.0542, 0.0350, 0.0574, 0.0393,
    0.0523, 0.0518, 0.0292, 0.0507, 0.0457, 0.0624, 0.0427, 0.0502, 0.0360, -0.0982,
    -0.9142, -1.6341, -0.9077, -0.6345, -1.2795, -1.0559, -1.2483, -0.7283, -0.3853, -1.0945,
    -1.1695, -1.0736, -0.7260, 0.0147, 0.4733, -0.1366, 0.5676, 0.0384, -0.5039, -0.4435,
    0.1874, -0.1434, -0.6164, 0.6529, -0.1996, 0.0828, -0.2473, -0.2594, 0.2261, -0.2099,
    0.9205, 0.1581, -0.0447, 0.0552, -0.0166, 0.3161, -0.1158, 0.2310, -0.0081, -0.2969,
    -0.0682, -0.0129, 0.0871, 0.2498, 0.0666, -0.3753,
  ]

### values/Q_max
  Total points: 66
  Min: 0.2302, Max: 8.9187, Mean: 5.2028
  Data: [
    0.2600, 0.2615, 0.2991, 0.2428, 0.2551, 0.2941, 0.2313, 0.3204, 0.2586, 0.2436,
    0.2770, 0.3052, 0.2302, 0.2302, 0.2834, 0.2538, 0.2357, 0.2616, 0.3069, 0.2848,
    3.3036, 3.2336, 5.7577, 7.1088, 4.9737, 5.2215, 7.3886, 8.0540, 7.1182, 6.9756,
    7.2637, 6.7370, 7.2379, 8.0780, 8.1570, 7.2293, 7.7088, 7.5838, 8.5148, 6.5462,
    7.3910, 7.9763, 6.5704, 7.3199, 7.0816, 8.4786, 6.9542, 8.1189, 7.0271, 6.2547,
    8.0000, 7.5407, 7.1031, 8.0935, 8.5129, 8.4378, 7.8499, 8.7908, 8.7522, 7.7480,
    8.3330, 8.9187, 8.1252, 8.6720, 7.7206, 8.0875,
  ]

### values/Q_min
  Total points: 66
  Min: -9.3459, Max: -0.1502, Mean: -5.6652
  Data: [
    -0.1865, -0.2094, -0.2178, -0.2562, -0.1985, -0.1980, -0.1689, -0.1729, -0.2009, -0.2540,
    -0.2277, -0.1675, -0.1946, -0.1502, -0.1511, -0.1933, -0.2033, -0.1578, -0.2452, -0.3206,
    -5.5590, -6.4122, -7.6489, -7.2052, -7.1035, -7.0034, -6.9435, -5.9983, -6.2575, -6.1657,
    -8.6379, -7.9817, -7.4995, -8.4362, -7.9686, -8.5556, -7.3726, -8.5241, -8.5364, -8.6318,
    -8.5760, -8.7755, -8.4051, -8.6484, -8.1530, -8.8188, -9.2355, -8.4360, -8.8132, -8.6921,
    -8.3732, -8.8708, -9.0529, -8.4577, -8.0932, -8.4020, -7.6050, -8.2200, -7.4800, -8.7900,
    -7.7662, -8.4841, -8.6078, -8.6323, -8.6531, -9.3459,
  ]

### values/Q_std
  Total points: 66
  Min: 0.0868, Max: 3.9089, Mean: 2.3847
  Data: [
    0.1066, 0.1030, 0.0900, 0.0923, 0.0980, 0.1018, 0.0957, 0.0922, 0.1005, 0.0956,
    0.1053, 0.0952, 0.1000, 0.0868, 0.0950, 0.1041, 0.0986, 0.0933, 0.1046, 0.1435,
    2.2757, 2.1840, 3.2110, 3.1100, 3.1051, 2.9876, 3.1291, 3.0601, 3.3128, 3.3849,
    3.3679, 3.5965, 3.6915, 3.2965, 3.6347, 3.6912, 3.2757, 3.7923, 3.6822, 3.2424,
    3.6030, 3.3627, 3.1731, 3.0582, 3.1808, 3.9089, 3.2871, 3.8624, 3.6140, 3.1546,
    3.2620, 3.5531, 3.5906, 3.4118, 3.5826, 3.4323, 3.3833, 3.8050, 3.2251, 3.2807,
    3.4784, 3.5508, 3.7354, 3.6707, 3.4078, 3.7814,
  ]
