================================================================================
W&B RUN DATA: best-performer-TD3-Hockey-NORMAL-weak-lr0.0010-seed42
================================================================================

## RUN METADATA
Run ID: tmcm8qh0
Created: 2026-01-17T13:49:35Z
State: running
Duration: 6407.444300586 seconds

## CONFIGURATION
  algorithm: TD3
  mode: NORMAL
  opponent: weak
  learning_rate_actor: 0.001
  learning_rate_critic: 0.001
  batch_size: 100
  buffer_size: 1000000
  max_episodes: 100000
  random_seed: 42
  self_play_start: 100000
  self_play_pool_size: 25
  gamma: 0.99
  tau: 0.005

## FINAL SUMMARY

## METRICS DATA

### behavior/action_magnitude_avg
  Total points: 79
  Min: 0.5333, Max: 1.3371, Mean: 1.0146
  Data: [
    0.9685, 0.9592, 0.9494, 0.9368, 0.9077, 0.9095, 0.9075, 0.9082, 0.8955, 0.8951,
    0.8583, 0.8386, 0.8300, 0.8068, 0.8109, 0.7904, 0.7627, 0.8137, 0.7652, 0.7574,
    0.7347, 0.7245, 0.6989, 0.7080, 0.6857, 0.6789, 0.6747, 0.6465, 0.6393, 0.6263,
    0.6368, 0.6143, 0.6083, 0.5767, 0.5976, 0.5674, 0.5501, 0.5333, 0.5382, 0.5505,
    1.2283, 1.2338, 1.2329, 1.2342, 1.2474, 1.2544, 1.2415, 1.2518, 1.2554, 1.2669,
    1.2620, 1.2724, 1.2733, 1.2801, 1.2794, 1.2780, 1.2827, 1.2892, 1.2939, 1.2896,
    1.2947, 1.3005, 1.3014, 1.3052, 1.3073, 1.3104, 1.3112, 1.3147, 1.3163, 1.3170,
    1.3235, 1.3250, 1.3269, 1.3277, 1.3298, 1.3283, 1.3300, 1.3356, 1.3371,
  ]

### behavior/action_magnitude_max
  Total points: 79
  Min: 1.2053, Max: 1.4142, Mean: 1.3900
  Data: [
    1.4142, 1.4142, 1.4142, 1.4142, 1.4082, 1.4142, 1.4142, 1.4127, 1.4139, 1.4142,
    1.4142, 1.4142, 1.4142, 1.3935, 1.3955, 1.4142, 1.3689, 1.4140, 1.3802, 1.3940,
    1.3972, 1.3895, 1.3719, 1.4066, 1.3625, 1.3148, 1.3751, 1.3517, 1.3616, 1.2988,
    1.3661, 1.3452, 1.2854, 1.2563, 1.2784, 1.2692, 1.3093, 1.2053, 1.2712, 1.2997,
    1.4142, 1.4142, 1.4142, 1.4142, 1.4142, 1.4142, 1.4142, 1.4142, 1.4142, 1.4142,
    1.4142, 1.4142, 1.4142, 1.4142, 1.4142, 1.4142, 1.4142, 1.4142, 1.4142, 1.4142,
    1.4142, 1.4142, 1.4142, 1.4142, 1.4142, 1.4142, 1.4142, 1.4142, 1.4142, 1.4142,
    1.4142, 1.4142, 1.4142, 1.4142, 1.4142, 1.4142, 1.4142, 1.4142, 1.4142,
  ]

### behavior/dist_to_puck_avg
  Total points: 79
  Min: 1.9502, Max: 3.8695, Mean: 2.8718
  Data: [
    3.8695, 3.2389, 3.4333, 3.4210, 3.5307, 3.4041, 3.6121, 3.6068, 3.4194, 3.7502,
    3.4242, 3.0209, 3.4496, 3.0142, 3.5982, 3.4212, 3.6640, 3.4432, 3.6498, 3.3588,
    3.2653, 3.4293, 3.3449, 3.8077, 3.6479, 3.2054, 3.6676, 3.6481, 3.1105, 3.1981,
    3.7666, 3.8185, 3.6723, 3.4022, 3.2877, 3.6031, 3.0245, 3.8530, 3.4718, 3.3448,
    2.7968, 2.3169, 2.6049, 2.5076, 2.2019, 2.6037, 2.2950, 2.4320, 2.1982, 2.3627,
    2.3024, 2.4062, 2.2888, 2.2568, 2.2386, 1.9502, 2.1201, 2.0377, 2.1475, 2.2750,
    2.0871, 2.1178, 2.1677, 2.1560, 2.2938, 2.3193, 2.1638, 2.1198, 2.1742, 2.3031,
    2.1372, 2.2516, 2.2301, 2.2561, 2.0897, 2.1616, 2.2677, 2.2529, 2.0828,
  ]

### behavior/dist_to_puck_min
  Total points: 79
  Min: 0.1890, Max: 1.5133, Mean: 0.6486
  Data: [
    1.3484, 0.8644, 0.7865, 0.8857, 0.8881, 1.3045, 1.2046, 0.9914, 0.7208, 0.8504,
    1.0785, 0.6967, 0.8506, 0.6377, 0.8562, 1.0613, 1.2886, 0.6190, 0.9976, 0.6373,
    0.9730, 0.7051, 1.2496, 1.1133, 1.3641, 0.7305, 1.2032, 1.3034, 0.9454, 0.8647,
    1.5133, 0.9379, 0.9950, 1.4372, 0.7319, 1.0290, 0.6036, 1.3988, 0.9986, 0.8616,
    0.6027, 0.4864, 0.3945, 0.4404, 0.3387, 0.2829, 0.2999, 0.3219, 0.2588, 0.2993,
    0.2898, 0.2404, 0.2958, 0.3591, 0.2449, 0.2652, 0.3683, 0.3011, 0.3030, 0.2531,
    0.2295, 0.1973, 0.2636, 0.2696, 0.2931, 0.3504, 0.2312, 0.2534, 0.2026, 0.2689,
    0.2973, 0.2536, 0.2272, 0.3306, 0.2567, 0.2760, 0.3250, 0.1890, 0.3481,
  ]

### behavior/distance_traveled
  Total points: 79
  Min: 6.7257, Max: 17.5791, Mean: 11.1436
  Data: [
    10.2243, 8.4583, 13.8270, 13.4458, 10.0315, 11.3243, 11.7224, 10.5380, 11.6093, 12.3394,
    12.8445, 8.9562, 13.6122, 9.2493, 10.8945, 10.3816, 9.3177, 9.4471, 11.4812, 9.7159,
    12.1746, 9.8040, 12.3603, 10.8967, 10.7565, 9.1983, 8.9676, 10.7966, 9.7364, 9.0651,
    9.5613, 9.1365, 8.8678, 8.3216, 8.4771, 6.7257, 10.3720, 6.9814, 7.1950, 7.4520,
    10.0079, 8.0624, 7.8540, 11.7098, 8.4474, 14.2204, 14.0392, 12.9463, 14.5699, 8.8584,
    13.6934, 10.9709, 15.4876, 10.3275, 13.7095, 9.7884, 8.7058, 10.6519, 13.8355, 12.2370,
    14.1943, 17.5059, 12.9922, 11.7603, 13.0059, 9.5328, 17.5791, 9.0520, 11.9116, 13.9426,
    12.7734, 13.5618, 15.0509, 12.2824, 9.6280, 11.4589, 13.3841, 13.7738, 10.5635,
  ]

### behavior/lazy_action_ratio
  Total points: 79
  Min: 0.0000, Max: 0.0327, Mean: 0.0064
  Data: [
    0.0117, 0.0036, 0.0060, 0.0052, 0.0011, 0.0102, 0.0032, 0.0090, 0.0046, 0.0035,
    0.0070, 0.0047, 0.0077, 0.0103, 0.0072, 0.0134, 0.0066, 0.0114, 0.0059, 0.0151,
    0.0082, 0.0081, 0.0155, 0.0104, 0.0194, 0.0138, 0.0182, 0.0179, 0.0149, 0.0180,
    0.0142, 0.0219, 0.0206, 0.0149, 0.0194, 0.0181, 0.0327, 0.0233, 0.0219, 0.0257,
    0.0000, 0.0000, 0.0000, 0.0000, 0.0000, 0.0000, 0.0000, 0.0000, 0.0000, 0.0000,
    0.0000, 0.0000, 0.0000, 0.0000, 0.0000, 0.0000, 0.0000, 0.0000, 0.0000, 0.0000,
    0.0000, 0.0000, 0.0000, 0.0000, 0.0000, 0.0000, 0.0000, 0.0000, 0.0000, 0.0000,
    0.0000, 0.0000, 0.0000, 0.0000, 0.0000, 0.0000, 0.0000, 0.0000, 0.0000,
  ]

### behavior/possession_ratio
  Total points: 79
  Min: 0.0024, Max: 0.2704, Mean: 0.1059
  Data: [
    0.0059, 0.0078, 0.0133, 0.0162, 0.0220, 0.0046, 0.0066, 0.0128, 0.0333, 0.0333,
    0.0249, 0.0427, 0.0176, 0.0188, 0.0268, 0.0198, 0.0144, 0.0452, 0.0108, 0.0284,
    0.0148, 0.0509, 0.0218, 0.0216, 0.0116, 0.0398, 0.0191, 0.0024, 0.0772, 0.0227,
    0.0240, 0.0142, 0.0388, 0.0025, 0.0533, 0.0284, 0.0393, 0.0033, 0.0485, 0.0667,
    0.0135, 0.1211, 0.1590, 0.1560, 0.2071, 0.1596, 0.1563, 0.1479, 0.1851, 0.2033,
    0.1872, 0.2067, 0.1585, 0.1371, 0.1965, 0.2704, 0.1714, 0.2078, 0.2245, 0.1936,
    0.2073, 0.2184, 0.2082, 0.2401, 0.1822, 0.1842, 0.1634, 0.2277, 0.2690, 0.2106,
    0.1697, 0.2286, 0.2052, 0.1935, 0.2394, 0.1872, 0.1586, 0.2166, 0.1878,
  ]

### behavior/puck_touches
  Total points: 79
  Min: 0.0000, Max: 0.0000, Mean: 0.0000
  Data: [
    0.0000, 0.0000, 0.0000, 0.0000, 0.0000, 0.0000, 0.0000, 0.0000, 0.0000, 0.0000,
    0.0000, 0.0000, 0.0000, 0.0000, 0.0000, 0.0000, 0.0000, 0.0000, 0.0000, 0.0000,
    0.0000, 0.0000, 0.0000, 0.0000, 0.0000, 0.0000, 0.0000, 0.0000, 0.0000, 0.0000,
    0.0000, 0.0000, 0.0000, 0.0000, 0.0000, 0.0000, 0.0000, 0.0000, 0.0000, 0.0000,
    0.0000, 0.0000, 0.0000, 0.0000, 0.0000, 0.0000, 0.0000, 0.0000, 0.0000, 0.0000,
    0.0000, 0.0000, 0.0000, 0.0000, 0.0000, 0.0000, 0.0000, 0.0000, 0.0000, 0.0000,
    0.0000, 0.0000, 0.0000, 0.0000, 0.0000, 0.0000, 0.0000, 0.0000, 0.0000, 0.0000,
    0.0000, 0.0000, 0.0000, 0.0000, 0.0000, 0.0000, 0.0000, 0.0000, 0.0000,
  ]

### behavior/shoot_action_avg
  Total points: 79
  Min: -0.8938, Max: 0.8547, Mean: -0.2571
  Data: [
    -0.0614, -0.1068, -0.0632, -0.0384, -0.1099, -0.1273, -0.0447, -0.1092, -0.1152, -0.0512,
    -0.0800, -0.0971, -0.0700, -0.0762, -0.0447, -0.0698, -0.1011, -0.0842, -0.0756, -0.0992,
    -0.0330, -0.0783, -0.0746, -0.0422, -0.0845, -0.0643, -0.1087, -0.0797, -0.0985, -0.0885,
    -0.0953, -0.0646, -0.0994, -0.1154, -0.0765, -0.1459, -0.0518, -0.0783, -0.0840, -0.0827,
    0.8547, -0.5242, -0.5603, -0.8669, -0.8722, -0.8629, -0.8727, -0.8695, -0.8845, -0.8914,
    -0.8814, -0.8938, -0.8864, 0.2362, 0.2349, -0.3747, -0.5755, -0.1015, -0.5494, -0.6563,
    -0.6592, -0.6337, -0.5773, -0.4267, -0.3934, -0.4126, -0.0472, -0.5329, -0.7288, -0.4856,
    -0.1052, -0.3509, -0.6029, -0.2158, -0.3726, -0.1721, 0.1719, 0.1661, 0.1371,
  ]

### behavior/shoot_action_when_possess
  Total points: 79
  Min: -0.9117, Max: 0.6167, Mean: -0.4352
  Data: [
    -0.0624, -0.0747, -0.2680, -0.0604, -0.1384, -0.1586, -0.1439, -0.0973, -0.2128, -0.0976,
    -0.1199, -0.1494, -0.1220, -0.1703, -0.1748, -0.1102, -0.0232, -0.2074, -0.0722, -0.2190,
    -0.2164, -0.2010, -0.0995, -0.1763, -0.0941, -0.0621, -0.1682, -0.0824, -0.1215, -0.1049,
    -0.1010, -0.1367, -0.2858, -0.0329, -0.2042, -0.1087, -0.1266, -0.0080, -0.1251, -0.1682,
    0.6167, -0.4383, -0.5752, -0.7164, -0.7888, -0.8611, -0.8639, -0.7930, -0.8662, -0.9117,
    -0.8758, -0.8884, -0.8680, -0.4690, -0.6425, -0.8979, -0.5385, -0.8532, -0.7726, -0.8214,
    -0.8601, -0.8372, -0.7693, -0.8464, -0.7961, -0.7689, -0.8473, -0.8821, -0.8861, -0.7474,
    -0.7731, -0.8358, -0.8425, -0.6656, -0.8765, -0.7754, -0.7451, -0.8335, -0.6626,
  ]

### behavior/time_near_puck
  Total points: 79
  Min: 0.2000, Max: 48.2000, Mean: 15.1051
  Data: [
    1.1000, 1.0000, 2.4000, 2.5000, 2.9000, 0.8000, 1.2000, 3.1000, 3.8000, 3.4000,
    5.3000, 4.2000, 3.8000, 2.2000, 3.8000, 2.8000, 2.2000, 5.3000, 1.1000, 3.1000,
    2.0000, 6.0000, 3.2000, 4.4000, 1.9000, 3.1000, 2.0000, 0.5000, 8.0000, 3.3000,
    2.7000, 2.2000, 6.8000, 0.2000, 5.9000, 3.3000, 5.7000, 0.9000, 6.7000, 7.2000,
    0.6000, 11.3000, 21.9000, 24.8000, 22.5000, 28.9000, 22.6000, 30.2000, 32.4000, 15.2000,
    30.8000, 26.0000, 24.0000, 16.0000, 33.7000, 25.6000, 20.6000, 25.0000, 30.3000, 29.4000,
    37.5000, 48.2000, 31.9000, 32.2000, 30.7000, 21.3000, 32.6000, 21.4000, 34.3000, 39.2000,
    22.4000, 36.0000, 33.3000, 32.4000, 25.1000, 26.1000, 24.4000, 38.0000, 22.5000,
  ]

### behavior/velocity_avg
  Total points: 79
  Min: 0.0467, Max: 0.1142, Mean: 0.0763
  Data: [
    0.0727, 0.0785, 0.0774, 0.0738, 0.0767, 0.0781, 0.0758, 0.0748, 0.0703, 0.0730,
    0.0755, 0.0759, 0.0738, 0.0696, 0.0687, 0.0751, 0.0673, 0.0683, 0.0649, 0.0708,
    0.0656, 0.0696, 0.0723, 0.0596, 0.0631, 0.0701, 0.0611, 0.0555, 0.0654, 0.0552,
    0.0580, 0.0574, 0.0595, 0.0631, 0.0554, 0.0614, 0.0590, 0.0467, 0.0508, 0.0565,
    0.0786, 0.0753, 0.0916, 0.0941, 0.0877, 0.0766, 0.0811, 0.0810, 0.0751, 0.0856,
    0.0771, 0.0823, 0.0862, 0.0964, 0.0814, 0.0957, 0.0915, 0.0813, 0.0906, 0.0834,
    0.0780, 0.0815, 0.0906, 0.0868, 0.0827, 0.0923, 0.0845, 0.0888, 0.0926, 0.0827,
    0.1142, 0.0823, 0.0896, 0.0869, 0.0928, 0.0853, 0.0906, 0.0808, 0.0880,
  ]

### behavior/velocity_max
  Total points: 79
  Min: 0.1377, Max: 0.2287, Mean: 0.1980
  Data: [
    0.1769, 0.1774, 0.1867, 0.1898, 0.1859, 0.1826, 0.1788, 0.1772, 0.1888, 0.1855,
    0.1825, 0.1803, 0.1917, 0.1652, 0.1965, 0.1758, 0.1806, 0.1844, 0.1758, 0.1767,
    0.1870, 0.1843, 0.1681, 0.1938, 0.1657, 0.1831, 0.1603, 0.1672, 0.1670, 0.1568,
    0.1826, 0.1714, 0.1732, 0.1512, 0.1644, 0.1504, 0.1656, 0.1377, 0.1441, 0.1709,
    0.2242, 0.2237, 0.2212, 0.2215, 0.2156, 0.2239, 0.2221, 0.2243, 0.2228, 0.2273,
    0.2228, 0.2188, 0.2172, 0.2194, 0.2287, 0.2182, 0.2169, 0.2198, 0.2205, 0.2220,
    0.2185, 0.2205, 0.2229, 0.2223, 0.2256, 0.2285, 0.2265, 0.2162, 0.2245, 0.2249,
    0.2283, 0.2202, 0.2224, 0.2202, 0.2186, 0.2176, 0.2209, 0.2270, 0.2200,
  ]

### eval/strong/avg_reward
  Total points: 8
  Min: -24.8787, Max: -4.3596, Mean: -7.8829
  Data: [
    -24.8787, -4.3726, -4.3596, -6.1889, -7.4300, -5.5453, -4.4242, -5.8639,
  ]

### eval/strong/loss_rate
  Total points: 8
  Min: 0.3400, Max: 0.5600, Mean: 0.4688
  Data: [
    0.3400, 0.4600, 0.4100, 0.5400, 0.5600, 0.4600, 0.4800, 0.5000,
  ]

### eval/strong/losses
  Total points: 8
  Min: 34.0000, Max: 56.0000, Mean: 46.8750
  Data: [
    34.0000, 46.0000, 41.0000, 54.0000, 56.0000, 46.0000, 48.0000, 50.0000,
  ]

### eval/strong/tie_rate
  Total points: 8
  Min: 0.2000, Max: 0.6300, Mean: 0.2988
  Data: [
    0.6300, 0.2300, 0.2500, 0.2000, 0.2900, 0.3200, 0.2000, 0.2700,
  ]

### eval/strong/ties
  Total points: 8
  Min: 20.0000, Max: 63.0000, Mean: 29.8750
  Data: [
    63.0000, 23.0000, 25.0000, 20.0000, 29.0000, 32.0000, 20.0000, 27.0000,
  ]

### eval/strong/win_rate
  Total points: 8
  Min: 0.0300, Max: 0.3400, Mean: 0.2325
  Data: [
    0.0300, 0.3100, 0.3400, 0.2600, 0.1500, 0.2200, 0.3200, 0.2300,
  ]

### eval/strong/win_rate_decisive
  Total points: 8
  Min: 0.0811, Max: 0.4533, Mean: 0.3140
  Data: [
    0.0811, 0.4026, 0.4533, 0.3250, 0.2113, 0.3235, 0.4000, 0.3151,
  ]

### eval/strong/wins
  Total points: 8
  Min: 3.0000, Max: 34.0000, Mean: 23.2500
  Data: [
    3.0000, 31.0000, 34.0000, 26.0000, 15.0000, 22.0000, 32.0000, 23.0000,
  ]

### eval/weak/avg_reward
  Total points: 8
  Min: -24.6781, Max: 1.2305, Mean: -3.7680
  Data: [
    -24.6781, -1.7881, 0.7974, 1.2305, -0.8048, -0.4264, -2.5108, -1.9641,
  ]

### eval/weak/loss_rate
  Total points: 8
  Min: 0.2300, Max: 0.3900, Mean: 0.3225
  Data: [
    0.3700, 0.3900, 0.2400, 0.2300, 0.3400, 0.2700, 0.3700, 0.3700,
  ]

### eval/weak/losses
  Total points: 8
  Min: 23.0000, Max: 39.0000, Mean: 32.2500
  Data: [
    37.0000, 39.0000, 24.0000, 23.0000, 34.0000, 27.0000, 37.0000, 37.0000,
  ]

### eval/weak/tie_rate
  Total points: 8
  Min: 0.1500, Max: 0.5800, Mean: 0.2988
  Data: [
    0.5800, 0.1500, 0.2400, 0.2200, 0.2400, 0.3400, 0.3200, 0.3000,
  ]

### eval/weak/ties
  Total points: 8
  Min: 15.0000, Max: 58.0000, Mean: 29.8750
  Data: [
    58.0000, 15.0000, 24.0000, 22.0000, 24.0000, 34.0000, 32.0000, 30.0000,
  ]

### eval/weak/win_rate
  Total points: 8
  Min: 0.0500, Max: 0.5500, Mean: 0.3788
  Data: [
    0.0500, 0.4600, 0.5200, 0.5500, 0.4200, 0.3900, 0.3100, 0.3300,
  ]

### eval/weak/win_rate_decisive
  Total points: 8
  Min: 0.1190, Max: 0.7051, Mean: 0.5151
  Data: [
    0.1190, 0.5412, 0.6842, 0.7051, 0.5526, 0.5909, 0.4559, 0.4714,
  ]

### eval/weak/wins
  Total points: 8
  Min: 5.0000, Max: 55.0000, Mean: 37.8750
  Data: [
    5.0000, 46.0000, 52.0000, 55.0000, 42.0000, 39.0000, 31.0000, 33.0000,
  ]

### gradients/actor_grad_norm
  Total points: 79
  Min: 0.0000, Max: 0.2062, Mean: 0.0250
  Data: [
    0.0000, 0.0000, 0.0000, 0.0000, 0.0000, 0.0000, 0.0000, 0.0000, 0.0000, 0.0000,
    0.0000, 0.0000, 0.0000, 0.0000, 0.0000, 0.0000, 0.0000, 0.0000, 0.0000, 0.0000,
    0.0000, 0.0000, 0.0000, 0.0000, 0.0000, 0.0000, 0.0000, 0.0000, 0.0000, 0.0000,
    0.0000, 0.0000, 0.0000, 0.0000, 0.0000, 0.0000, 0.0000, 0.0000, 0.0000, 0.0000,
    0.0050, 0.0129, 0.0886, 0.0130, 0.0147, 0.0879, 0.0284, 0.0164, 0.0119, 0.1073,
    0.0327, 0.2062, 0.0417, 0.0248, 0.0370, 0.0408, 0.0865, 0.0287, 0.0734, 0.0441,
    0.0558, 0.0935, 0.0661, 0.0464, 0.0717, 0.0355, 0.0390, 0.0266, 0.0692, 0.0399,
    0.0432, 0.0495, 0.0570, 0.0387, 0.0320, 0.0224, 0.0372, 0.0657, 0.0829,
  ]

### gradients/critic_grad_norm
  Total points: 79
  Min: 0.0000, Max: 1.0671, Mean: 0.3080
  Data: [
    0.0000, 0.0000, 0.0000, 0.0000, 0.0000, 0.0000, 0.0000, 0.0000, 0.0000, 0.0000,
    0.0000, 0.0000, 0.0000, 0.0000, 0.0000, 0.0000, 0.0000, 0.0000, 0.0000, 0.0000,
    0.0000, 0.0000, 0.0000, 0.0000, 0.0000, 0.0000, 0.0000, 0.0000, 0.0000, 0.0000,
    0.0000, 0.0000, 0.0000, 0.0000, 0.0000, 0.0000, 0.0000, 0.0000, 0.0000, 0.0606,
    0.4231, 0.3965, 0.3577, 0.8130, 0.5685, 0.6197, 0.5482, 0.8387, 0.9209, 0.5469,
    0.7703, 0.6775, 0.5496, 0.5131, 0.8912, 0.4689, 0.5866, 0.6712, 0.3250, 0.5090,
    0.6392, 0.6036, 1.0671, 0.7298, 0.8462, 0.5005, 0.4311, 0.7424, 0.6392, 0.9805,
    0.3510, 0.8191, 0.4909, 0.7736, 0.6768, 0.4293, 0.3236, 0.5860, 0.6425,
  ]

### losses/actor_loss
  Total points: 79
  Min: 0.0000, Max: 4.0719, Mean: 1.7612
  Data: [
    0.0000, 0.0000, 0.0000, 0.0000, 0.0000, 0.0000, 0.0000, 0.0000, 0.0000, 0.0000,
    0.0000, 0.0000, 0.0000, 0.0000, 0.0000, 0.0000, 0.0000, 0.0000, 0.0000, 0.0000,
    0.0000, 0.0000, 0.0000, 0.0000, 0.0000, 0.0000, 0.0000, 0.0000, 0.0000, 0.0000,
    0.0000, 0.0000, 0.0000, 0.0000, 0.0000, 0.0000, 0.0000, 0.0000, 0.0000, 0.1115,
    0.8670, 1.1432, 1.7207, 2.2795, 2.5836, 2.9445, 3.2264, 3.2858, 3.4292, 3.4340,
    3.6921, 3.7267, 3.9367, 3.9815, 4.0605, 3.9907, 4.0719, 4.0200, 4.0464, 3.9317,
    4.0550, 3.9281, 3.9482, 3.9541, 3.9034, 3.9131, 3.8662, 3.9021, 3.9465, 3.9228,
    3.9175, 3.8555, 3.9396, 3.8934, 3.9093, 3.9667, 3.9634, 3.9327, 3.9336,
  ]

### losses/critic_loss
  Total points: 79
  Min: 0.0000, Max: 0.0722, Mean: 0.0176
  Data: [
    0.0000, 0.0000, 0.0000, 0.0000, 0.0000, 0.0000, 0.0000, 0.0000, 0.0000, 0.0000,
    0.0000, 0.0000, 0.0000, 0.0000, 0.0000, 0.0000, 0.0000, 0.0000, 0.0000, 0.0000,
    0.0000, 0.0000, 0.0000, 0.0000, 0.0000, 0.0000, 0.0000, 0.0000, 0.0000, 0.0000,
    0.0000, 0.0000, 0.0000, 0.0000, 0.0000, 0.0000, 0.0000, 0.0000, 0.0000, 0.0137,
    0.0336, 0.0394, 0.0348, 0.0295, 0.0293, 0.0347, 0.0422, 0.0258, 0.0300, 0.0213,
    0.0268, 0.0475, 0.0206, 0.0346, 0.0544, 0.0300, 0.0291, 0.0427, 0.0218, 0.0343,
    0.0454, 0.0365, 0.0326, 0.0408, 0.0675, 0.0212, 0.0347, 0.0305, 0.0577, 0.0242,
    0.0347, 0.0456, 0.0338, 0.0260, 0.0424, 0.0184, 0.0188, 0.0331, 0.0722,
  ]

### pbrs/annealing_weight
  Total points: 79
  Min: 1.0000, Max: 1.0000, Mean: 1.0000
  Data: [
    1.0000, 1.0000, 1.0000, 1.0000, 1.0000, 1.0000, 1.0000, 1.0000, 1.0000, 1.0000,
    1.0000, 1.0000, 1.0000, 1.0000, 1.0000, 1.0000, 1.0000, 1.0000, 1.0000, 1.0000,
    1.0000, 1.0000, 1.0000, 1.0000, 1.0000, 1.0000, 1.0000, 1.0000, 1.0000, 1.0000,
    1.0000, 1.0000, 1.0000, 1.0000, 1.0000, 1.0000, 1.0000, 1.0000, 1.0000, 1.0000,
    1.0000, 1.0000, 1.0000, 1.0000, 1.0000, 1.0000, 1.0000, 1.0000, 1.0000, 1.0000,
    1.0000, 1.0000, 1.0000, 1.0000, 1.0000, 1.0000, 1.0000, 1.0000, 1.0000, 1.0000,
    1.0000, 1.0000, 1.0000, 1.0000, 1.0000, 1.0000, 1.0000, 1.0000, 1.0000, 1.0000,
    1.0000, 1.0000, 1.0000, 1.0000, 1.0000, 1.0000, 1.0000, 1.0000, 1.0000,
  ]

### pbrs/avg_per_episode
  Total points: 79
  Min: 2.1940, Max: 2.4238, Mean: 2.3601
  Data: [
    2.1940, 2.2361, 2.3101, 2.3693, 2.3685, 2.3645, 2.3578, 2.3362, 2.3457, 2.3602,
    2.3679, 2.3581, 2.3718, 2.3725, 2.3877, 2.3918, 2.3883, 2.3955, 2.4007, 2.3988,
    2.4067, 2.4055, 2.4091, 2.4190, 2.4203, 2.4144, 2.4108, 2.4100, 2.4075, 2.4070,
    2.4075, 2.4094, 2.4077, 2.4107, 2.4127, 2.4116, 2.4139, 2.4159, 2.4205, 2.4238,
    2.4159, 2.4072, 2.4003, 2.3967, 2.3881, 2.3833, 2.3805, 2.3772, 2.3744, 2.3690,
    2.3621, 2.3554, 2.3514, 2.3481, 2.3463, 2.3407, 2.3376, 2.3340, 2.3291, 2.3270,
    2.3268, 2.3240, 2.3219, 2.3171, 2.3137, 2.3126, 2.3115, 2.3096, 2.3050, 2.3035,
    2.2995, 2.2999, 2.2986, 2.2974, 2.2958, 2.2941, 2.2938, 2.2921, 2.2902,
  ]

### performance/cumulative_win_rate
  Total points: 79
  Min: 0.0723, Max: 0.1803, Mean: 0.1064
  Data: [
    0.0800, 0.0800, 0.0733, 0.0750, 0.0960, 0.0933, 0.0914, 0.0875, 0.0867, 0.0800,
    0.0764, 0.0767, 0.0723, 0.0771, 0.0773, 0.0788, 0.0788, 0.0789, 0.0779, 0.0770,
    0.0771, 0.0809, 0.0809, 0.0825, 0.0816, 0.0838, 0.0822, 0.0807, 0.0786, 0.0800,
    0.0781, 0.0762, 0.0764, 0.0753, 0.0743, 0.0739, 0.0751, 0.0747, 0.0744, 0.0745,
    0.0746, 0.0776, 0.0800, 0.0827, 0.0911, 0.0957, 0.0957, 0.0983, 0.0988, 0.1052,
    0.1110, 0.1138, 0.1166, 0.1196, 0.1218, 0.1264, 0.1298, 0.1321, 0.1353, 0.1383,
    0.1410, 0.1448, 0.1463, 0.1478, 0.1502, 0.1542, 0.1549, 0.1591, 0.1617, 0.1643,
    0.1659, 0.1683, 0.1696, 0.1730, 0.1741, 0.1766, 0.1769, 0.1797, 0.1803,
  ]

### performance/losses
  Total points: 79
  Min: 32.0000, Max: 1725.0000, Mean: 927.4557
  Data: [
    32.0000, 57.0000, 84.0000, 105.0000, 130.0000, 153.0000, 175.0000, 200.0000, 230.0000, 258.0000,
    282.0000, 308.0000, 329.0000, 349.0000, 369.0000, 393.0000, 418.0000, 443.0000, 466.0000, 492.0000,
    514.0000, 536.0000, 562.0000, 586.0000, 612.0000, 638.0000, 660.0000, 683.0000, 710.0000, 730.0000,
    754.0000, 778.0000, 807.0000, 826.0000, 843.0000, 869.0000, 889.0000, 908.0000, 927.0000, 944.0000,
    971.0000, 1003.0000, 1028.0000, 1057.0000, 1072.0000, 1093.0000, 1122.0000, 1136.0000, 1159.0000, 1174.0000,
    1190.0000, 1213.0000, 1236.0000, 1255.0000, 1276.0000, 1294.0000, 1314.0000, 1336.0000, 1359.0000, 1377.0000,
    1393.0000, 1402.0000, 1422.0000, 1448.0000, 1468.0000, 1480.0000, 1501.0000, 1517.0000, 1535.0000, 1556.0000,
    1579.0000, 1593.0000, 1611.0000, 1626.0000, 1646.0000, 1663.0000, 1686.0000, 1704.0000, 1725.0000,
  ]

### performance/ties
  Total points: 79
  Min: 14.0000, Max: 1513.0000, Mean: 824.3924
  Data: [
    14.0000, 35.0000, 55.0000, 80.0000, 96.0000, 119.0000, 143.0000, 165.0000, 181.0000, 202.0000,
    226.0000, 246.0000, 274.0000, 297.0000, 323.0000, 344.0000, 365.0000, 386.0000, 410.0000, 431.0000,
    455.0000, 475.0000, 495.0000, 515.0000, 536.0000, 553.0000, 579.0000, 604.0000, 626.0000, 650.0000,
    675.0000, 700.0000, 717.0000, 746.0000, 777.0000, 798.0000, 822.0000, 850.0000, 878.0000, 907.0000,
    926.0000, 934.0000, 950.0000, 961.0000, 973.0000, 987.0000, 1003.0000, 1028.0000, 1049.0000, 1063.0000,
    1077.0000, 1091.0000, 1105.0000, 1122.0000, 1139.0000, 1152.0000, 1166.0000, 1181.0000, 1192.0000, 1208.0000,
    1227.0000, 1249.0000, 1267.0000, 1279.0000, 1294.0000, 1311.0000, 1330.0000, 1342.0000, 1357.0000, 1369.0000,
    1382.0000, 1401.0000, 1420.0000, 1434.0000, 1451.0000, 1466.0000, 1483.0000, 1495.0000, 1513.0000,
  ]

### performance/wins
  Total points: 79
  Min: 4.0000, Max: 712.0000, Mean: 248.1519
  Data: [
    4.0000, 8.0000, 11.0000, 15.0000, 24.0000, 28.0000, 32.0000, 35.0000, 39.0000, 40.0000,
    42.0000, 46.0000, 47.0000, 54.0000, 58.0000, 63.0000, 67.0000, 71.0000, 74.0000, 77.0000,
    81.0000, 89.0000, 93.0000, 99.0000, 102.0000, 109.0000, 111.0000, 113.0000, 114.0000, 120.0000,
    121.0000, 122.0000, 126.0000, 128.0000, 130.0000, 133.0000, 139.0000, 142.0000, 145.0000, 149.0000,
    153.0000, 163.0000, 172.0000, 182.0000, 205.0000, 220.0000, 225.0000, 236.0000, 242.0000, 263.0000,
    283.0000, 296.0000, 309.0000, 323.0000, 335.0000, 354.0000, 370.0000, 383.0000, 399.0000, 415.0000,
    430.0000, 449.0000, 461.0000, 473.0000, 488.0000, 509.0000, 519.0000, 541.0000, 558.0000, 575.0000,
    589.0000, 606.0000, 619.0000, 640.0000, 653.0000, 671.0000, 681.0000, 701.0000, 712.0000,
  ]

### rewards/p1
  Total points: 79
  Min: -23.5959, Max: 7.9324, Mean: -8.8139
  Data: [
    -13.6441, -14.4641, -18.8159, -12.5358, -14.2193, -22.3827, -15.9074, -15.4848, -15.2032, -18.1343,
    -17.9705, -16.4274, -18.3472, -9.9583, -11.5726, -18.9759, -18.0530, -11.7299, -18.2984, -17.1062,
    -18.1984, -9.8150, -21.0598, -14.7152, -17.2746, -12.5742, -19.5045, -21.1048, -17.1770, -20.2664,
    -17.9276, -23.5959, -13.3502, -21.4828, -14.6636, -19.8876, -18.6414, -21.1011, -13.1488, -15.1686,
    -3.8420, -3.6478, -1.0050, -1.7367, 1.8737, -5.0662, -3.7231, -5.6459, 3.0616, 2.1830,
    -3.0543, -3.8187, -0.8136, -3.6177, -0.2442, 7.9324, -6.7675, -2.2162, 3.7782, 2.2501,
    0.6612, -2.0519, -0.1503, -1.6647, 6.1336, 1.1829, -1.9200, -0.0041, 1.6185, -1.7522,
    -4.1915, 0.6725, 3.6551, 2.6127, -0.7420, -1.9782, -2.5619, -0.4847, -1.3267,
  ]

### rewards/p2
  Total points: 79
  Min: -5.9904, Max: 26.0101, Mean: 11.1219
  Data: [
    15.8314, 16.5960, 21.4563, 15.3376, 16.7689, 24.5819, 18.2853, 17.6571, 17.6173, 20.9865,
    20.5289, 18.5514, 20.8797, 12.1517, 14.0627, 21.2415, 20.4190, 14.0214, 20.8433, 19.6202,
    20.9840, 12.2268, 23.5862, 17.4734, 19.8947, 14.7680, 21.9293, 23.6482, 19.5767, 22.7925,
    20.4015, 26.0101, 15.9102, 23.5910, 17.1572, 22.0329, 21.1370, 23.5018, 15.6807, 17.6095,
    6.1041, 5.7280, 2.9147, 3.8625, -0.1162, 7.5810, 6.2099, 8.1307, -0.8019, -0.2978,
    5.3367, 5.8756, 3.1072, 5.6999, 2.6611, -5.9904, 8.6888, 4.2827, -1.5551, -0.1539,
    1.7471, 4.4774, 2.3615, 3.6715, -3.8388, 0.8648, 4.4292, 2.0361, 0.3318, 4.1411,
    6.2561, 1.5672, -1.4829, -0.4581, 2.5903, 4.1849, 4.9447, 2.8228, 3.3636,
  ]

### rewards/sparse_only
  Total points: 79
  Min: -26.0101, Max: 5.9904, Mean: -11.1219
  Data: [
    -15.8314, -16.5960, -21.4563, -15.3376, -16.7689, -24.5819, -18.2853, -17.6571, -17.6173, -20.9865,
    -20.5289, -18.5514, -20.8797, -12.1517, -14.0627, -21.2415, -20.4190, -14.0214, -20.8433, -19.6202,
    -20.9840, -12.2268, -23.5862, -17.4734, -19.8947, -14.7680, -21.9293, -23.6482, -19.5767, -22.7925,
    -20.4015, -26.0101, -15.9102, -23.5910, -17.1572, -22.0329, -21.1370, -23.5018, -15.6807, -17.6095,
    -6.1041, -5.7280, -2.9147, -3.8625, 0.1162, -7.5810, -6.2099, -8.1307, 0.8019, 0.2978,
    -5.3367, -5.8756, -3.1072, -5.6999, -2.6611, 5.9904, -8.6888, -4.2827, 1.5551, 0.1539,
    -1.7471, -4.4774, -2.3615, -3.6715, 3.8388, -0.8648, -4.4292, -2.0361, -0.3318, -4.1411,
    -6.2561, -1.5672, 1.4829, 0.4581, -2.5903, -4.1849, -4.9447, -2.8228, -3.3636,
  ]

### rewards/sparse_ratio
  Total points: 79
  Min: -2.6421, Max: 495.0648, Mean: 7.7973
  Data: [
    1.1603, 1.1474, 1.1403, 1.2235, 1.1793, 1.0983, 1.1495, 1.1403, 1.1588, 1.1573,
    1.1424, 1.1293, 1.1380, 1.2203, 1.2152, 1.1194, 1.1311, 1.1954, 1.1391, 1.1470,
    1.1531, 1.2457, 1.1200, 1.1874, 1.1517, 1.1745, 1.1243, 1.1205, 1.1397, 1.1246,
    1.1380, 1.1023, 1.1918, 1.0981, 1.1701, 1.1079, 1.1339, 1.1138, 1.1926, 1.1609,
    1.5888, 1.5703, 2.9001, 2.2241, 0.0620, 1.4964, 1.6679, 1.4401, 0.2619, 0.1364,
    1.7473, 1.5386, 3.8189, 1.5755, 10.8960, 0.7552, 1.2839, 1.9324, 0.4116, 0.0684,
    -2.6421, 2.1821, 15.7152, 2.2055, 0.6259, -0.7311, 2.3069, 495.0648, -0.2050, 2.3634,
    1.4926, -2.3304, 0.4057, 0.1753, 3.4908, 2.1155, 1.9300, 5.8243, 2.5354,
  ]

### scoring/goals_conceded
  Total points: 79
  Min: 32.0000, Max: 1725.0000, Mean: 927.4557
  Data: [
    32.0000, 57.0000, 84.0000, 105.0000, 130.0000, 153.0000, 175.0000, 200.0000, 230.0000, 258.0000,
    282.0000, 308.0000, 329.0000, 349.0000, 369.0000, 393.0000, 418.0000, 443.0000, 466.0000, 492.0000,
    514.0000, 536.0000, 562.0000, 586.0000, 612.0000, 638.0000, 660.0000, 683.0000, 710.0000, 730.0000,
    754.0000, 778.0000, 807.0000, 826.0000, 843.0000, 869.0000, 889.0000, 908.0000, 927.0000, 944.0000,
    971.0000, 1003.0000, 1028.0000, 1057.0000, 1072.0000, 1093.0000, 1122.0000, 1136.0000, 1159.0000, 1174.0000,
    1190.0000, 1213.0000, 1236.0000, 1255.0000, 1276.0000, 1294.0000, 1314.0000, 1336.0000, 1359.0000, 1377.0000,
    1393.0000, 1402.0000, 1422.0000, 1448.0000, 1468.0000, 1480.0000, 1501.0000, 1517.0000, 1535.0000, 1556.0000,
    1579.0000, 1593.0000, 1611.0000, 1626.0000, 1646.0000, 1663.0000, 1686.0000, 1704.0000, 1725.0000,
  ]

### scoring/goals_scored
  Total points: 79
  Min: 4.0000, Max: 712.0000, Mean: 248.1519
  Data: [
    4.0000, 8.0000, 11.0000, 15.0000, 24.0000, 28.0000, 32.0000, 35.0000, 39.0000, 40.0000,
    42.0000, 46.0000, 47.0000, 54.0000, 58.0000, 63.0000, 67.0000, 71.0000, 74.0000, 77.0000,
    81.0000, 89.0000, 93.0000, 99.0000, 102.0000, 109.0000, 111.0000, 113.0000, 114.0000, 120.0000,
    121.0000, 122.0000, 126.0000, 128.0000, 130.0000, 133.0000, 139.0000, 142.0000, 145.0000, 149.0000,
    153.0000, 163.0000, 172.0000, 182.0000, 205.0000, 220.0000, 225.0000, 236.0000, 242.0000, 263.0000,
    283.0000, 296.0000, 309.0000, 323.0000, 335.0000, 354.0000, 370.0000, 383.0000, 399.0000, 415.0000,
    430.0000, 449.0000, 461.0000, 473.0000, 488.0000, 509.0000, 519.0000, 541.0000, 558.0000, 575.0000,
    589.0000, 606.0000, 619.0000, 640.0000, 653.0000, 671.0000, 681.0000, 701.0000, 712.0000,
  ]

### selfplay/active
  Total points: 79
  Min: 0.0000, Max: 0.0000, Mean: 0.0000
  Data: [
    0.0000, 0.0000, 0.0000, 0.0000, 0.0000, 0.0000, 0.0000, 0.0000, 0.0000, 0.0000,
    0.0000, 0.0000, 0.0000, 0.0000, 0.0000, 0.0000, 0.0000, 0.0000, 0.0000, 0.0000,
    0.0000, 0.0000, 0.0000, 0.0000, 0.0000, 0.0000, 0.0000, 0.0000, 0.0000, 0.0000,
    0.0000, 0.0000, 0.0000, 0.0000, 0.0000, 0.0000, 0.0000, 0.0000, 0.0000, 0.0000,
    0.0000, 0.0000, 0.0000, 0.0000, 0.0000, 0.0000, 0.0000, 0.0000, 0.0000, 0.0000,
    0.0000, 0.0000, 0.0000, 0.0000, 0.0000, 0.0000, 0.0000, 0.0000, 0.0000, 0.0000,
    0.0000, 0.0000, 0.0000, 0.0000, 0.0000, 0.0000, 0.0000, 0.0000, 0.0000, 0.0000,
    0.0000, 0.0000, 0.0000, 0.0000, 0.0000, 0.0000, 0.0000, 0.0000, 0.0000,
  ]

### selfplay/episode_opponent_type_selfplay
  Total points: 79
  Min: 0.0000, Max: 0.0000, Mean: 0.0000
  Data: [
    0.0000, 0.0000, 0.0000, 0.0000, 0.0000, 0.0000, 0.0000, 0.0000, 0.0000, 0.0000,
    0.0000, 0.0000, 0.0000, 0.0000, 0.0000, 0.0000, 0.0000, 0.0000, 0.0000, 0.0000,
    0.0000, 0.0000, 0.0000, 0.0000, 0.0000, 0.0000, 0.0000, 0.0000, 0.0000, 0.0000,
    0.0000, 0.0000, 0.0000, 0.0000, 0.0000, 0.0000, 0.0000, 0.0000, 0.0000, 0.0000,
    0.0000, 0.0000, 0.0000, 0.0000, 0.0000, 0.0000, 0.0000, 0.0000, 0.0000, 0.0000,
    0.0000, 0.0000, 0.0000, 0.0000, 0.0000, 0.0000, 0.0000, 0.0000, 0.0000, 0.0000,
    0.0000, 0.0000, 0.0000, 0.0000, 0.0000, 0.0000, 0.0000, 0.0000, 0.0000, 0.0000,
    0.0000, 0.0000, 0.0000, 0.0000, 0.0000, 0.0000, 0.0000, 0.0000, 0.0000,
  ]

### selfplay/episode_opponent_type_strong
  Total points: 79
  Min: 0.0000, Max: 0.0000, Mean: 0.0000
  Data: [
    0.0000, 0.0000, 0.0000, 0.0000, 0.0000, 0.0000, 0.0000, 0.0000, 0.0000, 0.0000,
    0.0000, 0.0000, 0.0000, 0.0000, 0.0000, 0.0000, 0.0000, 0.0000, 0.0000, 0.0000,
    0.0000, 0.0000, 0.0000, 0.0000, 0.0000, 0.0000, 0.0000, 0.0000, 0.0000, 0.0000,
    0.0000, 0.0000, 0.0000, 0.0000, 0.0000, 0.0000, 0.0000, 0.0000, 0.0000, 0.0000,
    0.0000, 0.0000, 0.0000, 0.0000, 0.0000, 0.0000, 0.0000, 0.0000, 0.0000, 0.0000,
    0.0000, 0.0000, 0.0000, 0.0000, 0.0000, 0.0000, 0.0000, 0.0000, 0.0000, 0.0000,
    0.0000, 0.0000, 0.0000, 0.0000, 0.0000, 0.0000, 0.0000, 0.0000, 0.0000, 0.0000,
    0.0000, 0.0000, 0.0000, 0.0000, 0.0000, 0.0000, 0.0000, 0.0000, 0.0000,
  ]

### selfplay/episode_opponent_type_weak
  Total points: 79
  Min: 1.0000, Max: 1.0000, Mean: 1.0000
  Data: [
    1.0000, 1.0000, 1.0000, 1.0000, 1.0000, 1.0000, 1.0000, 1.0000, 1.0000, 1.0000,
    1.0000, 1.0000, 1.0000, 1.0000, 1.0000, 1.0000, 1.0000, 1.0000, 1.0000, 1.0000,
    1.0000, 1.0000, 1.0000, 1.0000, 1.0000, 1.0000, 1.0000, 1.0000, 1.0000, 1.0000,
    1.0000, 1.0000, 1.0000, 1.0000, 1.0000, 1.0000, 1.0000, 1.0000, 1.0000, 1.0000,
    1.0000, 1.0000, 1.0000, 1.0000, 1.0000, 1.0000, 1.0000, 1.0000, 1.0000, 1.0000,
    1.0000, 1.0000, 1.0000, 1.0000, 1.0000, 1.0000, 1.0000, 1.0000, 1.0000, 1.0000,
    1.0000, 1.0000, 1.0000, 1.0000, 1.0000, 1.0000, 1.0000, 1.0000, 1.0000, 1.0000,
    1.0000, 1.0000, 1.0000, 1.0000, 1.0000, 1.0000, 1.0000, 1.0000, 1.0000,
  ]

### selfplay/pool_size
  Total points: 79
  Min: 0.0000, Max: 0.0000, Mean: 0.0000
  Data: [
    0.0000, 0.0000, 0.0000, 0.0000, 0.0000, 0.0000, 0.0000, 0.0000, 0.0000, 0.0000,
    0.0000, 0.0000, 0.0000, 0.0000, 0.0000, 0.0000, 0.0000, 0.0000, 0.0000, 0.0000,
    0.0000, 0.0000, 0.0000, 0.0000, 0.0000, 0.0000, 0.0000, 0.0000, 0.0000, 0.0000,
    0.0000, 0.0000, 0.0000, 0.0000, 0.0000, 0.0000, 0.0000, 0.0000, 0.0000, 0.0000,
    0.0000, 0.0000, 0.0000, 0.0000, 0.0000, 0.0000, 0.0000, 0.0000, 0.0000, 0.0000,
    0.0000, 0.0000, 0.0000, 0.0000, 0.0000, 0.0000, 0.0000, 0.0000, 0.0000, 0.0000,
    0.0000, 0.0000, 0.0000, 0.0000, 0.0000, 0.0000, 0.0000, 0.0000, 0.0000, 0.0000,
    0.0000, 0.0000, 0.0000, 0.0000, 0.0000, 0.0000, 0.0000, 0.0000, 0.0000,
  ]

### selfplay/weak_ratio_target
  Total points: 79
  Min: 0.5000, Max: 0.5000, Mean: 0.5000
  Data: [
    0.5000, 0.5000, 0.5000, 0.5000, 0.5000, 0.5000, 0.5000, 0.5000, 0.5000, 0.5000,
    0.5000, 0.5000, 0.5000, 0.5000, 0.5000, 0.5000, 0.5000, 0.5000, 0.5000, 0.5000,
    0.5000, 0.5000, 0.5000, 0.5000, 0.5000, 0.5000, 0.5000, 0.5000, 0.5000, 0.5000,
    0.5000, 0.5000, 0.5000, 0.5000, 0.5000, 0.5000, 0.5000, 0.5000, 0.5000, 0.5000,
    0.5000, 0.5000, 0.5000, 0.5000, 0.5000, 0.5000, 0.5000, 0.5000, 0.5000, 0.5000,
    0.5000, 0.5000, 0.5000, 0.5000, 0.5000, 0.5000, 0.5000, 0.5000, 0.5000, 0.5000,
    0.5000, 0.5000, 0.5000, 0.5000, 0.5000, 0.5000, 0.5000, 0.5000, 0.5000, 0.5000,
    0.5000, 0.5000, 0.5000, 0.5000, 0.5000, 0.5000, 0.5000, 0.5000, 0.5000,
  ]

### training/avg_episode_length
  Total points: 79
  Min: 106.1000, Max: 216.3000, Mean: 157.2506
  Data: [
    141.6000, 114.0000, 179.1000, 190.3000, 132.5000, 154.2000, 153.1000, 143.6000, 169.7000, 178.4000,
    178.7000, 121.6000, 187.4000, 130.4000, 171.7000, 147.7000, 148.1000, 147.3000, 170.7000, 139.8000,
    195.3000, 146.4000, 169.3000, 191.6000, 179.3000, 143.9000, 162.1000, 208.3000, 157.4000, 166.2000,
    174.6000, 176.6000, 160.4000, 147.7000, 162.1000, 128.5000, 183.5000, 171.6000, 167.7000, 152.0000,
    147.2000, 123.5000, 106.4000, 141.2000, 106.1000, 188.6000, 181.0000, 178.5000, 204.2000, 111.9000,
    181.6000, 151.3000, 189.1000, 115.1000, 176.2000, 114.7000, 107.7000, 145.3000, 177.5000, 150.9000,
    191.8000, 216.3000, 155.7000, 150.4000, 167.5000, 118.8000, 209.3000, 108.6000, 145.2000, 173.6000,
    126.6000, 170.3000, 177.0000, 148.3000, 108.0000, 144.6000, 158.4000, 177.7000, 132.3000,
  ]

### training/calls_per_episode
  Total points: 79
  Min: 0.0000, Max: 0.0000, Mean: 0.0000
  Data: [
    0.0000, 0.0000, 0.0000, 0.0000, 0.0000, 0.0000, 0.0000, 0.0000, 0.0000, 0.0000,
    0.0000, 0.0000, 0.0000, 0.0000, 0.0000, 0.0000, 0.0000, 0.0000, 0.0000, 0.0000,
    0.0000, 0.0000, 0.0000, 0.0000, 0.0000, 0.0000, 0.0000, 0.0000, 0.0000, 0.0000,
    0.0000, 0.0000, 0.0000, 0.0000, 0.0000, 0.0000, 0.0000, 0.0000, 0.0000, 0.0000,
    0.0000, 0.0000, 0.0000, 0.0000, 0.0000, 0.0000, 0.0000, 0.0000, 0.0000, 0.0000,
    0.0000, 0.0000, 0.0000, 0.0000, 0.0000, 0.0000, 0.0000, 0.0000, 0.0000, 0.0000,
    0.0000, 0.0000, 0.0000, 0.0000, 0.0000, 0.0000, 0.0000, 0.0000, 0.0000, 0.0000,
    0.0000, 0.0000, 0.0000, 0.0000, 0.0000, 0.0000, 0.0000, 0.0000, 0.0000,
  ]

### training/episode
  Total points: 79
  Min: 50.0000, Max: 3950.0000, Mean: 2000.0000
  Data: [
    50.0000, 100.0000, 150.0000, 200.0000, 250.0000, 300.0000, 350.0000, 400.0000, 450.0000, 500.0000,
    550.0000, 600.0000, 650.0000, 700.0000, 750.0000, 800.0000, 850.0000, 900.0000, 950.0000, 1000.0000,
    1050.0000, 1100.0000, 1150.0000, 1200.0000, 1250.0000, 1300.0000, 1350.0000, 1400.0000, 1450.0000, 1500.0000,
    1550.0000, 1600.0000, 1650.0000, 1700.0000, 1750.0000, 1800.0000, 1850.0000, 1900.0000, 1950.0000, 2000.0000,
    2050.0000, 2100.0000, 2150.0000, 2200.0000, 2250.0000, 2300.0000, 2350.0000, 2400.0000, 2450.0000, 2500.0000,
    2550.0000, 2600.0000, 2650.0000, 2700.0000, 2750.0000, 2800.0000, 2850.0000, 2900.0000, 2950.0000, 3000.0000,
    3050.0000, 3100.0000, 3150.0000, 3200.0000, 3250.0000, 3300.0000, 3350.0000, 3400.0000, 3450.0000, 3500.0000,
    3550.0000, 3600.0000, 3650.0000, 3700.0000, 3750.0000, 3800.0000, 3850.0000, 3900.0000, 3950.0000,
  ]

### training/eps_per_sec
  Total points: 79
  Min: 0.2282, Max: 9.6493, Mean: 4.3146
  Data: [
    6.7115, 9.1891, 8.2806, 8.0134, 9.4177, 8.8034, 8.7464, 9.6493, 9.1218, 8.5786,
    7.5744, 9.3804, 7.6708, 7.3085, 7.6248, 7.8009, 9.0000, 8.1531, 7.7896, 8.9923,
    6.8742, 8.8552, 8.4377, 7.9790, 8.3019, 8.4735, 8.4810, 8.3800, 8.7552, 8.4203,
    8.2279, 8.2454, 9.5219, 7.7682, 7.6620, 8.8357, 8.1269, 7.8968, 7.5599, 3.1333,
    0.2282, 0.3889, 0.3720, 0.3583, 0.3864, 0.2399, 0.3505, 0.3264, 0.3255, 0.3422,
    0.2661, 0.3484, 0.3314, 0.3354, 0.3818, 0.2680, 0.3781, 0.3352, 0.3415, 0.3622,
    0.2587, 0.3536, 0.3544, 0.3738, 0.3774, 0.2496, 0.3512, 0.3148, 0.3800, 0.3502,
    0.2460, 0.4108, 0.3357, 0.4224, 0.3805, 0.2495, 0.3415, 0.3315, 0.3601,
  ]

### training/epsilon
  Total points: 79
  Min: 0.1387, Max: 0.9753, Mean: 0.4306
  Data: [
    0.9753, 0.9512, 0.9277, 0.9048, 0.8825, 0.8607, 0.8394, 0.8187, 0.7985, 0.7788,
    0.7595, 0.7408, 0.7225, 0.7046, 0.6872, 0.6703, 0.6537, 0.6376, 0.6218, 0.6065,
    0.5915, 0.5769, 0.5626, 0.5487, 0.5352, 0.5220, 0.5091, 0.4965, 0.4842, 0.4723,
    0.4606, 0.4492, 0.4381, 0.4273, 0.4168, 0.4065, 0.3964, 0.3866, 0.3771, 0.3678,
    0.3587, 0.3498, 0.3412, 0.3328, 0.3246, 0.3165, 0.3087, 0.3011, 0.2937, 0.2864,
    0.2793, 0.2724, 0.2657, 0.2592, 0.2528, 0.2465, 0.2404, 0.2345, 0.2287, 0.2230,
    0.2175, 0.2122, 0.2069, 0.2018, 0.1968, 0.1920, 0.1872, 0.1826, 0.1781, 0.1737,
    0.1694, 0.1652, 0.1611, 0.1572, 0.1533, 0.1495, 0.1458, 0.1422, 0.1387,
  ]

### training/pbrs_enabled
  Total points: 79
  Min: 1.0000, Max: 1.0000, Mean: 1.0000
  Data: [
    1.0000, 1.0000, 1.0000, 1.0000, 1.0000, 1.0000, 1.0000, 1.0000, 1.0000, 1.0000,
    1.0000, 1.0000, 1.0000, 1.0000, 1.0000, 1.0000, 1.0000, 1.0000, 1.0000, 1.0000,
    1.0000, 1.0000, 1.0000, 1.0000, 1.0000, 1.0000, 1.0000, 1.0000, 1.0000, 1.0000,
    1.0000, 1.0000, 1.0000, 1.0000, 1.0000, 1.0000, 1.0000, 1.0000, 1.0000, 1.0000,
    1.0000, 1.0000, 1.0000, 1.0000, 1.0000, 1.0000, 1.0000, 1.0000, 1.0000, 1.0000,
    1.0000, 1.0000, 1.0000, 1.0000, 1.0000, 1.0000, 1.0000, 1.0000, 1.0000, 1.0000,
    1.0000, 1.0000, 1.0000, 1.0000, 1.0000, 1.0000, 1.0000, 1.0000, 1.0000, 1.0000,
    1.0000, 1.0000, 1.0000, 1.0000, 1.0000, 1.0000, 1.0000, 1.0000, 1.0000,
  ]

### values/Q_avg
  Total points: 39
  Min: -4.1333, Max: 0.0866, Mean: -1.7184
  Data: [
    0.0500, 0.0430, 0.0568, 0.0422, 0.0395, 0.0537, 0.0866, 0.0563, 0.0487, 0.0457,
    0.0519, 0.0475, 0.0491, 0.0531, 0.0640, 0.0552, 0.0413, 0.0708, 0.0341, -0.1339,
    -0.8484, -2.3123, -2.8658, -3.4132, -3.6624, -3.8544, -4.1333, -4.0171, -4.0469, -3.9250,
    -4.0106, -3.8646, -3.8719, -3.8411, -3.8799, -3.9346, -3.7475, -3.8174, -3.8247,
  ]

### values/Q_max
  Total points: 39
  Min: -2.1635, Max: 6.3106, Mean: 0.2790
  Data: [
    0.3444, 0.3369, 0.3125, 0.3029, 0.3158, 0.3269, 0.3441, 0.3518, 0.2917, 0.3516,
    0.2984, 0.3517, 0.3298, 0.3400, 0.3470, 0.3129, 0.3456, 0.3142, 0.3027, 0.2457,
    1.7204, 0.1958, 1.0682, 0.1486, 1.8544, -1.3082, -1.1562, -1.5403, -2.1635, -1.7745,
    5.3938, -0.7752, -1.7196, -1.6956, 4.7480, -1.6397, 6.3106, -1.4801, -1.7720,
  ]

### values/Q_min
  Total points: 39
  Min: -7.9780, Max: -0.1916, Mean: -3.8395
  Data: [
    -0.3466, -0.2928, -0.2764, -0.3620, -0.3540, -0.2246, -0.1916, -0.2788, -0.2548, -0.2417,
    -0.2539, -0.2438, -0.3256, -0.2552, -0.2552, -0.2005, -0.2210, -0.2552, -0.2310, -0.4901,
    -7.3678, -7.2981, -7.8499, -6.8195, -7.9780, -7.6095, -7.8763, -7.3758, -7.8143, -7.9154,
    -7.8263, -7.7928, -7.8734, -6.9390, -7.6983, -7.5820, -7.9045, -6.9771, -7.6887,
  ]

### values/Q_std
  Total points: 39
  Min: 0.1182, Max: 1.7769, Mean: 0.6628
  Data: [
    0.1362, 0.1335, 0.1326, 0.1322, 0.1393, 0.1242, 0.1264, 0.1400, 0.1328, 0.1387,
    0.1316, 0.1301, 0.1385, 0.1265, 0.1339, 0.1182, 0.1235, 0.1293, 0.1391, 0.1638,
    1.2271, 1.7769, 1.5439, 1.2418, 1.5358, 1.1976, 1.1981, 1.1958, 1.0356, 1.0532,
    1.4184, 1.0019, 1.0914, 0.9654, 1.4080, 1.0549, 1.3811, 0.9276, 0.9246,
  ]
