================================================================================
W&B RUN DATA: low-lr-no-clip-TD3-Hockey-NORMAL-weak-lr0.0005-seed42
================================================================================

## RUN METADATA
Run ID: 67wlpqtz
Created: 2026-01-18T12:04:40Z
State: running
Duration: 23718.791947344 seconds

## CONFIGURATION
  algorithm: TD3
  mode: NORMAL
  opponent: weak
  learning_rate_actor: 0.0005
  learning_rate_critic: 0.0005
  batch_size: 100
  buffer_size: 1000000
  max_episodes: 100000
  random_seed: 42
  self_play_start: 100000
  self_play_pool_size: 25
  gamma: 0.99
  tau: 0.005

## FINAL SUMMARY

## NOTE: Data discretized to fit 100000 char limit
  Showing ~100 points per metric (of 158 total)

## METRICS DATA

### behavior/action_magnitude_avg
  Total points: 100
  Min: 0.9626, Max: 1.2371, Mean: 1.0991
  Data: [
    0.9836, 0.9755, 0.9643, 0.9706, 0.9669, 0.9744, 0.9754, 0.9952, 0.9878, 0.9911,
    0.9798, 0.9640, 0.9693, 0.9859, 0.9867, 0.9652, 0.9731, 0.9796, 0.9775, 0.9748,
    0.9715, 0.9702, 0.9626, 0.9734, 0.9737, 0.9721, 0.9667, 0.9724, 0.9686, 0.9711,
    0.9780, 0.9816, 0.9741, 0.9739, 0.9765, 0.9754, 0.9738, 0.9725, 0.9832, 0.9851,
    1.1225, 1.0927, 1.1082, 1.1198, 1.1127, 1.1192, 1.1343, 1.1282, 1.1131, 1.1292,
    1.1133, 1.1319, 1.1515, 1.1520, 1.1419, 1.1475, 1.1503, 1.1677, 1.1704, 1.1769,
    1.1738, 1.1902, 1.1691, 1.1854, 1.1866, 1.1755, 1.1920, 1.1840, 1.1947, 1.1865,
    1.2014, 1.1985, 1.1928, 1.1856, 1.1891, 1.2043, 1.1987, 1.1979, 1.2028, 1.2071,
    1.1996, 1.2021, 1.2095, 1.2113, 1.2020, 1.2200, 1.2240, 1.2180, 1.2142, 1.2155,
    1.2229, 1.2257, 1.2224, 1.2101, 1.2301, 1.2307, 1.2365, 1.2302, 1.2303, 1.2371,
  ]

### behavior/action_magnitude_max
  Total points: 100
  Min: 1.4039, Max: 1.4142, Mean: 1.4141
  Data: [
    1.4142, 1.4142, 1.4142, 1.4142, 1.4142, 1.4142, 1.4142, 1.4142, 1.4142, 1.4142,
    1.4142, 1.4142, 1.4112, 1.4142, 1.4142, 1.4142, 1.4142, 1.4142, 1.4142, 1.4142,
    1.4142, 1.4142, 1.4142, 1.4142, 1.4142, 1.4039, 1.4142, 1.4142, 1.4142, 1.4142,
    1.4142, 1.4142, 1.4142, 1.4142, 1.4142, 1.4142, 1.4142, 1.4142, 1.4142, 1.4142,
    1.4142, 1.4142, 1.4142, 1.4142, 1.4142, 1.4142, 1.4142, 1.4142, 1.4142, 1.4142,
    1.4142, 1.4142, 1.4142, 1.4142, 1.4142, 1.4142, 1.4142, 1.4142, 1.4142, 1.4142,
    1.4142, 1.4142, 1.4142, 1.4142, 1.4142, 1.4142, 1.4142, 1.4142, 1.4142, 1.4142,
    1.4142, 1.4142, 1.4142, 1.4142, 1.4142, 1.4142, 1.4142, 1.4142, 1.4142, 1.4142,
    1.4142, 1.4142, 1.4142, 1.4142, 1.4142, 1.4142, 1.4142, 1.4142, 1.4142, 1.4142,
    1.4142, 1.4142, 1.4142, 1.4142, 1.4142, 1.4142, 1.4142, 1.4142, 1.4142, 1.4142,
  ]

### behavior/dist_to_puck_avg
  Total points: 100
  Min: 1.9320, Max: 3.9133, Mean: 2.6921
  Data: [
    3.7181, 3.9133, 3.2174, 3.2501, 3.0093, 3.4647, 3.8326, 3.7693, 3.4525, 3.6156,
    3.3437, 3.2217, 3.3324, 3.0924, 3.6009, 3.3920, 3.5758, 3.2184, 3.1096, 3.2514,
    3.1592, 3.3843, 3.4068, 3.5287, 3.2940, 3.1860, 3.2965, 3.6509, 3.0232, 3.0588,
    3.6038, 3.2106, 3.3926, 3.3464, 3.8093, 3.3722, 3.1640, 3.3530, 3.4851, 3.7326,
    2.3499, 2.6298, 2.3915, 2.3316, 2.1623, 2.4131, 2.0449, 2.3832, 2.3052, 2.1503,
    2.0425, 2.3223, 2.1532, 2.2393, 2.2481, 2.1792, 2.1670, 2.1971, 2.2003, 2.2253,
    2.2981, 2.1371, 2.1797, 2.1988, 2.0558, 2.1084, 2.2282, 2.3537, 2.2936, 2.1127,
    2.4970, 2.3403, 2.1355, 2.2594, 2.0193, 2.0530, 2.0426, 2.1779, 2.2425, 2.2417,
    2.2178, 2.2157, 2.4192, 2.0309, 2.1176, 2.3317, 2.2602, 1.9320, 2.1767, 2.2194,
    2.1177, 2.1613, 2.3677, 2.0812, 2.2120, 2.2676, 2.1133, 2.4248, 2.2122, 2.3781,
  ]

### behavior/dist_to_puck_min
  Total points: 100
  Min: 0.1468, Max: 1.4733, Mean: 0.5092
  Data: [
    1.1647, 1.4301, 0.9185, 0.7960, 1.0341, 0.9896, 0.9017, 1.0091, 0.7084, 1.0247,
    1.3205, 0.8815, 0.6521, 0.5924, 0.6347, 1.1592, 0.9136, 0.6770, 0.9382, 0.7252,
    0.5521, 0.8504, 1.0602, 1.3954, 0.7591, 0.8052, 0.9720, 1.4733, 0.8733, 0.4768,
    1.0052, 0.5735, 1.1740, 1.0815, 0.6250, 1.1855, 0.6860, 0.8451, 0.8777, 1.0797,
    0.3732, 0.3176, 0.2854, 0.2564, 0.2539, 0.2115, 0.2355, 0.1795, 0.2630, 0.1722,
    0.2324, 0.2780, 0.2604, 0.2113, 0.1889, 0.2283, 0.2156, 0.2448, 0.2211, 0.2538,
    0.2884, 0.2597, 0.2936, 0.1468, 0.2435, 0.2595, 0.2149, 0.2461, 0.2478, 0.1981,
    0.2525, 0.2285, 0.2303, 0.2088, 0.2112, 0.2470, 0.2259, 0.2549, 0.1925, 0.1802,
    0.2542, 0.1864, 0.2050, 0.2074, 0.2400, 0.2473, 0.1767, 0.2110, 0.2476, 0.2378,
    0.2793, 0.2367, 0.2619, 0.3202, 0.1630, 0.2633, 0.2756, 0.1898, 0.1894, 0.1883,
  ]

### behavior/distance_traveled
  Total points: 100
  Min: 7.0111, Max: 15.6929, Mean: 11.7274
  Data: [
    9.7026, 11.6566, 10.4796, 10.1341, 11.4629, 13.7535, 13.8831, 12.6034, 12.5209, 12.8301,
    13.5880, 13.4623, 12.3277, 13.5430, 13.1210, 11.4222, 13.3862, 7.0703, 10.9879, 12.9574,
    12.7608, 13.0239, 14.6770, 13.8733, 12.6738, 11.5691, 10.7004, 11.6626, 12.3835, 11.8503,
    11.2543, 14.8001, 12.3993, 14.8623, 10.7902, 8.7426, 11.5020, 11.7374, 14.4518, 14.5475,
    8.9313, 9.1382, 10.8118, 10.2935, 10.7146, 10.7749, 7.0111, 12.7768, 12.6561, 11.2196,
    11.1332, 9.6093, 11.0583, 13.0797, 13.9486, 12.9586, 14.2984, 11.2359, 11.8596, 11.5919,
    7.9677, 12.4912, 9.0469, 12.1851, 10.7186, 13.0820, 11.0515, 9.8047, 15.6929, 11.6249,
    11.4167, 13.6929, 12.6758, 14.1665, 10.8769, 10.9757, 11.7258, 8.0784, 10.1929, 12.1560,
    7.6761, 11.1267, 12.2404, 10.1112, 11.8503, 10.4383, 11.8780, 9.2785, 10.0962, 8.2950,
    12.0803, 12.6241, 11.1294, 7.9482, 14.2063, 13.1107, 12.5281, 12.0334, 13.6811, 14.5321,
  ]

### behavior/gameplay_vs_strong
  Total points: 60
  ✗ Could not format data: float() argument must be a string or a real number, not 'dict'

### behavior/gameplay_vs_weak
  Total points: 60
  ✗ Could not format data: float() argument must be a string or a real number, not 'dict'

### behavior/lazy_action_ratio
  Total points: 100
  Min: 0.0000, Max: 0.0112, Mean: 0.0021
  Data: [
    0.0077, 0.0046, 0.0084, 0.0011, 0.0055, 0.0044, 0.0038, 0.0090, 0.0035, 0.0059,
    0.0027, 0.0048, 0.0043, 0.0036, 0.0016, 0.0084, 0.0112, 0.0071, 0.0016, 0.0045,
    0.0018, 0.0039, 0.0035, 0.0048, 0.0083, 0.0039, 0.0034, 0.0044, 0.0051, 0.0046,
    0.0054, 0.0012, 0.0032, 0.0024, 0.0054, 0.0078, 0.0035, 0.0016, 0.0049, 0.0031,
    0.0013, 0.0028, 0.0008, 0.0008, 0.0017, 0.0034, 0.0017, 0.0018, 0.0005, 0.0004,
    0.0037, 0.0030, 0.0000, 0.0013, 0.0013, 0.0000, 0.0000, 0.0000, 0.0000, 0.0000,
    0.0000, 0.0000, 0.0000, 0.0000, 0.0009, 0.0008, 0.0000, 0.0000, 0.0000, 0.0000,
    0.0000, 0.0004, 0.0000, 0.0000, 0.0000, 0.0000, 0.0000, 0.0000, 0.0000, 0.0000,
    0.0000, 0.0000, 0.0000, 0.0000, 0.0000, 0.0000, 0.0000, 0.0000, 0.0000, 0.0000,
    0.0000, 0.0000, 0.0000, 0.0000, 0.0000, 0.0000, 0.0000, 0.0000, 0.0000, 0.0000,
  ]

### behavior/possession_ratio
  Total points: 100
  Min: 0.0018, Max: 0.2757, Mean: 0.1401
  Data: [
    0.0179, 0.0122, 0.0106, 0.0195, 0.0054, 0.0111, 0.0098, 0.0163, 0.0073, 0.0151,
    0.0032, 0.0251, 0.0125, 0.0165, 0.0251, 0.0060, 0.0196, 0.0367, 0.0100, 0.0206,
    0.0151, 0.0264, 0.0094, 0.0051, 0.0231, 0.0055, 0.0277, 0.0060, 0.0218, 0.0333,
    0.0243, 0.0231, 0.0018, 0.0043, 0.0313, 0.0216, 0.0204, 0.0153, 0.0280, 0.0148,
    0.1393, 0.1490, 0.1192, 0.2056, 0.1878, 0.1971, 0.2447, 0.2016, 0.1846, 0.2757,
    0.2521, 0.2119, 0.2284, 0.2077, 0.1953, 0.2108, 0.2226, 0.2110, 0.2637, 0.2198,
    0.2134, 0.2433, 0.2419, 0.2417, 0.2584, 0.2435, 0.2645, 0.2064, 0.1714, 0.2714,
    0.1912, 0.2087, 0.2307, 0.2190, 0.2540, 0.2430, 0.2503, 0.2563, 0.2263, 0.2605,
    0.2146, 0.2334, 0.2156, 0.2555, 0.1862, 0.2264, 0.1943, 0.2677, 0.2167, 0.2416,
    0.1986, 0.2209, 0.1989, 0.2472, 0.2512, 0.2068, 0.2571, 0.2430, 0.2381, 0.2131,
  ]

### behavior/puck_touches
  Total points: 100
  Min: 0.0000, Max: 0.0000, Mean: 0.0000
  Data: [
    0.0000, 0.0000, 0.0000, 0.0000, 0.0000, 0.0000, 0.0000, 0.0000, 0.0000, 0.0000,
    0.0000, 0.0000, 0.0000, 0.0000, 0.0000, 0.0000, 0.0000, 0.0000, 0.0000, 0.0000,
    0.0000, 0.0000, 0.0000, 0.0000, 0.0000, 0.0000, 0.0000, 0.0000, 0.0000, 0.0000,
    0.0000, 0.0000, 0.0000, 0.0000, 0.0000, 0.0000, 0.0000, 0.0000, 0.0000, 0.0000,
    0.0000, 0.0000, 0.0000, 0.0000, 0.0000, 0.0000, 0.0000, 0.0000, 0.0000, 0.0000,
    0.0000, 0.0000, 0.0000, 0.0000, 0.0000, 0.0000, 0.0000, 0.0000, 0.0000, 0.0000,
    0.0000, 0.0000, 0.0000, 0.0000, 0.0000, 0.0000, 0.0000, 0.0000, 0.0000, 0.0000,
    0.0000, 0.0000, 0.0000, 0.0000, 0.0000, 0.0000, 0.0000, 0.0000, 0.0000, 0.0000,
    0.0000, 0.0000, 0.0000, 0.0000, 0.0000, 0.0000, 0.0000, 0.0000, 0.0000, 0.0000,
    0.0000, 0.0000, 0.0000, 0.0000, 0.0000, 0.0000, 0.0000, 0.0000, 0.0000, 0.0000,
  ]

### behavior/shoot_action_avg
  Total points: 100
  Min: -0.6884, Max: 0.1443, Mean: -0.2567
  Data: [
    -0.0977, -0.0654, -0.0655, -0.1147, -0.0685, -0.0942, -0.0707, -0.0800, -0.0823, -0.0338,
    -0.0599, -0.0528, -0.0750, -0.0872, -0.0204, -0.0840, -0.0410, -0.0879, -0.0875, -0.0894,
    -0.0495, -0.0917, -0.0661, -0.0520, -0.0453, -0.0927, -0.0876, -0.0389, -0.0642, -0.1009,
    -0.1259, -0.0464, -0.0855, -0.0635, -0.0853, -0.0651, -0.1215, -0.0522, -0.0461, -0.0664,
    0.1443, 0.1361, -0.0469, -0.0672, 0.0418, -0.3488, -0.1397, -0.4701, -0.3720, -0.1686,
    -0.3774, -0.2237, -0.2630, -0.3464, -0.4095, -0.1579, -0.1090, -0.3966, -0.4313, -0.2463,
    -0.1085, -0.3465, -0.4077, -0.4435, -0.4469, -0.5834, -0.6884, -0.4867, -0.5194, -0.5686,
    -0.4603, -0.4930, -0.5685, -0.4911, -0.5284, -0.2855, -0.4038, -0.3061, -0.4538, -0.4183,
    -0.5711, -0.4700, -0.4808, -0.4641, -0.4219, -0.5876, -0.4007, -0.4502, -0.5740, -0.5829,
    -0.3098, -0.4729, -0.5414, -0.4329, -0.4110, -0.3710, -0.4417, -0.5295, -0.5563, -0.4386,
  ]

### behavior/shoot_action_when_possess
  Total points: 100
  Min: -0.8632, Max: 0.1707, Mean: -0.5085
  Data: [
    0.0100, -0.2148, 0.0862, -0.1438, -0.0812, -0.2537, -0.3269, -0.3098, -0.1883, -0.2034,
    0.0314, -0.1072, -0.0147, -0.2466, -0.1934, -0.0695, -0.3043, -0.3293, -0.0738, -0.2230,
    -0.2459, -0.0024, -0.2096, -0.0232, -0.1597, -0.0491, -0.0915, -0.0341, -0.2411, -0.1921,
    -0.2311, -0.3112, 0.1273, -0.1088, -0.4284, -0.0756, -0.2615, -0.1378, -0.1859, 0.1707,
    -0.4151, -0.4007, -0.5222, -0.7013, -0.5512, -0.6813, -0.6379, -0.7073, -0.7021, -0.6239,
    -0.7512, -0.6235, -0.6194, -0.7008, -0.6957, -0.7357, -0.7480, -0.7250, -0.7642, -0.7432,
    -0.7462, -0.7556, -0.7694, -0.7684, -0.7602, -0.7797, -0.8244, -0.7815, -0.7643, -0.8202,
    -0.7354, -0.7522, -0.7643, -0.7754, -0.7862, -0.7944, -0.8324, -0.7900, -0.8118, -0.7552,
    -0.8089, -0.7837, -0.8160, -0.8161, -0.8167, -0.8632, -0.8301, -0.8344, -0.8235, -0.8139,
    -0.8029, -0.8242, -0.7619, -0.7541, -0.8376, -0.8375, -0.8468, -0.8300, -0.8314, -0.8527,
  ]

### behavior/time_near_puck
  Total points: 100
  Min: 0.3000, Max: 47.9000, Mean: 20.1890
  Data: [
    3.0000, 1.6000, 1.4000, 3.2000, 1.1000, 2.9000, 1.7000, 4.2000, 2.2000, 2.8000,
    1.3000, 2.5000, 2.0000, 3.6000, 4.0000, 0.9000, 3.5000, 2.6000, 0.7000, 3.1000,
    2.1000, 6.4000, 1.7000, 1.3000, 4.5000, 0.9000, 4.0000, 0.9000, 3.1000, 2.8000,
    1.8000, 4.7000, 0.3000, 0.8000, 3.9000, 1.7000, 2.6000, 1.7000, 4.7000, 2.1000,
    12.7000, 13.1000, 14.3000, 21.1000, 23.3000, 23.6000, 19.8000, 37.1000, 24.2000, 38.6000,
    40.9000, 21.9000, 26.1000, 37.9000, 35.5000, 39.2000, 44.2000, 28.2000, 38.4000, 30.7000,
    16.4000, 38.0000, 22.5000, 40.0000, 36.6000, 41.3000, 38.9000, 21.3000, 37.8000, 44.0000,
    26.7000, 40.1000, 39.3000, 44.8000, 33.1000, 35.5000, 39.0000, 26.4000, 34.5000, 47.9000,
    21.2000, 34.7000, 40.0000, 31.7000, 24.8000, 31.7000, 33.0000, 27.5000, 24.1000, 27.3000,
    30.0000, 35.5000, 30.8000, 24.4000, 47.2000, 28.8000, 34.1000, 36.5000, 41.4000, 39.0000,
  ]

### behavior/velocity_avg
  Total points: 100
  Min: 0.0675, Max: 0.0931, Mean: 0.0790
  Data: [
    0.0756, 0.0718, 0.0784, 0.0742, 0.0767, 0.0785, 0.0761, 0.0781, 0.0723, 0.0759,
    0.0837, 0.0800, 0.0802, 0.0707, 0.0776, 0.0821, 0.0758, 0.0766, 0.0845, 0.0822,
    0.0790, 0.0802, 0.0813, 0.0798, 0.0770, 0.0860, 0.0765, 0.0742, 0.0833, 0.0778,
    0.0829, 0.0759, 0.0773, 0.0783, 0.0791, 0.0768, 0.0824, 0.0718, 0.0785, 0.0761,
    0.0879, 0.0767, 0.0839, 0.0899, 0.0848, 0.0889, 0.0894, 0.0725, 0.0792, 0.0883,
    0.0721, 0.0917, 0.0813, 0.0786, 0.0777, 0.0746, 0.0717, 0.0787, 0.0845, 0.0777,
    0.0881, 0.0825, 0.0931, 0.0762, 0.0758, 0.0755, 0.0738, 0.0832, 0.0712, 0.0705,
    0.0778, 0.0705, 0.0709, 0.0693, 0.0865, 0.0769, 0.0755, 0.0804, 0.0675, 0.0708,
    0.0779, 0.0815, 0.0723, 0.0823, 0.0829, 0.0759, 0.0735, 0.0906, 0.0816, 0.0797,
    0.0787, 0.0788, 0.0792, 0.0871, 0.0780, 0.0888, 0.0804, 0.0816, 0.0763, 0.0801,
  ]

### behavior/velocity_max
  Total points: 100
  Min: 0.1711, Max: 0.2272, Mean: 0.2084
  Data: [
    0.1914, 0.1799, 0.1732, 0.1779, 0.1965, 0.1868, 0.1875, 0.1923, 0.1926, 0.1890,
    0.1975, 0.1893, 0.1836, 0.1991, 0.2024, 0.1849, 0.1974, 0.1711, 0.1917, 0.1959,
    0.1920, 0.1825, 0.1969, 0.2022, 0.1840, 0.1951, 0.1820, 0.1912, 0.1959, 0.1840,
    0.1969, 0.1984, 0.1900, 0.2023, 0.2024, 0.1841, 0.1893, 0.1777, 0.1922, 0.1968,
    0.2196, 0.2155, 0.2226, 0.2118, 0.2191, 0.2209, 0.2091, 0.2185, 0.2179, 0.2190,
    0.2184, 0.2136, 0.2212, 0.2223, 0.2188, 0.2198, 0.2161, 0.2160, 0.2272, 0.2219,
    0.2231, 0.2236, 0.2218, 0.2246, 0.2202, 0.2233, 0.2181, 0.2233, 0.2237, 0.2190,
    0.2220, 0.2187, 0.2203, 0.2182, 0.2190, 0.2238, 0.2190, 0.2213, 0.2140, 0.2176,
    0.2152, 0.2247, 0.2195, 0.2249, 0.2249, 0.2188, 0.2270, 0.2231, 0.2232, 0.2137,
    0.2253, 0.2244, 0.2192, 0.2198, 0.2216, 0.2251, 0.2239, 0.2223, 0.2244, 0.2244,
  ]

### eval/strong/avg_reward
  Total points: 60
  Min: -24.4485, Max: -0.0491, Mean: -3.2776
  Data: [
    -24.4485, -8.0792, -4.0582, -7.3197, -3.8172, -6.6100, -4.4229, -5.5692, -5.4830, -4.0090,
    -4.2510, -4.2398, -4.7249, -7.0404, -2.3327, -4.1401, -1.1956, -2.3474, -2.3577, -1.9957,
    -2.4698, -1.5548, -3.1469, -0.9489, -0.2546, -0.0491, -1.3310, -1.5315, -1.0129, -2.0207,
    -0.7306, -1.0454, -2.2976, -3.2161, -1.9527, -3.1007, -2.2610, -3.6962, -3.1806, -3.7707,
    -4.6483, -3.1724, -3.6666, -2.4912, -2.0761, -2.9084, -2.8348, -1.6255, -3.3655, -0.0704,
    -2.7395, -2.1631, -2.7053, -1.4958, -1.7027, -1.7571, -1.6428, -3.4058, -2.8004, -1.3680,
  ]

### eval/strong/loss_rate
  Total points: 60
  Min: 0.2600, Max: 0.6300, Mean: 0.3950
  Data: [
    0.3500, 0.6300, 0.4900, 0.4900, 0.4600, 0.5600, 0.4800, 0.4700, 0.5400, 0.4500,
    0.4600, 0.4500, 0.4600, 0.5600, 0.4200, 0.4700, 0.2900, 0.3300, 0.3800, 0.3300,
    0.3500, 0.3700, 0.4000, 0.3000, 0.3400, 0.2800, 0.3600, 0.3300, 0.3500, 0.3100,
    0.2900, 0.3000, 0.3300, 0.4200, 0.3400, 0.4500, 0.4000, 0.4600, 0.4200, 0.4400,
    0.4500, 0.3800, 0.4400, 0.3600, 0.3500, 0.4400, 0.3800, 0.2800, 0.4000, 0.2600,
    0.3700, 0.3800, 0.4100, 0.3400, 0.3200, 0.3400, 0.3500, 0.3900, 0.3900, 0.3600,
  ]

### eval/strong/losses
  Total points: 60
  Min: 26.0000, Max: 63.0000, Mean: 39.5000
  Data: [
    35.0000, 63.0000, 49.0000, 49.0000, 46.0000, 56.0000, 48.0000, 47.0000, 54.0000, 45.0000,
    46.0000, 45.0000, 46.0000, 56.0000, 42.0000, 47.0000, 29.0000, 33.0000, 38.0000, 33.0000,
    35.0000, 37.0000, 40.0000, 30.0000, 34.0000, 28.0000, 36.0000, 33.0000, 35.0000, 31.0000,
    29.0000, 30.0000, 33.0000, 42.0000, 34.0000, 45.0000, 40.0000, 46.0000, 42.0000, 44.0000,
    45.0000, 38.0000, 44.0000, 36.0000, 35.0000, 44.0000, 38.0000, 28.0000, 40.0000, 26.0000,
    37.0000, 38.0000, 41.0000, 34.0000, 32.0000, 34.0000, 35.0000, 39.0000, 39.0000, 36.0000,
  ]

### eval/strong/tie_rate
  Total points: 60
  Min: 0.1200, Max: 0.5800, Mean: 0.2480
  Data: [
    0.5800, 0.1900, 0.1200, 0.3800, 0.2100, 0.2200, 0.2100, 0.2700, 0.1900, 0.2000,
    0.2200, 0.2400, 0.2600, 0.2900, 0.1700, 0.2200, 0.2700, 0.3300, 0.2400, 0.2700,
    0.2900, 0.1600, 0.2600, 0.2800, 0.1300, 0.2400, 0.1800, 0.2500, 0.1800, 0.3400,
    0.2700, 0.2700, 0.3300, 0.2600, 0.2500, 0.1900, 0.1800, 0.2100, 0.2300, 0.2500,
    0.2900, 0.2900, 0.2200, 0.2700, 0.2700, 0.1800, 0.2700, 0.3500, 0.2800, 0.2500,
    0.2600, 0.1800, 0.2200, 0.2500, 0.2500, 0.2600, 0.2300, 0.2900, 0.2700, 0.1700,
  ]

### eval/strong/ties
  Total points: 60
  Min: 12.0000, Max: 58.0000, Mean: 24.8000
  Data: [
    58.0000, 19.0000, 12.0000, 38.0000, 21.0000, 22.0000, 21.0000, 27.0000, 19.0000, 20.0000,
    22.0000, 24.0000, 26.0000, 29.0000, 17.0000, 22.0000, 27.0000, 33.0000, 24.0000, 27.0000,
    29.0000, 16.0000, 26.0000, 28.0000, 13.0000, 24.0000, 18.0000, 25.0000, 18.0000, 34.0000,
    27.0000, 27.0000, 33.0000, 26.0000, 25.0000, 19.0000, 18.0000, 21.0000, 23.0000, 25.0000,
    29.0000, 29.0000, 22.0000, 27.0000, 27.0000, 18.0000, 27.0000, 35.0000, 28.0000, 25.0000,
    26.0000, 18.0000, 22.0000, 25.0000, 25.0000, 26.0000, 23.0000, 29.0000, 27.0000, 17.0000,
  ]

### eval/strong/win_rate
  Total points: 60
  Min: 0.0700, Max: 0.5300, Mean: 0.3570
  Data: [
    0.0700, 0.1800, 0.3900, 0.1300, 0.3300, 0.2200, 0.3100, 0.2600, 0.2700, 0.3500,
    0.3200, 0.3100, 0.2800, 0.1500, 0.4100, 0.3100, 0.4400, 0.3400, 0.3800, 0.4000,
    0.3600, 0.4700, 0.3400, 0.4200, 0.5300, 0.4800, 0.4600, 0.4200, 0.4700, 0.3500,
    0.4400, 0.4300, 0.3400, 0.3200, 0.4100, 0.3600, 0.4200, 0.3300, 0.3500, 0.3100,
    0.2600, 0.3300, 0.3400, 0.3700, 0.3800, 0.3800, 0.3500, 0.3700, 0.3200, 0.4900,
    0.3700, 0.4400, 0.3700, 0.4100, 0.4300, 0.4000, 0.4200, 0.3200, 0.3400, 0.4700,
  ]

### eval/strong/win_rate_decisive
  Total points: 60
  Min: 0.1667, Max: 0.6533, Mean: 0.4720
  Data: [
    0.1667, 0.2222, 0.4432, 0.2097, 0.4177, 0.2821, 0.3924, 0.3562, 0.3333, 0.4375,
    0.4103, 0.4079, 0.3784, 0.2113, 0.4940, 0.3974, 0.6027, 0.5075, 0.5000, 0.5479,
    0.5070, 0.5595, 0.4595, 0.5833, 0.6092, 0.6316, 0.5610, 0.5600, 0.5732, 0.5303,
    0.6027, 0.5890, 0.5075, 0.4324, 0.5467, 0.4444, 0.5122, 0.4177, 0.4545, 0.4133,
    0.3662, 0.4648, 0.4359, 0.5068, 0.5205, 0.4634, 0.4795, 0.5692, 0.4444, 0.6533,
    0.5000, 0.5366, 0.4744, 0.5467, 0.5733, 0.5405, 0.5455, 0.4507, 0.4658, 0.5663,
  ]

### eval/strong/wins
  Total points: 60
  Min: 7.0000, Max: 53.0000, Mean: 35.7000
  Data: [
    7.0000, 18.0000, 39.0000, 13.0000, 33.0000, 22.0000, 31.0000, 26.0000, 27.0000, 35.0000,
    32.0000, 31.0000, 28.0000, 15.0000, 41.0000, 31.0000, 44.0000, 34.0000, 38.0000, 40.0000,
    36.0000, 47.0000, 34.0000, 42.0000, 53.0000, 48.0000, 46.0000, 42.0000, 47.0000, 35.0000,
    44.0000, 43.0000, 34.0000, 32.0000, 41.0000, 36.0000, 42.0000, 33.0000, 35.0000, 31.0000,
    26.0000, 33.0000, 34.0000, 37.0000, 38.0000, 38.0000, 35.0000, 37.0000, 32.0000, 49.0000,
    37.0000, 44.0000, 37.0000, 41.0000, 43.0000, 40.0000, 42.0000, 32.0000, 34.0000, 47.0000,
  ]

### eval/weak/avg_reward
  Total points: 60
  Min: -25.7003, Max: 2.7325, Mean: -1.1664
  Data: [
    -25.7003, -6.8323, -8.6353, -3.6170, -1.6649, -2.3247, -4.0443, -3.8104, -1.7065, -2.5855,
    -3.9441, -2.9094, -3.9227, -1.6404, -2.3076, -0.6109, -0.3755, -1.3987, 0.3975, -0.0470,
    -0.1337, -0.4122, -0.9113, 0.4000, 1.4231, 0.7327, -0.2660, -2.8156, 2.0381, 0.1999,
    1.3861, -0.4015, 1.0849, 1.4232, 1.6762, 1.6962, -4.6607, 1.7440, -0.1821, 2.0375,
    0.8769, 1.6900, -1.9580, 1.6058, 2.7325, 1.9017, 0.4849, -0.4140, -2.2025, -0.5830,
    -2.0044, 0.2457, 2.0153, 1.7235, -1.9566, 1.5480, 0.4602, -3.2258, 1.1287, -2.4300,
  ]

### eval/weak/loss_rate
  Total points: 60
  Min: 0.1100, Max: 0.6800, Mean: 0.2913
  Data: [
    0.3600, 0.6500, 0.6800, 0.4500, 0.3200, 0.3400, 0.4400, 0.4400, 0.3300, 0.3900,
    0.5200, 0.4000, 0.5200, 0.3500, 0.4900, 0.2500, 0.3200, 0.3100, 0.2000, 0.2000,
    0.1900, 0.2100, 0.2600, 0.3300, 0.2100, 0.1900, 0.2600, 0.4100, 0.1200, 0.1800,
    0.1200, 0.2900, 0.2100, 0.1100, 0.1100, 0.1700, 0.4700, 0.1500, 0.2300, 0.1300,
    0.2000, 0.1300, 0.2800, 0.1700, 0.1100, 0.1600, 0.2400, 0.3100, 0.3600, 0.2700,
    0.3500, 0.2900, 0.1500, 0.1800, 0.4600, 0.1600, 0.2500, 0.4800, 0.1900, 0.4300,
  ]

### eval/weak/losses
  Total points: 60
  Min: 11.0000, Max: 68.0000, Mean: 29.1333
  Data: [
    36.0000, 65.0000, 68.0000, 45.0000, 32.0000, 34.0000, 44.0000, 44.0000, 33.0000, 39.0000,
    52.0000, 40.0000, 52.0000, 35.0000, 49.0000, 25.0000, 32.0000, 31.0000, 20.0000, 20.0000,
    19.0000, 21.0000, 26.0000, 33.0000, 21.0000, 19.0000, 26.0000, 41.0000, 12.0000, 18.0000,
    12.0000, 29.0000, 21.0000, 11.0000, 11.0000, 17.0000, 47.0000, 15.0000, 23.0000, 13.0000,
    20.0000, 13.0000, 28.0000, 17.0000, 11.0000, 16.0000, 24.0000, 31.0000, 36.0000, 27.0000,
    35.0000, 29.0000, 15.0000, 18.0000, 46.0000, 16.0000, 25.0000, 48.0000, 19.0000, 43.0000,
  ]

### eval/weak/tie_rate
  Total points: 60
  Min: 0.1000, Max: 0.5900, Mean: 0.3447
  Data: [
    0.5900, 0.1400, 0.1800, 0.2800, 0.3100, 0.3200, 0.3100, 0.2900, 0.3200, 0.2900,
    0.1800, 0.3500, 0.2100, 0.3200, 0.1000, 0.4100, 0.2800, 0.3800, 0.4200, 0.4500,
    0.4700, 0.4700, 0.4300, 0.1800, 0.3200, 0.4200, 0.3700, 0.3000, 0.4000, 0.4700,
    0.5100, 0.3300, 0.3300, 0.4700, 0.4700, 0.3500, 0.3700, 0.3800, 0.4300, 0.3900,
    0.3800, 0.4300, 0.4300, 0.3300, 0.3800, 0.3600, 0.3500, 0.3000, 0.3700, 0.4000,
    0.3600, 0.2400, 0.3800, 0.3400, 0.1200, 0.3700, 0.3100, 0.2300, 0.3800, 0.2300,
  ]

### eval/weak/ties
  Total points: 60
  Min: 10.0000, Max: 59.0000, Mean: 34.4667
  Data: [
    59.0000, 14.0000, 18.0000, 28.0000, 31.0000, 32.0000, 31.0000, 29.0000, 32.0000, 29.0000,
    18.0000, 35.0000, 21.0000, 32.0000, 10.0000, 41.0000, 28.0000, 38.0000, 42.0000, 45.0000,
    47.0000, 47.0000, 43.0000, 18.0000, 32.0000, 42.0000, 37.0000, 30.0000, 40.0000, 47.0000,
    51.0000, 33.0000, 33.0000, 47.0000, 47.0000, 35.0000, 37.0000, 38.0000, 43.0000, 39.0000,
    38.0000, 43.0000, 43.0000, 33.0000, 38.0000, 36.0000, 35.0000, 30.0000, 37.0000, 40.0000,
    36.0000, 24.0000, 38.0000, 34.0000, 12.0000, 37.0000, 31.0000, 23.0000, 38.0000, 23.0000,
  ]

### eval/weak/win_rate
  Total points: 60
  Min: 0.0500, Max: 0.5100, Mean: 0.3640
  Data: [
    0.0500, 0.2100, 0.1400, 0.2700, 0.3700, 0.3400, 0.2500, 0.2700, 0.3500, 0.3200,
    0.3000, 0.2500, 0.2700, 0.3300, 0.4100, 0.3400, 0.4000, 0.3100, 0.3800, 0.3500,
    0.3400, 0.3200, 0.3100, 0.4900, 0.4700, 0.3900, 0.3700, 0.2900, 0.4800, 0.3500,
    0.3700, 0.3800, 0.4600, 0.4200, 0.4200, 0.4800, 0.1600, 0.4700, 0.3400, 0.4800,
    0.4200, 0.4400, 0.2900, 0.5000, 0.5100, 0.4800, 0.4100, 0.3900, 0.2700, 0.3300,
    0.2900, 0.4700, 0.4700, 0.4800, 0.4200, 0.4700, 0.4400, 0.2900, 0.4300, 0.3400,
  ]

### eval/weak/win_rate_decisive
  Total points: 60
  Min: 0.1220, Max: 0.8226, Mean: 0.5654
  Data: [
    0.1220, 0.2442, 0.1707, 0.3750, 0.5362, 0.5000, 0.3623, 0.3803, 0.5147, 0.4507,
    0.3659, 0.3846, 0.3418, 0.4853, 0.4556, 0.5763, 0.5556, 0.5000, 0.6552, 0.6364,
    0.6415, 0.6038, 0.5439, 0.5976, 0.6912, 0.6724, 0.5873, 0.4143, 0.8000, 0.6604,
    0.7551, 0.5672, 0.6866, 0.7925, 0.7925, 0.7385, 0.2540, 0.7581, 0.5965, 0.7869,
    0.6774, 0.7719, 0.5088, 0.7463, 0.8226, 0.7500, 0.6308, 0.5571, 0.4286, 0.5500,
    0.4531, 0.6184, 0.7581, 0.7273, 0.4773, 0.7460, 0.6377, 0.3766, 0.6935, 0.4416,
  ]

### eval/weak/wins
  Total points: 60
  Min: 5.0000, Max: 51.0000, Mean: 36.4000
  Data: [
    5.0000, 21.0000, 14.0000, 27.0000, 37.0000, 34.0000, 25.0000, 27.0000, 35.0000, 32.0000,
    30.0000, 25.0000, 27.0000, 33.0000, 41.0000, 34.0000, 40.0000, 31.0000, 38.0000, 35.0000,
    34.0000, 32.0000, 31.0000, 49.0000, 47.0000, 39.0000, 37.0000, 29.0000, 48.0000, 35.0000,
    37.0000, 38.0000, 46.0000, 42.0000, 42.0000, 48.0000, 16.0000, 47.0000, 34.0000, 48.0000,
    42.0000, 44.0000, 29.0000, 50.0000, 51.0000, 48.0000, 41.0000, 39.0000, 27.0000, 33.0000,
    29.0000, 47.0000, 47.0000, 48.0000, 42.0000, 47.0000, 44.0000, 29.0000, 43.0000, 34.0000,
  ]

### gradients/actor_grad_norm
  Total points: 100
  Min: 0.0000, Max: 0.2106, Mean: 0.0401
  Data: [
    0.0000, 0.0000, 0.0000, 0.0000, 0.0000, 0.0000, 0.0000, 0.0000, 0.0000, 0.0000,
    0.0000, 0.0000, 0.0000, 0.0000, 0.0000, 0.0000, 0.0000, 0.0000, 0.0000, 0.0000,
    0.0000, 0.0000, 0.0000, 0.0000, 0.0000, 0.0000, 0.0000, 0.0000, 0.0000, 0.0000,
    0.0000, 0.0000, 0.0000, 0.0000, 0.0000, 0.0000, 0.0000, 0.0000, 0.0000, 0.0009,
    0.0278, 0.0385, 0.0446, 0.0465, 0.0551, 0.0515, 0.1539, 0.0776, 0.1355, 0.0538,
    0.0528, 0.2106, 0.0576, 0.0432, 0.0545, 0.0447, 0.0506, 0.0638, 0.0526, 0.0734,
    0.0432, 0.0501, 0.0567, 0.0724, 0.0955, 0.0357, 0.0860, 0.0958, 0.0433, 0.0771,
    0.0607, 0.0572, 0.0494, 0.0428, 0.0458, 0.0573, 0.1013, 0.1097, 0.0946, 0.1526,
    0.0585, 0.0458, 0.0556, 0.0349, 0.0531, 0.0750, 0.1043, 0.0960, 0.0327, 0.0712,
    0.0379, 0.0397, 0.0476, 0.1472, 0.0377, 0.0493, 0.0817, 0.0476, 0.0403, 0.0407,
  ]

### gradients/critic_grad_norm
  Total points: 100
  Min: 0.0000, Max: 2.7931, Mean: 0.8079
  Data: [
    0.0000, 0.0000, 0.0000, 0.0000, 0.0000, 0.0000, 0.0000, 0.0000, 0.0000, 0.0000,
    0.0000, 0.0000, 0.0000, 0.0000, 0.0000, 0.0000, 0.0000, 0.0000, 0.0000, 0.0000,
    0.0000, 0.0000, 0.0000, 0.0000, 0.0000, 0.0000, 0.0000, 0.0000, 0.0000, 0.0000,
    0.0000, 0.0000, 0.0000, 0.0000, 0.0000, 0.0000, 0.0000, 0.0000, 0.0000, 0.0659,
    0.7570, 0.6590, 1.1288, 1.1092, 1.2954, 1.0097, 1.6385, 1.5971, 1.3934, 0.7801,
    1.1179, 1.1632, 1.0909, 0.8749, 0.7128, 0.8382, 1.2869, 1.0186, 1.4634, 0.6151,
    1.0343, 1.8573, 0.6815, 1.0871, 0.7577, 1.6185, 1.7659, 1.8815, 1.1803, 0.8525,
    1.2329, 1.3195, 0.9777, 1.5312, 1.0545, 0.5746, 1.6381, 1.9115, 1.4567, 1.4026,
    1.2541, 1.5941, 1.4578, 1.0341, 0.7290, 2.4172, 2.3045, 1.9801, 1.1774, 2.7931,
    2.1332, 1.8749, 1.9211, 1.3410, 1.7716, 1.7466, 1.9474, 1.1663, 1.2665, 1.4492,
  ]

### hacking/pbrs_to_sparse_ratio
  Total points: 100
  Min: 0.0263, Max: 1.5432, Mean: 0.2641
  Data: [
    0.0464, 0.0346, 0.0289, 0.0335, 0.0309, 0.0455, 0.0353, 0.0367, 0.0369, 0.0443,
    0.1616, 0.0485, 0.0363, 0.0385, 0.3018, 0.0344, 0.0383, 0.0600, 0.0263, 0.0616,
    0.1173, 0.0363, 0.0468, 0.0320, 0.0349, 0.0391, 0.0300, 0.0290, 0.0389, 0.0462,
    0.0425, 0.1138, 0.0295, 0.0329, 0.2887, 0.0543, 0.0299, 0.0417, 0.0382, 0.0390,
    0.3041, 0.7055, 0.3430, 0.0909, 1.2704, 0.0510, 0.0394, 0.5969, 0.8527, 0.1108,
    0.1854, 0.2204, 1.4169, 1.1663, 0.4292, 0.2358, 0.7700, 0.8109, 0.0704, 0.8862,
    0.2930, 0.2915, 0.0528, 0.3055, 0.1981, 0.2161, 0.2311, 0.2542, 0.6109, 0.3227,
    0.2641, 0.3225, 0.2349, 0.4826, 0.2610, 0.0608, 0.1177, 0.0413, 0.1551, 0.3359,
    0.2114, 0.5470, 0.2660, 0.2444, 0.0554, 0.3302, 0.0678, 0.0481, 1.5432, 0.0445,
    0.1123, 0.2246, 0.1316, 0.0639, 0.5824, 0.2068, 0.2527, 1.4564, 1.2439, 0.8257,
  ]

### hacking/possession_hoarding_ratio
  Total points: 100
  Min: 0.0000, Max: 0.6665, Mean: 0.3499
  Data: [
    0.2438, 0.1333, 0.1917, 0.2131, 0.1333, 0.2849, 0.1375, 0.1583, 0.0143, 0.0889,
    0.2600, 0.0738, 0.1667, 0.2217, 0.0792, 0.0250, 0.4208, 0.1417, 0.0500, 0.3778,
    0.4500, 0.3790, 0.1538, 0.1143, 0.1741, 0.0800, 0.1471, 0.0000, 0.2164, 0.3333,
    0.2846, 0.3758, 0.1000, 0.0000, 0.2096, 0.1238, 0.3235, 0.2957, 0.1628, 0.0308,
    0.4120, 0.4284, 0.4266, 0.5159, 0.5125, 0.5432, 0.4923, 0.6665, 0.4801, 0.4080,
    0.5409, 0.5354, 0.4935, 0.5954, 0.5286, 0.4194, 0.5531, 0.5685, 0.5042, 0.4636,
    0.3643, 0.4951, 0.4177, 0.4386, 0.4676, 0.4474, 0.4684, 0.3940, 0.5189, 0.5961,
    0.4814, 0.4327, 0.4517, 0.4338, 0.4440, 0.4607, 0.4076, 0.3655, 0.4130, 0.4341,
    0.4071, 0.4139, 0.4108, 0.4667, 0.3976, 0.3744, 0.4458, 0.3595, 0.4417, 0.4613,
    0.5226, 0.4289, 0.3959, 0.3411, 0.5093, 0.4202, 0.4827, 0.3910, 0.4737, 0.4552,
  ]

### hacking/possession_no_shoot_count
  Total points: 100
  Min: 0.0000, Max: 26.2000, Mean: 9.5590
  Data: [
    2.1000, 0.4000, 1.2000, 1.3000, 0.4000, 1.4000, 0.5000, 1.1000, 0.1000, 0.7000,
    0.5000, 0.9000, 0.5000, 1.7000, 0.4000, 0.1000, 2.4000, 0.8000, 0.1000, 1.7000,
    2.3000, 4.1000, 0.8000, 0.4000, 2.2000, 0.4000, 2.5000, 0.0000, 1.8000, 1.4000,
    1.3000, 2.4000, 0.1000, 0.0000, 1.3000, 0.8000, 0.9000, 1.3000, 1.2000, 0.4000,
    5.0000, 6.2000, 6.1000, 10.1000, 11.7000, 11.6000, 9.8000, 23.5000, 12.4000, 17.4000,
    23.6000, 12.4000, 13.7000, 22.6000, 22.4000, 18.4000, 25.3000, 16.9000, 18.8000, 15.1000,
    6.9000, 18.8000, 10.2000, 17.8000, 18.2000, 19.0000, 18.0000, 8.5000, 19.1000, 26.2000,
    13.9000, 18.1000, 18.1000, 19.1000, 15.5000, 16.5000, 15.7000, 10.2000, 12.6000, 21.6000,
    9.0000, 15.6000, 16.4000, 13.0000, 9.4000, 13.2000, 15.2000, 10.7000, 10.2000, 12.5000,
    14.4000, 15.3000, 13.3000, 9.7000, 22.4000, 11.6000, 17.4000, 16.9000, 19.4000, 19.4000,
  ]

### losses/actor_loss
  Total points: 100
  Min: 0.0000, Max: 3.8899, Mean: 2.0534
  Data: [
    0.0000, 0.0000, 0.0000, 0.0000, 0.0000, 0.0000, 0.0000, 0.0000, 0.0000, 0.0000,
    0.0000, 0.0000, 0.0000, 0.0000, 0.0000, 0.0000, 0.0000, 0.0000, 0.0000, 0.0000,
    0.0000, 0.0000, 0.0000, 0.0000, 0.0000, 0.0000, 0.0000, 0.0000, 0.0000, 0.0000,
    0.0000, 0.0000, 0.0000, 0.0000, 0.0000, 0.0000, 0.0000, 0.0000, 0.0000, 0.1013,
    1.8978, 3.0387, 3.4256, 3.7860, 3.7896, 3.8585, 3.8768, 3.8563, 3.8899, 3.6705,
    3.7731, 3.6449, 3.7045, 3.6534, 3.6118, 3.6045, 3.5847, 3.5712, 3.4076, 3.5184,
    3.5572, 3.4935, 3.4740, 3.4114, 3.5944, 3.4778, 3.4789, 3.4736, 3.4586, 3.3940,
    3.4455, 3.4498, 3.4223, 3.2984, 3.4584, 3.4246, 3.3708, 3.3658, 3.2616, 3.4114,
    3.3085, 3.3476, 3.2975, 3.1623, 3.2671, 3.2497, 3.2766, 3.2566, 3.2211, 3.2505,
    3.2802, 3.2091, 3.2704, 3.3063, 3.3481, 3.2436, 3.2408, 3.2837, 3.2140, 3.3171,
  ]

### losses/critic_loss
  Total points: 100
  Min: 0.0000, Max: 0.0777, Mean: 0.0247
  Data: [
    0.0000, 0.0000, 0.0000, 0.0000, 0.0000, 0.0000, 0.0000, 0.0000, 0.0000, 0.0000,
    0.0000, 0.0000, 0.0000, 0.0000, 0.0000, 0.0000, 0.0000, 0.0000, 0.0000, 0.0000,
    0.0000, 0.0000, 0.0000, 0.0000, 0.0000, 0.0000, 0.0000, 0.0000, 0.0000, 0.0000,
    0.0000, 0.0000, 0.0000, 0.0000, 0.0000, 0.0000, 0.0000, 0.0000, 0.0000, 0.0381,
    0.0230, 0.0398, 0.0350, 0.0531, 0.0318, 0.0316, 0.0410, 0.0462, 0.0587, 0.0342,
    0.0502, 0.0367, 0.0332, 0.0360, 0.0396, 0.0209, 0.0349, 0.0338, 0.0432, 0.0288,
    0.0332, 0.0360, 0.0361, 0.0296, 0.0279, 0.0614, 0.0428, 0.0444, 0.0542, 0.0263,
    0.0590, 0.0382, 0.0228, 0.0418, 0.0335, 0.0191, 0.0380, 0.0456, 0.0504, 0.0597,
    0.0353, 0.0452, 0.0378, 0.0395, 0.0234, 0.0521, 0.0504, 0.0777, 0.0348, 0.0445,
    0.0442, 0.0376, 0.0574, 0.0304, 0.0395, 0.0376, 0.0464, 0.0540, 0.0332, 0.0580,
  ]

### pbrs/annealing_weight
  Total points: 100
  Min: 1.0000, Max: 1.0000, Mean: 1.0000
  Data: [
    1.0000, 1.0000, 1.0000, 1.0000, 1.0000, 1.0000, 1.0000, 1.0000, 1.0000, 1.0000,
    1.0000, 1.0000, 1.0000, 1.0000, 1.0000, 1.0000, 1.0000, 1.0000, 1.0000, 1.0000,
    1.0000, 1.0000, 1.0000, 1.0000, 1.0000, 1.0000, 1.0000, 1.0000, 1.0000, 1.0000,
    1.0000, 1.0000, 1.0000, 1.0000, 1.0000, 1.0000, 1.0000, 1.0000, 1.0000, 1.0000,
    1.0000, 1.0000, 1.0000, 1.0000, 1.0000, 1.0000, 1.0000, 1.0000, 1.0000, 1.0000,
    1.0000, 1.0000, 1.0000, 1.0000, 1.0000, 1.0000, 1.0000, 1.0000, 1.0000, 1.0000,
    1.0000, 1.0000, 1.0000, 1.0000, 1.0000, 1.0000, 1.0000, 1.0000, 1.0000, 1.0000,
    1.0000, 1.0000, 1.0000, 1.0000, 1.0000, 1.0000, 1.0000, 1.0000, 1.0000, 1.0000,
    1.0000, 1.0000, 1.0000, 1.0000, 1.0000, 1.0000, 1.0000, 1.0000, 1.0000, 1.0000,
    1.0000, 1.0000, 1.0000, 1.0000, 1.0000, 1.0000, 1.0000, 1.0000, 1.0000, 1.0000,
  ]

### pbrs/avg_per_episode
  Total points: 100
  Min: 0.5017, Max: 0.5670, Mean: 0.5333
  Data: [
    0.5627, 0.5540, 0.5569, 0.5621, 0.5545, 0.5617, 0.5628, 0.5615, 0.5622, 0.5646,
    0.5659, 0.5628, 0.5648, 0.5670, 0.5668, 0.5663, 0.5664, 0.5654, 0.5652, 0.5644,
    0.5654, 0.5643, 0.5658, 0.5656, 0.5650, 0.5645, 0.5648, 0.5647, 0.5646, 0.5645,
    0.5646, 0.5647, 0.5643, 0.5647, 0.5654, 0.5656, 0.5651, 0.5653, 0.5660, 0.5660,
    0.5602, 0.5522, 0.5455, 0.5413, 0.5379, 0.5344, 0.5306, 0.5270, 0.5254, 0.5234,
    0.5213, 0.5192, 0.5183, 0.5169, 0.5155, 0.5146, 0.5139, 0.5129, 0.5114, 0.5106,
    0.5095, 0.5092, 0.5091, 0.5091, 0.5088, 0.5087, 0.5085, 0.5083, 0.5083, 0.5081,
    0.5078, 0.5078, 0.5077, 0.5076, 0.5073, 0.5071, 0.5070, 0.5067, 0.5065, 0.5064,
    0.5061, 0.5059, 0.5056, 0.5055, 0.5053, 0.5052, 0.5047, 0.5044, 0.5042, 0.5038,
    0.5035, 0.5033, 0.5031, 0.5028, 0.5027, 0.5026, 0.5024, 0.5021, 0.5019, 0.5017,
  ]

### performance/cumulative_win_rate
  Total points: 100
  Min: 0.0709, Max: 0.2797, Mean: 0.1782
  Data: [
    0.0800, 0.0900, 0.0867, 0.0850, 0.0840, 0.0833, 0.0829, 0.0825, 0.0756, 0.0760,
    0.0709, 0.0717, 0.0738, 0.0743, 0.0760, 0.0737, 0.0776, 0.0811, 0.0789, 0.0780,
    0.0810, 0.0818, 0.0817, 0.0842, 0.0832, 0.0831, 0.0859, 0.0857, 0.0869, 0.0867,
    0.0865, 0.0881, 0.0873, 0.0859, 0.0857, 0.0861, 0.0838, 0.0821, 0.0815, 0.0805,
    0.0865, 0.1055, 0.1204, 0.1360, 0.1490, 0.1623, 0.1724, 0.1826, 0.1866, 0.1966,
    0.2047, 0.2136, 0.2193, 0.2222, 0.2271, 0.2322, 0.2381, 0.2432, 0.2501, 0.2508,
    0.2548, 0.2553, 0.2557, 0.2554, 0.2566, 0.2584, 0.2594, 0.2608, 0.2620, 0.2634,
    0.2643, 0.2654, 0.2664, 0.2673, 0.2681, 0.2688, 0.2689, 0.2693, 0.2693, 0.2701,
    0.2698, 0.2704, 0.2705, 0.2718, 0.2716, 0.2714, 0.2723, 0.2737, 0.2740, 0.2747,
    0.2749, 0.2748, 0.2752, 0.2759, 0.2771, 0.2771, 0.2785, 0.2795, 0.2795, 0.2797,
  ]

### performance/losses
  Total points: 100
  Min: 28.0000, Max: 2865.0000, Mean: 1568.4800
  Data: [
    28.0000, 52.0000, 75.0000, 101.0000, 131.0000, 153.0000, 182.0000, 205.0000, 231.0000, 255.0000,
    278.0000, 302.0000, 321.0000, 345.0000, 364.0000, 394.0000, 418.0000, 447.0000, 471.0000, 495.0000,
    519.0000, 542.0000, 558.0000, 578.0000, 610.0000, 637.0000, 660.0000, 687.0000, 707.0000, 733.0000,
    755.0000, 778.0000, 801.0000, 825.0000, 848.0000, 868.0000, 901.0000, 921.0000, 946.0000, 973.0000,
    1047.0000, 1150.0000, 1241.0000, 1331.0000, 1391.0000, 1472.0000, 1556.0000, 1635.0000, 1688.0000, 1748.0000,
    1811.0000, 1876.0000, 1911.0000, 1978.0000, 2032.0000, 2066.0000, 2094.0000, 2126.0000, 2184.0000, 2244.0000,
    2296.0000, 2313.0000, 2328.0000, 2342.0000, 2349.0000, 2357.0000, 2366.0000, 2374.0000, 2378.0000, 2389.0000,
    2403.0000, 2409.0000, 2413.0000, 2420.0000, 2438.0000, 2451.0000, 2473.0000, 2496.0000, 2515.0000, 2533.0000,
    2558.0000, 2572.0000, 2584.0000, 2597.0000, 2616.0000, 2627.0000, 2650.0000, 2660.0000, 2679.0000, 2695.0000,
    2715.0000, 2732.0000, 2747.0000, 2764.0000, 2777.0000, 2799.0000, 2813.0000, 2830.0000, 2849.0000, 2865.0000,
  ]

### performance/ties
  Total points: 100
  Min: 18.0000, Max: 2825.0000, Mean: 1461.1100
  Data: [
    18.0000, 39.0000, 62.0000, 82.0000, 98.0000, 122.0000, 139.0000, 162.0000, 185.0000, 207.0000,
    233.0000, 255.0000, 281.0000, 303.0000, 329.0000, 347.0000, 366.0000, 380.0000, 404.0000, 427.0000,
    446.0000, 468.0000, 498.0000, 521.0000, 536.0000, 555.0000, 574.0000, 593.0000, 617.0000, 637.0000,
    661.0000, 681.0000, 705.0000, 729.0000, 752.0000, 777.0000, 794.0000, 823.0000, 845.0000, 866.0000,
    917.0000, 952.0000, 1002.0000, 1045.0000, 1077.0000, 1125.0000, 1175.0000, 1226.0000, 1281.0000, 1345.0000,
    1410.0000, 1466.0000, 1524.0000, 1600.0000, 1678.0000, 1773.0000, 1830.0000, 1923.0000, 1978.0000, 2064.0000,
    2138.0000, 2155.0000, 2175.0000, 2200.0000, 2223.0000, 2241.0000, 2263.0000, 2283.0000, 2308.0000, 2325.0000,
    2342.0000, 2366.0000, 2392.0000, 2416.0000, 2429.0000, 2448.0000, 2462.0000, 2473.0000, 2490.0000, 2503.0000,
    2517.0000, 2535.0000, 2559.0000, 2573.0000, 2592.0000, 2619.0000, 2626.0000, 2642.0000, 2657.0000, 2672.0000,
    2687.0000, 2707.0000, 2725.0000, 2739.0000, 2753.0000, 2767.0000, 2779.0000, 2790.0000, 2807.0000, 2825.0000,
  ]

### performance/wins
  Total points: 100
  Min: 4.0000, Max: 2210.0000, Mean: 940.4100
  Data: [
    4.0000, 9.0000, 13.0000, 17.0000, 21.0000, 25.0000, 29.0000, 33.0000, 34.0000, 38.0000,
    39.0000, 43.0000, 48.0000, 52.0000, 57.0000, 59.0000, 66.0000, 73.0000, 75.0000, 78.0000,
    85.0000, 90.0000, 94.0000, 101.0000, 104.0000, 108.0000, 116.0000, 120.0000, 126.0000, 130.0000,
    134.0000, 141.0000, 144.0000, 146.0000, 150.0000, 155.0000, 155.0000, 156.0000, 159.0000, 161.0000,
    186.0000, 248.0000, 307.0000, 374.0000, 432.0000, 503.0000, 569.0000, 639.0000, 681.0000, 757.0000,
    829.0000, 908.0000, 965.0000, 1022.0000, 1090.0000, 1161.0000, 1226.0000, 1301.0000, 1388.0000, 1442.0000,
    1516.0000, 1532.0000, 1547.0000, 1558.0000, 1578.0000, 1602.0000, 1621.0000, 1643.0000, 1664.0000, 1686.0000,
    1705.0000, 1725.0000, 1745.0000, 1764.0000, 1783.0000, 1801.0000, 1815.0000, 1831.0000, 1845.0000, 1864.0000,
    1875.0000, 1893.0000, 1907.0000, 1930.0000, 1942.0000, 1954.0000, 1974.0000, 1998.0000, 2014.0000, 2033.0000,
    2048.0000, 2061.0000, 2078.0000, 2097.0000, 2120.0000, 2134.0000, 2158.0000, 2180.0000, 2194.0000, 2210.0000,
  ]

### rewards/p1
  Total points: 100
  Min: -22.6810, Max: 6.6287, Mean: -7.2467
  Data: [
    -14.6468, -16.0529, -18.7449, -16.5396, -17.5372, -22.6810, -20.7591, -18.4989, -18.6735, -19.7983,
    -19.7819, -15.3877, -16.0632, -19.0333, -10.9435, -20.8802, -16.9812, -6.3550, -20.2588, -12.8070,
    -16.3628, -13.7677, -18.5326, -19.6437, -17.5736, -18.2938, -17.2708, -22.1763, -13.3085, -16.5501,
    -16.0212, -15.8759, -20.9199, -22.5683, -12.3379, -16.4120, -19.7829, -19.8810, -18.1990, -16.5224,
    -4.3235, -2.8584, -3.8795, 4.4255, -1.5306, -3.9520, -0.7785, -3.4534, 3.2051, 2.8371,
    1.2358, -0.9146, 1.7755, -2.9384, 0.3290, 3.9669, 0.9099, -0.7866, 1.7410, -3.7141,
    3.4307, -1.9549, -3.8649, 0.8890, 4.2360, 0.5256, 6.6287, -0.7966, 1.9874, 4.5367,
    -1.7440, 1.1019, 5.5974, 2.6275, -3.0192, -3.5508, -3.0376, -2.9568, 2.4775, 1.4938,
    -5.8063, -1.9324, -0.7305, 4.9830, -4.7165, -0.5467, -9.8551, 1.8101, -1.8730, -2.9762,
    -3.7547, -1.1807, -2.9727, -1.8018, 1.3027, -4.5950, 4.2856, 0.5320, 0.3309, -6.6477,
  ]

### rewards/p2
  Total points: 100
  Min: -6.1565, Max: 23.2619, Mean: 7.7602
  Data: [
    15.1881, 16.6340, 19.2742, 17.0903, 18.0446, 23.2619, 21.4039, 19.0823, 19.2487, 20.4037,
    20.3503, 15.9157, 16.6095, 19.6465, 11.5277, 21.4376, 17.6019, 6.8061, 20.7348, 13.3677,
    16.9221, 14.2853, 19.1298, 20.2375, 18.1654, 18.8543, 17.7950, 22.7376, 13.8665, 17.0901,
    16.5353, 16.4941, 21.5005, 23.1592, 12.8778, 16.9094, 20.3528, 20.4205, 18.8595, 17.1392,
    4.7805, 3.3149, 4.3307, -3.9528, 2.0080, 4.4102, 1.1810, 3.9752, -2.7224, -2.3649,
    -0.7634, 1.3439, -1.3059, 3.4402, 0.1867, -3.4761, -0.3836, 1.2575, -1.2386, 4.2068,
    -3.0259, 2.4454, 4.2949, -0.3592, -3.7626, -0.0091, -6.1565, 1.2462, -1.4450, -4.0426,
    2.2276, -0.5889, -5.0899, -2.1181, 3.4912, 4.0428, 3.5364, 3.4152, -2.0034, -0.9597,
    6.2322, 2.4103, 1.2310, -4.5225, 5.2116, 1.0016, 10.3829, -1.3890, 2.3326, 3.4269,
    4.2132, 1.6838, 3.4525, 2.2163, -0.7832, 5.0877, -3.7988, -0.0337, 0.1651, 7.1688,
  ]

### rewards/sparse_only
  Total points: 100
  Min: -23.2619, Max: 6.1565, Mean: -7.7602
  Data: [
    -15.1881, -16.6340, -19.2742, -17.0903, -18.0446, -23.2619, -21.4039, -19.0823, -19.2487, -20.4037,
    -20.3503, -15.9157, -16.6095, -19.6465, -11.5277, -21.4376, -17.6019, -6.8061, -20.7348, -13.3677,
    -16.9221, -14.2853, -19.1298, -20.2375, -18.1654, -18.8543, -17.7950, -22.7376, -13.8665, -17.0901,
    -16.5353, -16.4941, -21.5005, -23.1592, -12.8778, -16.9094, -20.3528, -20.4205, -18.8595, -17.1392,
    -4.7805, -3.3149, -4.3307, 3.9528, -2.0080, -4.4102, -1.1810, -3.9752, 2.7224, 2.3649,
    0.7634, -1.3439, 1.3059, -3.4402, -0.1867, 3.4761, 0.3836, -1.2575, 1.2386, -4.2068,
    3.0259, -2.4454, -4.2949, 0.3592, 3.7626, 0.0091, 6.1565, -1.2462, 1.4450, 4.0426,
    -2.2276, 0.5889, 5.0899, 2.1181, -3.4912, -4.0428, -3.5364, -3.4152, 2.0034, 0.9597,
    -6.2322, -2.4103, -1.2310, 4.5225, -5.2116, -1.0016, -10.3829, 1.3890, -2.3326, -3.4269,
    -4.2132, -1.6838, -3.4525, -2.2163, 0.7832, -5.0877, 3.7988, 0.0337, -0.1651, -7.1688,
  ]

### rewards/sparse_ratio
  Total points: 100
  Min: -0.5673, Max: 1.8320, Mean: 0.9908
  Data: [
    1.0370, 1.0362, 1.0282, 1.0333, 1.0289, 1.0256, 1.0311, 1.0315, 1.0308, 1.0306,
    1.0287, 1.0343, 1.0340, 1.0322, 1.0534, 1.0267, 1.0366, 1.0710, 1.0235, 1.0438,
    1.0342, 1.0376, 1.0322, 1.0302, 1.0337, 1.0306, 1.0303, 1.0253, 1.0419, 1.0326,
    1.0321, 1.0389, 1.0278, 1.0262, 1.0438, 1.0303, 1.0288, 1.0271, 1.0363, 1.0373,
    1.1057, 1.1597, 1.1163, 0.8932, 1.3119, 1.1159, 1.5170, 1.1511, 0.8494, 0.8336,
    0.6178, 1.4694, 0.7355, 1.1708, -0.5673, 0.8763, 0.4216, 1.5987, 0.7114, 1.1327,
    0.8820, 1.2509, 1.1113, 0.4041, 0.8882, 0.0174, 0.9288, 1.5644, 0.7271, 0.8911,
    1.2773, 0.5344, 0.9093, 0.8061, 1.1563, 1.1385, 1.1642, 1.1550, 0.8087, 0.6425,
    1.0733, 1.2473, 1.6850, 0.9076, 1.1050, 1.8320, 1.0536, 0.7673, 1.2453, 1.1514,
    1.1221, 1.4261, 1.1614, 1.2301, 0.6012, 1.1072, 0.8864, 0.0633, -0.4989, 1.0784,
  ]

### scoring/goals_conceded
  Total points: 100
  Min: 28.0000, Max: 2865.0000, Mean: 1568.4800
  Data: [
    28.0000, 52.0000, 75.0000, 101.0000, 131.0000, 153.0000, 182.0000, 205.0000, 231.0000, 255.0000,
    278.0000, 302.0000, 321.0000, 345.0000, 364.0000, 394.0000, 418.0000, 447.0000, 471.0000, 495.0000,
    519.0000, 542.0000, 558.0000, 578.0000, 610.0000, 637.0000, 660.0000, 687.0000, 707.0000, 733.0000,
    755.0000, 778.0000, 801.0000, 825.0000, 848.0000, 868.0000, 901.0000, 921.0000, 946.0000, 973.0000,
    1047.0000, 1150.0000, 1241.0000, 1331.0000, 1391.0000, 1472.0000, 1556.0000, 1635.0000, 1688.0000, 1748.0000,
    1811.0000, 1876.0000, 1911.0000, 1978.0000, 2032.0000, 2066.0000, 2094.0000, 2126.0000, 2184.0000, 2244.0000,
    2296.0000, 2313.0000, 2328.0000, 2342.0000, 2349.0000, 2357.0000, 2366.0000, 2374.0000, 2378.0000, 2389.0000,
    2403.0000, 2409.0000, 2413.0000, 2420.0000, 2438.0000, 2451.0000, 2473.0000, 2496.0000, 2515.0000, 2533.0000,
    2558.0000, 2572.0000, 2584.0000, 2597.0000, 2616.0000, 2627.0000, 2650.0000, 2660.0000, 2679.0000, 2695.0000,
    2715.0000, 2732.0000, 2747.0000, 2764.0000, 2777.0000, 2799.0000, 2813.0000, 2830.0000, 2849.0000, 2865.0000,
  ]

### scoring/goals_scored
  Total points: 100
  Min: 4.0000, Max: 2210.0000, Mean: 940.4100
  Data: [
    4.0000, 9.0000, 13.0000, 17.0000, 21.0000, 25.0000, 29.0000, 33.0000, 34.0000, 38.0000,
    39.0000, 43.0000, 48.0000, 52.0000, 57.0000, 59.0000, 66.0000, 73.0000, 75.0000, 78.0000,
    85.0000, 90.0000, 94.0000, 101.0000, 104.0000, 108.0000, 116.0000, 120.0000, 126.0000, 130.0000,
    134.0000, 141.0000, 144.0000, 146.0000, 150.0000, 155.0000, 155.0000, 156.0000, 159.0000, 161.0000,
    186.0000, 248.0000, 307.0000, 374.0000, 432.0000, 503.0000, 569.0000, 639.0000, 681.0000, 757.0000,
    829.0000, 908.0000, 965.0000, 1022.0000, 1090.0000, 1161.0000, 1226.0000, 1301.0000, 1388.0000, 1442.0000,
    1516.0000, 1532.0000, 1547.0000, 1558.0000, 1578.0000, 1602.0000, 1621.0000, 1643.0000, 1664.0000, 1686.0000,
    1705.0000, 1725.0000, 1745.0000, 1764.0000, 1783.0000, 1801.0000, 1815.0000, 1831.0000, 1845.0000, 1864.0000,
    1875.0000, 1893.0000, 1907.0000, 1930.0000, 1942.0000, 1954.0000, 1974.0000, 1998.0000, 2014.0000, 2033.0000,
    2048.0000, 2061.0000, 2078.0000, 2097.0000, 2120.0000, 2134.0000, 2158.0000, 2180.0000, 2194.0000, 2210.0000,
  ]

### selfplay/active
  Total points: 100
  Min: 0.0000, Max: 0.0000, Mean: 0.0000
  Data: [
    0.0000, 0.0000, 0.0000, 0.0000, 0.0000, 0.0000, 0.0000, 0.0000, 0.0000, 0.0000,
    0.0000, 0.0000, 0.0000, 0.0000, 0.0000, 0.0000, 0.0000, 0.0000, 0.0000, 0.0000,
    0.0000, 0.0000, 0.0000, 0.0000, 0.0000, 0.0000, 0.0000, 0.0000, 0.0000, 0.0000,
    0.0000, 0.0000, 0.0000, 0.0000, 0.0000, 0.0000, 0.0000, 0.0000, 0.0000, 0.0000,
    0.0000, 0.0000, 0.0000, 0.0000, 0.0000, 0.0000, 0.0000, 0.0000, 0.0000, 0.0000,
    0.0000, 0.0000, 0.0000, 0.0000, 0.0000, 0.0000, 0.0000, 0.0000, 0.0000, 0.0000,
    0.0000, 0.0000, 0.0000, 0.0000, 0.0000, 0.0000, 0.0000, 0.0000, 0.0000, 0.0000,
    0.0000, 0.0000, 0.0000, 0.0000, 0.0000, 0.0000, 0.0000, 0.0000, 0.0000, 0.0000,
    0.0000, 0.0000, 0.0000, 0.0000, 0.0000, 0.0000, 0.0000, 0.0000, 0.0000, 0.0000,
    0.0000, 0.0000, 0.0000, 0.0000, 0.0000, 0.0000, 0.0000, 0.0000, 0.0000, 0.0000,
  ]

### selfplay/episode_opponent_type_selfplay
  Total points: 100
  Min: 0.0000, Max: 0.0000, Mean: 0.0000
  Data: [
    0.0000, 0.0000, 0.0000, 0.0000, 0.0000, 0.0000, 0.0000, 0.0000, 0.0000, 0.0000,
    0.0000, 0.0000, 0.0000, 0.0000, 0.0000, 0.0000, 0.0000, 0.0000, 0.0000, 0.0000,
    0.0000, 0.0000, 0.0000, 0.0000, 0.0000, 0.0000, 0.0000, 0.0000, 0.0000, 0.0000,
    0.0000, 0.0000, 0.0000, 0.0000, 0.0000, 0.0000, 0.0000, 0.0000, 0.0000, 0.0000,
    0.0000, 0.0000, 0.0000, 0.0000, 0.0000, 0.0000, 0.0000, 0.0000, 0.0000, 0.0000,
    0.0000, 0.0000, 0.0000, 0.0000, 0.0000, 0.0000, 0.0000, 0.0000, 0.0000, 0.0000,
    0.0000, 0.0000, 0.0000, 0.0000, 0.0000, 0.0000, 0.0000, 0.0000, 0.0000, 0.0000,
    0.0000, 0.0000, 0.0000, 0.0000, 0.0000, 0.0000, 0.0000, 0.0000, 0.0000, 0.0000,
    0.0000, 0.0000, 0.0000, 0.0000, 0.0000, 0.0000, 0.0000, 0.0000, 0.0000, 0.0000,
    0.0000, 0.0000, 0.0000, 0.0000, 0.0000, 0.0000, 0.0000, 0.0000, 0.0000, 0.0000,
  ]

### selfplay/episode_opponent_type_strong
  Total points: 100
  Min: 0.0000, Max: 0.0000, Mean: 0.0000
  Data: [
    0.0000, 0.0000, 0.0000, 0.0000, 0.0000, 0.0000, 0.0000, 0.0000, 0.0000, 0.0000,
    0.0000, 0.0000, 0.0000, 0.0000, 0.0000, 0.0000, 0.0000, 0.0000, 0.0000, 0.0000,
    0.0000, 0.0000, 0.0000, 0.0000, 0.0000, 0.0000, 0.0000, 0.0000, 0.0000, 0.0000,
    0.0000, 0.0000, 0.0000, 0.0000, 0.0000, 0.0000, 0.0000, 0.0000, 0.0000, 0.0000,
    0.0000, 0.0000, 0.0000, 0.0000, 0.0000, 0.0000, 0.0000, 0.0000, 0.0000, 0.0000,
    0.0000, 0.0000, 0.0000, 0.0000, 0.0000, 0.0000, 0.0000, 0.0000, 0.0000, 0.0000,
    0.0000, 0.0000, 0.0000, 0.0000, 0.0000, 0.0000, 0.0000, 0.0000, 0.0000, 0.0000,
    0.0000, 0.0000, 0.0000, 0.0000, 0.0000, 0.0000, 0.0000, 0.0000, 0.0000, 0.0000,
    0.0000, 0.0000, 0.0000, 0.0000, 0.0000, 0.0000, 0.0000, 0.0000, 0.0000, 0.0000,
    0.0000, 0.0000, 0.0000, 0.0000, 0.0000, 0.0000, 0.0000, 0.0000, 0.0000, 0.0000,
  ]

### selfplay/episode_opponent_type_weak
  Total points: 100
  Min: 1.0000, Max: 1.0000, Mean: 1.0000
  Data: [
    1.0000, 1.0000, 1.0000, 1.0000, 1.0000, 1.0000, 1.0000, 1.0000, 1.0000, 1.0000,
    1.0000, 1.0000, 1.0000, 1.0000, 1.0000, 1.0000, 1.0000, 1.0000, 1.0000, 1.0000,
    1.0000, 1.0000, 1.0000, 1.0000, 1.0000, 1.0000, 1.0000, 1.0000, 1.0000, 1.0000,
    1.0000, 1.0000, 1.0000, 1.0000, 1.0000, 1.0000, 1.0000, 1.0000, 1.0000, 1.0000,
    1.0000, 1.0000, 1.0000, 1.0000, 1.0000, 1.0000, 1.0000, 1.0000, 1.0000, 1.0000,
    1.0000, 1.0000, 1.0000, 1.0000, 1.0000, 1.0000, 1.0000, 1.0000, 1.0000, 1.0000,
    1.0000, 1.0000, 1.0000, 1.0000, 1.0000, 1.0000, 1.0000, 1.0000, 1.0000, 1.0000,
    1.0000, 1.0000, 1.0000, 1.0000, 1.0000, 1.0000, 1.0000, 1.0000, 1.0000, 1.0000,
    1.0000, 1.0000, 1.0000, 1.0000, 1.0000, 1.0000, 1.0000, 1.0000, 1.0000, 1.0000,
    1.0000, 1.0000, 1.0000, 1.0000, 1.0000, 1.0000, 1.0000, 1.0000, 1.0000, 1.0000,
  ]

### selfplay/pool_size
  Total points: 100
  Min: 0.0000, Max: 0.0000, Mean: 0.0000
  Data: [
    0.0000, 0.0000, 0.0000, 0.0000, 0.0000, 0.0000, 0.0000, 0.0000, 0.0000, 0.0000,
    0.0000, 0.0000, 0.0000, 0.0000, 0.0000, 0.0000, 0.0000, 0.0000, 0.0000, 0.0000,
    0.0000, 0.0000, 0.0000, 0.0000, 0.0000, 0.0000, 0.0000, 0.0000, 0.0000, 0.0000,
    0.0000, 0.0000, 0.0000, 0.0000, 0.0000, 0.0000, 0.0000, 0.0000, 0.0000, 0.0000,
    0.0000, 0.0000, 0.0000, 0.0000, 0.0000, 0.0000, 0.0000, 0.0000, 0.0000, 0.0000,
    0.0000, 0.0000, 0.0000, 0.0000, 0.0000, 0.0000, 0.0000, 0.0000, 0.0000, 0.0000,
    0.0000, 0.0000, 0.0000, 0.0000, 0.0000, 0.0000, 0.0000, 0.0000, 0.0000, 0.0000,
    0.0000, 0.0000, 0.0000, 0.0000, 0.0000, 0.0000, 0.0000, 0.0000, 0.0000, 0.0000,
    0.0000, 0.0000, 0.0000, 0.0000, 0.0000, 0.0000, 0.0000, 0.0000, 0.0000, 0.0000,
    0.0000, 0.0000, 0.0000, 0.0000, 0.0000, 0.0000, 0.0000, 0.0000, 0.0000, 0.0000,
  ]

### selfplay/weak_ratio_target
  Total points: 100
  Min: 0.5000, Max: 0.5000, Mean: 0.5000
  Data: [
    0.5000, 0.5000, 0.5000, 0.5000, 0.5000, 0.5000, 0.5000, 0.5000, 0.5000, 0.5000,
    0.5000, 0.5000, 0.5000, 0.5000, 0.5000, 0.5000, 0.5000, 0.5000, 0.5000, 0.5000,
    0.5000, 0.5000, 0.5000, 0.5000, 0.5000, 0.5000, 0.5000, 0.5000, 0.5000, 0.5000,
    0.5000, 0.5000, 0.5000, 0.5000, 0.5000, 0.5000, 0.5000, 0.5000, 0.5000, 0.5000,
    0.5000, 0.5000, 0.5000, 0.5000, 0.5000, 0.5000, 0.5000, 0.5000, 0.5000, 0.5000,
    0.5000, 0.5000, 0.5000, 0.5000, 0.5000, 0.5000, 0.5000, 0.5000, 0.5000, 0.5000,
    0.5000, 0.5000, 0.5000, 0.5000, 0.5000, 0.5000, 0.5000, 0.5000, 0.5000, 0.5000,
    0.5000, 0.5000, 0.5000, 0.5000, 0.5000, 0.5000, 0.5000, 0.5000, 0.5000, 0.5000,
    0.5000, 0.5000, 0.5000, 0.5000, 0.5000, 0.5000, 0.5000, 0.5000, 0.5000, 0.5000,
    0.5000, 0.5000, 0.5000, 0.5000, 0.5000, 0.5000, 0.5000, 0.5000, 0.5000, 0.5000,
  ]

### training/avg_episode_length
  Total points: 100
  Min: 82.3000, Max: 220.5000, Mean: 156.0880
  Data: [
    132.6000, 169.2000, 132.6000, 132.3000, 155.4000, 176.9000, 177.6000, 160.5000, 172.5000, 169.1000,
    171.1000, 170.1000, 152.7000, 190.5000, 174.0000, 151.4000, 178.6000, 92.5000, 133.0000, 161.7000,
    161.1000, 155.6000, 182.1000, 179.9000, 159.3000, 143.5000, 143.7000, 161.0000, 147.2000, 155.8000,
    141.5000, 191.7000, 163.4000, 196.1000, 140.1000, 120.4000, 140.4000, 162.2000, 191.9000, 196.1000,
    118.6000, 144.2000, 140.5000, 127.5000, 135.5000, 126.7000, 82.3000, 183.9000, 171.7000, 142.1000,
    167.1000, 117.2000, 158.8000, 176.7000, 187.1000, 180.4000, 203.5000, 155.3000, 147.4000, 161.8000,
    102.1000, 171.1000, 112.7000, 170.8000, 150.6000, 175.3000, 152.6000, 127.4000, 220.5000, 169.6000,
    158.1000, 203.0000, 182.3000, 211.4000, 136.0000, 147.2000, 158.9000, 111.8000, 154.0000, 179.1000,
    105.2000, 150.5000, 181.3000, 132.3000, 141.8000, 151.5000, 164.8000, 109.8000, 136.8000, 110.4000,
    159.3000, 172.2000, 144.3000, 102.9000, 186.6000, 153.7000, 159.8000, 163.1000, 183.9000, 188.5000,
  ]

### training/calls_per_episode
  Total points: 100
  Min: 0.0000, Max: 0.0000, Mean: 0.0000
  Data: [
    0.0000, 0.0000, 0.0000, 0.0000, 0.0000, 0.0000, 0.0000, 0.0000, 0.0000, 0.0000,
    0.0000, 0.0000, 0.0000, 0.0000, 0.0000, 0.0000, 0.0000, 0.0000, 0.0000, 0.0000,
    0.0000, 0.0000, 0.0000, 0.0000, 0.0000, 0.0000, 0.0000, 0.0000, 0.0000, 0.0000,
    0.0000, 0.0000, 0.0000, 0.0000, 0.0000, 0.0000, 0.0000, 0.0000, 0.0000, 0.0000,
    0.0000, 0.0000, 0.0000, 0.0000, 0.0000, 0.0000, 0.0000, 0.0000, 0.0000, 0.0000,
    0.0000, 0.0000, 0.0000, 0.0000, 0.0000, 0.0000, 0.0000, 0.0000, 0.0000, 0.0000,
    0.0000, 0.0000, 0.0000, 0.0000, 0.0000, 0.0000, 0.0000, 0.0000, 0.0000, 0.0000,
    0.0000, 0.0000, 0.0000, 0.0000, 0.0000, 0.0000, 0.0000, 0.0000, 0.0000, 0.0000,
    0.0000, 0.0000, 0.0000, 0.0000, 0.0000, 0.0000, 0.0000, 0.0000, 0.0000, 0.0000,
    0.0000, 0.0000, 0.0000, 0.0000, 0.0000, 0.0000, 0.0000, 0.0000, 0.0000, 0.0000,
  ]

### training/episode
  Total points: 100
  Min: 50.0000, Max: 7900.0000, Mean: 3970.0000
  Data: [
    50.0000, 100.0000, 150.0000, 200.0000, 250.0000, 300.0000, 350.0000, 400.0000, 450.0000, 500.0000,
    550.0000, 600.0000, 650.0000, 700.0000, 750.0000, 800.0000, 850.0000, 900.0000, 950.0000, 1000.0000,
    1050.0000, 1100.0000, 1150.0000, 1200.0000, 1250.0000, 1300.0000, 1350.0000, 1400.0000, 1450.0000, 1500.0000,
    1550.0000, 1600.0000, 1650.0000, 1700.0000, 1750.0000, 1800.0000, 1850.0000, 1900.0000, 1950.0000, 2000.0000,
    2150.0000, 2350.0000, 2550.0000, 2750.0000, 2900.0000, 3100.0000, 3300.0000, 3500.0000, 3650.0000, 3850.0000,
    4050.0000, 4250.0000, 4400.0000, 4600.0000, 4800.0000, 5000.0000, 5150.0000, 5350.0000, 5550.0000, 5750.0000,
    5950.0000, 6000.0000, 6050.0000, 6100.0000, 6150.0000, 6200.0000, 6250.0000, 6300.0000, 6350.0000, 6400.0000,
    6450.0000, 6500.0000, 6550.0000, 6600.0000, 6650.0000, 6700.0000, 6750.0000, 6800.0000, 6850.0000, 6900.0000,
    6950.0000, 7000.0000, 7050.0000, 7100.0000, 7150.0000, 7200.0000, 7250.0000, 7300.0000, 7350.0000, 7400.0000,
    7450.0000, 7500.0000, 7550.0000, 7600.0000, 7650.0000, 7700.0000, 7750.0000, 7800.0000, 7850.0000, 7900.0000,
  ]

### training/eps_per_sec
  Total points: 100
  Min: 0.2016, Max: 6.6531, Mean: 2.4542
  Data: [
    5.0482, 6.2557, 5.6546, 5.7931, 6.6531, 5.2241, 5.9788, 5.8387, 5.6109, 5.6196,
    5.3369, 6.2212, 5.2433, 5.4187, 5.6290, 6.0777, 5.9390, 6.5326, 5.6089, 5.9754,
    5.7804, 6.1417, 4.9571, 5.7252, 6.4157, 6.2218, 5.8627, 6.1551, 5.7229, 6.0240,
    5.5576, 5.8286, 5.8546, 5.6357, 5.4248, 5.5940, 6.4684, 5.2947, 5.6208, 3.6598,
    0.2073, 0.2156, 0.2188, 0.2216, 0.3147, 0.3064, 0.3138, 0.3071, 0.2031, 0.2097,
    0.2034, 0.2016, 0.3107, 0.3100, 0.3161, 0.3133, 0.2071, 0.2046, 0.2101, 0.2105,
    0.2096, 0.3214, 0.2091, 0.3226, 0.2089, 0.3113, 0.2242, 0.3192, 0.2069, 0.3247,
    0.2086, 0.3191, 0.2274, 0.3207, 0.2280, 0.3160, 0.2120, 0.3284, 0.2126, 0.3248,
    0.2174, 0.3179, 0.2083, 0.3204, 0.2228, 0.3169, 0.2453, 0.3318, 0.2153, 0.3271,
    0.2164, 0.3280, 0.2126, 0.3236, 0.2325, 0.3322, 0.2168, 0.3292, 0.2111, 0.3251,
  ]

### training/epsilon
  Total points: 100
  Min: 0.3072, Max: 1.0000, Mean: 0.6889
  Data: [
    1.0000, 1.0000, 1.0000, 1.0000, 1.0000, 1.0000, 1.0000, 1.0000, 1.0000, 1.0000,
    1.0000, 1.0000, 1.0000, 1.0000, 1.0000, 1.0000, 1.0000, 1.0000, 1.0000, 1.0000,
    1.0000, 1.0000, 1.0000, 1.0000, 1.0000, 1.0000, 1.0000, 1.0000, 1.0000, 1.0000,
    1.0000, 1.0000, 1.0000, 1.0000, 1.0000, 1.0000, 1.0000, 1.0000, 1.0000, 0.9998,
    0.9702, 0.9322, 0.8956, 0.8605, 0.8351, 0.8023, 0.7709, 0.7406, 0.7188, 0.6906,
    0.6635, 0.6375, 0.6186, 0.5944, 0.5711, 0.5487, 0.5325, 0.5116, 0.4915, 0.4722,
    0.4537, 0.4492, 0.4447, 0.4403, 0.4359, 0.4316, 0.4273, 0.4230, 0.4188, 0.4147,
    0.4105, 0.4065, 0.4024, 0.3984, 0.3944, 0.3905, 0.3866, 0.3828, 0.3790, 0.3752,
    0.3715, 0.3678, 0.3641, 0.3605, 0.3569, 0.3533, 0.3498, 0.3463, 0.3429, 0.3395,
    0.3361, 0.3328, 0.3295, 0.3262, 0.3229, 0.3197, 0.3165, 0.3134, 0.3103, 0.3072,
  ]

### training/pbrs_enabled
  Total points: 100
  Min: 1.0000, Max: 1.0000, Mean: 1.0000
  Data: [
    1.0000, 1.0000, 1.0000, 1.0000, 1.0000, 1.0000, 1.0000, 1.0000, 1.0000, 1.0000,
    1.0000, 1.0000, 1.0000, 1.0000, 1.0000, 1.0000, 1.0000, 1.0000, 1.0000, 1.0000,
    1.0000, 1.0000, 1.0000, 1.0000, 1.0000, 1.0000, 1.0000, 1.0000, 1.0000, 1.0000,
    1.0000, 1.0000, 1.0000, 1.0000, 1.0000, 1.0000, 1.0000, 1.0000, 1.0000, 1.0000,
    1.0000, 1.0000, 1.0000, 1.0000, 1.0000, 1.0000, 1.0000, 1.0000, 1.0000, 1.0000,
    1.0000, 1.0000, 1.0000, 1.0000, 1.0000, 1.0000, 1.0000, 1.0000, 1.0000, 1.0000,
    1.0000, 1.0000, 1.0000, 1.0000, 1.0000, 1.0000, 1.0000, 1.0000, 1.0000, 1.0000,
    1.0000, 1.0000, 1.0000, 1.0000, 1.0000, 1.0000, 1.0000, 1.0000, 1.0000, 1.0000,
    1.0000, 1.0000, 1.0000, 1.0000, 1.0000, 1.0000, 1.0000, 1.0000, 1.0000, 1.0000,
    1.0000, 1.0000, 1.0000, 1.0000, 1.0000, 1.0000, 1.0000, 1.0000, 1.0000, 1.0000,
  ]

### values/Q_avg
  Total points: 79
  Min: -4.0387, Max: 0.0706, Mean: -2.6079
  Data: [
    0.0683, 0.0368, 0.0508, 0.0344, 0.0236, 0.0665, 0.0706, 0.0318, 0.0443, 0.0336,
    0.0502, 0.0297, 0.0279, 0.0394, 0.0653, 0.0590, 0.0514, 0.0392, 0.0433, -0.1283,
    -1.6720, -1.9348, -3.2261, -2.9380, -3.2023, -3.5554, -3.5431, -3.9853, -3.7284, -3.9810,
    -4.0387, -3.8670, -3.8481, -3.6755, -3.7532, -3.9983, -3.8393, -3.5732, -3.6535, -3.8876,
    -3.8433, -3.6686, -3.7529, -3.6240, -3.3739, -3.8210, -3.8961, -3.7397, -3.5605, -3.5044,
    -3.8089, -3.5167, -3.7702, -3.6794, -3.5655, -3.2234, -3.6090, -3.6007, -3.6650, -3.6231,
    -3.5612, -3.4774, -3.2319, -3.6874, -3.5582, -3.6113, -3.5000, -3.3725, -3.3370, -2.8815,
    -3.4932, -3.2278, -3.3482, -3.3049, -3.3654, -3.3281, -3.2502, -3.1867, -3.2944,
  ]

### values/Q_max
  Total points: 79
  Min: -2.4264, Max: 9.5753, Mean: 2.5554
  Data: [
    0.3453, 0.3362, 0.3352, 0.3019, 0.3337, 0.3275, 0.3195, 0.3119, 0.3152, 0.3270,
    0.3860, 0.3100, 0.3691, 0.3506, 0.3612, 0.3196, 0.3537, 0.3234, 0.3454, 0.1359,
    0.2908, 2.0978, -1.1812, 3.2866, 0.5234, -1.1517, 3.6166, -0.7708, 7.9830, 5.0789,
    6.7829, 0.8260, 2.7057, 7.5893, 5.7943, -2.4081, 3.3061, 7.2659, 6.8556, -2.4264,
    2.1740, 4.1177, -1.8466, 3.5135, 8.8575, -2.1331, -2.0836, 6.4417, 6.3852, 9.5753,
    9.2344, 9.3979, -1.9268, -2.0257, -2.0203, 9.5110, 7.2573, -1.8889, -2.1962, 5.1039,
    9.2350, 2.6172, 6.0430, -2.0514, -2.0576, -1.9443, 4.5685, 5.9233, 8.8295, 9.1429,
    -1.9156, 9.4721, 5.4814, -1.9657, -1.9203, 3.8430, 4.7166, 9.5332, 6.3014,
  ]

### values/Q_min
  Total points: 79
  Min: -9.3426, Max: -0.2047, Mean: -6.4451
  Data: [
    -0.2314, -0.2265, -0.2484, -0.2468, -0.3545, -0.2287, -0.2207, -0.2856, -0.2633, -0.2772,
    -0.3485, -0.2381, -0.3015, -0.2352, -0.2681, -0.2122, -0.3449, -0.2047, -0.3316, -0.4216,
    -9.1636, -7.4980, -9.1103, -7.7079, -9.3001, -9.1593, -7.9769, -9.1805, -8.8865, -9.1251,
    -9.0961, -8.9893, -7.5162, -7.8864, -8.2382, -8.9766, -8.9925, -7.9860, -8.7164, -9.2283,
    -8.3145, -8.6710, -7.8175, -7.9213, -9.3426, -9.0681, -8.4664, -8.4333, -8.6440, -8.9956,
    -9.1614, -8.2993, -8.8755, -8.0526, -8.8499, -8.5024, -8.8092, -9.1191, -8.5644, -8.6041,
    -9.1026, -8.4416, -9.3293, -9.2374, -6.2099, -7.7716, -7.9573, -8.4197, -8.6022, -9.2452,
    -7.9895, -8.8013, -8.6221, -8.1883, -7.8544, -8.3946, -7.8227, -8.5872, -7.8494,
  ]

### values/Q_std
  Total points: 79
  Min: 0.1199, Max: 2.6902, Mean: 1.1070
  Data: [
    0.1426, 0.1338, 0.1346, 0.1417, 0.1358, 0.1445, 0.1366, 0.1230, 0.1323, 0.1384,
    0.1466, 0.1305, 0.1509, 0.1225, 0.1380, 0.1311, 0.1345, 0.1199, 0.1428, 0.1247,
    1.5791, 1.6482, 1.3360, 1.4204, 1.3372, 0.9715, 1.1495, 1.1805, 1.7447, 1.5686,
    1.6731, 1.1255, 1.2216, 1.7132, 1.5429, 1.0539, 1.2802, 1.8062, 1.6006, 1.1169,
    1.2474, 1.2630, 1.0253, 1.5025, 2.1262, 1.2738, 1.3020, 1.5993, 1.6197, 1.8060,
    1.9345, 1.6532, 1.2916, 1.1195, 1.0309, 2.0316, 1.6684, 1.1581, 1.1300, 1.4909,
    1.8573, 1.2584, 1.5992, 1.3962, 0.8910, 1.0539, 1.4926, 1.4541, 1.7420, 2.6902,
    1.0351, 1.6870, 1.4475, 0.9333, 1.0042, 1.3272, 1.2683, 1.8823, 1.3864,
  ]

### vf_reg/active_ratio
  Total points: 100
  Min: 0.7372, Max: 0.9130, Mean: 0.8186
  Data: [
    0.9090, 0.9130, 0.9105, 0.9030, 0.9024, 0.9030, 0.9017, 0.8941, 0.8924, 0.8856,
    0.8837, 0.8842, 0.8832, 0.8772, 0.8786, 0.8787, 0.8766, 0.8720, 0.8707, 0.8634,
    0.8686, 0.8679, 0.8658, 0.8602, 0.8634, 0.8631, 0.8562, 0.8542, 0.8562, 0.8549,
    0.8525, 0.8510, 0.8435, 0.8354, 0.8392, 0.8397, 0.8370, 0.8352, 0.8304, 0.8268,
    0.8244, 0.8230, 0.8226, 0.8230, 0.8227, 0.8200, 0.8148, 0.8184, 0.8120, 0.8075,
    0.8105, 0.8110, 0.8094, 0.8016, 0.8064, 0.8054, 0.8005, 0.8106, 0.8076, 0.8034,
    0.7956, 0.7960, 0.7947, 0.7993, 0.7994, 0.7964, 0.7870, 0.7870, 0.7826, 0.7852,
    0.7818, 0.7786, 0.7865, 0.7808, 0.7803, 0.7740, 0.7706, 0.7758, 0.7784, 0.7675,
    0.7657, 0.7630, 0.7734, 0.7652, 0.7690, 0.7618, 0.7559, 0.7572, 0.7626, 0.7547,
    0.7538, 0.7531, 0.7530, 0.7564, 0.7548, 0.7496, 0.7486, 0.7483, 0.7446, 0.7372,
  ]

### vf_reg/q_advantage_mean
  Total points: 100
  Min: 0.0044, Max: 0.0399, Mean: 0.0192
  Data: [
    0.0044, 0.0399, 0.0367, 0.0331, 0.0246, 0.0261, 0.0296, 0.0288, 0.0269, 0.0268,
    0.0280, 0.0238, 0.0228, 0.0215, 0.0231, 0.0215, 0.0218, 0.0225, 0.0235, 0.0218,
    0.0229, 0.0218, 0.0229, 0.0222, 0.0225, 0.0218, 0.0210, 0.0219, 0.0214, 0.0211,
    0.0209, 0.0208, 0.0205, 0.0205, 0.0212, 0.0209, 0.0204, 0.0201, 0.0213, 0.0203,
    0.0188, 0.0198, 0.0205, 0.0203, 0.0195, 0.0199, 0.0197, 0.0188, 0.0183, 0.0191,
    0.0191, 0.0185, 0.0198, 0.0188, 0.0186, 0.0184, 0.0193, 0.0184, 0.0182, 0.0174,
    0.0178, 0.0183, 0.0183, 0.0174, 0.0175, 0.0171, 0.0170, 0.0173, 0.0170, 0.0165,
    0.0161, 0.0166, 0.0167, 0.0160, 0.0160, 0.0164, 0.0158, 0.0165, 0.0157, 0.0157,
    0.0156, 0.0155, 0.0153, 0.0143, 0.0154, 0.0139, 0.0136, 0.0142, 0.0134, 0.0133,
    0.0137, 0.0129, 0.0123, 0.0122, 0.0126, 0.0126, 0.0121, 0.0120, 0.0121, 0.0119,
  ]

### vf_reg/reg_loss
  Total points: 100
  Min: 0.0000, Max: 0.0001, Mean: 0.0001
  Data: [
    0.0000, 0.0000, 0.0001, 0.0001, 0.0001, 0.0001, 0.0001, 0.0000, 0.0001, 0.0001,
    0.0001, 0.0001, 0.0001, 0.0001, 0.0001, 0.0001, 0.0001, 0.0001, 0.0001, 0.0001,
    0.0001, 0.0001, 0.0001, 0.0001, 0.0001, 0.0001, 0.0001, 0.0001, 0.0001, 0.0001,
    0.0001, 0.0001, 0.0001, 0.0001, 0.0001, 0.0001, 0.0001, 0.0001, 0.0001, 0.0001,
    0.0001, 0.0001, 0.0001, 0.0001, 0.0001, 0.0001, 0.0001, 0.0001, 0.0001, 0.0001,
    0.0001, 0.0001, 0.0001, 0.0001, 0.0001, 0.0001, 0.0001, 0.0001, 0.0001, 0.0001,
    0.0001, 0.0001, 0.0001, 0.0001, 0.0001, 0.0001, 0.0001, 0.0001, 0.0001, 0.0001,
    0.0001, 0.0001, 0.0001, 0.0001, 0.0001, 0.0001, 0.0001, 0.0001, 0.0001, 0.0001,
    0.0001, 0.0001, 0.0001, 0.0001, 0.0001, 0.0001, 0.0001, 0.0001, 0.0001, 0.0001,
    0.0001, 0.0001, 0.0001, 0.0001, 0.0001, 0.0001, 0.0001, 0.0001, 0.0001, 0.0001,
  ]

### vf_reg/violation_ratio
  Total points: 100
  Min: 0.0483, Max: 0.1744, Mean: 0.1333
  Data: [
    0.1614, 0.0483, 0.0620, 0.0653, 0.1018, 0.0871, 0.0808, 0.0805, 0.0944, 0.0882,
    0.0780, 0.1010, 0.0972, 0.0965, 0.0915, 0.1092, 0.1104, 0.1105, 0.1214, 0.1155,
    0.1173, 0.1175, 0.1215, 0.1225, 0.1104, 0.1300, 0.1263, 0.1340, 0.1263, 0.1211,
    0.1184, 0.1251, 0.1122, 0.1168, 0.1231, 0.1328, 0.1370, 0.1287, 0.1297, 0.1368,
    0.1480, 0.1505, 0.1495, 0.1392, 0.1503, 0.1367, 0.1321, 0.1379, 0.1390, 0.1282,
    0.1366, 0.1527, 0.1325, 0.1344, 0.1436, 0.1282, 0.1317, 0.1418, 0.1375, 0.1430,
    0.1380, 0.1314, 0.1397, 0.1344, 0.1442, 0.1396, 0.1309, 0.1425, 0.1420, 0.1446,
    0.1434, 0.1359, 0.1507, 0.1527, 0.1451, 0.1461, 0.1483, 0.1496, 0.1499, 0.1516,
    0.1545, 0.1563, 0.1549, 0.1601, 0.1590, 0.1596, 0.1607, 0.1629, 0.1658, 0.1662,
    0.1632, 0.1663, 0.1694, 0.1682, 0.1701, 0.1648, 0.1744, 0.1720, 0.1636, 0.1718,
  ]
