================================================================================
W&B RUN DATA: interesting-TD3-Hockey-NORMAL-weak-lr0.0003-seed55
================================================================================

## RUN METADATA
Run ID: 7dkfahwf
Created: 2026-01-14T08:49:37Z
State: running
Duration: 30052.407416776 seconds

## CONFIGURATION
  algorithm: TD3
  mode: NORMAL
  opponent: weak
  learning_rate_actor: 0.0003
  learning_rate_critic: 0.0003
  batch_size: 1024
  buffer_size: 1000000
  max_episodes: 100000
  random_seed: 55
  self_play_start: 0
  self_play_pool_size: 25
  gamma: 0.99
  tau: 0.005

## FINAL SUMMARY

## NOTE: Data discretized to fit 100000 char limit
  Showing ~50 points per metric (of 477 total)

## METRICS DATA

### behavior/action_magnitude_avg
  Total points: 100
  Min: 0.7262, Max: 1.2299, Mean: 1.0226
  Data: [
    0.9810, 0.8673, 0.8152, 0.8620, 0.8524, 0.8382, 0.8424, 0.8526, 0.7373, 0.8042,
    0.7543, 0.7896, 0.8470, 0.8273, 0.9024, 0.7946, 0.7603, 0.7262, 0.7645, 0.9327,
    0.8199, 0.8677, 0.8096, 0.7858, 0.9202, 0.8818, 0.8700, 0.8136, 0.7837, 0.8053,
    0.8702, 0.8039, 0.7797, 0.7923, 0.7402, 0.8019, 0.8655, 0.7811, 0.7484, 1.1171,
    1.0182, 1.0233, 0.9312, 0.9696, 0.8733, 0.9291, 0.9721, 1.0573, 1.0055, 0.9564,
    1.2163, 1.2215, 1.1604, 1.1915, 1.1334, 1.1773, 1.1889, 1.1683, 1.1380, 1.2011,
    1.1938, 1.2171, 1.1878, 1.2253, 1.1474, 1.2077, 1.1788, 1.2143, 1.2133, 1.1785,
    1.1838, 1.1835, 1.1922, 1.1509, 1.2060, 1.1964, 1.1914, 1.1726, 1.1620, 1.1923,
    1.1987, 1.2154, 1.1525, 1.1992, 1.1619, 1.2009, 1.1887, 1.1333, 1.1835, 1.1811,
    1.2000, 1.2036, 1.1882, 1.1474, 1.2299, 1.1665, 1.2195, 1.1713, 1.2132, 1.1653,
  ]

### behavior/action_magnitude_max
  Total points: 100
  Min: 1.2314, Max: 1.4142, Mean: 1.3725
  Data: [
    1.3774, 1.3189, 1.3562, 1.2914, 1.3108, 1.2736, 1.3504, 1.3406, 1.2340, 1.3340,
    1.2942, 1.2895, 1.3132, 1.3042, 1.3088, 1.2600, 1.2379, 1.3012, 1.3090, 1.3430,
    1.2702, 1.3478, 1.2593, 1.2844, 1.3627, 1.3863, 1.2920, 1.3396, 1.3721, 1.2400,
    1.3773, 1.3095, 1.2742, 1.2542, 1.3116, 1.2787, 1.3203, 1.3407, 1.2314, 1.4142,
    1.4088, 1.4142, 1.4118, 1.4142, 1.4092, 1.4142, 1.4142, 1.4142, 1.4142, 1.4142,
    1.4142, 1.4142, 1.4142, 1.4142, 1.4142, 1.4130, 1.4142, 1.4142, 1.4142, 1.4142,
    1.4142, 1.4138, 1.4142, 1.4142, 1.4142, 1.4137, 1.4142, 1.4142, 1.4141, 1.4142,
    1.4142, 1.4142, 1.4142, 1.4142, 1.4142, 1.4142, 1.4142, 1.4142, 1.4142, 1.4142,
    1.4142, 1.4142, 1.4142, 1.4142, 1.4142, 1.4142, 1.4142, 1.4142, 1.4142, 1.4142,
    1.4142, 1.4142, 1.4142, 1.4142, 1.4142, 1.4142, 1.4142, 1.4142, 1.4142, 1.4142,
  ]

### behavior/dist_to_puck_avg
  Total points: 100
  Min: 2.3268, Max: 4.0242, Mean: 3.3275
  Data: [
    3.4765, 3.4078, 3.4259, 3.6601, 3.5615, 3.3271, 3.9640, 3.8885, 3.3896, 3.4630,
    3.7948, 3.5016, 3.8879, 3.7368, 3.6957, 3.4801, 3.5019, 3.3068, 3.6430, 4.0242,
    3.3337, 3.5695, 3.5298, 3.4908, 3.8372, 3.5570, 3.4493, 3.3126, 3.8858, 3.6004,
    3.4961, 3.2863, 3.4618, 2.9817, 3.4896, 3.5148, 3.6052, 3.4765, 3.0937, 3.9184,
    3.0156, 2.6916, 2.7594, 2.5460, 2.3268, 2.3672, 2.5078, 2.6240, 2.8978, 2.8108,
    3.3155, 3.3112, 3.1899, 3.1233, 3.3449, 3.2936, 3.2477, 3.5343, 3.4487, 3.2838,
    3.5628, 3.3298, 3.5801, 3.4174, 3.4747, 3.1776, 3.4453, 3.4117, 3.0003, 3.1815,
    3.4051, 3.4181, 3.2629, 3.2973, 3.6188, 3.2230, 3.4272, 3.0180, 3.3513, 3.1744,
    3.6340, 3.0444, 3.0396, 3.6423, 3.2270, 3.2135, 3.1198, 3.2872, 3.5105, 3.1981,
    3.0990, 3.0007, 3.2784, 2.9187, 2.9509, 3.2506, 3.1142, 3.1992, 3.3649, 3.2124,
  ]

### behavior/dist_to_puck_min
  Total points: 100
  Min: 0.2295, Max: 2.1935, Mean: 0.7943
  Data: [
    1.2711, 1.6351, 1.0410, 1.3245, 1.1443, 1.3764, 1.3704, 1.8415, 1.3624, 1.0939,
    1.4863, 1.7514, 1.7679, 1.7103, 1.5163, 1.3061, 1.6616, 1.2738, 1.5777, 1.6344,
    1.3589, 1.5883, 1.5156, 1.4046, 1.2308, 1.1801, 1.7038, 1.3262, 1.5863, 1.5322,
    1.2003, 1.1163, 1.6287, 0.8063, 1.2603, 1.4347, 1.1336, 1.1734, 1.5627, 2.1935,
    0.8212, 0.4355, 0.5440, 0.6225, 0.8097, 0.5544, 0.3119, 0.5962, 0.2295, 0.2745,
    0.3113, 0.2945, 0.2902, 0.3359, 0.3507, 0.3350, 0.3305, 0.3951, 0.2768, 0.3855,
    0.2936, 0.4267, 0.4487, 0.3633, 0.3521, 0.3217, 0.3892, 0.3110, 0.4683, 0.3160,
    0.3441, 0.2992, 0.3504, 0.3164, 0.3916, 0.2628, 0.3455, 0.3316, 0.2855, 0.3081,
    0.3232, 0.2824, 0.2700, 0.2978, 0.3947, 0.3876, 0.3097, 0.3376, 0.3570, 0.2803,
    0.3339, 0.3670, 0.3577, 0.3168, 0.4818, 0.3160, 0.4503, 0.3947, 0.3223, 0.3389,
  ]

### behavior/distance_traveled
  Total points: 100
  Min: 4.9702, Max: 31.8659, Mean: 15.5969
  Data: [
    11.2486, 6.9624, 7.4325, 7.9633, 7.2077, 7.7981, 8.7194, 7.9441, 7.0664, 10.8880,
    10.2774, 6.2571, 7.2224, 6.9474, 4.9702, 7.7050, 5.8708, 7.8520, 7.9677, 5.7457,
    7.4302, 10.9823, 8.5616, 9.0704, 8.7699, 9.6769, 5.6460, 7.5350, 8.7471, 7.1859,
    6.8498, 8.0628, 5.7743, 7.8249, 7.8048, 7.7254, 8.3893, 11.0424, 5.2916, 9.0449,
    10.8343, 12.5226, 12.4937, 9.5307, 8.9761, 12.4898, 12.1761, 10.6842, 19.0232, 20.6278,
    23.4617, 25.6351, 31.2605, 17.1255, 28.8350, 24.0790, 15.8796, 25.3390, 20.3232, 16.1015,
    21.5417, 15.7964, 19.2841, 23.3627, 31.8659, 16.7332, 24.5822, 18.2248, 9.1736, 26.2628,
    20.2001, 23.1039, 19.7231, 24.6234, 22.6936, 22.5350, 24.4778, 20.6506, 29.1709, 19.2533,
    24.7612, 19.0744, 21.1274, 31.7729, 19.6556, 20.3614, 25.6380, 23.0172, 22.5233, 19.8459,
    26.7026, 20.8269, 20.5320, 21.8782, 16.2438, 24.6726, 17.8840, 21.2515, 26.4933, 29.3121,
  ]

### behavior/lazy_action_ratio
  Total points: 100
  Min: 0.0000, Max: 0.0316, Mean: 0.0078
  Data: [
    0.0076, 0.0134, 0.0161, 0.0136, 0.0080, 0.0141, 0.0144, 0.0077, 0.0184, 0.0112,
    0.0203, 0.0223, 0.0116, 0.0111, 0.0064, 0.0225, 0.0242, 0.0316, 0.0197, 0.0135,
    0.0156, 0.0044, 0.0265, 0.0125, 0.0111, 0.0192, 0.0149, 0.0116, 0.0266, 0.0292,
    0.0202, 0.0107, 0.0290, 0.0280, 0.0243, 0.0179, 0.0038, 0.0226, 0.0176, 0.0012,
    0.0075, 0.0046, 0.0093, 0.0157, 0.0235, 0.0140, 0.0112, 0.0011, 0.0084, 0.0060,
    0.0000, 0.0000, 0.0000, 0.0000, 0.0000, 0.0000, 0.0000, 0.0004, 0.0000, 0.0004,
    0.0004, 0.0000, 0.0000, 0.0000, 0.0000, 0.0000, 0.0004, 0.0000, 0.0000, 0.0027,
    0.0000, 0.0000, 0.0000, 0.0010, 0.0000, 0.0008, 0.0000, 0.0000, 0.0008, 0.0010,
    0.0009, 0.0000, 0.0020, 0.0004, 0.0016, 0.0000, 0.0026, 0.0015, 0.0000, 0.0000,
    0.0000, 0.0000, 0.0000, 0.0035, 0.0000, 0.0005, 0.0000, 0.0004, 0.0000, 0.0018,
  ]

### behavior/puck_touches
  Total points: 100
  Min: 0.0000, Max: 4.9000, Mean: 1.8510
  Data: [
    1.5000, 0.2000, 0.5000, 0.2000, 0.0000, 0.9000, 0.7000, 0.1000, 0.3000, 0.9000,
    0.8000, 0.1000, 0.5000, 0.1000, 0.3000, 0.1000, 0.0000, 0.3000, 0.5000, 0.2000,
    0.4000, 0.4000, 0.1000, 0.2000, 0.0000, 0.3000, 0.2000, 0.2000, 0.1000, 0.1000,
    0.3000, 0.3000, 0.1000, 0.5000, 0.3000, 0.6000, 0.6000, 0.6000, 0.3000, 0.0000,
    1.9000, 2.1000, 1.6000, 1.0000, 0.5000, 0.9000, 1.6000, 1.7000, 3.8000, 3.0000,
    3.4000, 3.8000, 3.5000, 2.8000, 3.4000, 3.6000, 2.5000, 4.4000, 3.5000, 2.4000,
    3.4000, 2.3000, 1.8000, 2.6000, 3.9000, 3.3000, 2.4000, 2.9000, 1.4000, 3.3000,
    2.7000, 3.0000, 3.0000, 3.4000, 2.9000, 3.6000, 2.3000, 3.8000, 4.9000, 4.0000,
    3.8000, 3.0000, 2.3000, 4.3000, 2.8000, 2.2000, 2.6000, 3.3000, 2.7000, 2.6000,
    3.7000, 2.8000, 3.7000, 2.5000, 2.1000, 3.8000, 2.5000, 2.6000, 3.0000, 2.7000,
  ]

### behavior/time_near_puck
  Total points: 100
  Min: 0.0000, Max: 24.9000, Mean: 4.9430
  Data: [
    3.7000, 2.8000, 5.5000, 2.6000, 0.0000, 2.9000, 6.7000, 1.4000, 2.6000, 7.8000,
    6.3000, 1.8000, 4.1000, 0.7000, 2.8000, 1.5000, 0.0000, 2.8000, 5.7000, 2.8000,
    4.2000, 3.6000, 1.3000, 1.3000, 0.0000, 4.2000, 1.7000, 3.0000, 1.6000, 1.4000,
    1.7000, 2.9000, 1.3000, 4.4000, 3.9000, 5.9000, 7.2000, 4.4000, 2.8000, 0.0000,
    7.1000, 24.9000, 18.8000, 13.8000, 9.9000, 12.3000, 17.1000, 13.5000, 24.3000, 21.3000,
    5.4000, 3.8000, 7.6000, 3.0000, 6.4000, 3.1000, 3.3000, 3.3000, 5.5000, 1.4000,
    4.0000, 1.9000, 1.7000, 2.6000, 5.6000, 4.4000, 2.2000, 3.7000, 1.3000, 5.1000,
    2.6000, 2.5000, 3.1000, 5.5000, 2.6000, 5.8000, 2.0000, 4.4000, 8.0000, 7.6000,
    9.3000, 10.1000, 3.4000, 5.3000, 2.9000, 2.0000, 3.8000, 6.3000, 3.0000, 3.9000,
    3.9000, 2.2000, 3.3000, 5.5000, 6.6000, 3.8000, 2.6000, 2.6000, 6.4000, 3.7000,
  ]

### behavior/velocity_avg
  Total points: 100
  Min: 0.0426, Max: 0.1428, Mean: 0.1015
  Data: [
    0.0506, 0.0700, 0.0534, 0.0564, 0.0505, 0.0646, 0.0579, 0.0651, 0.0601, 0.0578,
    0.0747, 0.0667, 0.0594, 0.0574, 0.0510, 0.0563, 0.0568, 0.0505, 0.0534, 0.0449,
    0.0524, 0.0587, 0.0629, 0.0594, 0.0487, 0.0524, 0.0659, 0.0652, 0.0638, 0.0426,
    0.0443, 0.0577, 0.0624, 0.0574, 0.0569, 0.0588, 0.0566, 0.0626, 0.0620, 0.0498,
    0.0850, 0.0999, 0.0901, 0.0942, 0.0897, 0.0969, 0.1040, 0.1101, 0.1030, 0.1027,
    0.1405, 0.1423, 0.1379, 0.1340, 0.1363, 0.1404, 0.1372, 0.1379, 0.1317, 0.1377,
    0.1400, 0.1367, 0.1421, 0.1422, 0.1392, 0.1379, 0.1324, 0.1405, 0.1339, 0.1384,
    0.1371, 0.1404, 0.1345, 0.1375, 0.1417, 0.1362, 0.1379, 0.1345, 0.1360, 0.1366,
    0.1371, 0.1410, 0.1336, 0.1392, 0.1295, 0.1418, 0.1386, 0.1338, 0.1398, 0.1297,
    0.1393, 0.1358, 0.1338, 0.1294, 0.1428, 0.1401, 0.1424, 0.1354, 0.1395, 0.1388,
  ]

### behavior/velocity_max
  Total points: 100
  Min: 0.1733, Max: 0.2438, Mean: 0.2210
  Data: [
    0.2144, 0.2038, 0.1989, 0.1949, 0.1965, 0.2082, 0.2089, 0.2038, 0.1893, 0.2028,
    0.2113, 0.2048, 0.1993, 0.2065, 0.2087, 0.1949, 0.1976, 0.1800, 0.1896, 0.1896,
    0.2058, 0.2006, 0.1935, 0.2030, 0.2104, 0.2119, 0.1987, 0.2052, 0.2038, 0.1733,
    0.1964, 0.2060, 0.2055, 0.1992, 0.2068, 0.2064, 0.2070, 0.2029, 0.1983, 0.2285,
    0.2243, 0.2213, 0.2253, 0.2210, 0.2144, 0.2252, 0.2163, 0.2317, 0.2309, 0.2217,
    0.2340, 0.2309, 0.2406, 0.2362, 0.2435, 0.2347, 0.2316, 0.2328, 0.2356, 0.2294,
    0.2370, 0.2318, 0.2314, 0.2364, 0.2421, 0.2308, 0.2337, 0.2331, 0.2296, 0.2373,
    0.2355, 0.2355, 0.2340, 0.2388, 0.2340, 0.2426, 0.2364, 0.2343, 0.2400, 0.2363,
    0.2392, 0.2393, 0.2357, 0.2425, 0.2346, 0.2316, 0.2365, 0.2338, 0.2384, 0.2396,
    0.2409, 0.2372, 0.2325, 0.2438, 0.2323, 0.2370, 0.2296, 0.2361, 0.2408, 0.2389,
  ]

### eval/strong/avg_reward
  Total points: 24
  Min: -28.5107, Max: -2.3613, Mean: -7.4341
  Data: [
    -25.8001, -28.5107, -7.4940, -4.9887, -7.0664, -6.4628, -4.6907, -4.8494, -5.1964, -8.0919,
    -8.5240, -6.2058, -5.5225, -4.0333, -4.0697, -5.3638, -4.3084, -5.5559, -6.8258, -7.3701,
    -5.5349, -4.9458, -2.3613, -4.6465,
  ]

### eval/strong/loss_rate
  Total points: 24
  Min: 0.2800, Max: 0.5500, Mean: 0.3917
  Data: [
    0.2900, 0.2800, 0.4800, 0.4200, 0.5500, 0.5000, 0.3300, 0.4400, 0.3300, 0.3500,
    0.3500, 0.3900, 0.4100, 0.3800, 0.3600, 0.4100, 0.3600, 0.4300, 0.3800, 0.5200,
    0.3800, 0.3900, 0.3100, 0.3600,
  ]

### eval/strong/losses
  Total points: 24
  Min: 28.0000, Max: 55.0000, Mean: 39.1667
  Data: [
    29.0000, 28.0000, 48.0000, 42.0000, 55.0000, 50.0000, 33.0000, 44.0000, 33.0000, 35.0000,
    35.0000, 39.0000, 41.0000, 38.0000, 36.0000, 41.0000, 36.0000, 43.0000, 38.0000, 52.0000,
    38.0000, 39.0000, 31.0000, 36.0000,
  ]

### eval/strong/tie_rate
  Total points: 24
  Min: 0.2400, Max: 0.6700, Mean: 0.3829
  Data: [
    0.6400, 0.6700, 0.3500, 0.2500, 0.2700, 0.2400, 0.4500, 0.2600, 0.4800, 0.4800,
    0.4900, 0.3900, 0.3400, 0.3200, 0.3500, 0.3600, 0.3700, 0.3500, 0.4000, 0.3000,
    0.3600, 0.3700, 0.3100, 0.3900,
  ]

### eval/strong/ties
  Total points: 24
  Min: 24.0000, Max: 67.0000, Mean: 38.2917
  Data: [
    64.0000, 67.0000, 35.0000, 25.0000, 27.0000, 24.0000, 45.0000, 26.0000, 48.0000, 48.0000,
    49.0000, 39.0000, 34.0000, 32.0000, 35.0000, 36.0000, 37.0000, 35.0000, 40.0000, 30.0000,
    36.0000, 37.0000, 31.0000, 39.0000,
  ]

### eval/strong/win_rate
  Total points: 24
  Min: 0.0500, Max: 0.3800, Mean: 0.2254
  Data: [
    0.0700, 0.0500, 0.1700, 0.3300, 0.1800, 0.2600, 0.2200, 0.3000, 0.1900, 0.1700,
    0.1600, 0.2200, 0.2500, 0.3000, 0.2900, 0.2300, 0.2700, 0.2200, 0.2200, 0.1800,
    0.2600, 0.2400, 0.3800, 0.2500,
  ]

### eval/strong/win_rate_decisive
  Total points: 24
  Min: 0.1515, Max: 0.5507, Mean: 0.3572
  Data: [
    0.1944, 0.1515, 0.2615, 0.4400, 0.2466, 0.3421, 0.4000, 0.4054, 0.3654, 0.3269,
    0.3137, 0.3607, 0.3788, 0.4412, 0.4462, 0.3594, 0.4286, 0.3385, 0.3667, 0.2571,
    0.4062, 0.3810, 0.5507, 0.4098,
  ]

### eval/strong/wins
  Total points: 24
  Min: 5.0000, Max: 38.0000, Mean: 22.5417
  Data: [
    7.0000, 5.0000, 17.0000, 33.0000, 18.0000, 26.0000, 22.0000, 30.0000, 19.0000, 17.0000,
    16.0000, 22.0000, 25.0000, 30.0000, 29.0000, 23.0000, 27.0000, 22.0000, 22.0000, 18.0000,
    26.0000, 24.0000, 38.0000, 25.0000,
  ]

### eval/weak/avg_reward
  Total points: 24
  Min: -25.3451, Max: -1.9631, Mean: -5.5906
  Data: [
    -25.3451, -24.1569, -7.7749, -6.7819, -4.5916, -4.7206, -3.2260, -3.3348, -2.9214, -5.7007,
    -5.6398, -2.6638, -3.5853, -2.2828, -3.1122, -2.0522, -4.8475, -3.4973, -2.9894, -1.9631,
    -4.5073, -2.3217, -2.3264, -3.8323,
  ]

### eval/weak/loss_rate
  Total points: 24
  Min: 0.2200, Max: 0.6200, Mean: 0.3371
  Data: [
    0.3100, 0.3400, 0.5600, 0.6200, 0.5400, 0.3400, 0.3300, 0.3400, 0.3200, 0.3500,
    0.2800, 0.3000, 0.3000, 0.2700, 0.3200, 0.2600, 0.3500, 0.3200, 0.2500, 0.2700,
    0.3600, 0.2200, 0.3100, 0.2300,
  ]

### eval/weak/losses
  Total points: 24
  Min: 22.0000, Max: 62.0000, Mean: 33.7083
  Data: [
    31.0000, 34.0000, 56.0000, 62.0000, 54.0000, 34.0000, 33.0000, 34.0000, 32.0000, 35.0000,
    28.0000, 30.0000, 30.0000, 27.0000, 32.0000, 26.0000, 35.0000, 32.0000, 25.0000, 27.0000,
    36.0000, 22.0000, 31.0000, 23.0000,
  ]

### eval/weak/tie_rate
  Total points: 24
  Min: 0.1800, Max: 0.6400, Mean: 0.4088
  Data: [
    0.6200, 0.6400, 0.3400, 0.1800, 0.1800, 0.4300, 0.3400, 0.3800, 0.3400, 0.4400,
    0.4600, 0.3300, 0.4200, 0.4000, 0.3800, 0.4200, 0.3800, 0.3900, 0.4600, 0.4000,
    0.3700, 0.5300, 0.4000, 0.5800,
  ]

### eval/weak/ties
  Total points: 24
  Min: 18.0000, Max: 64.0000, Mean: 40.8750
  Data: [
    62.0000, 64.0000, 34.0000, 18.0000, 18.0000, 43.0000, 34.0000, 38.0000, 34.0000, 44.0000,
    46.0000, 33.0000, 42.0000, 40.0000, 38.0000, 42.0000, 38.0000, 39.0000, 46.0000, 40.0000,
    37.0000, 53.0000, 40.0000, 58.0000,
  ]

### eval/weak/win_rate
  Total points: 24
  Min: 0.0200, Max: 0.3700, Mean: 0.2542
  Data: [
    0.0700, 0.0200, 0.1000, 0.2000, 0.2800, 0.2300, 0.3300, 0.2800, 0.3400, 0.2100,
    0.2600, 0.3700, 0.2800, 0.3300, 0.3000, 0.3200, 0.2700, 0.2900, 0.2900, 0.3300,
    0.2700, 0.2500, 0.2900, 0.1900,
  ]

### eval/weak/win_rate_decisive
  Total points: 24
  Min: 0.0556, Max: 0.5522, Mean: 0.4258
  Data: [
    0.1842, 0.0556, 0.1515, 0.2439, 0.3415, 0.4035, 0.5000, 0.4516, 0.5152, 0.3750,
    0.4815, 0.5522, 0.4828, 0.5500, 0.4839, 0.5517, 0.4355, 0.4754, 0.5370, 0.5500,
    0.4286, 0.5319, 0.4833, 0.4524,
  ]

### eval/weak/wins
  Total points: 24
  Min: 2.0000, Max: 37.0000, Mean: 25.4167
  Data: [
    7.0000, 2.0000, 10.0000, 20.0000, 28.0000, 23.0000, 33.0000, 28.0000, 34.0000, 21.0000,
    26.0000, 37.0000, 28.0000, 33.0000, 30.0000, 32.0000, 27.0000, 29.0000, 29.0000, 33.0000,
    27.0000, 25.0000, 29.0000, 19.0000,
  ]

### gradients/actor_grad_norm
  Total points: 100
  Min: 0.0000, Max: 0.3142, Mean: 0.1129
  Data: [
    0.0000, 0.0000, 0.0000, 0.0000, 0.0000, 0.0000, 0.0000, 0.0000, 0.0000, 0.0000,
    0.0000, 0.0000, 0.0000, 0.0000, 0.0000, 0.0000, 0.0000, 0.0000, 0.0000, 0.0000,
    0.0000, 0.0000, 0.0000, 0.0000, 0.0000, 0.0000, 0.0000, 0.0000, 0.0000, 0.0000,
    0.0000, 0.0000, 0.0000, 0.0000, 0.0000, 0.0000, 0.0000, 0.0000, 0.0554, 0.0724,
    0.0948, 0.0712, 0.0616, 0.0414, 0.0547, 0.0580, 0.0484, 0.0455, 0.0473, 0.0516,
    0.1954, 0.1622, 0.1921, 0.2009, 0.1480, 0.1895, 0.1763, 0.1832, 0.2450, 0.1901,
    0.2016, 0.1944, 0.2118, 0.1499, 0.2924, 0.2516, 0.3142, 0.2106, 0.1752, 0.2091,
    0.2635, 0.2895, 0.1997, 0.2272, 0.1671, 0.1710, 0.2136, 0.2762, 0.1874, 0.2603,
    0.1770, 0.2013, 0.1654, 0.1866, 0.1941, 0.1869, 0.1471, 0.1915, 0.2257, 0.2308,
    0.2663, 0.1911, 0.2026, 0.2723, 0.2381, 0.2721, 0.2270, 0.1806, 0.2186, 0.2594,
  ]

### gradients/critic_grad_norm
  Total points: 100
  Min: 0.0000, Max: 0.3037, Mean: 0.1054
  Data: [
    0.0000, 0.0000, 0.0000, 0.0000, 0.0000, 0.0000, 0.0000, 0.0000, 0.0000, 0.0000,
    0.0000, 0.0000, 0.0000, 0.0000, 0.0000, 0.0000, 0.0000, 0.0000, 0.0000, 0.0000,
    0.0000, 0.0000, 0.0000, 0.0000, 0.0000, 0.0000, 0.0000, 0.0000, 0.0000, 0.0000,
    0.0000, 0.0000, 0.0000, 0.0000, 0.0000, 0.0000, 0.0000, 0.0000, 0.0244, 0.1796,
    0.3037, 0.2520, 0.2434, 0.2350, 0.2480, 0.2328, 0.2550, 0.2447, 0.2532, 0.2868,
    0.1239, 0.1826, 0.1390, 0.1879, 0.1837, 0.1073, 0.1713, 0.1453, 0.1545, 0.1387,
    0.2120, 0.0856, 0.1390, 0.2180, 0.2121, 0.1532, 0.1718, 0.1629, 0.1942, 0.1521,
    0.1518, 0.1585, 0.1625, 0.1436, 0.1710, 0.2117, 0.1538, 0.1410, 0.1921, 0.1042,
    0.1631, 0.1762, 0.1368, 0.2235, 0.1700, 0.1889, 0.1363, 0.1518, 0.1414, 0.1354,
    0.1282, 0.1317, 0.1368, 0.1224, 0.1388, 0.1469, 0.0898, 0.1090, 0.1736, 0.1592,
  ]

### losses/actor_loss
  Total points: 100
  Min: -4.6861, Max: 0.0000, Mean: -0.8576
  Data: [
    0.0000, 0.0000, 0.0000, 0.0000, 0.0000, 0.0000, 0.0000, 0.0000, 0.0000, 0.0000,
    0.0000, 0.0000, 0.0000, 0.0000, 0.0000, 0.0000, 0.0000, 0.0000, 0.0000, 0.0000,
    0.0000, 0.0000, 0.0000, 0.0000, 0.0000, 0.0000, 0.0000, 0.0000, 0.0000, 0.0000,
    0.0000, 0.0000, 0.0000, 0.0000, 0.0000, 0.0000, 0.0000, 0.0000, -4.6861, -4.0189,
    -3.6686, -3.3984, -3.0997, -2.8365, -2.5852, -2.4156, -2.2663, -2.1237, -2.0344, -1.8499,
    -1.0452, -1.0112, -1.1466, -1.0686, -1.1010, -1.2323, -1.2258, -1.3072, -1.2544, -1.3614,
    -1.2793, -1.3942, -1.3759, -1.3823, -1.4032, -1.3972, -1.2697, -1.3590, -1.3676, -1.3514,
    -1.3219, -1.1807, -1.2876, -1.3303, -1.2331, -1.2492, -1.1357, -1.2113, -1.0889, -1.0750,
    -1.0085, -0.9507, -1.0358, -0.8683, -0.7660, -0.8120, -0.7916, -0.6830, -0.7217, -0.6374,
    -0.5461, -0.5860, -0.5938, -0.5164, -0.5916, -0.4421, -0.4938, -0.4815, -0.4300, -0.3772,
  ]

### losses/critic_loss
  Total points: 100
  Min: 0.0000, Max: 0.1374, Mean: 0.0167
  Data: [
    0.0000, 0.0000, 0.0000, 0.0000, 0.0000, 0.0000, 0.0000, 0.0000, 0.0000, 0.0000,
    0.0000, 0.0000, 0.0000, 0.0000, 0.0000, 0.0000, 0.0000, 0.0000, 0.0000, 0.0000,
    0.0000, 0.0000, 0.0000, 0.0000, 0.0000, 0.0000, 0.0000, 0.0000, 0.0000, 0.0000,
    0.0000, 0.0000, 0.0000, 0.0000, 0.0000, 0.0000, 0.0000, 0.0000, 0.0246, 0.1374,
    0.0891, 0.0639, 0.0561, 0.0625, 0.0676, 0.0732, 0.0674, 0.0719, 0.0658, 0.0660,
    0.0129, 0.0183, 0.0162, 0.0217, 0.0197, 0.0110, 0.0165, 0.0184, 0.0208, 0.0162,
    0.0147, 0.0112, 0.0138, 0.0172, 0.0176, 0.0162, 0.0203, 0.0208, 0.0191, 0.0180,
    0.0161, 0.0169, 0.0163, 0.0171, 0.0185, 0.0164, 0.0170, 0.0181, 0.0183, 0.0144,
    0.0164, 0.0149, 0.0167, 0.0226, 0.0143, 0.0182, 0.0138, 0.0195, 0.0138, 0.0152,
    0.0156, 0.0134, 0.0125, 0.0166, 0.0144, 0.0202, 0.0119, 0.0134, 0.0175, 0.0167,
  ]

### pbrs/avg_per_episode
  Total points: 100
  Min: 0.4816, Max: 0.7111, Mean: 0.6041
  Data: [
    0.4816, 0.5853, 0.6423, 0.6589, 0.6539, 0.6468, 0.6596, 0.6566, 0.6698, 0.6666,
    0.6705, 0.6835, 0.6874, 0.6881, 0.6883, 0.6792, 0.6817, 0.6825, 0.6821, 0.6788,
    0.6797, 0.6728, 0.6732, 0.6766, 0.6772, 0.6794, 0.6768, 0.6770, 0.6787, 0.6787,
    0.6779, 0.6775, 0.6744, 0.6731, 0.6696, 0.6724, 0.6707, 0.6717, 0.6780, 0.6745,
    0.6771, 0.6833, 0.6859, 0.6918, 0.6958, 0.6976, 0.7006, 0.7044, 0.7083, 0.7111,
    0.5474, 0.5467, 0.5466, 0.5467, 0.5465, 0.5462, 0.5447, 0.5445, 0.5441, 0.5434,
    0.5432, 0.5426, 0.5420, 0.5410, 0.5403, 0.5401, 0.5390, 0.5387, 0.5382, 0.5379,
    0.5376, 0.5371, 0.5363, 0.5362, 0.5356, 0.5353, 0.5344, 0.5341, 0.5335, 0.5333,
    0.5329, 0.5327, 0.5324, 0.5320, 0.5316, 0.5314, 0.5307, 0.5300, 0.5296, 0.5293,
    0.5289, 0.5288, 0.5288, 0.5283, 0.5280, 0.5275, 0.5274, 0.5271, 0.5268, 0.5263,
  ]

### performance/cumulative_win_rate
  Total points: 100
  Min: 0.0300, Max: 0.2402, Mean: 0.1417
  Data: [
    0.0800, 0.0400, 0.0350, 0.0360, 0.0300, 0.0400, 0.0400, 0.0400, 0.0360, 0.0345,
    0.0383, 0.0369, 0.0371, 0.0373, 0.0387, 0.0400, 0.0389, 0.0389, 0.0420, 0.0410,
    0.0409, 0.0435, 0.0450, 0.0448, 0.0454, 0.0444, 0.0436, 0.0448, 0.0453, 0.0452,
    0.0444, 0.0448, 0.0459, 0.0463, 0.0467, 0.0454, 0.0458, 0.0451, 0.0450, 0.0439,
    0.0448, 0.0451, 0.0455, 0.0476, 0.0500, 0.0536, 0.0575, 0.0592, 0.0604, 0.0608,
    0.2374, 0.2375, 0.2375, 0.2375, 0.2372, 0.2373, 0.2374, 0.2373, 0.2375, 0.2377,
    0.2376, 0.2377, 0.2380, 0.2380, 0.2382, 0.2382, 0.2386, 0.2388, 0.2389, 0.2389,
    0.2390, 0.2392, 0.2394, 0.2392, 0.2393, 0.2392, 0.2394, 0.2394, 0.2394, 0.2394,
    0.2395, 0.2397, 0.2397, 0.2398, 0.2398, 0.2398, 0.2401, 0.2401, 0.2400, 0.2402,
    0.2400, 0.2398, 0.2398, 0.2395, 0.2395, 0.2395, 0.2396, 0.2396, 0.2394, 0.2394,
  ]

### performance/losses
  Total points: 100
  Min: 17.0000, Max: 9766.0000, Mean: 4978.4800
  Data: [
    17.0000, 38.0000, 82.0000, 105.0000, 125.0000, 144.0000, 168.0000, 188.0000, 212.0000, 232.0000,
    254.0000, 280.0000, 303.0000, 325.0000, 347.0000, 367.0000, 389.0000, 412.0000, 434.0000, 455.0000,
    478.0000, 495.0000, 516.0000, 539.0000, 561.0000, 585.0000, 605.0000, 627.0000, 651.0000, 672.0000,
    693.0000, 716.0000, 734.0000, 754.0000, 774.0000, 797.0000, 817.0000, 839.0000, 868.0000, 884.0000,
    908.0000, 935.0000, 961.0000, 991.0000, 1020.0000, 1047.0000, 1074.0000, 1102.0000, 1130.0000, 1159.0000,
    8986.0000, 9002.0000, 9020.0000, 9041.0000, 9058.0000, 9075.0000, 9099.0000, 9116.0000, 9133.0000, 9148.0000,
    9163.0000, 9177.0000, 9191.0000, 9200.0000, 9212.0000, 9232.0000, 9243.0000, 9261.0000, 9276.0000, 9287.0000,
    9305.0000, 9322.0000, 9334.0000, 9354.0000, 9369.0000, 9385.0000, 9398.0000, 9414.0000, 9426.0000, 9445.0000,
    9461.0000, 9482.0000, 9500.0000, 9517.0000, 9532.0000, 9551.0000, 9563.0000, 9577.0000, 9592.0000, 9607.0000,
    9621.0000, 9643.0000, 9662.0000, 9676.0000, 9691.0000, 9706.0000, 9725.0000, 9741.0000, 9754.0000, 9766.0000,
  ]

### performance/ties
  Total points: 100
  Min: 29.0000, Max: 8869.0000, Mean: 4506.9100
  Data: [
    29.0000, 58.0000, 111.0000, 136.0000, 166.0000, 192.0000, 216.0000, 244.0000, 270.0000, 299.0000,
    323.0000, 346.0000, 371.0000, 397.0000, 422.0000, 449.0000, 476.0000, 501.0000, 524.0000, 552.0000,
    577.0000, 605.0000, 630.0000, 655.0000, 680.0000, 705.0000, 734.0000, 758.0000, 781.0000, 808.0000,
    836.0000, 860.0000, 888.0000, 915.0000, 942.0000, 969.0000, 996.0000, 1023.0000, 1042.0000, 1076.0000,
    1098.0000, 1118.0000, 1139.0000, 1152.0000, 1165.0000, 1177.0000, 1188.0000, 1203.0000, 1219.0000, 1236.0000,
    7791.0000, 7811.0000, 7832.0000, 7849.0000, 7876.0000, 7894.0000, 7946.0000, 7968.0000, 7986.0000, 8004.0000,
    8028.0000, 8050.0000, 8069.0000, 8097.0000, 8119.0000, 8136.0000, 8155.0000, 8170.0000, 8192.0000, 8219.0000,
    8236.0000, 8253.0000, 8275.0000, 8296.0000, 8318.0000, 8341.0000, 8362.0000, 8385.0000, 8411.0000, 8429.0000,
    8448.0000, 8461.0000, 8481.0000, 8500.0000, 8522.0000, 8541.0000, 8561.0000, 8585.0000, 8609.0000, 8629.0000,
    8656.0000, 8677.0000, 8697.0000, 8728.0000, 8752.0000, 8773.0000, 8791.0000, 8813.0000, 8843.0000, 8869.0000,
  ]

### performance/wins
  Total points: 100
  Min: 4.0000, Max: 5865.0000, Mean: 2810.6100
  Data: [
    4.0000, 4.0000, 7.0000, 9.0000, 9.0000, 14.0000, 16.0000, 18.0000, 18.0000, 19.0000,
    23.0000, 24.0000, 26.0000, 28.0000, 31.0000, 34.0000, 35.0000, 37.0000, 42.0000, 43.0000,
    45.0000, 50.0000, 54.0000, 56.0000, 59.0000, 60.0000, 61.0000, 65.0000, 68.0000, 70.0000,
    71.0000, 74.0000, 78.0000, 81.0000, 84.0000, 84.0000, 87.0000, 88.0000, 90.0000, 90.0000,
    94.0000, 97.0000, 100.0000, 107.0000, 115.0000, 126.0000, 138.0000, 145.0000, 151.0000, 155.0000,
    5223.0000, 5237.0000, 5248.0000, 5260.0000, 5266.0000, 5281.0000, 5305.0000, 5316.0000, 5331.0000, 5348.0000,
    5359.0000, 5373.0000, 5390.0000, 5403.0000, 5419.0000, 5432.0000, 5452.0000, 5469.0000, 5482.0000, 5494.0000,
    5509.0000, 5525.0000, 5541.0000, 5550.0000, 5563.0000, 5574.0000, 5590.0000, 5601.0000, 5613.0000, 5626.0000,
    5641.0000, 5657.0000, 5669.0000, 5683.0000, 5696.0000, 5708.0000, 5726.0000, 5738.0000, 5749.0000, 5764.0000,
    5773.0000, 5780.0000, 5791.0000, 5796.0000, 5807.0000, 5821.0000, 5834.0000, 5846.0000, 5853.0000, 5865.0000,
  ]

### rewards/p1
  Total points: 100
  Min: -29.6618, Max: 0.8142, Mean: -12.5302
  Data: [
    -28.9953, -23.7992, -24.0393, -25.1681, -26.0571, -27.9200, -26.6409, -25.1076, -22.7576, -23.9708,
    -17.9295, -23.5484, -28.6486, -27.3454, -29.6618, -26.9864, -26.0436, -23.8154, -26.0207, -26.3440,
    -21.9697, -22.9100, -24.4014, -24.3175, -27.8291, -28.0622, -24.2959, -19.8920, -25.6188, -26.1881,
    -27.8299, -21.4204, -21.8173, -16.7533, -17.9274, -22.0112, -22.1335, -22.3794, -22.4995, -28.3271,
    -17.4228, -9.4379, -8.4113, -5.7506, -10.4039, -11.5369, -2.5768, -9.8291, -8.4644, -10.2911,
    -1.7072, 0.2378, -2.6445, 0.0714, -8.9453, -3.5914, -0.5965, -9.7308, 0.0905, 0.7852,
    -1.3660, -1.0829, -4.6014, -2.0209, -3.6036, -0.1840, -4.3159, 0.8142, 0.2594, -4.9595,
    -3.5331, -7.0382, -4.9238, -5.8157, -1.3877, -1.3057, -0.0368, -5.4549, -7.3174, -6.8059,
    -2.4618, -4.8462, -4.0335, -3.9296, -1.8759, -6.0580, -7.7265, -7.0790, -2.0281, -2.0622,
    -5.4395, -8.1726, -2.2188, -7.4713, -3.5724, -2.2851, -1.6273, -4.7585, -5.3530, -5.8052,
  ]

### rewards/p2
  Total points: 100
  Min: -1.2665, Max: 29.1884, Mean: 11.9466
  Data: [
    28.2270, 23.3275, 23.7177, 24.7340, 25.2336, 27.4581, 26.2546, 24.5015, 22.3202, 23.2039,
    17.7633, 23.0685, 28.2182, 26.8137, 29.1884, 26.4436, 25.5684, 23.3987, 25.6921, 25.8196,
    21.3165, 22.0234, 24.0135, 24.1721, 26.8696, 27.3197, 23.8306, 19.4251, 24.8953, 25.1948,
    27.2104, 20.7723, 21.4052, 16.4014, 17.2089, 21.5303, 21.4978, 21.6274, 21.9135, 27.7273,
    17.4973, 8.9469, 7.9249, 5.6428, 9.8606, 11.3983, 2.1897, 9.8174, 7.5079, 9.2457,
    0.7142, -1.2042, 1.7087, -0.6436, 8.5051, 3.1528, 0.0047, 9.0423, -0.3108, -1.2665,
    0.7148, 0.4503, 4.1488, 1.4543, 2.4210, -0.5318, 3.4112, -0.9391, -0.4721, 3.7559,
    3.0200, 6.0534, 4.3534, 5.1360, 0.9044, 0.8400, -0.6067, 5.0695, 6.2820, 6.6120,
    1.6680, 4.4754, 3.6083, 3.0564, 1.4279, 5.5259, 6.9177, 6.1641, 1.8183, 1.2337,
    4.4439, 7.9009, 1.8062, 6.7757, 2.9765, 1.9404, 0.9570, 3.5820, 4.2857, 4.9789,
  ]

### rewards/sparse_only
  Total points: 100
  Min: -29.1884, Max: 1.2665, Mean: -11.9466
  Data: [
    -28.2270, -23.3275, -23.7177, -24.7340, -25.2336, -27.4581, -26.2546, -24.5015, -22.3202, -23.2039,
    -17.7633, -23.0685, -28.2182, -26.8137, -29.1884, -26.4436, -25.5684, -23.3987, -25.6921, -25.8196,
    -21.3165, -22.0234, -24.0135, -24.1721, -26.8696, -27.3197, -23.8306, -19.4251, -24.8953, -25.1948,
    -27.2104, -20.7723, -21.4052, -16.4014, -17.2089, -21.5303, -21.4978, -21.6274, -21.9135, -27.7273,
    -17.4973, -8.9469, -7.9249, -5.6428, -9.8606, -11.3983, -2.1897, -9.8174, -7.5079, -9.2457,
    -0.7142, 1.2042, -1.7087, 0.6436, -8.5051, -3.1528, -0.0047, -9.0423, 0.3108, 1.2665,
    -0.7148, -0.4503, -4.1488, -1.4543, -2.4210, 0.5318, -3.4112, 0.9391, 0.4721, -3.7559,
    -3.0200, -6.0534, -4.3534, -5.1360, -0.9044, -0.8400, 0.6067, -5.0695, -6.2820, -6.6120,
    -1.6680, -4.4754, -3.6083, -3.0564, -1.4279, -5.5259, -6.9177, -6.1641, -1.8183, -1.2337,
    -4.4439, -7.9009, -1.8062, -6.7757, -2.9765, -1.9404, -0.9570, -3.5820, -4.2857, -4.9789,
  ]

### rewards/sparse_ratio
  Total points: 100
  Min: -16.4732, Max: 9.0172, Mean: 0.8382
  Data: [
    0.9735, 0.9802, 0.9866, 0.9828, 0.9684, 0.9835, 0.9855, 0.9759, 0.9808, 0.9680,
    0.9907, 0.9796, 0.9850, 0.9806, 0.9840, 0.9799, 0.9818, 0.9825, 0.9874, 0.9801,
    0.9703, 0.9613, 0.9841, 0.9940, 0.9655, 0.9735, 0.9809, 0.9765, 0.9718, 0.9621,
    0.9777, 0.9697, 0.9811, 0.9790, 0.9599, 0.9782, 0.9713, 0.9664, 0.9740, 0.9788,
    1.0043, 0.9480, 0.9422, 0.9812, 0.9478, 0.9880, 0.8498, 0.9988, 0.8870, 0.8984,
    0.4184, 5.0647, 0.6461, 9.0172, 0.9508, 0.8779, 0.0078, 0.9292, 3.4362, 1.6130,
    0.5233, 0.4158, 0.9016, 0.7196, 0.6718, -2.8894, 0.7904, 1.1534, 1.8203, 0.7573,
    0.8548, 0.8601, 0.8842, 0.8831, 0.6517, 0.6434, -16.4732, 0.9294, 0.8585, 0.9715,
    0.6776, 0.9235, 0.8946, 0.7778, 0.7612, 0.9122, 0.8953, 0.8708, 0.8966, 0.5982,
    0.8170, 0.9668, 0.8140, 0.9069, 0.8332, 0.8491, 0.5880, 0.7528, 0.8006, 0.8577,
  ]

### scoring/goals_conceded
  Total points: 100
  Min: 17.0000, Max: 9766.0000, Mean: 4978.4800
  Data: [
    17.0000, 38.0000, 82.0000, 105.0000, 125.0000, 144.0000, 168.0000, 188.0000, 212.0000, 232.0000,
    254.0000, 280.0000, 303.0000, 325.0000, 347.0000, 367.0000, 389.0000, 412.0000, 434.0000, 455.0000,
    478.0000, 495.0000, 516.0000, 539.0000, 561.0000, 585.0000, 605.0000, 627.0000, 651.0000, 672.0000,
    693.0000, 716.0000, 734.0000, 754.0000, 774.0000, 797.0000, 817.0000, 839.0000, 868.0000, 884.0000,
    908.0000, 935.0000, 961.0000, 991.0000, 1020.0000, 1047.0000, 1074.0000, 1102.0000, 1130.0000, 1159.0000,
    8986.0000, 9002.0000, 9020.0000, 9041.0000, 9058.0000, 9075.0000, 9099.0000, 9116.0000, 9133.0000, 9148.0000,
    9163.0000, 9177.0000, 9191.0000, 9200.0000, 9212.0000, 9232.0000, 9243.0000, 9261.0000, 9276.0000, 9287.0000,
    9305.0000, 9322.0000, 9334.0000, 9354.0000, 9369.0000, 9385.0000, 9398.0000, 9414.0000, 9426.0000, 9445.0000,
    9461.0000, 9482.0000, 9500.0000, 9517.0000, 9532.0000, 9551.0000, 9563.0000, 9577.0000, 9592.0000, 9607.0000,
    9621.0000, 9643.0000, 9662.0000, 9676.0000, 9691.0000, 9706.0000, 9725.0000, 9741.0000, 9754.0000, 9766.0000,
  ]

### scoring/goals_scored
  Total points: 100
  Min: 4.0000, Max: 5865.0000, Mean: 2810.6100
  Data: [
    4.0000, 4.0000, 7.0000, 9.0000, 9.0000, 14.0000, 16.0000, 18.0000, 18.0000, 19.0000,
    23.0000, 24.0000, 26.0000, 28.0000, 31.0000, 34.0000, 35.0000, 37.0000, 42.0000, 43.0000,
    45.0000, 50.0000, 54.0000, 56.0000, 59.0000, 60.0000, 61.0000, 65.0000, 68.0000, 70.0000,
    71.0000, 74.0000, 78.0000, 81.0000, 84.0000, 84.0000, 87.0000, 88.0000, 90.0000, 90.0000,
    94.0000, 97.0000, 100.0000, 107.0000, 115.0000, 126.0000, 138.0000, 145.0000, 151.0000, 155.0000,
    5223.0000, 5237.0000, 5248.0000, 5260.0000, 5266.0000, 5281.0000, 5305.0000, 5316.0000, 5331.0000, 5348.0000,
    5359.0000, 5373.0000, 5390.0000, 5403.0000, 5419.0000, 5432.0000, 5452.0000, 5469.0000, 5482.0000, 5494.0000,
    5509.0000, 5525.0000, 5541.0000, 5550.0000, 5563.0000, 5574.0000, 5590.0000, 5601.0000, 5613.0000, 5626.0000,
    5641.0000, 5657.0000, 5669.0000, 5683.0000, 5696.0000, 5708.0000, 5726.0000, 5738.0000, 5749.0000, 5764.0000,
    5773.0000, 5780.0000, 5791.0000, 5796.0000, 5807.0000, 5821.0000, 5834.0000, 5846.0000, 5853.0000, 5865.0000,
  ]

### selfplay/active
  Total points: 100
  Min: 0.0000, Max: 0.0000, Mean: 0.0000
  Data: [
    0.0000, 0.0000, 0.0000, 0.0000, 0.0000, 0.0000, 0.0000, 0.0000, 0.0000, 0.0000,
    0.0000, 0.0000, 0.0000, 0.0000, 0.0000, 0.0000, 0.0000, 0.0000, 0.0000, 0.0000,
    0.0000, 0.0000, 0.0000, 0.0000, 0.0000, 0.0000, 0.0000, 0.0000, 0.0000, 0.0000,
    0.0000, 0.0000, 0.0000, 0.0000, 0.0000, 0.0000, 0.0000, 0.0000, 0.0000, 0.0000,
    0.0000, 0.0000, 0.0000, 0.0000, 0.0000, 0.0000, 0.0000, 0.0000, 0.0000, 0.0000,
    0.0000, 0.0000, 0.0000, 0.0000, 0.0000, 0.0000, 0.0000, 0.0000, 0.0000, 0.0000,
    0.0000, 0.0000, 0.0000, 0.0000, 0.0000, 0.0000, 0.0000, 0.0000, 0.0000, 0.0000,
    0.0000, 0.0000, 0.0000, 0.0000, 0.0000, 0.0000, 0.0000, 0.0000, 0.0000, 0.0000,
    0.0000, 0.0000, 0.0000, 0.0000, 0.0000, 0.0000, 0.0000, 0.0000, 0.0000, 0.0000,
    0.0000, 0.0000, 0.0000, 0.0000, 0.0000, 0.0000, 0.0000, 0.0000, 0.0000, 0.0000,
  ]

### selfplay/episode_opponent_type_selfplay
  Total points: 100
  Min: 0.0000, Max: 0.0000, Mean: 0.0000
  Data: [
    0.0000, 0.0000, 0.0000, 0.0000, 0.0000, 0.0000, 0.0000, 0.0000, 0.0000, 0.0000,
    0.0000, 0.0000, 0.0000, 0.0000, 0.0000, 0.0000, 0.0000, 0.0000, 0.0000, 0.0000,
    0.0000, 0.0000, 0.0000, 0.0000, 0.0000, 0.0000, 0.0000, 0.0000, 0.0000, 0.0000,
    0.0000, 0.0000, 0.0000, 0.0000, 0.0000, 0.0000, 0.0000, 0.0000, 0.0000, 0.0000,
    0.0000, 0.0000, 0.0000, 0.0000, 0.0000, 0.0000, 0.0000, 0.0000, 0.0000, 0.0000,
    0.0000, 0.0000, 0.0000, 0.0000, 0.0000, 0.0000, 0.0000, 0.0000, 0.0000, 0.0000,
    0.0000, 0.0000, 0.0000, 0.0000, 0.0000, 0.0000, 0.0000, 0.0000, 0.0000, 0.0000,
    0.0000, 0.0000, 0.0000, 0.0000, 0.0000, 0.0000, 0.0000, 0.0000, 0.0000, 0.0000,
    0.0000, 0.0000, 0.0000, 0.0000, 0.0000, 0.0000, 0.0000, 0.0000, 0.0000, 0.0000,
    0.0000, 0.0000, 0.0000, 0.0000, 0.0000, 0.0000, 0.0000, 0.0000, 0.0000, 0.0000,
  ]

### selfplay/episode_opponent_type_strong
  Total points: 100
  Min: 0.0000, Max: 0.0000, Mean: 0.0000
  Data: [
    0.0000, 0.0000, 0.0000, 0.0000, 0.0000, 0.0000, 0.0000, 0.0000, 0.0000, 0.0000,
    0.0000, 0.0000, 0.0000, 0.0000, 0.0000, 0.0000, 0.0000, 0.0000, 0.0000, 0.0000,
    0.0000, 0.0000, 0.0000, 0.0000, 0.0000, 0.0000, 0.0000, 0.0000, 0.0000, 0.0000,
    0.0000, 0.0000, 0.0000, 0.0000, 0.0000, 0.0000, 0.0000, 0.0000, 0.0000, 0.0000,
    0.0000, 0.0000, 0.0000, 0.0000, 0.0000, 0.0000, 0.0000, 0.0000, 0.0000, 0.0000,
    0.0000, 0.0000, 0.0000, 0.0000, 0.0000, 0.0000, 0.0000, 0.0000, 0.0000, 0.0000,
    0.0000, 0.0000, 0.0000, 0.0000, 0.0000, 0.0000, 0.0000, 0.0000, 0.0000, 0.0000,
    0.0000, 0.0000, 0.0000, 0.0000, 0.0000, 0.0000, 0.0000, 0.0000, 0.0000, 0.0000,
    0.0000, 0.0000, 0.0000, 0.0000, 0.0000, 0.0000, 0.0000, 0.0000, 0.0000, 0.0000,
    0.0000, 0.0000, 0.0000, 0.0000, 0.0000, 0.0000, 0.0000, 0.0000, 0.0000, 0.0000,
  ]

### selfplay/episode_opponent_type_weak
  Total points: 100
  Min: 1.0000, Max: 1.0000, Mean: 1.0000
  Data: [
    1.0000, 1.0000, 1.0000, 1.0000, 1.0000, 1.0000, 1.0000, 1.0000, 1.0000, 1.0000,
    1.0000, 1.0000, 1.0000, 1.0000, 1.0000, 1.0000, 1.0000, 1.0000, 1.0000, 1.0000,
    1.0000, 1.0000, 1.0000, 1.0000, 1.0000, 1.0000, 1.0000, 1.0000, 1.0000, 1.0000,
    1.0000, 1.0000, 1.0000, 1.0000, 1.0000, 1.0000, 1.0000, 1.0000, 1.0000, 1.0000,
    1.0000, 1.0000, 1.0000, 1.0000, 1.0000, 1.0000, 1.0000, 1.0000, 1.0000, 1.0000,
    1.0000, 1.0000, 1.0000, 1.0000, 1.0000, 1.0000, 1.0000, 1.0000, 1.0000, 1.0000,
    1.0000, 1.0000, 1.0000, 1.0000, 1.0000, 1.0000, 1.0000, 1.0000, 1.0000, 1.0000,
    1.0000, 1.0000, 1.0000, 1.0000, 1.0000, 1.0000, 1.0000, 1.0000, 1.0000, 1.0000,
    1.0000, 1.0000, 1.0000, 1.0000, 1.0000, 1.0000, 1.0000, 1.0000, 1.0000, 1.0000,
    1.0000, 1.0000, 1.0000, 1.0000, 1.0000, 1.0000, 1.0000, 1.0000, 1.0000, 1.0000,
  ]

### selfplay/pool_size
  Total points: 100
  Min: 0.0000, Max: 0.0000, Mean: 0.0000
  Data: [
    0.0000, 0.0000, 0.0000, 0.0000, 0.0000, 0.0000, 0.0000, 0.0000, 0.0000, 0.0000,
    0.0000, 0.0000, 0.0000, 0.0000, 0.0000, 0.0000, 0.0000, 0.0000, 0.0000, 0.0000,
    0.0000, 0.0000, 0.0000, 0.0000, 0.0000, 0.0000, 0.0000, 0.0000, 0.0000, 0.0000,
    0.0000, 0.0000, 0.0000, 0.0000, 0.0000, 0.0000, 0.0000, 0.0000, 0.0000, 0.0000,
    0.0000, 0.0000, 0.0000, 0.0000, 0.0000, 0.0000, 0.0000, 0.0000, 0.0000, 0.0000,
    0.0000, 0.0000, 0.0000, 0.0000, 0.0000, 0.0000, 0.0000, 0.0000, 0.0000, 0.0000,
    0.0000, 0.0000, 0.0000, 0.0000, 0.0000, 0.0000, 0.0000, 0.0000, 0.0000, 0.0000,
    0.0000, 0.0000, 0.0000, 0.0000, 0.0000, 0.0000, 0.0000, 0.0000, 0.0000, 0.0000,
    0.0000, 0.0000, 0.0000, 0.0000, 0.0000, 0.0000, 0.0000, 0.0000, 0.0000, 0.0000,
    0.0000, 0.0000, 0.0000, 0.0000, 0.0000, 0.0000, 0.0000, 0.0000, 0.0000, 0.0000,
  ]

### selfplay/weak_ratio_target
  Total points: 100
  Min: 0.5000, Max: 0.5000, Mean: 0.5000
  Data: [
    0.5000, 0.5000, 0.5000, 0.5000, 0.5000, 0.5000, 0.5000, 0.5000, 0.5000, 0.5000,
    0.5000, 0.5000, 0.5000, 0.5000, 0.5000, 0.5000, 0.5000, 0.5000, 0.5000, 0.5000,
    0.5000, 0.5000, 0.5000, 0.5000, 0.5000, 0.5000, 0.5000, 0.5000, 0.5000, 0.5000,
    0.5000, 0.5000, 0.5000, 0.5000, 0.5000, 0.5000, 0.5000, 0.5000, 0.5000, 0.5000,
    0.5000, 0.5000, 0.5000, 0.5000, 0.5000, 0.5000, 0.5000, 0.5000, 0.5000, 0.5000,
    0.5000, 0.5000, 0.5000, 0.5000, 0.5000, 0.5000, 0.5000, 0.5000, 0.5000, 0.5000,
    0.5000, 0.5000, 0.5000, 0.5000, 0.5000, 0.5000, 0.5000, 0.5000, 0.5000, 0.5000,
    0.5000, 0.5000, 0.5000, 0.5000, 0.5000, 0.5000, 0.5000, 0.5000, 0.5000, 0.5000,
    0.5000, 0.5000, 0.5000, 0.5000, 0.5000, 0.5000, 0.5000, 0.5000, 0.5000, 0.5000,
    0.5000, 0.5000, 0.5000, 0.5000, 0.5000, 0.5000, 0.5000, 0.5000, 0.5000, 0.5000,
  ]

### strategic/attack_diversity_bonus
  Total points: 100
  Min: 0.0000, Max: 0.0000, Mean: 0.0000
  Data: [
    0.0000, 0.0000, 0.0000, 0.0000, 0.0000, 0.0000, 0.0000, 0.0000, 0.0000, 0.0000,
    0.0000, 0.0000, 0.0000, 0.0000, 0.0000, 0.0000, 0.0000, 0.0000, 0.0000, 0.0000,
    0.0000, 0.0000, 0.0000, 0.0000, 0.0000, 0.0000, 0.0000, 0.0000, 0.0000, 0.0000,
    0.0000, 0.0000, 0.0000, 0.0000, 0.0000, 0.0000, 0.0000, 0.0000, 0.0000, 0.0000,
    0.0000, 0.0000, 0.0000, 0.0000, 0.0000, 0.0000, 0.0000, 0.0000, 0.0000, 0.0000,
    0.0000, 0.0000, 0.0000, 0.0000, 0.0000, 0.0000, 0.0000, 0.0000, 0.0000, 0.0000,
    0.0000, 0.0000, 0.0000, 0.0000, 0.0000, 0.0000, 0.0000, 0.0000, 0.0000, 0.0000,
    0.0000, 0.0000, 0.0000, 0.0000, 0.0000, 0.0000, 0.0000, 0.0000, 0.0000, 0.0000,
    0.0000, 0.0000, 0.0000, 0.0000, 0.0000, 0.0000, 0.0000, 0.0000, 0.0000, 0.0000,
    0.0000, 0.0000, 0.0000, 0.0000, 0.0000, 0.0000, 0.0000, 0.0000, 0.0000, 0.0000,
  ]

### strategic/attack_sides_unique
  Total points: 100
  Min: 0.0000, Max: 0.0000, Mean: 0.0000
  Data: [
    0.0000, 0.0000, 0.0000, 0.0000, 0.0000, 0.0000, 0.0000, 0.0000, 0.0000, 0.0000,
    0.0000, 0.0000, 0.0000, 0.0000, 0.0000, 0.0000, 0.0000, 0.0000, 0.0000, 0.0000,
    0.0000, 0.0000, 0.0000, 0.0000, 0.0000, 0.0000, 0.0000, 0.0000, 0.0000, 0.0000,
    0.0000, 0.0000, 0.0000, 0.0000, 0.0000, 0.0000, 0.0000, 0.0000, 0.0000, 0.0000,
    0.0000, 0.0000, 0.0000, 0.0000, 0.0000, 0.0000, 0.0000, 0.0000, 0.0000, 0.0000,
    0.0000, 0.0000, 0.0000, 0.0000, 0.0000, 0.0000, 0.0000, 0.0000, 0.0000, 0.0000,
    0.0000, 0.0000, 0.0000, 0.0000, 0.0000, 0.0000, 0.0000, 0.0000, 0.0000, 0.0000,
    0.0000, 0.0000, 0.0000, 0.0000, 0.0000, 0.0000, 0.0000, 0.0000, 0.0000, 0.0000,
    0.0000, 0.0000, 0.0000, 0.0000, 0.0000, 0.0000, 0.0000, 0.0000, 0.0000, 0.0000,
    0.0000, 0.0000, 0.0000, 0.0000, 0.0000, 0.0000, 0.0000, 0.0000, 0.0000, 0.0000,
  ]

### strategic/forcing_bonus
  Total points: 100
  Min: 0.0000, Max: 0.0000, Mean: 0.0000
  Data: [
    0.0000, 0.0000, 0.0000, 0.0000, 0.0000, 0.0000, 0.0000, 0.0000, 0.0000, 0.0000,
    0.0000, 0.0000, 0.0000, 0.0000, 0.0000, 0.0000, 0.0000, 0.0000, 0.0000, 0.0000,
    0.0000, 0.0000, 0.0000, 0.0000, 0.0000, 0.0000, 0.0000, 0.0000, 0.0000, 0.0000,
    0.0000, 0.0000, 0.0000, 0.0000, 0.0000, 0.0000, 0.0000, 0.0000, 0.0000, 0.0000,
    0.0000, 0.0000, 0.0000, 0.0000, 0.0000, 0.0000, 0.0000, 0.0000, 0.0000, 0.0000,
    0.0000, 0.0000, 0.0000, 0.0000, 0.0000, 0.0000, 0.0000, 0.0000, 0.0000, 0.0000,
    0.0000, 0.0000, 0.0000, 0.0000, 0.0000, 0.0000, 0.0000, 0.0000, 0.0000, 0.0000,
    0.0000, 0.0000, 0.0000, 0.0000, 0.0000, 0.0000, 0.0000, 0.0000, 0.0000, 0.0000,
    0.0000, 0.0000, 0.0000, 0.0000, 0.0000, 0.0000, 0.0000, 0.0000, 0.0000, 0.0000,
    0.0000, 0.0000, 0.0000, 0.0000, 0.0000, 0.0000, 0.0000, 0.0000, 0.0000, 0.0000,
  ]

### strategic/opponent_avg_movement
  Total points: 100
  Min: 0.0000, Max: 0.0000, Mean: 0.0000
  Data: [
    0.0000, 0.0000, 0.0000, 0.0000, 0.0000, 0.0000, 0.0000, 0.0000, 0.0000, 0.0000,
    0.0000, 0.0000, 0.0000, 0.0000, 0.0000, 0.0000, 0.0000, 0.0000, 0.0000, 0.0000,
    0.0000, 0.0000, 0.0000, 0.0000, 0.0000, 0.0000, 0.0000, 0.0000, 0.0000, 0.0000,
    0.0000, 0.0000, 0.0000, 0.0000, 0.0000, 0.0000, 0.0000, 0.0000, 0.0000, 0.0000,
    0.0000, 0.0000, 0.0000, 0.0000, 0.0000, 0.0000, 0.0000, 0.0000, 0.0000, 0.0000,
    0.0000, 0.0000, 0.0000, 0.0000, 0.0000, 0.0000, 0.0000, 0.0000, 0.0000, 0.0000,
    0.0000, 0.0000, 0.0000, 0.0000, 0.0000, 0.0000, 0.0000, 0.0000, 0.0000, 0.0000,
    0.0000, 0.0000, 0.0000, 0.0000, 0.0000, 0.0000, 0.0000, 0.0000, 0.0000, 0.0000,
    0.0000, 0.0000, 0.0000, 0.0000, 0.0000, 0.0000, 0.0000, 0.0000, 0.0000, 0.0000,
    0.0000, 0.0000, 0.0000, 0.0000, 0.0000, 0.0000, 0.0000, 0.0000, 0.0000, 0.0000,
  ]

### strategic/opponent_total_movement
  Total points: 100
  Min: 0.0000, Max: 0.0000, Mean: 0.0000
  Data: [
    0.0000, 0.0000, 0.0000, 0.0000, 0.0000, 0.0000, 0.0000, 0.0000, 0.0000, 0.0000,
    0.0000, 0.0000, 0.0000, 0.0000, 0.0000, 0.0000, 0.0000, 0.0000, 0.0000, 0.0000,
    0.0000, 0.0000, 0.0000, 0.0000, 0.0000, 0.0000, 0.0000, 0.0000, 0.0000, 0.0000,
    0.0000, 0.0000, 0.0000, 0.0000, 0.0000, 0.0000, 0.0000, 0.0000, 0.0000, 0.0000,
    0.0000, 0.0000, 0.0000, 0.0000, 0.0000, 0.0000, 0.0000, 0.0000, 0.0000, 0.0000,
    0.0000, 0.0000, 0.0000, 0.0000, 0.0000, 0.0000, 0.0000, 0.0000, 0.0000, 0.0000,
    0.0000, 0.0000, 0.0000, 0.0000, 0.0000, 0.0000, 0.0000, 0.0000, 0.0000, 0.0000,
    0.0000, 0.0000, 0.0000, 0.0000, 0.0000, 0.0000, 0.0000, 0.0000, 0.0000, 0.0000,
    0.0000, 0.0000, 0.0000, 0.0000, 0.0000, 0.0000, 0.0000, 0.0000, 0.0000, 0.0000,
    0.0000, 0.0000, 0.0000, 0.0000, 0.0000, 0.0000, 0.0000, 0.0000, 0.0000, 0.0000,
  ]

### strategic/shot_quality_ratio
  Total points: 100
  Min: 0.0000, Max: 0.0000, Mean: 0.0000
  Data: [
    0.0000, 0.0000, 0.0000, 0.0000, 0.0000, 0.0000, 0.0000, 0.0000, 0.0000, 0.0000,
    0.0000, 0.0000, 0.0000, 0.0000, 0.0000, 0.0000, 0.0000, 0.0000, 0.0000, 0.0000,
    0.0000, 0.0000, 0.0000, 0.0000, 0.0000, 0.0000, 0.0000, 0.0000, 0.0000, 0.0000,
    0.0000, 0.0000, 0.0000, 0.0000, 0.0000, 0.0000, 0.0000, 0.0000, 0.0000, 0.0000,
    0.0000, 0.0000, 0.0000, 0.0000, 0.0000, 0.0000, 0.0000, 0.0000, 0.0000, 0.0000,
    0.0000, 0.0000, 0.0000, 0.0000, 0.0000, 0.0000, 0.0000, 0.0000, 0.0000, 0.0000,
    0.0000, 0.0000, 0.0000, 0.0000, 0.0000, 0.0000, 0.0000, 0.0000, 0.0000, 0.0000,
    0.0000, 0.0000, 0.0000, 0.0000, 0.0000, 0.0000, 0.0000, 0.0000, 0.0000, 0.0000,
    0.0000, 0.0000, 0.0000, 0.0000, 0.0000, 0.0000, 0.0000, 0.0000, 0.0000, 0.0000,
    0.0000, 0.0000, 0.0000, 0.0000, 0.0000, 0.0000, 0.0000, 0.0000, 0.0000, 0.0000,
  ]

### strategic/shots_blocked
  Total points: 100
  Min: 0.0000, Max: 0.0000, Mean: 0.0000
  Data: [
    0.0000, 0.0000, 0.0000, 0.0000, 0.0000, 0.0000, 0.0000, 0.0000, 0.0000, 0.0000,
    0.0000, 0.0000, 0.0000, 0.0000, 0.0000, 0.0000, 0.0000, 0.0000, 0.0000, 0.0000,
    0.0000, 0.0000, 0.0000, 0.0000, 0.0000, 0.0000, 0.0000, 0.0000, 0.0000, 0.0000,
    0.0000, 0.0000, 0.0000, 0.0000, 0.0000, 0.0000, 0.0000, 0.0000, 0.0000, 0.0000,
    0.0000, 0.0000, 0.0000, 0.0000, 0.0000, 0.0000, 0.0000, 0.0000, 0.0000, 0.0000,
    0.0000, 0.0000, 0.0000, 0.0000, 0.0000, 0.0000, 0.0000, 0.0000, 0.0000, 0.0000,
    0.0000, 0.0000, 0.0000, 0.0000, 0.0000, 0.0000, 0.0000, 0.0000, 0.0000, 0.0000,
    0.0000, 0.0000, 0.0000, 0.0000, 0.0000, 0.0000, 0.0000, 0.0000, 0.0000, 0.0000,
    0.0000, 0.0000, 0.0000, 0.0000, 0.0000, 0.0000, 0.0000, 0.0000, 0.0000, 0.0000,
    0.0000, 0.0000, 0.0000, 0.0000, 0.0000, 0.0000, 0.0000, 0.0000, 0.0000, 0.0000,
  ]

### strategic/shots_clear
  Total points: 100
  Min: 0.0000, Max: 0.0000, Mean: 0.0000
  Data: [
    0.0000, 0.0000, 0.0000, 0.0000, 0.0000, 0.0000, 0.0000, 0.0000, 0.0000, 0.0000,
    0.0000, 0.0000, 0.0000, 0.0000, 0.0000, 0.0000, 0.0000, 0.0000, 0.0000, 0.0000,
    0.0000, 0.0000, 0.0000, 0.0000, 0.0000, 0.0000, 0.0000, 0.0000, 0.0000, 0.0000,
    0.0000, 0.0000, 0.0000, 0.0000, 0.0000, 0.0000, 0.0000, 0.0000, 0.0000, 0.0000,
    0.0000, 0.0000, 0.0000, 0.0000, 0.0000, 0.0000, 0.0000, 0.0000, 0.0000, 0.0000,
    0.0000, 0.0000, 0.0000, 0.0000, 0.0000, 0.0000, 0.0000, 0.0000, 0.0000, 0.0000,
    0.0000, 0.0000, 0.0000, 0.0000, 0.0000, 0.0000, 0.0000, 0.0000, 0.0000, 0.0000,
    0.0000, 0.0000, 0.0000, 0.0000, 0.0000, 0.0000, 0.0000, 0.0000, 0.0000, 0.0000,
    0.0000, 0.0000, 0.0000, 0.0000, 0.0000, 0.0000, 0.0000, 0.0000, 0.0000, 0.0000,
    0.0000, 0.0000, 0.0000, 0.0000, 0.0000, 0.0000, 0.0000, 0.0000, 0.0000, 0.0000,
  ]

### training/avg_episode_length
  Total points: 100
  Min: 68.8000, Max: 230.8000, Mean: 163.5370
  Data: [
    230.7000, 146.0000, 166.9000, 171.7000, 168.0000, 162.3000, 184.6000, 161.0000, 143.9000, 207.0000,
    156.5000, 128.6000, 161.1000, 170.7000, 161.5000, 154.6000, 146.1000, 167.1000, 180.1000, 181.2000,
    169.5000, 197.6000, 155.6000, 172.5000, 208.1000, 203.0000, 123.5000, 142.5000, 166.5000, 186.8000,
    179.8000, 169.8000, 134.3000, 170.0000, 171.1000, 160.3000, 183.6000, 196.0000, 130.0000, 227.8000,
    160.0000, 139.2000, 160.9000, 106.4000, 133.1000, 138.6000, 124.7000, 107.5000, 193.1000, 197.5000,
    167.3000, 176.7000, 227.2000, 129.6000, 210.2000, 171.2000, 115.6000, 183.9000, 155.7000, 119.4000,
    155.9000, 113.5000, 135.1000, 164.3000, 230.8000, 119.5000, 187.2000, 130.1000, 68.8000, 189.6000,
    145.4000, 165.4000, 148.6000, 179.0000, 157.7000, 164.4000, 175.4000, 151.6000, 215.2000, 141.2000,
    180.1000, 134.7000, 153.7000, 230.0000, 155.4000, 141.4000, 184.0000, 174.5000, 161.5000, 148.0000,
    192.6000, 151.5000, 151.2000, 164.7000, 112.8000, 178.5000, 126.7000, 159.3000, 189.7000, 209.0000,
  ]

### training/calls_per_episode
  Total points: 100
  Min: 0.0000, Max: 0.0000, Mean: 0.0000
  Data: [
    0.0000, 0.0000, 0.0000, 0.0000, 0.0000, 0.0000, 0.0000, 0.0000, 0.0000, 0.0000,
    0.0000, 0.0000, 0.0000, 0.0000, 0.0000, 0.0000, 0.0000, 0.0000, 0.0000, 0.0000,
    0.0000, 0.0000, 0.0000, 0.0000, 0.0000, 0.0000, 0.0000, 0.0000, 0.0000, 0.0000,
    0.0000, 0.0000, 0.0000, 0.0000, 0.0000, 0.0000, 0.0000, 0.0000, 0.0000, 0.0000,
    0.0000, 0.0000, 0.0000, 0.0000, 0.0000, 0.0000, 0.0000, 0.0000, 0.0000, 0.0000,
    0.0000, 0.0000, 0.0000, 0.0000, 0.0000, 0.0000, 0.0000, 0.0000, 0.0000, 0.0000,
    0.0000, 0.0000, 0.0000, 0.0000, 0.0000, 0.0000, 0.0000, 0.0000, 0.0000, 0.0000,
    0.0000, 0.0000, 0.0000, 0.0000, 0.0000, 0.0000, 0.0000, 0.0000, 0.0000, 0.0000,
    0.0000, 0.0000, 0.0000, 0.0000, 0.0000, 0.0000, 0.0000, 0.0000, 0.0000, 0.0000,
    0.0000, 0.0000, 0.0000, 0.0000, 0.0000, 0.0000, 0.0000, 0.0000, 0.0000, 0.0000,
  ]

### training/episode
  Total points: 100
  Min: 50.0000, Max: 24500.0000, Mean: 12296.0000
  Data: [
    50.0000, 100.0000, 200.0000, 250.0000, 300.0000, 350.0000, 400.0000, 450.0000, 500.0000, 550.0000,
    600.0000, 650.0000, 700.0000, 750.0000, 800.0000, 850.0000, 900.0000, 950.0000, 1000.0000, 1050.0000,
    1100.0000, 1150.0000, 1200.0000, 1250.0000, 1300.0000, 1350.0000, 1400.0000, 1450.0000, 1500.0000, 1550.0000,
    1600.0000, 1650.0000, 1700.0000, 1750.0000, 1800.0000, 1850.0000, 1900.0000, 1950.0000, 2000.0000, 2050.0000,
    2100.0000, 2150.0000, 2200.0000, 2250.0000, 2300.0000, 2350.0000, 2400.0000, 2450.0000, 2500.0000, 2550.0000,
    22000.0000, 22050.0000, 22100.0000, 22150.0000, 22200.0000, 22250.0000, 22350.0000, 22400.0000, 22450.0000, 22500.0000,
    22550.0000, 22600.0000, 22650.0000, 22700.0000, 22750.0000, 22800.0000, 22850.0000, 22900.0000, 22950.0000, 23000.0000,
    23050.0000, 23100.0000, 23150.0000, 23200.0000, 23250.0000, 23300.0000, 23350.0000, 23400.0000, 23450.0000, 23500.0000,
    23550.0000, 23600.0000, 23650.0000, 23700.0000, 23750.0000, 23800.0000, 23850.0000, 23900.0000, 23950.0000, 24000.0000,
    24050.0000, 24100.0000, 24150.0000, 24200.0000, 24250.0000, 24300.0000, 24350.0000, 24400.0000, 24450.0000, 24500.0000,
  ]

### training/eps_per_sec
  Total points: 100
  Min: 0.3382, Max: 8.1752, Mean: 3.2741
  Data: [
    6.4985, 7.6654, 7.1260, 7.7968, 7.4071, 7.5125, 7.6381, 7.1243, 7.5177, 6.9909,
    7.4194, 8.1530, 7.8908, 7.6175, 7.9414, 7.5947, 7.8880, 7.7103, 7.5718, 0.6540,
    7.9537, 7.1756, 7.6434, 7.7667, 7.5421, 7.2239, 7.3558, 7.7989, 7.6786, 7.7857,
    7.1738, 8.1752, 7.3232, 7.1365, 7.7156, 7.3049, 7.2175, 7.4119, 4.6898, 0.3382,
    0.7652, 0.7711, 0.7162, 0.9042, 0.8523, 0.9273, 1.0029, 0.8630, 0.8385, 0.8060,
    0.7547, 0.3756, 0.6927, 0.7607, 0.6397, 0.7601, 0.7100, 0.6697, 0.7660, 0.8105,
    0.6657, 0.7429, 0.7818, 0.6194, 0.6922, 0.7684, 0.7848, 0.7986, 0.7449, 0.6303,
    0.4578, 0.7265, 0.7645, 0.7529, 0.7001, 0.6564, 0.7274, 0.6748, 0.6404, 0.7415,
    0.7625, 0.8372, 0.7530, 0.7053, 0.7157, 0.8100, 0.7349, 0.6472, 0.7021, 0.7170,
    0.3463, 0.6787, 0.7445, 0.6065, 0.6826, 0.6889, 0.7719, 0.6920, 0.6000, 0.6316,
  ]

### training/epsilon
  Total points: 100
  Min: 0.2937, Max: 0.9975, Mean: 0.6246
  Data: [
    0.9975, 0.9950, 0.9900, 0.9876, 0.9851, 0.9827, 0.9802, 0.9778, 0.9753, 0.9729,
    0.9704, 0.9680, 0.9656, 0.9632, 0.9608, 0.9584, 0.9560, 0.9536, 0.9512, 0.9489,
    0.9465, 0.9441, 0.9418, 0.9394, 0.9371, 0.9347, 0.9324, 0.9301, 0.9277, 0.9254,
    0.9231, 0.9208, 0.9185, 0.9162, 0.9139, 0.9116, 0.9094, 0.9071, 0.9048, 0.9026,
    0.9003, 0.8981, 0.8958, 0.8936, 0.8914, 0.8891, 0.8869, 0.8847, 0.8825, 0.8803,
    0.3329, 0.3320, 0.3312, 0.3304, 0.3295, 0.3287, 0.3271, 0.3263, 0.3255, 0.3246,
    0.3238, 0.3230, 0.3222, 0.3214, 0.3206, 0.3198, 0.3190, 0.3182, 0.3174, 0.3166,
    0.3158, 0.3150, 0.3143, 0.3135, 0.3127, 0.3119, 0.3111, 0.3104, 0.3096, 0.3088,
    0.3080, 0.3073, 0.3065, 0.3057, 0.3050, 0.3042, 0.3035, 0.3027, 0.3019, 0.3012,
    0.3004, 0.2997, 0.2989, 0.2982, 0.2974, 0.2967, 0.2960, 0.2952, 0.2945, 0.2937,
  ]

### training/pbrs_enabled
  Total points: 100
  Min: 1.0000, Max: 1.0000, Mean: 1.0000
  Data: [
    1.0000, 1.0000, 1.0000, 1.0000, 1.0000, 1.0000, 1.0000, 1.0000, 1.0000, 1.0000,
    1.0000, 1.0000, 1.0000, 1.0000, 1.0000, 1.0000, 1.0000, 1.0000, 1.0000, 1.0000,
    1.0000, 1.0000, 1.0000, 1.0000, 1.0000, 1.0000, 1.0000, 1.0000, 1.0000, 1.0000,
    1.0000, 1.0000, 1.0000, 1.0000, 1.0000, 1.0000, 1.0000, 1.0000, 1.0000, 1.0000,
    1.0000, 1.0000, 1.0000, 1.0000, 1.0000, 1.0000, 1.0000, 1.0000, 1.0000, 1.0000,
    1.0000, 1.0000, 1.0000, 1.0000, 1.0000, 1.0000, 1.0000, 1.0000, 1.0000, 1.0000,
    1.0000, 1.0000, 1.0000, 1.0000, 1.0000, 1.0000, 1.0000, 1.0000, 1.0000, 1.0000,
    1.0000, 1.0000, 1.0000, 1.0000, 1.0000, 1.0000, 1.0000, 1.0000, 1.0000, 1.0000,
    1.0000, 1.0000, 1.0000, 1.0000, 1.0000, 1.0000, 1.0000, 1.0000, 1.0000, 1.0000,
    1.0000, 1.0000, 1.0000, 1.0000, 1.0000, 1.0000, 1.0000, 1.0000, 1.0000, 1.0000,
  ]

### training/tie_penalty
  Total points: 100
  Min: -1.5000, Max: 0.0000, Mean: -0.4950
  Data: [
    0.0000, 0.0000, 0.0000, 0.0000, 0.0000, 0.0000, 0.0000, 0.0000, 0.0000, 0.0000,
    -1.5000, 0.0000, 0.0000, 0.0000, 0.0000, 0.0000, 0.0000, 0.0000, -1.5000, -1.5000,
    0.0000, 0.0000, 0.0000, 0.0000, -1.5000, 0.0000, 0.0000, 0.0000, 0.0000, -1.5000,
    0.0000, 0.0000, 0.0000, -1.5000, 0.0000, -1.5000, 0.0000, 0.0000, -1.5000, -1.5000,
    -1.5000, 0.0000, -1.5000, 0.0000, -1.5000, 0.0000, 0.0000, 0.0000, -1.5000, 0.0000,
    -1.5000, 0.0000, -1.5000, 0.0000, -1.5000, 0.0000, -1.5000, 0.0000, 0.0000, 0.0000,
    0.0000, 0.0000, 0.0000, -1.5000, -1.5000, -1.5000, -1.5000, 0.0000, 0.0000, -1.5000,
    -1.5000, 0.0000, 0.0000, -1.5000, -1.5000, 0.0000, -1.5000, 0.0000, -1.5000, 0.0000,
    0.0000, 0.0000, -1.5000, -1.5000, 0.0000, -1.5000, 0.0000, 0.0000, 0.0000, 0.0000,
    -1.5000, 0.0000, 0.0000, 0.0000, 0.0000, 0.0000, 0.0000, 0.0000, -1.5000, -1.5000,
  ]

### values/Q_avg
  Total points: 100
  Min: -0.9876, Max: 4.9985, Mean: 2.0388
  Data: [
    4.9955, 4.9615, 4.9836, 4.9816, 4.9857, 4.9799, 4.9861, 4.9673, 4.9893, 4.9828,
    4.9832, 4.9628, 4.9813, 4.9795, 4.9732, 4.9870, 4.9834, 4.9718, 4.9985, 4.8236,
    3.1268, 2.4648, 2.2585, 1.6084, 3.2935, 2.7796, 1.0310, 0.8762, 1.9222, 1.1622,
    0.5717, 1.1315, 0.2363, 0.3209, 1.0033, 0.8460, 1.8558, 1.3876, 0.9569, 1.1829,
    0.8313, 1.4422, 1.3339, -0.2916, -0.2518, -0.3537, -0.2305, -0.2079, 0.9945, 0.6077,
    1.8415, 1.2848, 2.3333, 1.5971, 2.4803, 1.8168, 2.2327, 0.5305, 1.6679, 2.6091,
    2.0618, 1.6261, 1.1462, 2.0621, 1.0077, 3.5706, 2.3654, 2.3506, 3.0900, 2.1441,
    1.1829, 1.9744, 2.4068, 1.2725, 0.2962, 2.2907, 1.6482, 1.9732, 1.6080, 1.6340,
    1.8037, 1.5395, -0.9876, 1.0112, 1.6063, 0.0769, 0.4242, 0.1951, 1.8827, 0.8769,
    1.1713, 0.4451, 0.3255, 0.1256, 1.5172, 0.7288, 0.5258, 1.3783, 0.1422, -0.3603,
  ]

### values/Q_max
  Total points: 100
  Min: 5.1403, Max: 17.7805, Mean: 12.2808
  Data: [
    5.1876, 5.1891, 5.2259, 5.1708, 5.1829, 5.2211, 5.1596, 5.2468, 5.1863, 5.1803,
    5.2094, 5.1784, 5.2362, 5.1896, 5.1950, 5.2342, 5.2270, 5.1461, 5.1841, 5.1403,
    9.6346, 12.2339, 11.3346, 12.2501, 15.1996, 15.7766, 10.4172, 13.5653, 12.5392, 13.7079,
    17.7805, 16.9772, 15.5684, 14.1016, 15.0539, 16.9922, 16.6418, 13.3705, 15.7196, 14.2085,
    10.9442, 15.7854, 15.0137, 12.2850, 9.4131, 15.5844, 16.2007, 10.0804, 16.7740, 15.2942,
    16.5859, 14.0443, 14.7576, 14.3504, 15.7060, 14.1553, 15.0391, 14.2196, 14.5128, 15.3050,
    14.8677, 15.7074, 13.4994, 16.0692, 15.1895, 16.0335, 14.6649, 14.1650, 14.8183, 14.9611,
    13.6647, 13.3773, 14.2613, 15.8030, 14.7238, 14.0843, 14.3115, 14.5281, 14.1495, 13.6202,
    13.1187, 12.2886, 14.2343, 13.7661, 12.5681, 13.4472, 13.3332, 13.6332, 13.6044, 14.4810,
    14.2356, 12.7560, 12.6089, 12.6290, 12.8738, 12.7247, 12.3127, 12.5726, 12.7742, 12.5997,
  ]

### values/Q_min
  Total points: 100
  Min: -16.9180, Max: 4.8012, Mean: -8.2714
  Data: [
    4.7501, 4.7276, 4.7194, 4.6816, 4.7383, 4.7388, 4.7674, 4.7635, 4.7360, 4.7188,
    4.7196, 4.8000, 4.6652, 4.8012, 4.7679, 4.7533, 4.6730, 4.7124, 4.7796, 4.6036,
    -3.7461, -4.2553, -8.7160, -8.1794, -7.2041, -6.9266, -8.1670, -6.9863, -11.5571, -5.8191,
    -6.5461, -10.6153, -9.2708, -9.6203, -7.3071, -8.2801, -7.6748, -9.4820, -8.2966, -7.4745,
    -9.6534, -9.1800, -8.2278, -8.8803, -10.9010, -9.0766, -8.6777, -8.6182, -9.2645, -7.7150,
    -13.0250, -12.6978, -13.0656, -12.2314, -12.0328, -14.1620, -12.2402, -12.2259, -12.1782, -15.0608,
    -14.0516, -11.7472, -13.9766, -10.6357, -12.4698, -12.5379, -11.3194, -11.2927, -11.8309, -14.3112,
    -12.3681, -13.3951, -14.0262, -13.5765, -13.6700, -10.6579, -11.5388, -14.6463, -13.7295, -15.0647,
    -15.5716, -13.4437, -14.0835, -12.6534, -13.1507, -14.1525, -13.8238, -16.9180, -13.0446, -15.7389,
    -13.9954, -14.9017, -15.4488, -16.5695, -10.1580, -15.6959, -15.1620, -14.6282, -15.4184, -15.1147,
  ]

### values/Q_std
  Total points: 100
  Min: 0.0866, Max: 7.4333, Mean: 4.6729
  Data: [
    0.1045, 0.1010, 0.0882, 0.0905, 0.0960, 0.0998, 0.0938, 0.0903, 0.0985, 0.0924,
    0.0935, 0.0866, 0.1004, 0.0967, 0.0936, 0.0969, 0.1027, 0.0972, 0.0908, 0.1262,
    2.6362, 2.6415, 3.3550, 4.1738, 4.5009, 4.2954, 4.1811, 4.3394, 4.8496, 4.0750,
    5.0062, 5.0701, 5.3359, 5.2046, 5.0877, 5.5646, 5.9089, 4.7935, 5.1002, 4.6828,
    4.4864, 5.3733, 4.6301, 4.3839, 4.6011, 4.6285, 4.6528, 4.5590, 4.9165, 4.6032,
    6.5669, 6.3290, 6.4917, 6.4589, 6.6114, 6.6254, 5.8287, 6.0549, 6.4647, 6.8880,
    6.3284, 7.1545, 6.6694, 7.2561, 6.5807, 6.3543, 6.4649, 6.1654, 6.9355, 6.9711,
    6.4216, 6.5250, 6.7714, 6.3729, 7.2126, 6.1937, 5.9497, 6.6411, 6.7072, 6.7821,
    6.2120, 6.1248, 6.4838, 6.5397, 6.2610, 6.7327, 7.3125, 6.6521, 6.8530, 6.2297,
    6.3736, 6.0145, 6.8938, 6.4853, 5.5448, 7.3865, 6.5610, 5.9369, 6.9039, 7.4333,
  ]
