================================================================================
W&B RUN DATA: 1.0-0.03-new-rsTD3-Hockey-NORMAL-weak-lr0.0010-seed42
================================================================================

## RUN METADATA
Run ID: 9lzgp8s8
Created: 2026-01-16T19:00:36Z
State: running
Duration: 7095.784746118 seconds

## CONFIGURATION
  algorithm: TD3
  mode: NORMAL
  opponent: weak
  learning_rate_actor: 0.001
  learning_rate_critic: 0.001
  batch_size: 100
  buffer_size: 1000000
  max_episodes: 100000
  random_seed: 42
  self_play_start: 0
  self_play_pool_size: 25
  gamma: 0.99
  tau: 0.005

## FINAL SUMMARY

## NOTE: Data discretized to fit 100000 char limit
  Showing ~50 points per metric (of 446 total)

## METRICS DATA

### behavior/action_magnitude_avg
  Total points: 100
  Min: 0.9422, Max: 1.1537, Mean: 1.0537
  Data: [
    0.9695, 0.9771, 0.9822, 0.9821, 0.9762, 0.9600, 0.9620, 0.9749, 0.9922, 0.9738,
    0.9666, 0.9669, 0.9637, 0.9622, 0.9718, 0.9707, 0.9544, 0.9570, 0.9839, 0.9692,
    0.9489, 0.9806, 1.0023, 0.9809, 0.9682, 0.9830, 0.9648, 0.9672, 0.9748, 0.9709,
    0.9646, 0.9587, 0.9679, 0.9727, 0.9662, 0.9867, 0.9714, 0.9583, 0.9481, 0.9691,
    0.9753, 0.9830, 0.9598, 0.9422, 0.9619, 0.9583, 0.9654, 0.9722, 0.9663, 0.9760,
    1.1298, 1.1295, 1.1348, 1.1318, 1.1398, 1.1395, 1.1374, 1.1217, 1.1262, 1.1394,
    1.1371, 1.1444, 1.1448, 1.1257, 1.1340, 1.1412, 1.1356, 1.1426, 1.1479, 1.1389,
    1.1450, 1.1366, 1.1317, 1.1418, 1.1467, 1.1467, 1.1517, 1.1231, 1.1501, 1.1390,
    1.1265, 1.1373, 1.1537, 1.1337, 1.1369, 1.1396, 1.1404, 1.1294, 1.1411, 1.1330,
    1.1323, 1.1291, 1.1425, 1.1173, 1.1527, 1.1422, 1.1494, 1.1411, 1.1373, 1.1405,
  ]

### behavior/action_magnitude_max
  Total points: 100
  Min: 1.4115, Max: 1.4142, Mean: 1.4142
  Data: [
    1.4142, 1.4142, 1.4142, 1.4142, 1.4142, 1.4142, 1.4142, 1.4142, 1.4142, 1.4142,
    1.4142, 1.4142, 1.4142, 1.4142, 1.4142, 1.4142, 1.4142, 1.4142, 1.4142, 1.4142,
    1.4142, 1.4142, 1.4142, 1.4142, 1.4142, 1.4142, 1.4142, 1.4142, 1.4142, 1.4142,
    1.4115, 1.4142, 1.4142, 1.4142, 1.4142, 1.4142, 1.4142, 1.4142, 1.4142, 1.4142,
    1.4142, 1.4142, 1.4142, 1.4142, 1.4142, 1.4142, 1.4142, 1.4142, 1.4142, 1.4142,
    1.4142, 1.4142, 1.4142, 1.4142, 1.4142, 1.4142, 1.4142, 1.4142, 1.4142, 1.4142,
    1.4142, 1.4142, 1.4142, 1.4142, 1.4142, 1.4142, 1.4142, 1.4142, 1.4142, 1.4142,
    1.4142, 1.4142, 1.4142, 1.4142, 1.4142, 1.4142, 1.4142, 1.4142, 1.4142, 1.4142,
    1.4142, 1.4142, 1.4142, 1.4142, 1.4142, 1.4142, 1.4142, 1.4142, 1.4142, 1.4142,
    1.4142, 1.4142, 1.4142, 1.4142, 1.4142, 1.4142, 1.4142, 1.4142, 1.4142, 1.4142,
  ]

### behavior/dist_to_puck_avg
  Total points: 100
  Min: 1.9034, Max: 3.7961, Mean: 2.7715
  Data: [
    3.2998, 3.4156, 3.2361, 3.4596, 3.7961, 3.7151, 3.2698, 3.2188, 3.5357, 3.1220,
    3.4413, 3.4585, 3.2783, 3.3970, 3.3539, 3.6541, 3.4368, 3.4432, 3.1583, 3.0435,
    3.1285, 3.2119, 3.2188, 3.3371, 3.6288, 3.1876, 3.1733, 3.3527, 3.2645, 3.0650,
    3.3286, 3.7029, 2.9882, 3.3970, 3.4509, 3.5733, 3.3846, 3.2570, 3.3855, 3.2241,
    3.2723, 3.6257, 3.7739, 3.5029, 3.1198, 3.3976, 3.4773, 3.3926, 3.1071, 3.7662,
    2.0113, 2.0691, 2.1677, 2.2683, 1.9701, 2.1241, 2.1641, 2.0295, 2.0289, 2.1134,
    2.2099, 2.1385, 2.2149, 2.1461, 2.1644, 2.2265, 2.1480, 2.2510, 2.0807, 2.1775,
    2.1623, 2.3457, 2.2580, 2.3122, 2.1101, 2.3040, 2.1588, 2.0353, 2.1623, 2.3047,
    2.0377, 2.1816, 2.1435, 1.9034, 2.0431, 2.0629, 2.1425, 2.2341, 2.2357, 2.0997,
    2.2520, 2.0470, 2.2419, 2.4142, 2.3001, 2.2375, 2.4937, 2.3488, 2.2319, 2.2096,
  ]

### behavior/dist_to_puck_min
  Total points: 100
  Min: 0.1848, Max: 1.4383, Mean: 0.6257
  Data: [
    1.2204, 1.2570, 0.8168, 1.0352, 1.2412, 1.2494, 0.9980, 1.1177, 0.9322, 1.3435,
    1.0172, 1.2822, 0.9612, 0.6718, 0.9156, 1.0715, 1.1751, 1.3511, 0.6935, 1.2811,
    0.7611, 0.8693, 0.9005, 1.4383, 0.8175, 0.8556, 0.8166, 1.2937, 0.9085, 0.6443,
    0.7352, 0.9327, 0.7204, 0.9060, 1.1986, 1.3005, 0.8286, 0.8236, 0.8178, 0.6496,
    0.9813, 1.0129, 1.3388, 1.1663, 1.2754, 0.8101, 0.8764, 0.6286, 0.8431, 0.8408,
    0.2524, 0.2568, 0.2523, 0.2410, 0.3011, 0.2893, 0.2705, 0.2674, 0.2324, 0.2428,
    0.2252, 0.2392, 0.2346, 0.3026, 0.2203, 0.2047, 0.2597, 0.2330, 0.2807, 0.2814,
    0.3048, 0.2681, 0.2102, 0.2668, 0.2681, 0.2412, 0.2431, 0.2040, 0.1885, 0.2386,
    0.2459, 0.3172, 0.2148, 0.2845, 0.2912, 0.2928, 0.2622, 0.2270, 0.2528, 0.3513,
    0.2836, 0.2648, 0.2484, 0.1848, 0.2752, 0.3164, 0.3429, 0.2368, 0.2912, 0.2435,
  ]

### behavior/distance_traveled
  Total points: 100
  Min: 8.6042, Max: 22.3099, Mean: 13.5122
  Data: [
    11.6726, 12.4372, 12.6677, 13.7163, 9.4966, 13.9438, 9.6287, 11.4565, 9.6461, 9.7581,
    12.9670, 10.5497, 12.9881, 10.8969, 11.1811, 12.7117, 13.8477, 12.9725, 9.9839, 11.0180,
    8.6042, 11.1423, 9.2639, 9.6845, 13.5196, 12.3426, 11.4496, 10.5023, 10.9703, 10.3123,
    10.6435, 13.0073, 11.8181, 11.6583, 11.3262, 10.6168, 13.0383, 11.4218, 11.0384, 13.2020,
    10.3399, 10.1600, 14.7270, 12.8519, 10.3587, 13.4431, 11.6842, 10.6889, 10.5302, 10.8760,
    15.6135, 13.6640, 13.3634, 14.4683, 12.8779, 16.5130, 12.4809, 13.0556, 17.3625, 12.1513,
    19.2416, 13.3350, 15.3842, 13.8035, 17.3737, 22.3099, 18.0297, 16.3467, 14.2319, 17.6822,
    13.3572, 18.9328, 18.3388, 18.2841, 15.3710, 12.3084, 16.2786, 15.7934, 16.7199, 17.7411,
    15.4157, 14.2959, 17.2711, 10.1316, 14.5112, 13.5817, 18.0509, 12.6678, 15.5745, 15.4685,
    14.3495, 14.6802, 17.0156, 19.4382, 14.1105, 11.8346, 13.8818, 17.1417, 14.3208, 20.3000,
  ]

### behavior/lazy_action_ratio
  Total points: 100
  Min: 0.0000, Max: 0.0126, Mean: 0.0032
  Data: [
    0.0020, 0.0064, 0.0020, 0.0030, 0.0073, 0.0036, 0.0042, 0.0077, 0.0023, 0.0024,
    0.0087, 0.0086, 0.0064, 0.0033, 0.0030, 0.0051, 0.0038, 0.0028, 0.0031, 0.0040,
    0.0126, 0.0049, 0.0046, 0.0052, 0.0042, 0.0091, 0.0055, 0.0038, 0.0039, 0.0055,
    0.0077, 0.0079, 0.0036, 0.0026, 0.0073, 0.0029, 0.0076, 0.0036, 0.0024, 0.0024,
    0.0027, 0.0087, 0.0019, 0.0069, 0.0046, 0.0055, 0.0077, 0.0038, 0.0064, 0.0042,
    0.0008, 0.0030, 0.0012, 0.0000, 0.0012, 0.0022, 0.0004, 0.0004, 0.0025, 0.0017,
    0.0006, 0.0000, 0.0013, 0.0009, 0.0025, 0.0004, 0.0030, 0.0004, 0.0000, 0.0004,
    0.0020, 0.0023, 0.0004, 0.0018, 0.0008, 0.0008, 0.0008, 0.0014, 0.0012, 0.0019,
    0.0004, 0.0043, 0.0000, 0.0010, 0.0020, 0.0021, 0.0027, 0.0058, 0.0005, 0.0004,
    0.0005, 0.0030, 0.0010, 0.0015, 0.0016, 0.0009, 0.0012, 0.0013, 0.0026, 0.0035,
  ]

### behavior/possession_ratio
  Total points: 100
  Min: 0.0019, Max: 0.2680, Mean: 0.1018
  Data: [
    0.0037, 0.0057, 0.0090, 0.0051, 0.0036, 0.0039, 0.0055, 0.0032, 0.0094, 0.0137,
    0.0032, 0.0063, 0.0039, 0.0080, 0.0138, 0.0024, 0.0065, 0.0032, 0.0126, 0.0068,
    0.0179, 0.0038, 0.0151, 0.0031, 0.0094, 0.0136, 0.0019, 0.0037, 0.0042, 0.0143,
    0.0135, 0.0151, 0.0061, 0.0195, 0.0066, 0.0104, 0.0216, 0.0091, 0.0103, 0.0091,
    0.0025, 0.0029, 0.0099, 0.0057, 0.0057, 0.0094, 0.0099, 0.0126, 0.0122, 0.0165,
    0.1811, 0.2237, 0.1770, 0.2003, 0.2010, 0.1889, 0.2114, 0.2599, 0.2440, 0.2124,
    0.1893, 0.1932, 0.1667, 0.2065, 0.2116, 0.1703, 0.1734, 0.1648, 0.2166, 0.1642,
    0.2059, 0.1479, 0.1400, 0.1630, 0.2208, 0.2011, 0.2292, 0.2549, 0.2032, 0.1878,
    0.2680, 0.1788, 0.2032, 0.2536, 0.2152, 0.2126, 0.2017, 0.1872, 0.2151, 0.1499,
    0.1793, 0.2158, 0.1872, 0.1380, 0.1885, 0.1958, 0.1427, 0.1928, 0.1662, 0.1530,
  ]

### behavior/puck_touches
  Total points: 100
  Min: 0.0000, Max: 0.0000, Mean: 0.0000
  Data: [
    0.0000, 0.0000, 0.0000, 0.0000, 0.0000, 0.0000, 0.0000, 0.0000, 0.0000, 0.0000,
    0.0000, 0.0000, 0.0000, 0.0000, 0.0000, 0.0000, 0.0000, 0.0000, 0.0000, 0.0000,
    0.0000, 0.0000, 0.0000, 0.0000, 0.0000, 0.0000, 0.0000, 0.0000, 0.0000, 0.0000,
    0.0000, 0.0000, 0.0000, 0.0000, 0.0000, 0.0000, 0.0000, 0.0000, 0.0000, 0.0000,
    0.0000, 0.0000, 0.0000, 0.0000, 0.0000, 0.0000, 0.0000, 0.0000, 0.0000, 0.0000,
    0.0000, 0.0000, 0.0000, 0.0000, 0.0000, 0.0000, 0.0000, 0.0000, 0.0000, 0.0000,
    0.0000, 0.0000, 0.0000, 0.0000, 0.0000, 0.0000, 0.0000, 0.0000, 0.0000, 0.0000,
    0.0000, 0.0000, 0.0000, 0.0000, 0.0000, 0.0000, 0.0000, 0.0000, 0.0000, 0.0000,
    0.0000, 0.0000, 0.0000, 0.0000, 0.0000, 0.0000, 0.0000, 0.0000, 0.0000, 0.0000,
    0.0000, 0.0000, 0.0000, 0.0000, 0.0000, 0.0000, 0.0000, 0.0000, 0.0000, 0.0000,
  ]

### behavior/shoot_action_avg
  Total points: 100
  Min: -0.6969, Max: 0.2143, Mean: -0.2232
  Data: [
    0.1049, 0.1762, 0.2143, 0.1832, 0.1595, 0.1648, 0.1201, 0.1431, 0.1965, 0.1118,
    0.1630, 0.1682, 0.1056, 0.1770, 0.1813, 0.1689, 0.1521, 0.1530, 0.1815, 0.1307,
    0.1441, 0.1612, 0.1741, 0.1642, 0.1632, 0.1845, 0.1420, 0.1514, 0.1114, 0.1137,
    0.1575, 0.1874, 0.1622, 0.1513, 0.1373, 0.1504, 0.1492, 0.1468, 0.1573, 0.1672,
    0.1148, 0.1329, 0.1526, 0.1811, 0.1473, 0.1886, 0.1649, 0.1432, 0.1247, 0.1254,
    -0.4550, -0.6431, -0.6672, -0.6109, -0.6372, -0.6439, -0.6344, -0.6301, -0.6526, -0.6897,
    -0.4834, -0.4807, -0.5477, -0.5608, -0.5214, -0.5799, -0.5293, -0.6622, -0.6173, -0.5965,
    -0.5471, -0.5442, -0.5021, -0.5364, -0.5565, -0.5475, -0.5578, -0.6263, -0.6007, -0.6823,
    -0.6969, -0.6701, -0.6598, -0.6213, -0.6504, -0.6512, -0.5678, -0.5980, -0.6193, -0.5567,
    -0.5968, -0.6046, -0.6491, -0.6910, -0.6620, -0.6158, -0.6411, -0.5958, -0.5715, -0.5606,
  ]

### behavior/shoot_action_when_possess
  Total points: 100
  Min: -0.7782, Max: 0.2661, Mean: -0.3388
  Data: [
    0.0210, -0.0210, -0.0853, 0.0375, 0.0659, 0.0980, -0.1184, 0.2004, 0.1122, -0.0106,
    -0.0423, -0.0355, -0.0046, 0.1365, -0.1467, 0.1085, -0.1208, 0.0101, -0.0212, 0.1070,
    -0.0355, -0.0680, -0.3117, 0.0923, 0.0815, 0.0617, 0.0649, 0.1622, 0.0224, -0.1900,
    0.0285, 0.2661, 0.1802, 0.0356, 0.0107, 0.0325, -0.0248, 0.0179, -0.0437, -0.1091,
    -0.0347, 0.0169, -0.0605, -0.0502, -0.0644, -0.0016, 0.1047, -0.0045, 0.0425, -0.1149,
    -0.5854, -0.7011, -0.7484, -0.7374, -0.7220, -0.6501, -0.6721, -0.7144, -0.7029, -0.7770,
    -0.7056, -0.4984, -0.7130, -0.6436, -0.7259, -0.7776, -0.6878, -0.7735, -0.6300, -0.5865,
    -0.6319, -0.6562, -0.7432, -0.6466, -0.6680, -0.6481, -0.7269, -0.6873, -0.7111, -0.7217,
    -0.7347, -0.6899, -0.7648, -0.7049, -0.7448, -0.6481, -0.6847, -0.7205, -0.6334, -0.5812,
    -0.5764, -0.7092, -0.7450, -0.7782, -0.6871, -0.6556, -0.5336, -0.7370, -0.6653, -0.6938,
  ]

### behavior/time_near_puck
  Total points: 100
  Min: 0.1000, Max: 48.3000, Mean: 15.6830
  Data: [
    1.2000, 0.6000, 1.9000, 0.5000, 0.6000, 1.3000, 0.8000, 0.2000, 1.8000, 2.3000,
    0.7000, 2.3000, 0.7000, 1.9000, 2.3000, 1.0000, 1.4000, 0.6000, 2.5000, 1.6000,
    1.3000, 0.7000, 2.1000, 0.2000, 1.3000, 1.3000, 0.3000, 0.8000, 0.6000, 2.4000,
    1.2000, 2.6000, 1.4000, 3.0000, 0.8000, 0.8000, 2.0000, 1.0000, 3.3000, 2.2000,
    0.1000, 0.6000, 1.5000, 0.8000, 0.7000, 0.8000, 1.3000, 2.8000, 2.0000, 2.8000,
    27.7000, 29.7000, 27.6000, 34.7000, 27.4000, 35.8000, 25.2000, 32.8000, 48.3000, 24.7000,
    31.5000, 23.8000, 19.9000, 24.2000, 36.2000, 40.1000, 29.9000, 26.9000, 32.0000, 30.7000,
    25.5000, 31.1000, 26.9000, 30.8000, 31.3000, 26.5000, 39.1000, 41.9000, 37.2000, 36.7000,
    37.0000, 24.4000, 32.7000, 19.4000, 28.0000, 26.9000, 33.5000, 23.0000, 33.4000, 22.5000,
    23.5000, 28.2000, 26.7000, 27.1000, 33.1000, 27.1000, 24.1000, 36.8000, 25.2000, 30.7000,
  ]

### behavior/velocity_avg
  Total points: 100
  Min: 0.0691, Max: 0.1162, Mean: 0.0869
  Data: [
    0.0724, 0.0712, 0.0830, 0.0730, 0.0750, 0.0700, 0.0711, 0.0745, 0.0768, 0.0796,
    0.0721, 0.0695, 0.0773, 0.0738, 0.0775, 0.0756, 0.0735, 0.0780, 0.0786, 0.0769,
    0.0764, 0.0764, 0.0747, 0.0800, 0.0707, 0.0742, 0.0709, 0.0747, 0.0773, 0.0766,
    0.0760, 0.0709, 0.0741, 0.0749, 0.0692, 0.0809, 0.0745, 0.0765, 0.0726, 0.0727,
    0.0751, 0.0691, 0.0702, 0.0720, 0.0804, 0.0785, 0.0726, 0.0761, 0.0743, 0.0759,
    0.0981, 0.0883, 0.0949, 0.0866, 0.0947, 0.1010, 0.0983, 0.1032, 0.0927, 0.1022,
    0.1098, 0.1162, 0.1039, 0.1080, 0.1038, 0.0992, 0.0992, 0.0902, 0.1103, 0.1106,
    0.1046, 0.0975, 0.0958, 0.0962, 0.0955, 0.0841, 0.1000, 0.0897, 0.0903, 0.0895,
    0.1074, 0.1024, 0.0999, 0.1007, 0.1012, 0.1026, 0.1079, 0.1110, 0.0949, 0.0974,
    0.1093, 0.0985, 0.1070, 0.1059, 0.0930, 0.0939, 0.0974, 0.0872, 0.0895, 0.0944,
  ]

### behavior/velocity_max
  Total points: 100
  Min: 0.1705, Max: 0.2347, Mean: 0.2052
  Data: [
    0.1803, 0.1752, 0.2013, 0.1843, 0.1746, 0.1776, 0.1809, 0.1926, 0.1780, 0.1816,
    0.1798, 0.1710, 0.1793, 0.1829, 0.1902, 0.1790, 0.1863, 0.1870, 0.1892, 0.1926,
    0.1782, 0.1819, 0.1829, 0.1793, 0.1800, 0.1895, 0.1831, 0.1858, 0.1839, 0.1867,
    0.1845, 0.1809, 0.1816, 0.2019, 0.1806, 0.1958, 0.1805, 0.1894, 0.1705, 0.1932,
    0.1861, 0.1786, 0.1823, 0.1872, 0.1911, 0.2023, 0.1845, 0.1899, 0.1833, 0.1972,
    0.2266, 0.2219, 0.2230, 0.2255, 0.2271, 0.2241, 0.2170, 0.2210, 0.2274, 0.2264,
    0.2259, 0.2272, 0.2230, 0.2271, 0.2347, 0.2330, 0.2251, 0.2222, 0.2232, 0.2297,
    0.2239, 0.2260, 0.2262, 0.2258, 0.2248, 0.2198, 0.2264, 0.2258, 0.2256, 0.2311,
    0.2292, 0.2236, 0.2287, 0.2255, 0.2236, 0.2257, 0.2307, 0.2275, 0.2273, 0.2226,
    0.2243, 0.2251, 0.2304, 0.2302, 0.2256, 0.2181, 0.2249, 0.2267, 0.2300, 0.2211,
  ]

### eval/strong/avg_reward
  Total points: 50
  Min: -25.3829, Max: -0.6995, Mean: -5.0636
  Data: [
    -25.3829, -8.0935, -8.9066, -13.5224, -8.7676, -7.5637, -8.4425, -8.0845, -9.0733, -6.1853,
    -4.3699, -4.3720, -4.1183, -5.5337, -5.9848, -3.6867, -2.9755, -2.4507, -0.6995, -2.3661,
    -5.7779, -4.6241, -4.0744, -4.1284, -2.8983, -4.7325, -4.4905, -2.0383, -3.3503, -2.5494,
    -4.2545, -4.4149, -6.6473, -5.0444, -4.7742, -4.2857, -2.8231, -4.5185, -4.2754, -3.0173,
    -2.8899, -4.8246, -1.6107, -2.0784, -2.2428, -1.1072, -4.5796, -2.3778, -4.2561, -3.9133,
  ]

### eval/strong/loss_rate
  Total points: 50
  Min: 0.2600, Max: 0.6400, Mean: 0.4440
  Data: [
    0.4200, 0.4800, 0.5600, 0.3400, 0.6400, 0.5600, 0.6000, 0.5400, 0.4400, 0.3800,
    0.3800, 0.4200, 0.5400, 0.5200, 0.5400, 0.4600, 0.4400, 0.4200, 0.3000, 0.4600,
    0.4600, 0.4200, 0.4400, 0.5000, 0.3600, 0.5200, 0.4600, 0.2600, 0.4400, 0.3800,
    0.4000, 0.4800, 0.5200, 0.5000, 0.5400, 0.5000, 0.3000, 0.4600, 0.4800, 0.3600,
    0.4200, 0.4200, 0.3400, 0.4200, 0.3600, 0.2800, 0.4600, 0.3600, 0.4800, 0.4400,
  ]

### eval/strong/losses
  Total points: 50
  Min: 13.0000, Max: 32.0000, Mean: 22.2000
  Data: [
    21.0000, 24.0000, 28.0000, 17.0000, 32.0000, 28.0000, 30.0000, 27.0000, 22.0000, 19.0000,
    19.0000, 21.0000, 27.0000, 26.0000, 27.0000, 23.0000, 22.0000, 21.0000, 15.0000, 23.0000,
    23.0000, 21.0000, 22.0000, 25.0000, 18.0000, 26.0000, 23.0000, 13.0000, 22.0000, 19.0000,
    20.0000, 24.0000, 26.0000, 25.0000, 27.0000, 25.0000, 15.0000, 23.0000, 24.0000, 18.0000,
    21.0000, 21.0000, 17.0000, 21.0000, 18.0000, 14.0000, 23.0000, 18.0000, 24.0000, 22.0000,
  ]

### eval/strong/tie_rate
  Total points: 50
  Min: 0.0600, Max: 0.5800, Mean: 0.2544
  Data: [
    0.5600, 0.3000, 0.3000, 0.5800, 0.2000, 0.2000, 0.2400, 0.2800, 0.3800, 0.4600,
    0.2400, 0.2800, 0.0600, 0.2600, 0.2000, 0.1600, 0.1600, 0.1800, 0.2600, 0.1000,
    0.3600, 0.3400, 0.2600, 0.1400, 0.3000, 0.1800, 0.2600, 0.3800, 0.2200, 0.2600,
    0.3000, 0.1800, 0.3000, 0.2200, 0.1200, 0.1800, 0.3800, 0.1800, 0.2000, 0.3200,
    0.1800, 0.3200, 0.2200, 0.1200, 0.2200, 0.2800, 0.2400, 0.2200, 0.2000, 0.2400,
  ]

### eval/strong/ties
  Total points: 50
  Min: 3.0000, Max: 29.0000, Mean: 12.7200
  Data: [
    28.0000, 15.0000, 15.0000, 29.0000, 10.0000, 10.0000, 12.0000, 14.0000, 19.0000, 23.0000,
    12.0000, 14.0000, 3.0000, 13.0000, 10.0000, 8.0000, 8.0000, 9.0000, 13.0000, 5.0000,
    18.0000, 17.0000, 13.0000, 7.0000, 15.0000, 9.0000, 13.0000, 19.0000, 11.0000, 13.0000,
    15.0000, 9.0000, 15.0000, 11.0000, 6.0000, 9.0000, 19.0000, 9.0000, 10.0000, 16.0000,
    9.0000, 16.0000, 11.0000, 6.0000, 11.0000, 14.0000, 12.0000, 11.0000, 10.0000, 12.0000,
  ]

### eval/strong/win_rate
  Total points: 50
  Min: 0.0200, Max: 0.4600, Mean: 0.3016
  Data: [
    0.0200, 0.2200, 0.1400, 0.0800, 0.1600, 0.2400, 0.1600, 0.1800, 0.1800, 0.1600,
    0.3800, 0.3000, 0.4000, 0.2200, 0.2600, 0.3800, 0.4000, 0.4000, 0.4400, 0.4400,
    0.1800, 0.2400, 0.3000, 0.3600, 0.3400, 0.3000, 0.2800, 0.3600, 0.3400, 0.3600,
    0.3000, 0.3400, 0.1800, 0.2800, 0.3400, 0.3200, 0.3200, 0.3600, 0.3200, 0.3200,
    0.4000, 0.2600, 0.4400, 0.4600, 0.4200, 0.4400, 0.3000, 0.4200, 0.3200, 0.3200,
  ]

### eval/strong/win_rate_decisive
  Total points: 50
  Min: 0.0455, Max: 0.6111, Mean: 0.3977
  Data: [
    0.0455, 0.3143, 0.2000, 0.1905, 0.2000, 0.3000, 0.2105, 0.2500, 0.2903, 0.2963,
    0.5000, 0.4167, 0.4255, 0.2973, 0.3250, 0.4524, 0.4762, 0.4878, 0.5946, 0.4889,
    0.2812, 0.3636, 0.4054, 0.4186, 0.4857, 0.3659, 0.3784, 0.5806, 0.4359, 0.4865,
    0.4286, 0.4146, 0.2571, 0.3590, 0.3864, 0.3902, 0.5161, 0.4390, 0.4000, 0.4706,
    0.4878, 0.3824, 0.5641, 0.5227, 0.5385, 0.6111, 0.3947, 0.5385, 0.4000, 0.4211,
  ]

### eval/strong/wins
  Total points: 50
  Min: 1.0000, Max: 23.0000, Mean: 15.0800
  Data: [
    1.0000, 11.0000, 7.0000, 4.0000, 8.0000, 12.0000, 8.0000, 9.0000, 9.0000, 8.0000,
    19.0000, 15.0000, 20.0000, 11.0000, 13.0000, 19.0000, 20.0000, 20.0000, 22.0000, 22.0000,
    9.0000, 12.0000, 15.0000, 18.0000, 17.0000, 15.0000, 14.0000, 18.0000, 17.0000, 18.0000,
    15.0000, 17.0000, 9.0000, 14.0000, 17.0000, 16.0000, 16.0000, 18.0000, 16.0000, 16.0000,
    20.0000, 13.0000, 22.0000, 23.0000, 21.0000, 22.0000, 15.0000, 21.0000, 16.0000, 16.0000,
  ]

### eval/weak/avg_reward
  Total points: 50
  Min: -25.2651, Max: 4.4023, Mean: -3.0297
  Data: [
    -25.2651, -7.0800, -9.3374, -13.9648, -6.1799, -6.0694, -8.7512, -5.6842, -3.7245, -3.9585,
    -6.0791, -2.9352, -4.7906, -1.1696, -5.0187, -0.7121, -4.3669, -2.3604, -0.9341, -1.1663,
    -5.7280, -5.6799, -2.1895, 1.8867, 4.4023, -0.5678, 2.4468, -5.1325, 3.0578, -1.3882,
    -0.6499, 1.6562, -1.7303, -1.2845, 0.5183, 0.0389, 0.7438, -0.2873, -2.6293, -0.8257,
    -0.6899, -1.2149, -3.6652, -0.9232, -0.4529, 0.4388, -5.3041, -0.8853, -1.9570, -3.9421,
  ]

### eval/weak/loss_rate
  Total points: 50
  Min: 0.1000, Max: 0.6800, Mean: 0.3476
  Data: [
    0.4600, 0.6000, 0.6800, 0.6000, 0.3600, 0.6000, 0.6400, 0.4000, 0.2000, 0.3600,
    0.4600, 0.4400, 0.5600, 0.2400, 0.5200, 0.3200, 0.4600, 0.4000, 0.2800, 0.3600,
    0.5000, 0.6000, 0.2000, 0.2200, 0.1000, 0.3600, 0.1600, 0.5200, 0.1200, 0.3000,
    0.1000, 0.1200, 0.3400, 0.1200, 0.1600, 0.3200, 0.2600, 0.3000, 0.3400, 0.2000,
    0.2200, 0.2000, 0.4400, 0.2600, 0.2600, 0.1600, 0.5600, 0.3000, 0.3200, 0.3800,
  ]

### eval/weak/losses
  Total points: 50
  Min: 5.0000, Max: 34.0000, Mean: 17.3800
  Data: [
    23.0000, 30.0000, 34.0000, 30.0000, 18.0000, 30.0000, 32.0000, 20.0000, 10.0000, 18.0000,
    23.0000, 22.0000, 28.0000, 12.0000, 26.0000, 16.0000, 23.0000, 20.0000, 14.0000, 18.0000,
    25.0000, 30.0000, 10.0000, 11.0000, 5.0000, 18.0000, 8.0000, 26.0000, 6.0000, 15.0000,
    5.0000, 6.0000, 17.0000, 6.0000, 8.0000, 16.0000, 13.0000, 15.0000, 17.0000, 10.0000,
    11.0000, 10.0000, 22.0000, 13.0000, 13.0000, 8.0000, 28.0000, 15.0000, 16.0000, 19.0000,
  ]

### eval/weak/tie_rate
  Total points: 50
  Min: 0.1000, Max: 0.6600, Mean: 0.3296
  Data: [
    0.5200, 0.1600, 0.2400, 0.4000, 0.4800, 0.1000, 0.2400, 0.4400, 0.4000, 0.4400,
    0.2800, 0.2200, 0.1600, 0.3800, 0.2000, 0.2200, 0.2600, 0.2400, 0.3400, 0.2200,
    0.3400, 0.1800, 0.5000, 0.2200, 0.2000, 0.1400, 0.2800, 0.2600, 0.3200, 0.3400,
    0.6400, 0.4000, 0.3200, 0.6600, 0.4600, 0.2000, 0.2600, 0.2400, 0.4000, 0.4800,
    0.4200, 0.5000, 0.3000, 0.4200, 0.3200, 0.4400, 0.2200, 0.3200, 0.3400, 0.4200,
  ]

### eval/weak/ties
  Total points: 50
  Min: 5.0000, Max: 33.0000, Mean: 16.4800
  Data: [
    26.0000, 8.0000, 12.0000, 20.0000, 24.0000, 5.0000, 12.0000, 22.0000, 20.0000, 22.0000,
    14.0000, 11.0000, 8.0000, 19.0000, 10.0000, 11.0000, 13.0000, 12.0000, 17.0000, 11.0000,
    17.0000, 9.0000, 25.0000, 11.0000, 10.0000, 7.0000, 14.0000, 13.0000, 16.0000, 17.0000,
    32.0000, 20.0000, 16.0000, 33.0000, 23.0000, 10.0000, 13.0000, 12.0000, 20.0000, 24.0000,
    21.0000, 25.0000, 15.0000, 21.0000, 16.0000, 22.0000, 11.0000, 16.0000, 17.0000, 21.0000,
  ]

### eval/weak/win_rate
  Total points: 50
  Min: 0.0000, Max: 0.7000, Mean: 0.3228
  Data: [
    0.0200, 0.2400, 0.0800, 0.0000, 0.1600, 0.3000, 0.1200, 0.1600, 0.4000, 0.2000,
    0.2600, 0.3400, 0.2800, 0.3800, 0.2800, 0.4600, 0.2800, 0.3600, 0.3800, 0.4200,
    0.1600, 0.2200, 0.3000, 0.5600, 0.7000, 0.5000, 0.5600, 0.2200, 0.5600, 0.3600,
    0.2600, 0.4800, 0.3400, 0.2200, 0.3800, 0.4800, 0.4800, 0.4600, 0.2600, 0.3200,
    0.3600, 0.3000, 0.2600, 0.3200, 0.4200, 0.4000, 0.2200, 0.3800, 0.3400, 0.2000,
  ]

### eval/weak/win_rate_decisive
  Total points: 50
  Min: 0.0000, Max: 0.8750, Mean: 0.4874
  Data: [
    0.0417, 0.2857, 0.1053, 0.0000, 0.3077, 0.3333, 0.1579, 0.2857, 0.6667, 0.3571,
    0.3611, 0.4359, 0.3333, 0.6129, 0.3500, 0.5897, 0.3784, 0.4737, 0.5758, 0.5385,
    0.2424, 0.2683, 0.6000, 0.7179, 0.8750, 0.5814, 0.7778, 0.2973, 0.8235, 0.5455,
    0.7222, 0.8000, 0.5000, 0.6471, 0.7037, 0.6000, 0.6486, 0.6053, 0.4333, 0.6154,
    0.6207, 0.6000, 0.3714, 0.5517, 0.6176, 0.7143, 0.2821, 0.5588, 0.5152, 0.3448,
  ]

### eval/weak/wins
  Total points: 50
  Min: 0.0000, Max: 35.0000, Mean: 16.1400
  Data: [
    1.0000, 12.0000, 4.0000, 0.0000, 8.0000, 15.0000, 6.0000, 8.0000, 20.0000, 10.0000,
    13.0000, 17.0000, 14.0000, 19.0000, 14.0000, 23.0000, 14.0000, 18.0000, 19.0000, 21.0000,
    8.0000, 11.0000, 15.0000, 28.0000, 35.0000, 25.0000, 28.0000, 11.0000, 28.0000, 18.0000,
    13.0000, 24.0000, 17.0000, 11.0000, 19.0000, 24.0000, 24.0000, 23.0000, 13.0000, 16.0000,
    18.0000, 15.0000, 13.0000, 16.0000, 21.0000, 20.0000, 11.0000, 19.0000, 17.0000, 10.0000,
  ]

### gradients/actor_grad_norm
  Total points: 100
  Min: 0.0000, Max: 0.2008, Mean: 0.0273
  Data: [
    0.0000, 0.0000, 0.0000, 0.0000, 0.0000, 0.0000, 0.0000, 0.0000, 0.0000, 0.0000,
    0.0000, 0.0000, 0.0000, 0.0000, 0.0000, 0.0000, 0.0000, 0.0000, 0.0000, 0.0000,
    0.0000, 0.0000, 0.0000, 0.0000, 0.0000, 0.0000, 0.0000, 0.0000, 0.0000, 0.0000,
    0.0000, 0.0000, 0.0000, 0.0000, 0.0000, 0.0000, 0.0000, 0.0000, 0.0000, 0.0000,
    0.0000, 0.0000, 0.0000, 0.0000, 0.0000, 0.0000, 0.0000, 0.0000, 0.0000, 0.0000,
    0.0102, 0.0135, 0.0517, 0.0504, 0.0319, 0.0456, 0.0157, 0.1995, 0.0224, 0.0211,
    0.1066, 0.0266, 0.0360, 0.0387, 0.1281, 0.1247, 0.0603, 0.0645, 0.0872, 0.0365,
    0.0196, 0.0509, 0.0725, 0.0274, 0.0539, 0.1182, 0.0179, 0.1767, 0.0674, 0.0478,
    0.0514, 0.0824, 0.0148, 0.0518, 0.0310, 0.0092, 0.0484, 0.0523, 0.0346, 0.0304,
    0.2008, 0.0372, 0.0443, 0.0383, 0.0163, 0.0218, 0.0668, 0.0164, 0.0365, 0.0199,
  ]

### gradients/critic_grad_norm
  Total points: 100
  Min: 0.0000, Max: 1.0185, Mean: 0.3192
  Data: [
    0.0000, 0.0000, 0.0000, 0.0000, 0.0000, 0.0000, 0.0000, 0.0000, 0.0000, 0.0000,
    0.0000, 0.0000, 0.0000, 0.0000, 0.0000, 0.0000, 0.0000, 0.0000, 0.0000, 0.0000,
    0.0000, 0.0000, 0.0000, 0.0000, 0.0000, 0.0000, 0.0000, 0.0000, 0.0000, 0.0000,
    0.0000, 0.0000, 0.0000, 0.0000, 0.0000, 0.0000, 0.0000, 0.0000, 0.0000, 0.0000,
    0.0000, 0.0000, 0.0000, 0.0000, 0.0000, 0.0000, 0.0000, 0.0000, 0.0000, 0.0000,
    0.4370, 0.6494, 0.7416, 0.6965, 0.5859, 0.6462, 0.4060, 0.4795, 0.4561, 0.6264,
    0.5008, 0.6694, 0.5255, 0.6513, 0.8371, 0.5068, 0.8023, 0.4317, 0.7753, 1.0185,
    0.7280, 0.6481, 0.5481, 0.9176, 0.7950, 0.5585, 0.5813, 0.9436, 0.5648, 0.7966,
    0.5495, 0.4831, 0.4235, 0.5329, 0.9456, 0.6226, 0.5643, 0.6068, 0.4737, 0.6539,
    0.5521, 0.6188, 0.7792, 0.6555, 0.5798, 0.5183, 0.7794, 0.5294, 0.5551, 0.9679,
  ]

### losses/actor_loss
  Total points: 100
  Min: 0.0000, Max: 4.3888, Mean: 2.1124
  Data: [
    0.0000, 0.0000, 0.0000, 0.0000, 0.0000, 0.0000, 0.0000, 0.0000, 0.0000, 0.0000,
    0.0000, 0.0000, 0.0000, 0.0000, 0.0000, 0.0000, 0.0000, 0.0000, 0.0000, 0.0000,
    0.0000, 0.0000, 0.0000, 0.0000, 0.0000, 0.0000, 0.0000, 0.0000, 0.0000, 0.0000,
    0.0000, 0.0000, 0.0000, 0.0000, 0.0000, 0.0000, 0.0000, 0.0000, 0.0000, 0.0000,
    0.0000, 0.0000, 0.0000, 0.0000, 0.0000, 0.0000, 0.0000, 0.0000, 0.0000, 0.0000,
    4.2419, 4.1964, 4.1968, 4.1735, 4.2603, 4.2827, 4.2731, 4.2475, 4.2375, 4.2212,
    4.2770, 4.2067, 4.1820, 4.2296, 4.2104, 4.2704, 4.2618, 4.2835, 4.2768, 4.2359,
    4.2519, 4.2994, 4.2524, 4.3888, 4.3135, 4.2310, 4.2387, 4.1941, 4.1948, 4.2149,
    4.2066, 4.2249, 4.2030, 4.2132, 4.2587, 4.1136, 4.0972, 4.2438, 4.1699, 4.2069,
    4.1051, 4.1803, 4.3169, 4.2895, 4.1884, 4.1985, 4.1689, 4.1470, 4.1135, 4.2450,
  ]

### losses/critic_loss
  Total points: 100
  Min: 0.0000, Max: 0.0890, Mean: 0.0227
  Data: [
    0.0000, 0.0000, 0.0000, 0.0000, 0.0000, 0.0000, 0.0000, 0.0000, 0.0000, 0.0000,
    0.0000, 0.0000, 0.0000, 0.0000, 0.0000, 0.0000, 0.0000, 0.0000, 0.0000, 0.0000,
    0.0000, 0.0000, 0.0000, 0.0000, 0.0000, 0.0000, 0.0000, 0.0000, 0.0000, 0.0000,
    0.0000, 0.0000, 0.0000, 0.0000, 0.0000, 0.0000, 0.0000, 0.0000, 0.0000, 0.0000,
    0.0000, 0.0000, 0.0000, 0.0000, 0.0000, 0.0000, 0.0000, 0.0000, 0.0000, 0.0000,
    0.0484, 0.0522, 0.0890, 0.0410, 0.0567, 0.0341, 0.0227, 0.0290, 0.0542, 0.0542,
    0.0522, 0.0478, 0.0487, 0.0457, 0.0298, 0.0654, 0.0351, 0.0304, 0.0370, 0.0515,
    0.0655, 0.0462, 0.0445, 0.0445, 0.0505, 0.0335, 0.0314, 0.0687, 0.0349, 0.0466,
    0.0438, 0.0360, 0.0321, 0.0486, 0.0593, 0.0712, 0.0317, 0.0496, 0.0327, 0.0472,
    0.0477, 0.0487, 0.0412, 0.0469, 0.0388, 0.0341, 0.0320, 0.0357, 0.0383, 0.0585,
  ]

### pbrs/avg_per_episode
  Total points: 100
  Min: 0.8850, Max: 1.0072, Mean: 0.9189
  Data: [
    0.8850, 0.8925, 0.9497, 1.0072, 0.9447, 1.0065, 0.9603, 0.9432, 0.9259, 0.9021,
    0.9181, 0.9091, 0.9159, 0.9229, 0.9299, 0.9498, 0.9585, 0.9567, 0.9486, 0.9431,
    0.9381, 0.9348, 0.9328, 0.9277, 0.9219, 0.9189, 0.9152, 0.9115, 0.9053, 0.9051,
    0.9008, 0.9004, 0.8976, 0.8951, 0.8982, 0.9062, 0.9096, 0.9086, 0.9088, 0.9128,
    0.9121, 0.9122, 0.9177, 0.9163, 0.9130, 0.9139, 0.9158, 0.9123, 0.9115, 0.9160,
    0.9128, 0.9125, 0.9126, 0.9126, 0.9125, 0.9124, 0.9124, 0.9123, 0.9125, 0.9123,
    0.9127, 0.9126, 0.9126, 0.9125, 0.9125, 0.9128, 0.9135, 0.9141, 0.9135, 0.9133,
    0.9135, 0.9142, 0.9143, 0.9148, 0.9149, 0.9146, 0.9148, 0.9150, 0.9148, 0.9150,
    0.9151, 0.9151, 0.9154, 0.9151, 0.9151, 0.9150, 0.9151, 0.9151, 0.9156, 0.9158,
    0.9161, 0.9165, 0.9165, 0.9170, 0.9173, 0.9172, 0.9177, 0.9185, 0.9184, 0.9193,
  ]

### performance/cumulative_win_rate
  Total points: 100
  Min: 0.0500, Max: 0.2191, Mean: 0.1508
  Data: [
    0.1000, 0.1000, 0.0750, 0.0600, 0.0500, 0.0714, 0.0750, 0.0778, 0.0700, 0.0727,
    0.0667, 0.0615, 0.0643, 0.0667, 0.0750, 0.0706, 0.0722, 0.0684, 0.0750, 0.0714,
    0.0773, 0.0826, 0.0833, 0.0880, 0.0923, 0.0889, 0.0893, 0.0862, 0.0867, 0.0935,
    0.1000, 0.1000, 0.1029, 0.1000, 0.1026, 0.1051, 0.1025, 0.1049, 0.1071, 0.1070,
    0.1045, 0.1044, 0.1043, 0.1021, 0.1000, 0.1020, 0.1000, 0.1000, 0.1019, 0.1038,
    0.2087, 0.2092, 0.2094, 0.2096, 0.2098, 0.2098, 0.2107, 0.2114, 0.2112, 0.2114,
    0.2118, 0.2122, 0.2127, 0.2133, 0.2133, 0.2131, 0.2133, 0.2130, 0.2129, 0.2127,
    0.2131, 0.2128, 0.2128, 0.2128, 0.2130, 0.2136, 0.2138, 0.2143, 0.2149, 0.2151,
    0.2150, 0.2152, 0.2154, 0.2158, 0.2160, 0.2164, 0.2166, 0.2170, 0.2172, 0.2169,
    0.2171, 0.2175, 0.2177, 0.2179, 0.2183, 0.2188, 0.2184, 0.2188, 0.2191, 0.2191,
  ]

### performance/losses
  Total points: 100
  Min: 4.0000, Max: 2001.0000, Mean: 1017.2800
  Data: [
    4.0000, 7.0000, 17.0000, 21.0000, 27.0000, 29.0000, 34.0000, 38.0000, 45.0000, 51.0000,
    55.0000, 61.0000, 64.0000, 71.0000, 76.0000, 80.0000, 83.0000, 87.0000, 91.0000, 98.0000,
    104.0000, 108.0000, 115.0000, 119.0000, 120.0000, 125.0000, 129.0000, 136.0000, 141.0000, 145.0000,
    148.0000, 154.0000, 158.0000, 163.0000, 171.0000, 176.0000, 180.0000, 183.0000, 186.0000, 190.0000,
    197.0000, 202.0000, 204.0000, 208.0000, 215.0000, 218.0000, 223.0000, 229.0000, 233.0000, 238.0000,
    1826.0000, 1827.0000, 1831.0000, 1833.0000, 1837.0000, 1842.0000, 1844.0000, 1846.0000, 1851.0000, 1855.0000,
    1860.0000, 1865.0000, 1868.0000, 1871.0000, 1874.0000, 1875.0000, 1879.0000, 1883.0000, 1890.0000, 1895.0000,
    1899.0000, 1903.0000, 1905.0000, 1907.0000, 1910.0000, 1911.0000, 1914.0000, 1917.0000, 1920.0000, 1922.0000,
    1927.0000, 1932.0000, 1933.0000, 1937.0000, 1942.0000, 1946.0000, 1950.0000, 1954.0000, 1959.0000, 1964.0000,
    1970.0000, 1974.0000, 1977.0000, 1978.0000, 1982.0000, 1990.0000, 1997.0000, 1998.0000, 2000.0000, 2001.0000,
  ]

### performance/ties
  Total points: 100
  Min: 5.0000, Max: 1638.0000, Mean: 832.2200
  Data: [
    5.0000, 11.0000, 20.0000, 26.0000, 30.0000, 36.0000, 40.0000, 45.0000, 48.0000, 51.0000,
    57.0000, 61.0000, 67.0000, 69.0000, 72.0000, 78.0000, 84.0000, 90.0000, 94.0000, 97.0000,
    99.0000, 103.0000, 105.0000, 109.0000, 116.0000, 121.0000, 126.0000, 129.0000, 133.0000, 136.0000,
    140.0000, 152.0000, 156.0000, 161.0000, 170.0000, 173.0000, 179.0000, 184.0000, 189.0000, 194.0000,
    197.0000, 201.0000, 208.0000, 214.0000, 217.0000, 222.0000, 227.0000, 230.0000, 234.0000, 237.0000,
    1442.0000, 1447.0000, 1450.0000, 1455.0000, 1458.0000, 1461.0000, 1463.0000, 1466.0000, 1470.0000, 1473.0000,
    1482.0000, 1483.0000, 1486.0000, 1488.0000, 1493.0000, 1501.0000, 1504.0000, 1509.0000, 1518.0000, 1522.0000,
    1524.0000, 1529.0000, 1535.0000, 1541.0000, 1545.0000, 1549.0000, 1553.0000, 1556.0000, 1566.0000, 1571.0000,
    1574.0000, 1576.0000, 1582.0000, 1584.0000, 1586.0000, 1588.0000, 1591.0000, 1593.0000, 1595.0000, 1599.0000,
    1600.0000, 1602.0000, 1606.0000, 1612.0000, 1614.0000, 1619.0000, 1622.0000, 1627.0000, 1631.0000, 1638.0000,
  ]

### performance/wins
  Total points: 100
  Min: 1.0000, Max: 1021.0000, Mean: 483.7000
  Data: [
    1.0000, 2.0000, 3.0000, 3.0000, 3.0000, 5.0000, 6.0000, 7.0000, 7.0000, 8.0000,
    8.0000, 8.0000, 9.0000, 10.0000, 12.0000, 12.0000, 13.0000, 13.0000, 15.0000, 15.0000,
    17.0000, 19.0000, 20.0000, 22.0000, 24.0000, 24.0000, 25.0000, 25.0000, 26.0000, 29.0000,
    32.0000, 34.0000, 36.0000, 36.0000, 39.0000, 41.0000, 41.0000, 43.0000, 45.0000, 46.0000,
    46.0000, 47.0000, 48.0000, 48.0000, 48.0000, 50.0000, 50.0000, 51.0000, 53.0000, 55.0000,
    862.0000, 866.0000, 869.0000, 872.0000, 875.0000, 877.0000, 883.0000, 888.0000, 889.0000, 892.0000,
    898.0000, 902.0000, 906.0000, 911.0000, 913.0000, 914.0000, 917.0000, 918.0000, 922.0000, 923.0000,
    927.0000, 928.0000, 930.0000, 932.0000, 935.0000, 940.0000, 943.0000, 947.0000, 954.0000, 957.0000,
    959.0000, 962.0000, 965.0000, 969.0000, 972.0000, 976.0000, 979.0000, 983.0000, 986.0000, 987.0000,
    990.0000, 994.0000, 997.0000, 1000.0000, 1004.0000, 1011.0000, 1011.0000, 1015.0000, 1019.0000, 1021.0000,
  ]

### rewards/p1
  Total points: 100
  Min: -23.6797, Max: 3.7208, Mean: -9.0372
  Data: [
    -17.9507, -17.9096, -17.7731, -18.0930, -19.8920, -18.5774, -13.9680, -14.4551, -15.7340, -16.1444,
    -18.0749, -20.4530, -20.9625, -19.1969, -13.6572, -15.7261, -14.1877, -20.8548, -11.7245, -18.3988,
    -11.6118, -13.1294, -14.2702, -11.2539, -14.9839, -21.1401, -17.3335, -21.0741, -19.4008, -11.6648,
    -12.5822, -13.7160, -14.2624, -18.6118, -23.6797, -14.3231, -22.1478, -12.5795, -11.4413, -15.9561,
    -19.0729, -16.7489, -19.1749, -20.7149, -19.2540, -10.9321, -17.3449, -15.6623, -14.0841, -14.9557,
    -0.8522, 2.8364, -1.6375, 0.3025, -1.8171, -4.4962, 3.4561, 1.9020, -5.0791, -1.7487,
    -0.7038, -1.7006, 0.0468, 0.4415, -2.0854, -1.7196, -3.6476, -3.5549, -5.2564, -5.7989,
    -1.4186, -3.5328, -1.0539, -0.7333, -0.8552, 3.7208, -1.4503, 0.2553, 0.9473, 0.1895,
    -4.0097, -3.3355, 1.0498, -0.6604, -3.2755, -1.5581, -2.8801, -0.8135, -3.5846, -5.8436,
    -4.5073, -1.5122, -1.1497, 0.1453, -1.5507, -3.7599, -7.9489, 2.4556, 1.1047, -0.2026,
  ]

### rewards/p2
  Total points: 100
  Min: -2.9336, Max: 24.6133, Mean: 9.9789
  Data: [
    18.8357, 18.8097, 18.6085, 19.3298, 20.5246, 19.9547, 14.6049, 15.2612, 16.5040, 16.8091,
    19.1686, 21.2540, 21.9673, 20.2170, 14.6933, 16.9935, 15.2941, 21.7795, 12.5193, 19.2321,
    12.4448, 13.9914, 15.1563, 12.0592, 15.7600, 21.9825, 18.1472, 21.8830, 20.1257, 12.5654,
    13.3492, 14.5905, 15.0655, 19.4188, 24.6133, 15.5307, 23.1931, 13.4474, 12.3570, 17.0389,
    19.9546, 17.6630, 20.3420, 21.5641, 20.0134, 11.8916, 18.3507, 16.4028, 14.9505, 16.1081,
    1.9083, -2.0348, 2.5999, 0.5848, 2.6956, 5.3786, -2.5536, -1.0288, 6.0653, 2.5771,
    1.6956, 2.5566, 0.8716, 0.4225, 3.0083, 2.7525, 4.8441, 4.7368, 5.9775, 6.6361,
    2.3984, 4.7489, 2.0273, 1.8673, 1.8179, -2.9336, 2.4152, 0.7714, -0.0750, 0.8177,
    4.9774, 4.2357, 0.0136, 1.4144, 4.2324, 2.4231, 3.8196, 1.7189, 4.7559, 6.8412,
    5.5649, 2.6053, 2.0773, 1.0043, 2.5783, 4.5158, 9.0932, -1.1704, -0.2532, 1.5734,
  ]

### rewards/sparse_only
  Total points: 100
  Min: -24.6133, Max: 2.9336, Mean: -9.9789
  Data: [
    -18.8357, -18.8097, -18.6085, -19.3298, -20.5246, -19.9547, -14.6049, -15.2612, -16.5040, -16.8091,
    -19.1686, -21.2540, -21.9673, -20.2170, -14.6933, -16.9935, -15.2941, -21.7795, -12.5193, -19.2321,
    -12.4448, -13.9914, -15.1563, -12.0592, -15.7600, -21.9825, -18.1472, -21.8830, -20.1257, -12.5654,
    -13.3492, -14.5905, -15.0655, -19.4188, -24.6133, -15.5307, -23.1931, -13.4474, -12.3570, -17.0389,
    -19.9546, -17.6630, -20.3420, -21.5641, -20.0134, -11.8916, -18.3507, -16.4028, -14.9505, -16.1081,
    -1.9083, 2.0348, -2.5999, -0.5848, -2.6956, -5.3786, 2.5536, 1.0288, -6.0653, -2.5771,
    -1.6956, -2.5566, -0.8716, -0.4225, -3.0083, -2.7525, -4.8441, -4.7368, -5.9775, -6.6361,
    -2.3984, -4.7489, -2.0273, -1.8673, -1.8179, 2.9336, -2.4152, -0.7714, 0.0750, -0.8177,
    -4.9774, -4.2357, -0.0136, -1.4144, -4.2324, -2.4231, -3.8196, -1.7189, -4.7559, -6.8412,
    -5.5649, -2.6053, -2.0773, -1.0043, -2.5783, -4.5158, -9.0932, 1.1704, 0.2532, -1.5734,
  ]

### rewards/sparse_ratio
  Total points: 100
  Min: -18.6307, Max: 7.7676, Mean: 0.8299
  Data: [
    1.0493, 1.0503, 1.0470, 1.0684, 1.0318, 1.0741, 1.0456, 1.0558, 1.0489, 1.0412,
    1.0605, 1.0392, 1.0479, 1.0531, 1.0759, 1.0806, 1.0780, 1.0443, 1.0678, 1.0453,
    1.0717, 1.0657, 1.0621, 1.0716, 1.0518, 1.0398, 1.0469, 1.0384, 1.0374, 1.0772,
    1.0610, 1.0638, 1.0563, 1.0434, 1.0394, 1.0843, 1.0472, 1.0690, 1.0800, 1.0679,
    1.0462, 1.0546, 1.0609, 1.0410, 1.0394, 1.0878, 1.0580, 1.0473, 1.0615, 1.0771,
    2.2393, 0.7174, 1.5877, -1.9334, 1.4835, 1.1962, 0.7389, 0.5409, 1.1942, 1.4738,
    2.4091, 1.5034, -18.6307, -0.9570, 1.4425, 1.6007, 1.3280, 1.3325, 1.1372, 1.1444,
    1.6907, 1.3442, 1.9236, 2.5465, 2.1257, 0.7884, 1.6653, -3.0220, 0.0791, -4.3155,
    1.2413, 1.2699, -0.0130, 2.1419, 1.2922, 1.5552, 1.3262, 2.1130, 1.3267, 1.1707,
    1.2346, 1.7229, 1.8067, -6.9102, 1.6626, 1.2010, 1.1440, 0.4766, 0.2292, 7.7676,
  ]

### scoring/goals_conceded
  Total points: 100
  Min: 4.0000, Max: 2001.0000, Mean: 1017.2800
  Data: [
    4.0000, 7.0000, 17.0000, 21.0000, 27.0000, 29.0000, 34.0000, 38.0000, 45.0000, 51.0000,
    55.0000, 61.0000, 64.0000, 71.0000, 76.0000, 80.0000, 83.0000, 87.0000, 91.0000, 98.0000,
    104.0000, 108.0000, 115.0000, 119.0000, 120.0000, 125.0000, 129.0000, 136.0000, 141.0000, 145.0000,
    148.0000, 154.0000, 158.0000, 163.0000, 171.0000, 176.0000, 180.0000, 183.0000, 186.0000, 190.0000,
    197.0000, 202.0000, 204.0000, 208.0000, 215.0000, 218.0000, 223.0000, 229.0000, 233.0000, 238.0000,
    1826.0000, 1827.0000, 1831.0000, 1833.0000, 1837.0000, 1842.0000, 1844.0000, 1846.0000, 1851.0000, 1855.0000,
    1860.0000, 1865.0000, 1868.0000, 1871.0000, 1874.0000, 1875.0000, 1879.0000, 1883.0000, 1890.0000, 1895.0000,
    1899.0000, 1903.0000, 1905.0000, 1907.0000, 1910.0000, 1911.0000, 1914.0000, 1917.0000, 1920.0000, 1922.0000,
    1927.0000, 1932.0000, 1933.0000, 1937.0000, 1942.0000, 1946.0000, 1950.0000, 1954.0000, 1959.0000, 1964.0000,
    1970.0000, 1974.0000, 1977.0000, 1978.0000, 1982.0000, 1990.0000, 1997.0000, 1998.0000, 2000.0000, 2001.0000,
  ]

### scoring/goals_scored
  Total points: 100
  Min: 1.0000, Max: 1021.0000, Mean: 483.7000
  Data: [
    1.0000, 2.0000, 3.0000, 3.0000, 3.0000, 5.0000, 6.0000, 7.0000, 7.0000, 8.0000,
    8.0000, 8.0000, 9.0000, 10.0000, 12.0000, 12.0000, 13.0000, 13.0000, 15.0000, 15.0000,
    17.0000, 19.0000, 20.0000, 22.0000, 24.0000, 24.0000, 25.0000, 25.0000, 26.0000, 29.0000,
    32.0000, 34.0000, 36.0000, 36.0000, 39.0000, 41.0000, 41.0000, 43.0000, 45.0000, 46.0000,
    46.0000, 47.0000, 48.0000, 48.0000, 48.0000, 50.0000, 50.0000, 51.0000, 53.0000, 55.0000,
    862.0000, 866.0000, 869.0000, 872.0000, 875.0000, 877.0000, 883.0000, 888.0000, 889.0000, 892.0000,
    898.0000, 902.0000, 906.0000, 911.0000, 913.0000, 914.0000, 917.0000, 918.0000, 922.0000, 923.0000,
    927.0000, 928.0000, 930.0000, 932.0000, 935.0000, 940.0000, 943.0000, 947.0000, 954.0000, 957.0000,
    959.0000, 962.0000, 965.0000, 969.0000, 972.0000, 976.0000, 979.0000, 983.0000, 986.0000, 987.0000,
    990.0000, 994.0000, 997.0000, 1000.0000, 1004.0000, 1011.0000, 1011.0000, 1015.0000, 1019.0000, 1021.0000,
  ]

### selfplay/active
  Total points: 100
  Min: 0.0000, Max: 0.0000, Mean: 0.0000
  Data: [
    0.0000, 0.0000, 0.0000, 0.0000, 0.0000, 0.0000, 0.0000, 0.0000, 0.0000, 0.0000,
    0.0000, 0.0000, 0.0000, 0.0000, 0.0000, 0.0000, 0.0000, 0.0000, 0.0000, 0.0000,
    0.0000, 0.0000, 0.0000, 0.0000, 0.0000, 0.0000, 0.0000, 0.0000, 0.0000, 0.0000,
    0.0000, 0.0000, 0.0000, 0.0000, 0.0000, 0.0000, 0.0000, 0.0000, 0.0000, 0.0000,
    0.0000, 0.0000, 0.0000, 0.0000, 0.0000, 0.0000, 0.0000, 0.0000, 0.0000, 0.0000,
    0.0000, 0.0000, 0.0000, 0.0000, 0.0000, 0.0000, 0.0000, 0.0000, 0.0000, 0.0000,
    0.0000, 0.0000, 0.0000, 0.0000, 0.0000, 0.0000, 0.0000, 0.0000, 0.0000, 0.0000,
    0.0000, 0.0000, 0.0000, 0.0000, 0.0000, 0.0000, 0.0000, 0.0000, 0.0000, 0.0000,
    0.0000, 0.0000, 0.0000, 0.0000, 0.0000, 0.0000, 0.0000, 0.0000, 0.0000, 0.0000,
    0.0000, 0.0000, 0.0000, 0.0000, 0.0000, 0.0000, 0.0000, 0.0000, 0.0000, 0.0000,
  ]

### selfplay/episode_opponent_type_selfplay
  Total points: 100
  Min: 0.0000, Max: 0.0000, Mean: 0.0000
  Data: [
    0.0000, 0.0000, 0.0000, 0.0000, 0.0000, 0.0000, 0.0000, 0.0000, 0.0000, 0.0000,
    0.0000, 0.0000, 0.0000, 0.0000, 0.0000, 0.0000, 0.0000, 0.0000, 0.0000, 0.0000,
    0.0000, 0.0000, 0.0000, 0.0000, 0.0000, 0.0000, 0.0000, 0.0000, 0.0000, 0.0000,
    0.0000, 0.0000, 0.0000, 0.0000, 0.0000, 0.0000, 0.0000, 0.0000, 0.0000, 0.0000,
    0.0000, 0.0000, 0.0000, 0.0000, 0.0000, 0.0000, 0.0000, 0.0000, 0.0000, 0.0000,
    0.0000, 0.0000, 0.0000, 0.0000, 0.0000, 0.0000, 0.0000, 0.0000, 0.0000, 0.0000,
    0.0000, 0.0000, 0.0000, 0.0000, 0.0000, 0.0000, 0.0000, 0.0000, 0.0000, 0.0000,
    0.0000, 0.0000, 0.0000, 0.0000, 0.0000, 0.0000, 0.0000, 0.0000, 0.0000, 0.0000,
    0.0000, 0.0000, 0.0000, 0.0000, 0.0000, 0.0000, 0.0000, 0.0000, 0.0000, 0.0000,
    0.0000, 0.0000, 0.0000, 0.0000, 0.0000, 0.0000, 0.0000, 0.0000, 0.0000, 0.0000,
  ]

### selfplay/episode_opponent_type_strong
  Total points: 100
  Min: 0.0000, Max: 0.0000, Mean: 0.0000
  Data: [
    0.0000, 0.0000, 0.0000, 0.0000, 0.0000, 0.0000, 0.0000, 0.0000, 0.0000, 0.0000,
    0.0000, 0.0000, 0.0000, 0.0000, 0.0000, 0.0000, 0.0000, 0.0000, 0.0000, 0.0000,
    0.0000, 0.0000, 0.0000, 0.0000, 0.0000, 0.0000, 0.0000, 0.0000, 0.0000, 0.0000,
    0.0000, 0.0000, 0.0000, 0.0000, 0.0000, 0.0000, 0.0000, 0.0000, 0.0000, 0.0000,
    0.0000, 0.0000, 0.0000, 0.0000, 0.0000, 0.0000, 0.0000, 0.0000, 0.0000, 0.0000,
    0.0000, 0.0000, 0.0000, 0.0000, 0.0000, 0.0000, 0.0000, 0.0000, 0.0000, 0.0000,
    0.0000, 0.0000, 0.0000, 0.0000, 0.0000, 0.0000, 0.0000, 0.0000, 0.0000, 0.0000,
    0.0000, 0.0000, 0.0000, 0.0000, 0.0000, 0.0000, 0.0000, 0.0000, 0.0000, 0.0000,
    0.0000, 0.0000, 0.0000, 0.0000, 0.0000, 0.0000, 0.0000, 0.0000, 0.0000, 0.0000,
    0.0000, 0.0000, 0.0000, 0.0000, 0.0000, 0.0000, 0.0000, 0.0000, 0.0000, 0.0000,
  ]

### selfplay/episode_opponent_type_weak
  Total points: 100
  Min: 1.0000, Max: 1.0000, Mean: 1.0000
  Data: [
    1.0000, 1.0000, 1.0000, 1.0000, 1.0000, 1.0000, 1.0000, 1.0000, 1.0000, 1.0000,
    1.0000, 1.0000, 1.0000, 1.0000, 1.0000, 1.0000, 1.0000, 1.0000, 1.0000, 1.0000,
    1.0000, 1.0000, 1.0000, 1.0000, 1.0000, 1.0000, 1.0000, 1.0000, 1.0000, 1.0000,
    1.0000, 1.0000, 1.0000, 1.0000, 1.0000, 1.0000, 1.0000, 1.0000, 1.0000, 1.0000,
    1.0000, 1.0000, 1.0000, 1.0000, 1.0000, 1.0000, 1.0000, 1.0000, 1.0000, 1.0000,
    1.0000, 1.0000, 1.0000, 1.0000, 1.0000, 1.0000, 1.0000, 1.0000, 1.0000, 1.0000,
    1.0000, 1.0000, 1.0000, 1.0000, 1.0000, 1.0000, 1.0000, 1.0000, 1.0000, 1.0000,
    1.0000, 1.0000, 1.0000, 1.0000, 1.0000, 1.0000, 1.0000, 1.0000, 1.0000, 1.0000,
    1.0000, 1.0000, 1.0000, 1.0000, 1.0000, 1.0000, 1.0000, 1.0000, 1.0000, 1.0000,
    1.0000, 1.0000, 1.0000, 1.0000, 1.0000, 1.0000, 1.0000, 1.0000, 1.0000, 1.0000,
  ]

### selfplay/pool_size
  Total points: 100
  Min: 0.0000, Max: 0.0000, Mean: 0.0000
  Data: [
    0.0000, 0.0000, 0.0000, 0.0000, 0.0000, 0.0000, 0.0000, 0.0000, 0.0000, 0.0000,
    0.0000, 0.0000, 0.0000, 0.0000, 0.0000, 0.0000, 0.0000, 0.0000, 0.0000, 0.0000,
    0.0000, 0.0000, 0.0000, 0.0000, 0.0000, 0.0000, 0.0000, 0.0000, 0.0000, 0.0000,
    0.0000, 0.0000, 0.0000, 0.0000, 0.0000, 0.0000, 0.0000, 0.0000, 0.0000, 0.0000,
    0.0000, 0.0000, 0.0000, 0.0000, 0.0000, 0.0000, 0.0000, 0.0000, 0.0000, 0.0000,
    0.0000, 0.0000, 0.0000, 0.0000, 0.0000, 0.0000, 0.0000, 0.0000, 0.0000, 0.0000,
    0.0000, 0.0000, 0.0000, 0.0000, 0.0000, 0.0000, 0.0000, 0.0000, 0.0000, 0.0000,
    0.0000, 0.0000, 0.0000, 0.0000, 0.0000, 0.0000, 0.0000, 0.0000, 0.0000, 0.0000,
    0.0000, 0.0000, 0.0000, 0.0000, 0.0000, 0.0000, 0.0000, 0.0000, 0.0000, 0.0000,
    0.0000, 0.0000, 0.0000, 0.0000, 0.0000, 0.0000, 0.0000, 0.0000, 0.0000, 0.0000,
  ]

### selfplay/weak_ratio_target
  Total points: 100
  Min: 0.5000, Max: 0.5000, Mean: 0.5000
  Data: [
    0.5000, 0.5000, 0.5000, 0.5000, 0.5000, 0.5000, 0.5000, 0.5000, 0.5000, 0.5000,
    0.5000, 0.5000, 0.5000, 0.5000, 0.5000, 0.5000, 0.5000, 0.5000, 0.5000, 0.5000,
    0.5000, 0.5000, 0.5000, 0.5000, 0.5000, 0.5000, 0.5000, 0.5000, 0.5000, 0.5000,
    0.5000, 0.5000, 0.5000, 0.5000, 0.5000, 0.5000, 0.5000, 0.5000, 0.5000, 0.5000,
    0.5000, 0.5000, 0.5000, 0.5000, 0.5000, 0.5000, 0.5000, 0.5000, 0.5000, 0.5000,
    0.5000, 0.5000, 0.5000, 0.5000, 0.5000, 0.5000, 0.5000, 0.5000, 0.5000, 0.5000,
    0.5000, 0.5000, 0.5000, 0.5000, 0.5000, 0.5000, 0.5000, 0.5000, 0.5000, 0.5000,
    0.5000, 0.5000, 0.5000, 0.5000, 0.5000, 0.5000, 0.5000, 0.5000, 0.5000, 0.5000,
    0.5000, 0.5000, 0.5000, 0.5000, 0.5000, 0.5000, 0.5000, 0.5000, 0.5000, 0.5000,
    0.5000, 0.5000, 0.5000, 0.5000, 0.5000, 0.5000, 0.5000, 0.5000, 0.5000, 0.5000,
  ]

### training/avg_episode_length
  Total points: 100
  Min: 107.6000, Max: 225.4000, Mean: 161.2070
  Data: [
    175.7000, 176.8000, 160.7000, 194.7000, 131.3000, 207.2000, 139.7000, 160.8000, 131.3000, 130.9000,
    186.6000, 154.2000, 178.4000, 153.1000, 149.8000, 182.1000, 189.8000, 174.2000, 142.6000, 151.0000,
    119.6000, 153.7000, 125.9000, 132.3000, 190.3000, 174.0000, 162.5000, 143.3000, 149.2000, 141.1000,
    146.8000, 180.4000, 160.8000, 164.7000, 172.4000, 145.1000, 184.0000, 157.7000, 149.3000, 186.3000,
    139.7000, 150.6000, 210.7000, 178.7000, 135.5000, 175.4000, 174.7000, 142.8000, 148.6000, 146.3000,
    158.7000, 162.4000, 151.0000, 175.5000, 145.5000, 166.4000, 138.0000, 129.7000, 185.5000, 129.5000,
    175.6000, 120.2000, 153.0000, 125.2000, 172.3000, 225.4000, 185.2000, 185.6000, 140.5000, 156.7000,
    130.9000, 195.8000, 194.0000, 199.5000, 169.4000, 147.1000, 174.2000, 177.2000, 181.0000, 202.3000,
    153.4000, 148.4000, 179.3000, 107.6000, 145.5000, 129.7000, 167.0000, 120.1000, 164.1000, 161.0000,
    137.4000, 156.8000, 158.2000, 194.8000, 156.8000, 129.4000, 155.8000, 198.0000, 167.7000, 223.1000,
  ]

### training/calls_per_episode
  Total points: 100
  Min: 0.0000, Max: 0.0000, Mean: 0.0000
  Data: [
    0.0000, 0.0000, 0.0000, 0.0000, 0.0000, 0.0000, 0.0000, 0.0000, 0.0000, 0.0000,
    0.0000, 0.0000, 0.0000, 0.0000, 0.0000, 0.0000, 0.0000, 0.0000, 0.0000, 0.0000,
    0.0000, 0.0000, 0.0000, 0.0000, 0.0000, 0.0000, 0.0000, 0.0000, 0.0000, 0.0000,
    0.0000, 0.0000, 0.0000, 0.0000, 0.0000, 0.0000, 0.0000, 0.0000, 0.0000, 0.0000,
    0.0000, 0.0000, 0.0000, 0.0000, 0.0000, 0.0000, 0.0000, 0.0000, 0.0000, 0.0000,
    0.0000, 0.0000, 0.0000, 0.0000, 0.0000, 0.0000, 0.0000, 0.0000, 0.0000, 0.0000,
    0.0000, 0.0000, 0.0000, 0.0000, 0.0000, 0.0000, 0.0000, 0.0000, 0.0000, 0.0000,
    0.0000, 0.0000, 0.0000, 0.0000, 0.0000, 0.0000, 0.0000, 0.0000, 0.0000, 0.0000,
    0.0000, 0.0000, 0.0000, 0.0000, 0.0000, 0.0000, 0.0000, 0.0000, 0.0000, 0.0000,
    0.0000, 0.0000, 0.0000, 0.0000, 0.0000, 0.0000, 0.0000, 0.0000, 0.0000, 0.0000,
  ]

### training/episode
  Total points: 100
  Min: 10.0000, Max: 4660.0000, Mean: 2333.2000
  Data: [
    10.0000, 20.0000, 40.0000, 50.0000, 60.0000, 70.0000, 80.0000, 90.0000, 100.0000, 110.0000,
    120.0000, 130.0000, 140.0000, 150.0000, 160.0000, 170.0000, 180.0000, 190.0000, 200.0000, 210.0000,
    220.0000, 230.0000, 240.0000, 250.0000, 260.0000, 270.0000, 280.0000, 290.0000, 300.0000, 310.0000,
    320.0000, 340.0000, 350.0000, 360.0000, 380.0000, 390.0000, 400.0000, 410.0000, 420.0000, 430.0000,
    440.0000, 450.0000, 460.0000, 470.0000, 480.0000, 490.0000, 500.0000, 510.0000, 520.0000, 530.0000,
    4130.0000, 4140.0000, 4150.0000, 4160.0000, 4170.0000, 4180.0000, 4190.0000, 4200.0000, 4210.0000, 4220.0000,
    4240.0000, 4250.0000, 4260.0000, 4270.0000, 4280.0000, 4290.0000, 4300.0000, 4310.0000, 4330.0000, 4340.0000,
    4350.0000, 4360.0000, 4370.0000, 4380.0000, 4390.0000, 4400.0000, 4410.0000, 4420.0000, 4440.0000, 4450.0000,
    4460.0000, 4470.0000, 4480.0000, 4490.0000, 4500.0000, 4510.0000, 4520.0000, 4530.0000, 4540.0000, 4550.0000,
    4560.0000, 4570.0000, 4580.0000, 4590.0000, 4600.0000, 4620.0000, 4630.0000, 4640.0000, 4650.0000, 4660.0000,
  ]

### training/eps_per_sec
  Total points: 100
  Min: 0.1319, Max: 11.5495, Mean: 4.6336
  Data: [
    3.6244, 7.5838, 8.8056, 7.1912, 10.3801, 6.7434, 9.8778, 8.8393, 10.2453, 9.2992,
    7.4758, 9.2869, 8.0069, 9.2933, 9.1173, 7.6771, 7.2474, 8.0819, 9.4694, 9.1915,
    11.5495, 8.6471, 11.1408, 10.6091, 7.4463, 7.8699, 8.6030, 9.4839, 9.3265, 9.4798,
    9.4400, 7.8499, 8.7549, 8.6062, 8.1872, 9.6933, 7.8141, 8.5809, 9.2925, 7.7322,
    9.9473, 9.6053, 6.7866, 7.9468, 9.9383, 8.0184, 8.0817, 9.4772, 9.7604, 9.3712,
    0.7666, 0.6028, 0.6506, 0.1383, 0.5592, 0.7004, 0.6437, 0.6740, 0.1319, 0.7169,
    0.6264, 0.6945, 0.1447, 0.5782, 0.6347, 0.5802, 0.6645, 0.1390, 0.6974, 0.5423,
    0.5924, 0.1407, 0.5504, 0.5772, 0.5948, 0.7949, 0.1496, 0.5944, 0.6724, 0.5521,
    0.1365, 0.5925, 0.7454, 0.5853, 0.6005, 0.1382, 0.6914, 0.6098, 0.6413, 0.5434,
    0.1426, 0.6236, 0.6538, 0.5696, 0.5755, 0.6833, 0.8117, 0.6404, 0.5866, 0.2048,
  ]

### training/epsilon
  Total points: 100
  Min: 0.6888, Max: 0.9992, Mean: 0.8411
  Data: [
    0.9992, 0.9984, 0.9968, 0.9960, 0.9952, 0.9944, 0.9936, 0.9928, 0.9920, 0.9912,
    0.9904, 0.9897, 0.9889, 0.9881, 0.9873, 0.9865, 0.9857, 0.9849, 0.9841, 0.9833,
    0.9826, 0.9818, 0.9810, 0.9802, 0.9794, 0.9786, 0.9778, 0.9771, 0.9763, 0.9755,
    0.9747, 0.9732, 0.9724, 0.9716, 0.9701, 0.9693, 0.9685, 0.9677, 0.9670, 0.9662,
    0.9654, 0.9646, 0.9639, 0.9631, 0.9623, 0.9616, 0.9608, 0.9600, 0.9593, 0.9585,
    0.7186, 0.7181, 0.7175, 0.7169, 0.7163, 0.7158, 0.7152, 0.7146, 0.7140, 0.7135,
    0.7123, 0.7118, 0.7112, 0.7106, 0.7101, 0.7095, 0.7089, 0.7084, 0.7072, 0.7067,
    0.7061, 0.7055, 0.7050, 0.7044, 0.7038, 0.7033, 0.7027, 0.7021, 0.7010, 0.7005,
    0.6999, 0.6993, 0.6988, 0.6982, 0.6977, 0.6971, 0.6966, 0.6960, 0.6954, 0.6949,
    0.6943, 0.6938, 0.6932, 0.6927, 0.6921, 0.6910, 0.6904, 0.6899, 0.6893, 0.6888,
  ]

### training/pbrs_enabled
  Total points: 100
  Min: 1.0000, Max: 1.0000, Mean: 1.0000
  Data: [
    1.0000, 1.0000, 1.0000, 1.0000, 1.0000, 1.0000, 1.0000, 1.0000, 1.0000, 1.0000,
    1.0000, 1.0000, 1.0000, 1.0000, 1.0000, 1.0000, 1.0000, 1.0000, 1.0000, 1.0000,
    1.0000, 1.0000, 1.0000, 1.0000, 1.0000, 1.0000, 1.0000, 1.0000, 1.0000, 1.0000,
    1.0000, 1.0000, 1.0000, 1.0000, 1.0000, 1.0000, 1.0000, 1.0000, 1.0000, 1.0000,
    1.0000, 1.0000, 1.0000, 1.0000, 1.0000, 1.0000, 1.0000, 1.0000, 1.0000, 1.0000,
    1.0000, 1.0000, 1.0000, 1.0000, 1.0000, 1.0000, 1.0000, 1.0000, 1.0000, 1.0000,
    1.0000, 1.0000, 1.0000, 1.0000, 1.0000, 1.0000, 1.0000, 1.0000, 1.0000, 1.0000,
    1.0000, 1.0000, 1.0000, 1.0000, 1.0000, 1.0000, 1.0000, 1.0000, 1.0000, 1.0000,
    1.0000, 1.0000, 1.0000, 1.0000, 1.0000, 1.0000, 1.0000, 1.0000, 1.0000, 1.0000,
    1.0000, 1.0000, 1.0000, 1.0000, 1.0000, 1.0000, 1.0000, 1.0000, 1.0000, 1.0000,
  ]

### values/Q_avg
  Total points: 45
  Min: -4.5142, Max: -0.0074, Mean: -2.3824
  Data: [
    -0.0100, -0.0113, -0.0136, -0.0157, -0.0359, -0.0074, -0.0470, -0.0198, -0.0191, -0.0260,
    -0.0216, -0.0219, -0.0285, -0.0468, -0.0335, -0.0164, -0.0134, -0.0360, -0.1399, -1.8859,
    -3.3305, -3.7703, -4.1839, -4.0451, -4.2407, -4.2330, -4.1648, -4.0758, -4.3377, -4.5142,
    -4.2325, -4.3087, -4.4025, -4.3440, -4.3944, -4.2714, -4.1108, -4.1556, -4.4125, -4.1935,
    -4.1884, -4.2850, -4.2328, -4.1731, -4.1567,
  ]

### values/Q_max
  Total points: 45
  Min: -2.2556, Max: 9.2277, Mean: 1.0209
  Data: [
    0.1980, 0.3176, 0.1981, 0.2100, 0.2624, 0.2758, 0.1667, 0.2494, 0.2766, 0.2758,
    0.2510, 0.2121, 0.2382, 0.1858, 0.2467, 0.2614, 0.1960, 0.2336, 0.2123, 0.3693,
    2.3020, 2.2306, -2.2075, 1.8507, 5.5497, -0.6688, -0.9486, 3.1872, 5.2270, 0.7256,
    9.2277, -0.7550, 6.5617, 1.4298, -0.8740, 5.9347, 6.8020, 6.9440, -1.4429, -2.2556,
    -1.4151, -1.3898, -1.5093, -1.9809, -1.4213,
  ]

### values/Q_min
  Total points: 45
  Min: -8.9058, Max: -0.2450, Mean: -4.9483
  Data: [
    -0.2911, -0.2572, -0.2592, -0.2965, -0.3356, -0.2582, -0.2936, -0.2450, -0.2932, -0.2803,
    -0.2630, -0.3459, -0.2479, -0.2817, -0.3030, -0.2574, -0.2979, -0.2899, -0.4107, -8.8390,
    -8.7937, -8.9058, -8.0083, -8.3874, -8.7202, -7.2549, -8.4299, -7.9168, -8.7124, -8.7218,
    -8.8885, -8.5872, -8.5339, -8.1930, -8.4327, -8.0696, -7.9545, -8.7566, -8.4386, -8.1268,
    -7.5132, -8.3535, -8.4872, -7.9849, -8.1561,
  ]

### values/Q_std
  Total points: 45
  Min: 0.1117, Max: 1.9139, Mean: 0.8210
  Data: [
    0.1165, 0.1231, 0.1148, 0.1178, 0.1148, 0.1232, 0.1224, 0.1210, 0.1164, 0.1238,
    0.1196, 0.1219, 0.1191, 0.1117, 0.1147, 0.1137, 0.1142, 0.1258, 0.1212, 1.0945,
    1.5951, 1.3847, 0.8270, 1.2958, 1.7038, 0.9874, 1.1695, 1.5346, 1.8883, 1.5007,
    1.8238, 1.2700, 1.9139, 1.3645, 1.2038, 1.5882, 1.4895, 1.9014, 1.2963, 0.9120,
    0.8961, 1.1090, 1.0978, 0.8472, 0.9954,
  ]
