================================================================================
W&B RUN DATA: 4DreamerV3-small-weak-seed43
================================================================================

## RUN METADATA
Run ID: wmao6mlb
Created: 2026-01-19T14:29:13Z
State: running
Duration: 329.088036273 seconds

## CONFIGURATION
  [Environment]
    env/mode: NORMAL
    env/opponent: weak
    env/obs_dim: 18
    env/action_dim: 4
  [Architecture]
    arch/hidden_size: 2048
    arch/latent_size: 64
    arch/recurrent_size: 2048
  [Imagination]
    imagination/horizon: 50
    imagination/batch_size: 256
  [Training]
    train/batch_size: 16
    train/batch_length: 64
    train/lr_world: 4e-05
    train/lr_actor: 4e-05
    train/lr_critic: 4e-05
    train/gamma: 0.997
    train/lambda_gae: 0.95
  [DreamerV3]
    dreamer/kl_free: 1
    dreamer/entropy_scale: 0.0003
  [Meta]
    seed: 43
    max_steps: 10000000
    device: cuda

## FINAL SUMMARY
  runtime: 0.09 hours (329 seconds)

## METRICS DATA

### behavior/actor_loss
  Total points: 153
  Min: -0.0307, Max: -0.0011, Mean: -0.0038
  Data: [
    -0.0011, -0.0011, -0.0011, -0.0011, -0.0012, -0.0012, -0.0012, -0.0012, -0.0013, -0.0013,
    -0.0013, -0.0013, -0.0014, -0.0014, -0.0014, -0.0015, -0.0015, -0.0015, -0.0015, -0.0016,
    -0.0016, -0.0016, -0.0016, -0.0016, -0.0017, -0.0017, -0.0017, -0.0017, -0.0017, -0.0017,
    -0.0017, -0.0016, -0.0016, -0.0015, -0.0015, -0.0014, -0.0014, -0.0014, -0.0015, -0.0015,
    -0.0016, -0.0016, -0.0017, -0.0017, -0.0017, -0.0017, -0.0017, -0.0017, -0.0017, -0.0017,
    -0.0017, -0.0017, -0.0017, -0.0017, -0.0017, -0.0017, -0.0017, -0.0017, -0.0018, -0.0018,
    -0.0018, -0.0018, -0.0018, -0.0018, -0.0018, -0.0018, -0.0018, -0.0018, -0.0018, -0.0018,
    -0.0018, -0.0018, -0.0017, -0.0017, -0.0017, -0.0017, -0.0017, -0.0017, -0.0018, -0.0018,
    -0.0018, -0.0018, -0.0018, -0.0017, -0.0016, -0.0016, -0.0016, -0.0017, -0.0018, -0.0018,
    -0.0019, -0.0020, -0.0021, -0.0020, -0.0019, -0.0021, -0.0023, -0.0023, -0.0022, -0.0020,
    -0.0021, -0.0021, -0.0022, -0.0025, -0.0031, -0.0045, -0.0057, -0.0057, -0.0047, -0.0034,
    -0.0026, -0.0027, -0.0034, -0.0045, -0.0056, -0.0063, -0.0065, -0.0059, -0.0049, -0.0044,
    -0.0045, -0.0050, -0.0059, -0.0064, -0.0072, -0.0081, -0.0088, -0.0084, -0.0079, -0.0076,
    -0.0074, -0.0074, -0.0076, -0.0072, -0.0065, -0.0068, -0.0080, -0.0090, -0.0100, -0.0121,
    -0.0131, -0.0142, -0.0139, -0.0112, -0.0113, -0.0132, -0.0218, -0.0307, -0.0257, -0.0162,
    -0.0068, -0.0029, -0.0038,
  ]

### behavior/advantage_mean
  Total points: 153
  Min: -0.0000, Max: 0.0011, Mean: 0.0001
  Data: [
    0.0000, -0.0000, -0.0000, -0.0000, -0.0000, -0.0000, -0.0000, -0.0000, -0.0000, -0.0000,
    -0.0000, -0.0000, -0.0000, -0.0000, -0.0000, -0.0000, -0.0000, -0.0000, -0.0000, -0.0000,
    -0.0000, -0.0000, -0.0000, -0.0000, -0.0000, -0.0000, -0.0000, -0.0000, -0.0000, -0.0000,
    -0.0000, -0.0000, 0.0000, 0.0000, 0.0001, 0.0001, 0.0001, 0.0001, 0.0001, 0.0001,
    0.0000, 0.0000, 0.0000, -0.0000, -0.0000, -0.0000, -0.0000, -0.0000, -0.0000, -0.0000,
    -0.0000, -0.0000, -0.0000, -0.0000, -0.0000, 0.0000, 0.0000, 0.0000, 0.0000, -0.0000,
    -0.0000, -0.0000, -0.0000, -0.0000, -0.0000, -0.0000, -0.0000, -0.0000, -0.0000, -0.0000,
    -0.0000, 0.0000, 0.0000, 0.0000, 0.0001, 0.0001, 0.0000, 0.0000, 0.0000, -0.0000,
    -0.0000, -0.0000, 0.0000, 0.0000, 0.0001, 0.0001, 0.0001, 0.0001, 0.0001, 0.0001,
    0.0001, 0.0002, 0.0002, 0.0001, 0.0000, 0.0001, 0.0001, 0.0001, 0.0001, 0.0000,
    0.0000, 0.0000, 0.0001, 0.0001, 0.0001, 0.0002, 0.0003, 0.0003, 0.0002, 0.0001,
    0.0001, 0.0001, 0.0001, 0.0002, 0.0002, 0.0002, 0.0002, 0.0002, 0.0001, 0.0001,
    0.0001, 0.0001, 0.0002, 0.0002, 0.0002, 0.0003, 0.0003, 0.0003, 0.0002, 0.0002,
    0.0002, 0.0002, 0.0002, 0.0002, 0.0002, 0.0002, 0.0002, 0.0003, 0.0003, 0.0004,
    0.0004, 0.0005, 0.0004, 0.0003, 0.0004, 0.0004, 0.0007, 0.0011, 0.0009, 0.0005,
    0.0002, 0.0001, 0.0001,
  ]

### behavior/critic_loss
  Total points: 153
  Min: 0.0005, Max: 5.5413, Mean: 1.2123
  Data: [
    5.5413, 5.5382, 5.5354, 5.5326, 5.5296, 5.5262, 5.5222, 5.5178, 5.5126, 5.5066,
    5.4998, 5.4921, 5.4831, 5.4728, 5.4610, 5.4475, 5.4319, 5.4138, 5.3927, 5.3678,
    5.3386, 5.3037, 5.2614, 5.2111, 5.1489, 5.0720, 4.9752, 4.8529, 4.6954, 4.4930,
    4.2358, 3.9129, 3.5183, 3.0585, 2.5483, 2.0118, 1.4872, 1.0168, 0.6398, 0.3719,
    0.2044, 0.1078, 0.0551, 0.0295, 0.0155, 0.0091, 0.0055, 0.0032, 0.0019, 0.0013,
    0.0010, 0.0008, 0.0007, 0.0006, 0.0005, 0.0005, 0.0005, 0.0005, 0.0005, 0.0006,
    0.0006, 0.0007, 0.0008, 0.0010, 0.0011, 0.0013, 0.0016, 0.0018, 0.0021, 0.0024,
    0.0027, 0.0030, 0.0033, 0.0036, 0.0042, 0.0048, 0.0053, 0.0058, 0.0063, 0.0073,
    0.0083, 0.0094, 0.0104, 0.0121, 0.0137, 0.0162, 0.0189, 0.0214, 0.0233, 0.0265,
    0.0288, 0.0307, 0.0316, 0.0335, 0.0342, 0.0335, 0.0317, 0.0293, 0.0265, 0.0241,
    0.0216, 0.0206, 0.0208, 0.0220, 0.0243, 0.0259, 0.0268, 0.0272, 0.0268, 0.0262,
    0.0258, 0.0249, 0.0236, 0.0219, 0.0202, 0.0184, 0.0167, 0.0161, 0.0165, 0.0168,
    0.0167, 0.0164, 0.0160, 0.0165, 0.0168, 0.0168, 0.0166, 0.0174, 0.0179, 0.0182,
    0.0181, 0.0178, 0.0173, 0.0179, 0.0196, 0.0209, 0.0218, 0.0239, 0.0273, 0.0301,
    0.0352, 0.0393, 0.0422, 0.0474, 0.0509, 0.0594, 0.0706, 0.0778, 0.0865, 0.0883,
    0.0832, 0.0737, 0.0651,
  ]

### behavior/entropy
  Total points: 153
  Min: 3.6328, Max: 5.9772, Mean: 5.6244
  Data: [
    3.6328, 3.6810, 3.7293, 3.7793, 3.8329, 3.8916, 3.9565, 4.0266, 4.1016, 4.1799,
    4.2601, 4.3413, 4.4221, 4.5016, 4.5790, 4.6534, 4.7247, 4.7929, 4.8579, 4.9192,
    4.9776, 5.0328, 5.0850, 5.1343, 5.1809, 5.2249, 5.2663, 5.3052, 5.3419, 5.3762,
    5.4085, 5.4388, 5.4673, 5.4940, 5.5192, 5.5430, 5.5655, 5.5868, 5.6069, 5.6260,
    5.6440, 5.6610, 5.6770, 5.6921, 5.7064, 5.7198, 5.7326, 5.7446, 5.7559, 5.7667,
    5.7768, 5.7865, 5.7956, 5.8042, 5.8125, 5.8203, 5.8277, 5.8347, 5.8414, 5.8478,
    5.8539, 5.8597, 5.8653, 5.8705, 5.8756, 5.8804, 5.8851, 5.8895, 5.8937, 5.8978,
    5.9017, 5.9054, 5.9090, 5.9125, 5.9158, 5.9191, 5.9222, 5.9251, 5.9280, 5.9307,
    5.9334, 5.9359, 5.9384, 5.9408, 5.9431, 5.9452, 5.9470, 5.9486, 5.9498, 5.9507,
    5.9514, 5.9518, 5.9517, 5.9512, 5.9507, 5.9502, 5.9499, 5.9499, 5.9501, 5.9507,
    5.9515, 5.9526, 5.9540, 5.9555, 5.9573, 5.9591, 5.9608, 5.9623, 5.9637, 5.9651,
    5.9665, 5.9679, 5.9693, 5.9706, 5.9718, 5.9725, 5.9729, 5.9731, 5.9732, 5.9733,
    5.9735, 5.9738, 5.9742, 5.9747, 5.9752, 5.9757, 5.9761, 5.9765, 5.9767, 5.9769,
    5.9770, 5.9771, 5.9771, 5.9771, 5.9771, 5.9771, 5.9771, 5.9772, 5.9772, 5.9772,
    5.9771, 5.9769, 5.9764, 5.9754, 5.9737, 5.9708, 5.9660, 5.9584, 5.9550, 5.9545,
    5.9542, 5.9538, 5.9535,
  ]

### behavior/policy_loss
  Total points: 153
  Min: -0.0289, Max: 0.0003, Mean: -0.0021
  Data: [
    0.0000, -0.0000, -0.0000, -0.0000, -0.0000, -0.0000, -0.0000, -0.0000, -0.0000, -0.0000,
    -0.0000, -0.0000, -0.0000, -0.0001, -0.0001, -0.0001, -0.0001, -0.0001, -0.0001, -0.0001,
    -0.0001, -0.0001, -0.0001, -0.0001, -0.0001, -0.0001, -0.0001, -0.0001, -0.0001, -0.0001,
    -0.0001, -0.0000, 0.0001, 0.0001, 0.0002, 0.0002, 0.0003, 0.0003, 0.0002, 0.0001,
    0.0001, 0.0001, 0.0000, -0.0000, -0.0000, -0.0000, -0.0000, -0.0000, -0.0000, -0.0000,
    -0.0000, -0.0000, -0.0000, -0.0000, -0.0000, 0.0000, 0.0000, 0.0000, 0.0000, -0.0000,
    -0.0000, -0.0000, -0.0000, -0.0000, -0.0000, -0.0000, -0.0000, -0.0000, -0.0000, -0.0000,
    -0.0000, 0.0000, 0.0000, 0.0001, 0.0001, 0.0001, 0.0001, 0.0001, 0.0000, -0.0000,
    -0.0000, -0.0000, 0.0000, 0.0001, 0.0002, 0.0002, 0.0001, 0.0001, 0.0000, -0.0000,
    -0.0001, -0.0002, -0.0003, -0.0002, -0.0001, -0.0003, -0.0005, -0.0005, -0.0004, -0.0002,
    -0.0003, -0.0003, -0.0004, -0.0007, -0.0013, -0.0027, -0.0039, -0.0039, -0.0029, -0.0017,
    -0.0009, -0.0009, -0.0016, -0.0027, -0.0038, -0.0045, -0.0047, -0.0041, -0.0031, -0.0026,
    -0.0027, -0.0032, -0.0041, -0.0046, -0.0055, -0.0063, -0.0070, -0.0066, -0.0061, -0.0058,
    -0.0056, -0.0056, -0.0058, -0.0054, -0.0047, -0.0050, -0.0062, -0.0072, -0.0082, -0.0103,
    -0.0113, -0.0125, -0.0121, -0.0094, -0.0095, -0.0114, -0.0200, -0.0289, -0.0239, -0.0144,
    -0.0051, -0.0012, -0.0020,
  ]

### behavior/target_mean
  Total points: 153
  Min: -0.0028, Max: 0.0001, Mean: -0.0004
  Data: [
    -0.0000, -0.0000, -0.0000, -0.0000, -0.0000, -0.0000, -0.0000, -0.0000, -0.0000, -0.0000,
    -0.0000, -0.0000, -0.0000, -0.0000, -0.0000, -0.0000, -0.0000, -0.0000, -0.0000, -0.0000,
    -0.0000, -0.0000, -0.0000, -0.0000, -0.0000, -0.0000, -0.0000, -0.0000, -0.0000, -0.0000,
    -0.0000, -0.0000, -0.0000, 0.0000, 0.0000, 0.0001, 0.0001, 0.0001, 0.0001, 0.0000,
    0.0000, 0.0000, 0.0000, -0.0000, -0.0000, -0.0000, -0.0000, -0.0000, -0.0000, -0.0000,
    -0.0000, -0.0000, -0.0000, -0.0000, -0.0000, -0.0000, -0.0000, -0.0000, -0.0000, -0.0000,
    -0.0000, -0.0000, -0.0000, -0.0000, -0.0000, -0.0000, -0.0000, -0.0000, -0.0000, -0.0000,
    -0.0000, -0.0001, -0.0001, -0.0001, -0.0001, -0.0001, -0.0001, -0.0001, -0.0001, -0.0001,
    -0.0002, -0.0002, -0.0002, -0.0003, -0.0003, -0.0004, -0.0004, -0.0005, -0.0006, -0.0006,
    -0.0007, -0.0008, -0.0008, -0.0008, -0.0009, -0.0008, -0.0008, -0.0007, -0.0006, -0.0006,
    -0.0005, -0.0005, -0.0005, -0.0005, -0.0006, -0.0006, -0.0007, -0.0007, -0.0006, -0.0006,
    -0.0006, -0.0006, -0.0006, -0.0005, -0.0005, -0.0004, -0.0004, -0.0004, -0.0004, -0.0004,
    -0.0004, -0.0004, -0.0004, -0.0004, -0.0004, -0.0004, -0.0004, -0.0004, -0.0004, -0.0004,
    -0.0004, -0.0004, -0.0004, -0.0004, -0.0004, -0.0005, -0.0005, -0.0006, -0.0007, -0.0007,
    -0.0009, -0.0010, -0.0011, -0.0013, -0.0014, -0.0017, -0.0021, -0.0024, -0.0027, -0.0028,
    -0.0026, -0.0022, -0.0019,
  ]

### behavior/value_mean
  Total points: 153
  Min: -0.0032, Max: 0.0000, Mean: -0.0004
  Data: [
    0.0000, 0.0000, 0.0000, 0.0000, 0.0000, 0.0000, -0.0000, 0.0000, -0.0000, -0.0000,
    -0.0000, -0.0000, -0.0000, -0.0000, -0.0000, -0.0000, -0.0000, -0.0000, -0.0000, -0.0000,
    -0.0000, -0.0000, -0.0000, -0.0000, -0.0000, -0.0000, -0.0000, -0.0000, -0.0000, -0.0000,
    -0.0000, -0.0000, -0.0000, -0.0000, -0.0000, -0.0000, -0.0000, -0.0000, -0.0000, -0.0000,
    -0.0000, -0.0000, 0.0000, 0.0000, 0.0000, -0.0000, -0.0000, -0.0000, -0.0000, -0.0000,
    -0.0000, -0.0000, -0.0000, -0.0000, -0.0000, -0.0000, -0.0000, -0.0000, -0.0000, -0.0000,
    -0.0000, -0.0000, -0.0000, -0.0000, -0.0000, -0.0000, -0.0000, -0.0000, -0.0000, -0.0000,
    -0.0000, -0.0000, -0.0000, -0.0001, -0.0001, -0.0001, -0.0001, -0.0001, -0.0001, -0.0001,
    -0.0001, -0.0001, -0.0002, -0.0002, -0.0003, -0.0004, -0.0005, -0.0005, -0.0006, -0.0006,
    -0.0006, -0.0008, -0.0009, -0.0009, -0.0008, -0.0008, -0.0008, -0.0008, -0.0007, -0.0006,
    -0.0005, -0.0004, -0.0004, -0.0004, -0.0005, -0.0006, -0.0007, -0.0008, -0.0008, -0.0007,
    -0.0006, -0.0005, -0.0005, -0.0005, -0.0005, -0.0005, -0.0005, -0.0004, -0.0004, -0.0003,
    -0.0003, -0.0003, -0.0003, -0.0003, -0.0004, -0.0004, -0.0004, -0.0004, -0.0004, -0.0004,
    -0.0004, -0.0004, -0.0004, -0.0004, -0.0004, -0.0004, -0.0004, -0.0005, -0.0006, -0.0007,
    -0.0009, -0.0011, -0.0012, -0.0013, -0.0014, -0.0015, -0.0018, -0.0025, -0.0031, -0.0032,
    -0.0029, -0.0023, -0.0018,
  ]

### episode/length
  Total points: 153
  Min: 22.0000, Max: 250.0000, Mean: 164.7255
  Data: [
    250.0000, 250.0000, 250.0000, 106.0000, 128.0000, 96.0000, 250.0000, 31.0000, 77.0000, 31.0000,
    214.0000, 250.0000, 250.0000, 68.0000, 250.0000, 32.0000, 250.0000, 32.0000, 250.0000, 116.0000,
    250.0000, 30.0000, 85.0000, 88.0000, 250.0000, 143.0000, 250.0000, 250.0000, 250.0000, 250.0000,
    250.0000, 105.0000, 250.0000, 74.0000, 250.0000, 47.0000, 250.0000, 116.0000, 250.0000, 250.0000,
    250.0000, 250.0000, 250.0000, 31.0000, 250.0000, 90.0000, 250.0000, 250.0000, 250.0000, 32.0000,
    250.0000, 32.0000, 250.0000, 46.0000, 250.0000, 31.0000, 250.0000, 66.0000, 250.0000, 31.0000,
    250.0000, 66.0000, 250.0000, 41.0000, 250.0000, 45.0000, 250.0000, 39.0000, 250.0000, 45.0000,
    250.0000, 250.0000, 250.0000, 197.0000, 250.0000, 250.0000, 250.0000, 30.0000, 250.0000, 31.0000,
    250.0000, 32.0000, 70.0000, 31.0000, 250.0000, 31.0000, 250.0000, 54.0000, 250.0000, 54.0000,
    250.0000, 67.0000, 250.0000, 32.0000, 250.0000, 250.0000, 250.0000, 32.0000, 250.0000, 55.0000,
    250.0000, 31.0000, 250.0000, 31.0000, 250.0000, 196.0000, 250.0000, 250.0000, 69.0000, 102.0000,
    250.0000, 42.0000, 39.0000, 250.0000, 250.0000, 32.0000, 250.0000, 250.0000, 250.0000, 32.0000,
    250.0000, 164.0000, 250.0000, 31.0000, 250.0000, 52.0000, 250.0000, 32.0000, 250.0000, 109.0000,
    22.0000, 88.0000, 250.0000, 32.0000, 250.0000, 108.0000, 250.0000, 168.0000, 250.0000, 42.0000,
    250.0000, 69.0000, 250.0000, 32.0000, 250.0000, 38.0000, 250.0000, 55.0000, 250.0000, 52.0000,
    250.0000, 105.0000, 250.0000,
  ]

### episode/outcome
  Total points: 153
  Min: -1.0000, Max: 1.0000, Mean: -0.3595
  Data: [
    0.0000, 0.0000, 0.0000, -1.0000, -1.0000, -1.0000, 0.0000, -1.0000, -1.0000, -1.0000,
    1.0000, 0.0000, 0.0000, -1.0000, 0.0000, -1.0000, 0.0000, -1.0000, 0.0000, -1.0000,
    0.0000, -1.0000, -1.0000, -1.0000, 0.0000, -1.0000, 0.0000, 0.0000, 0.0000, 0.0000,
    0.0000, -1.0000, 0.0000, -1.0000, 0.0000, -1.0000, 0.0000, -1.0000, 0.0000, 0.0000,
    0.0000, 0.0000, 0.0000, -1.0000, 0.0000, 1.0000, 0.0000, 0.0000, 0.0000, -1.0000,
    0.0000, -1.0000, 0.0000, -1.0000, 0.0000, -1.0000, 0.0000, 1.0000, 0.0000, -1.0000,
    0.0000, -1.0000, 0.0000, -1.0000, 0.0000, -1.0000, 0.0000, -1.0000, 0.0000, -1.0000,
    0.0000, 0.0000, 0.0000, -1.0000, 0.0000, 0.0000, 0.0000, -1.0000, 0.0000, -1.0000,
    0.0000, -1.0000, -1.0000, -1.0000, 0.0000, -1.0000, 0.0000, -1.0000, 0.0000, -1.0000,
    0.0000, -1.0000, 0.0000, -1.0000, 0.0000, 0.0000, 0.0000, -1.0000, 0.0000, -1.0000,
    0.0000, -1.0000, 0.0000, -1.0000, 0.0000, -1.0000, 0.0000, 0.0000, -1.0000, 1.0000,
    0.0000, -1.0000, 1.0000, 0.0000, 0.0000, -1.0000, 0.0000, 0.0000, 0.0000, -1.0000,
    0.0000, -1.0000, 0.0000, -1.0000, 0.0000, -1.0000, 0.0000, -1.0000, 0.0000, 1.0000,
    -1.0000, 1.0000, 0.0000, -1.0000, 0.0000, -1.0000, 0.0000, -1.0000, 0.0000, -1.0000,
    0.0000, -1.0000, 0.0000, -1.0000, 0.0000, -1.0000, 0.0000, -1.0000, 0.0000, -1.0000,
    0.0000, 1.0000, 0.0000,
  ]

### episode/reward
  Total points: 153
  Min: -1.0000, Max: 1.0000, Mean: -0.3595
  Data: [
    0.0000, 0.0000, 0.0000, -1.0000, -1.0000, -1.0000, 0.0000, -1.0000, -1.0000, -1.0000,
    1.0000, 0.0000, 0.0000, -1.0000, 0.0000, -1.0000, 0.0000, -1.0000, 0.0000, -1.0000,
    0.0000, -1.0000, -1.0000, -1.0000, 0.0000, -1.0000, 0.0000, 0.0000, 0.0000, 0.0000,
    0.0000, -1.0000, 0.0000, -1.0000, 0.0000, -1.0000, 0.0000, -1.0000, 0.0000, 0.0000,
    0.0000, 0.0000, 0.0000, -1.0000, 0.0000, 1.0000, 0.0000, 0.0000, 0.0000, -1.0000,
    0.0000, -1.0000, 0.0000, -1.0000, 0.0000, -1.0000, 0.0000, 1.0000, 0.0000, -1.0000,
    0.0000, -1.0000, 0.0000, -1.0000, 0.0000, -1.0000, 0.0000, -1.0000, 0.0000, -1.0000,
    0.0000, 0.0000, 0.0000, -1.0000, 0.0000, 0.0000, 0.0000, -1.0000, 0.0000, -1.0000,
    0.0000, -1.0000, -1.0000, -1.0000, 0.0000, -1.0000, 0.0000, -1.0000, 0.0000, -1.0000,
    0.0000, -1.0000, 0.0000, -1.0000, 0.0000, 0.0000, 0.0000, -1.0000, 0.0000, -1.0000,
    0.0000, -1.0000, 0.0000, -1.0000, 0.0000, -1.0000, 0.0000, 0.0000, -1.0000, 1.0000,
    0.0000, -1.0000, 1.0000, 0.0000, 0.0000, -1.0000, 0.0000, 0.0000, 0.0000, -1.0000,
    0.0000, -1.0000, 0.0000, -1.0000, 0.0000, -1.0000, 0.0000, -1.0000, 0.0000, 1.0000,
    -1.0000, 1.0000, 0.0000, -1.0000, 0.0000, -1.0000, 0.0000, -1.0000, 0.0000, -1.0000,
    0.0000, -1.0000, 0.0000, -1.0000, 0.0000, -1.0000, 0.0000, -1.0000, 0.0000, -1.0000,
    0.0000, 1.0000, 0.0000,
  ]

### episode/time
  Total points: 153
  Min: 0.0499, Max: 0.5636, Mean: 0.3601
  Data: [
    0.5397, 0.5431, 0.5547, 0.2323, 0.2790, 0.2107, 0.5457, 0.0702, 0.1680, 0.0692,
    0.4632, 0.5426, 0.5425, 0.1488, 0.5443, 0.0712, 0.5421, 0.0709, 0.5491, 0.2523,
    0.5427, 0.0670, 0.1857, 0.1941, 0.5434, 0.3104, 0.5418, 0.5393, 0.5410, 0.5407,
    0.5498, 0.2281, 0.5474, 0.1605, 0.5436, 0.1033, 0.5432, 0.2521, 0.5403, 0.5442,
    0.5480, 0.5454, 0.5445, 0.0692, 0.5452, 0.1969, 0.5438, 0.5411, 0.5435, 0.0715,
    0.5408, 0.0708, 0.5463, 0.1006, 0.5445, 0.0695, 0.5532, 0.1450, 0.5432, 0.0692,
    0.5431, 0.1458, 0.5525, 0.0930, 0.5438, 0.1013, 0.5422, 0.0856, 0.5436, 0.0990,
    0.5432, 0.5404, 0.5429, 0.4255, 0.5622, 0.5369, 0.5412, 0.0665, 0.5403, 0.0687,
    0.5434, 0.0713, 0.1541, 0.0688, 0.5439, 0.0696, 0.5433, 0.1193, 0.5452, 0.1199,
    0.5636, 0.1476, 0.5423, 0.0715, 0.5613, 0.5411, 0.5457, 0.0711, 0.5424, 0.1206,
    0.5448, 0.0690, 0.5479, 0.0694, 0.5572, 0.4271, 0.5528, 0.5438, 0.1508, 0.2237,
    0.5444, 0.0938, 0.0871, 0.5440, 0.5584, 0.0749, 0.5456, 0.5432, 0.5459, 0.0716,
    0.5478, 0.3576, 0.5446, 0.0694, 0.5457, 0.1165, 0.5450, 0.0717, 0.5467, 0.2400,
    0.0499, 0.1928, 0.5472, 0.0719, 0.5483, 0.2341, 0.5483, 0.3747, 0.5475, 0.0942,
    0.5462, 0.1545, 0.5462, 0.0716, 0.5467, 0.0846, 0.5472, 0.1207, 0.5497, 0.1157,
    0.5468, 0.2303, 0.5446,
  ]

### episode/train_time
  Total points: 153
  Min: 1.4494, Max: 2.4579, Mean: 1.4762
  Data: [
    2.4579, 1.4692, 1.5305, 1.4605, 1.4604, 1.4549, 1.4602, 1.4738, 1.4604, 1.4611,
    1.4839, 1.4618, 1.4634, 1.4641, 1.4751, 1.4626, 1.4653, 1.4678, 1.4868, 1.4594,
    1.4606, 1.4628, 1.4615, 1.4570, 1.4790, 1.4620, 1.4602, 1.4714, 1.4826, 1.5787,
    1.4615, 1.4626, 1.4723, 1.4652, 1.5302, 1.4668, 1.4619, 1.4567, 1.4552, 1.5400,
    1.4628, 1.4838, 1.4526, 1.4563, 1.4587, 1.4570, 1.4585, 1.4541, 1.4535, 1.4586,
    1.4830, 1.4496, 1.4566, 1.4685, 1.4566, 1.4560, 1.4647, 1.4647, 1.4523, 1.4711,
    1.4656, 1.4603, 1.4647, 1.4645, 1.5288, 1.4598, 1.4626, 1.5591, 1.4570, 1.4547,
    1.4538, 1.4662, 1.4638, 1.4632, 1.4600, 1.4609, 1.4636, 1.4689, 1.4620, 1.4639,
    1.4556, 1.4600, 1.4724, 1.5563, 1.4624, 1.4629, 1.4632, 1.4652, 1.4720, 1.4655,
    1.4563, 1.4624, 1.4577, 1.4612, 1.4849, 1.4494, 1.4633, 1.4758, 1.4670, 1.4590,
    1.4525, 1.4610, 1.4607, 1.5613, 1.4637, 1.4613, 1.4574, 1.4597, 1.4689, 1.4598,
    1.4636, 1.4532, 1.4527, 1.4723, 1.4908, 1.4607, 1.4630, 1.4598, 1.4653, 1.4593,
    1.4565, 1.4626, 1.4628, 1.4569, 1.5058, 1.4687, 1.4653, 1.4749, 1.4684, 1.4604,
    1.4695, 1.4575, 1.4576, 1.4593, 1.4725, 1.4702, 1.4864, 1.4763, 1.4686, 1.4816,
    1.4774, 1.4895, 1.4729, 1.4748, 1.4929, 1.4749, 1.4769, 1.4785, 1.4715, 1.4706,
    1.4710, 1.4803, 1.4718,
  ]

### eval/gameplay_gif_strong
  Total points: 1
  ✗ Could not format data: float() argument must be a string or a real number, not 'dict'

### eval/gameplay_gif_weak
  Total points: 1
  ✗ Could not format data: float() argument must be a string or a real number, not 'dict'

### grad/actor
  Total points: 153
  Min: 0.0006, Max: 0.0446, Mean: 0.0067
  Data: [
    0.0039, 0.0040, 0.0041, 0.0043, 0.0045, 0.0048, 0.0051, 0.0053, 0.0056, 0.0057,
    0.0059, 0.0059, 0.0060, 0.0059, 0.0058, 0.0057, 0.0056, 0.0054, 0.0052, 0.0050,
    0.0048, 0.0046, 0.0044, 0.0042, 0.0040, 0.0038, 0.0037, 0.0035, 0.0033, 0.0032,
    0.0031, 0.0029, 0.0029, 0.0028, 0.0027, 0.0027, 0.0027, 0.0027, 0.0026, 0.0025,
    0.0023, 0.0021, 0.0020, 0.0018, 0.0018, 0.0019, 0.0018, 0.0017, 0.0015, 0.0015,
    0.0014, 0.0014, 0.0013, 0.0013, 0.0012, 0.0012, 0.0012, 0.0011, 0.0011, 0.0011,
    0.0010, 0.0010, 0.0010, 0.0010, 0.0010, 0.0009, 0.0010, 0.0010, 0.0009, 0.0009,
    0.0008, 0.0008, 0.0010, 0.0014, 0.0017, 0.0017, 0.0016, 0.0011, 0.0008, 0.0008,
    0.0009, 0.0007, 0.0010, 0.0026, 0.0057, 0.0083, 0.0090, 0.0076, 0.0053, 0.0043,
    0.0100, 0.0176, 0.0160, 0.0069, 0.0047, 0.0089, 0.0124, 0.0110, 0.0077, 0.0044,
    0.0049, 0.0051, 0.0065, 0.0102, 0.0172, 0.0323, 0.0446, 0.0417, 0.0291, 0.0155,
    0.0075, 0.0074, 0.0128, 0.0205, 0.0271, 0.0302, 0.0295, 0.0239, 0.0170, 0.0134,
    0.0128, 0.0141, 0.0167, 0.0175, 0.0187, 0.0197, 0.0195, 0.0162, 0.0131, 0.0105,
    0.0085, 0.0069, 0.0056, 0.0039, 0.0023, 0.0016, 0.0012, 0.0020, 0.0031, 0.0048,
    0.0069, 0.0081, 0.0086, 0.0068, 0.0061, 0.0049, 0.0036, 0.0095, 0.0086, 0.0035,
    0.0009, 0.0006, 0.0007,
  ]

### grad/critic
  Total points: 153
  Min: 0.0001, Max: 60.9060, Mean: 4.6041
  Data: [
    1.4226, 1.4430, 1.5149, 1.5952, 1.6965, 1.8187, 1.9646, 2.1217, 2.3044, 2.5086,
    2.7328, 2.9780, 3.2554, 3.5635, 3.8975, 4.2631, 4.6713, 5.1249, 5.6327, 6.2115,
    6.8663, 7.6238, 8.5207, 9.5523, 10.8063, 12.3268, 14.2130, 16.5684, 19.5856, 23.4386,
    28.2795, 34.2392, 41.2135, 48.6417, 55.5215, 60.3013, 60.9060, 55.6315, 44.8142, 31.5826,
    19.8775, 11.5310, 6.3526, 3.4323, 1.8050, 0.9450, 0.4954, 0.2502, 0.1278, 0.0666,
    0.0346, 0.0179, 0.0102, 0.0063, 0.0051, 0.0052, 0.0053, 0.0059, 0.0066, 0.0076,
    0.0089, 0.0098, 0.0125, 0.0151, 0.0178, 0.0202, 0.0246, 0.0287, 0.0322, 0.0339,
    0.0327, 0.0268, 0.0138, 0.0086, 0.0293, 0.0450, 0.0441, 0.0271, 0.0025, 0.0365,
    0.0638, 0.0793, 0.0718, 0.0642, 0.0201, 0.0207, 0.0570, 0.0612, 0.0251, 0.0840,
    0.0885, 0.0056, 0.1521, 0.0553, 0.0401, 0.0303, 0.0561, 0.1159, 0.1000, 0.0281,
    0.0187, 0.0791, 0.1287, 0.1591, 0.1680, 0.0756, 0.1082, 0.2632, 0.2496, 0.1040,
    0.0506, 0.1235, 0.1152, 0.0519, 0.0339, 0.1067, 0.1398, 0.0902, 0.0058, 0.0739,
    0.1053, 0.1024, 0.0709, 0.0610, 0.0283, 0.0204, 0.0710, 0.0613, 0.0418, 0.0207,
    0.0055, 0.0001, 0.0040, 0.0317, 0.0974, 0.1234, 0.0992, 0.0887, 0.0954, 0.0301,
    0.0240, 0.0484, 0.1501, 0.0074, 0.0655, 0.3230, 0.4058, 0.1925, 0.5393, 0.6066,
    0.4487, 0.1611, 0.1250,
  ]

### grad/world
  Total points: 153
  Min: 7.8455, Max: 58.6266, Mean: 15.1545
  Data: [
    9.5552, 7.8715, 9.0265, 9.2339, 9.2255, 9.5690, 10.2269, 11.0288, 11.4111, 11.8733,
    12.4836, 12.6964, 13.1273, 13.5415, 13.8755, 14.0785, 14.3906, 14.6947, 14.8230, 15.1618,
    15.4456, 15.7709, 16.1440, 16.7263, 17.2778, 18.0899, 19.2152, 20.5820, 22.4367, 24.9333,
    28.3291, 32.6409, 38.1273, 44.6047, 51.1377, 56.4470, 58.6266, 55.1447, 45.7705, 33.9905,
    24.0034, 18.3044, 15.9940, 14.8838, 14.6728, 14.3565, 14.6788, 14.4613, 14.6088, 14.1807,
    14.1693, 14.2138, 14.5635, 14.1879, 14.7063, 14.3616, 14.3981, 14.2928, 14.5401, 14.4033,
    14.1147, 14.4899, 14.0310, 14.1243, 14.0726, 14.0537, 14.1475, 14.2867, 13.9979, 14.0921,
    14.2407, 14.2114, 14.1125, 14.1263, 14.1448, 14.0533, 14.2520, 13.9311, 14.0893, 14.3217,
    14.1103, 14.3774, 14.0201, 14.1578, 14.2229, 14.2315, 14.0542, 14.1508, 14.2145, 14.1248,
    14.2091, 14.2342, 14.0820, 14.0800, 14.2903, 14.0982, 14.0337, 13.7674, 13.7245, 13.5370,
    13.5832, 13.3148, 13.2257, 13.4411, 12.9840, 13.3569, 12.8450, 13.3131, 12.6418, 13.2026,
    12.5328, 12.8306, 12.4365, 12.9260, 12.1787, 12.4027, 11.9421, 12.1776, 11.5817, 11.8571,
    11.6624, 11.5408, 11.3946, 11.6321, 11.3184, 10.9826, 10.9890, 10.9002, 10.6221, 10.5123,
    10.5780, 10.9414, 10.3793, 10.7127, 9.8611, 9.9597, 9.7480, 10.3180, 9.8605, 9.9332,
    9.5337, 9.5066, 8.8111, 8.6758, 9.3011, 8.6293, 8.4488, 8.5392, 8.6246, 7.9933,
    8.2549, 7.9256, 7.8455,
  ]

### imagine/continue_mean
  Total points: 153
  Min: 0.5048, Max: 0.8377, Mean: 0.6524
  Data: [
    0.5048, 0.5088, 0.5127, 0.5166, 0.5205, 0.5244, 0.5285, 0.5326, 0.5367, 0.5407,
    0.5445, 0.5481, 0.5516, 0.5548, 0.5577, 0.5604, 0.5628, 0.5651, 0.5671, 0.5690,
    0.5707, 0.5723, 0.5737, 0.5751, 0.5763, 0.5774, 0.5784, 0.5793, 0.5802, 0.5809,
    0.5816, 0.5822, 0.5828, 0.5833, 0.5838, 0.5842, 0.5847, 0.5851, 0.5855, 0.5859,
    0.5864, 0.5868, 0.5872, 0.5877, 0.5881, 0.5886, 0.5891, 0.5896, 0.5901, 0.5906,
    0.5911, 0.5917, 0.5922, 0.5928, 0.5934, 0.5941, 0.5947, 0.5954, 0.5962, 0.5970,
    0.5978, 0.5987, 0.5996, 0.6005, 0.6015, 0.6026, 0.6037, 0.6049, 0.6062, 0.6075,
    0.6089, 0.6103, 0.6119, 0.6135, 0.6152, 0.6170, 0.6189, 0.6209, 0.6230, 0.6251,
    0.6274, 0.6298, 0.6322, 0.6347, 0.6373, 0.6399, 0.6426, 0.6453, 0.6481, 0.6508,
    0.6536, 0.6563, 0.6591, 0.6619, 0.6648, 0.6677, 0.6706, 0.6735, 0.6765, 0.6794,
    0.6824, 0.6854, 0.6883, 0.6913, 0.6943, 0.6973, 0.7004, 0.7034, 0.7065, 0.7095,
    0.7126, 0.7157, 0.7187, 0.7218, 0.7249, 0.7280, 0.7311, 0.7342, 0.7373, 0.7404,
    0.7435, 0.7466, 0.7497, 0.7528, 0.7559, 0.7590, 0.7621, 0.7651, 0.7682, 0.7712,
    0.7743, 0.7773, 0.7803, 0.7834, 0.7864, 0.7894, 0.7923, 0.7953, 0.7982, 0.8012,
    0.8041, 0.8070, 0.8099, 0.8128, 0.8156, 0.8185, 0.8213, 0.8241, 0.8268, 0.8296,
    0.8323, 0.8350, 0.8377,
  ]

### imagine/reward_mean
  Total points: 153
  Min: -0.0006, Max: 0.0000, Mean: -0.0001
  Data: [
    -0.0000, -0.0000, -0.0000, -0.0000, -0.0000, -0.0000, -0.0000, -0.0000, -0.0000, -0.0000,
    -0.0000, -0.0000, -0.0000, -0.0000, -0.0000, -0.0000, -0.0000, -0.0000, -0.0000, -0.0000,
    -0.0000, -0.0000, -0.0000, -0.0000, -0.0000, -0.0000, -0.0000, -0.0000, -0.0000, -0.0000,
    -0.0000, -0.0000, -0.0000, 0.0000, 0.0000, 0.0000, 0.0000, 0.0000, 0.0000, 0.0000,
    0.0000, 0.0000, 0.0000, -0.0000, -0.0000, -0.0000, -0.0000, -0.0000, -0.0000, -0.0000,
    -0.0000, -0.0000, -0.0000, -0.0000, -0.0000, -0.0000, -0.0000, -0.0000, -0.0000, -0.0000,
    -0.0000, -0.0000, -0.0000, -0.0000, -0.0000, -0.0000, -0.0000, -0.0000, -0.0000, -0.0000,
    -0.0000, -0.0000, -0.0000, -0.0000, -0.0000, -0.0000, -0.0000, -0.0000, -0.0001, -0.0001,
    -0.0001, -0.0001, -0.0001, -0.0001, -0.0001, -0.0001, -0.0002, -0.0002, -0.0002, -0.0003,
    -0.0003, -0.0003, -0.0003, -0.0003, -0.0003, -0.0003, -0.0003, -0.0003, -0.0002, -0.0002,
    -0.0002, -0.0002, -0.0002, -0.0002, -0.0002, -0.0002, -0.0002, -0.0002, -0.0002, -0.0002,
    -0.0002, -0.0002, -0.0002, -0.0002, -0.0002, -0.0001, -0.0001, -0.0001, -0.0001, -0.0001,
    -0.0001, -0.0001, -0.0001, -0.0001, -0.0001, -0.0001, -0.0001, -0.0001, -0.0001, -0.0001,
    -0.0001, -0.0001, -0.0001, -0.0001, -0.0001, -0.0001, -0.0001, -0.0001, -0.0002, -0.0002,
    -0.0002, -0.0003, -0.0003, -0.0003, -0.0003, -0.0004, -0.0005, -0.0006, -0.0006, -0.0006,
    -0.0006, -0.0005, -0.0004,
  ]

### imagine/reward_std
  Total points: 153
  Min: 0.0000, Max: 0.0001, Mean: 0.0000
  Data: [
    0.0000, 0.0000, 0.0000, 0.0000, 0.0000, 0.0000, 0.0000, 0.0000, 0.0000, 0.0000,
    0.0000, 0.0000, 0.0000, 0.0000, 0.0000, 0.0000, 0.0000, 0.0000, 0.0000, 0.0000,
    0.0000, 0.0000, 0.0000, 0.0000, 0.0000, 0.0000, 0.0000, 0.0000, 0.0000, 0.0000,
    0.0000, 0.0000, 0.0000, 0.0000, 0.0000, 0.0000, 0.0000, 0.0000, 0.0000, 0.0000,
    0.0000, 0.0000, 0.0000, 0.0000, 0.0000, 0.0000, 0.0000, 0.0000, 0.0000, 0.0000,
    0.0000, 0.0000, 0.0000, 0.0000, 0.0000, 0.0000, 0.0000, 0.0000, 0.0000, 0.0000,
    0.0000, 0.0000, 0.0000, 0.0000, 0.0000, 0.0000, 0.0000, 0.0000, 0.0000, 0.0000,
    0.0000, 0.0000, 0.0000, 0.0000, 0.0000, 0.0000, 0.0000, 0.0000, 0.0000, 0.0000,
    0.0000, 0.0000, 0.0000, 0.0000, 0.0000, 0.0000, 0.0000, 0.0000, 0.0000, 0.0000,
    0.0000, 0.0000, 0.0000, 0.0000, 0.0001, 0.0000, 0.0000, 0.0000, 0.0000, 0.0000,
    0.0000, 0.0000, 0.0000, 0.0000, 0.0000, 0.0000, 0.0000, 0.0000, 0.0000, 0.0000,
    0.0000, 0.0000, 0.0000, 0.0000, 0.0000, 0.0000, 0.0000, 0.0000, 0.0000, 0.0000,
    0.0000, 0.0000, 0.0000, 0.0000, 0.0000, 0.0000, 0.0000, 0.0000, 0.0000, 0.0000,
    0.0000, 0.0000, 0.0000, 0.0000, 0.0000, 0.0000, 0.0000, 0.0000, 0.0000, 0.0000,
    0.0000, 0.0000, 0.0000, 0.0000, 0.0000, 0.0000, 0.0000, 0.0001, 0.0001, 0.0000,
    0.0000, 0.0000, 0.0000,
  ]

### stats/buffer_episodes
  Total points: 153
  Min: 7.0000, Max: 159.0000, Mean: 83.0000
  Data: [
    7.0000, 8.0000, 9.0000, 10.0000, 11.0000, 12.0000, 13.0000, 14.0000, 15.0000, 16.0000,
    17.0000, 18.0000, 19.0000, 20.0000, 21.0000, 22.0000, 23.0000, 24.0000, 25.0000, 26.0000,
    27.0000, 28.0000, 29.0000, 30.0000, 31.0000, 32.0000, 33.0000, 34.0000, 35.0000, 36.0000,
    37.0000, 38.0000, 39.0000, 40.0000, 41.0000, 42.0000, 43.0000, 44.0000, 45.0000, 46.0000,
    47.0000, 48.0000, 49.0000, 50.0000, 51.0000, 52.0000, 53.0000, 54.0000, 55.0000, 56.0000,
    57.0000, 58.0000, 59.0000, 60.0000, 61.0000, 62.0000, 63.0000, 64.0000, 65.0000, 66.0000,
    67.0000, 68.0000, 69.0000, 70.0000, 71.0000, 72.0000, 73.0000, 74.0000, 75.0000, 76.0000,
    77.0000, 78.0000, 79.0000, 80.0000, 81.0000, 82.0000, 83.0000, 84.0000, 85.0000, 86.0000,
    87.0000, 88.0000, 89.0000, 90.0000, 91.0000, 92.0000, 93.0000, 94.0000, 95.0000, 96.0000,
    97.0000, 98.0000, 99.0000, 100.0000, 101.0000, 102.0000, 103.0000, 104.0000, 105.0000, 106.0000,
    107.0000, 108.0000, 109.0000, 110.0000, 111.0000, 112.0000, 113.0000, 114.0000, 115.0000, 116.0000,
    117.0000, 118.0000, 119.0000, 120.0000, 121.0000, 122.0000, 123.0000, 124.0000, 125.0000, 126.0000,
    127.0000, 128.0000, 129.0000, 130.0000, 131.0000, 132.0000, 133.0000, 134.0000, 135.0000, 136.0000,
    137.0000, 138.0000, 139.0000, 140.0000, 141.0000, 142.0000, 143.0000, 144.0000, 145.0000, 146.0000,
    147.0000, 148.0000, 149.0000, 150.0000, 151.0000, 152.0000, 153.0000, 154.0000, 155.0000, 156.0000,
    157.0000, 158.0000, 159.0000,
  ]

### stats/buffer_size
  Total points: 153
  Min: 1102.0000, Max: 26055.0000, Mean: 13748.5490
  Data: [
    1102.0000, 1352.0000, 1602.0000, 1708.0000, 1836.0000, 1932.0000, 2182.0000, 2213.0000, 2290.0000, 2321.0000,
    2535.0000, 2785.0000, 3035.0000, 3103.0000, 3353.0000, 3385.0000, 3635.0000, 3667.0000, 3917.0000, 4033.0000,
    4283.0000, 4313.0000, 4398.0000, 4486.0000, 4736.0000, 4879.0000, 5129.0000, 5379.0000, 5629.0000, 5879.0000,
    6129.0000, 6234.0000, 6484.0000, 6558.0000, 6808.0000, 6855.0000, 7105.0000, 7221.0000, 7471.0000, 7721.0000,
    7971.0000, 8221.0000, 8471.0000, 8502.0000, 8752.0000, 8842.0000, 9092.0000, 9342.0000, 9592.0000, 9624.0000,
    9874.0000, 9906.0000, 10156.0000, 10202.0000, 10452.0000, 10483.0000, 10733.0000, 10799.0000, 11049.0000, 11080.0000,
    11330.0000, 11396.0000, 11646.0000, 11687.0000, 11937.0000, 11982.0000, 12232.0000, 12271.0000, 12521.0000, 12566.0000,
    12816.0000, 13066.0000, 13316.0000, 13513.0000, 13763.0000, 14013.0000, 14263.0000, 14293.0000, 14543.0000, 14574.0000,
    14824.0000, 14856.0000, 14926.0000, 14957.0000, 15207.0000, 15238.0000, 15488.0000, 15542.0000, 15792.0000, 15846.0000,
    16096.0000, 16163.0000, 16413.0000, 16445.0000, 16695.0000, 16945.0000, 17195.0000, 17227.0000, 17477.0000, 17532.0000,
    17782.0000, 17813.0000, 18063.0000, 18094.0000, 18344.0000, 18540.0000, 18790.0000, 19040.0000, 19109.0000, 19211.0000,
    19461.0000, 19503.0000, 19542.0000, 19792.0000, 20042.0000, 20074.0000, 20324.0000, 20574.0000, 20824.0000, 20856.0000,
    21106.0000, 21270.0000, 21520.0000, 21551.0000, 21801.0000, 21853.0000, 22103.0000, 22135.0000, 22385.0000, 22494.0000,
    22516.0000, 22604.0000, 22854.0000, 22886.0000, 23136.0000, 23244.0000, 23494.0000, 23662.0000, 23912.0000, 23954.0000,
    24204.0000, 24273.0000, 24523.0000, 24555.0000, 24805.0000, 24843.0000, 25093.0000, 25148.0000, 25398.0000, 25450.0000,
    25700.0000, 25805.0000, 26055.0000,
  ]

### stats/total_steps
  Total points: 153
  Min: 1102.0000, Max: 26055.0000, Mean: 13748.5490
  Data: [
    1102.0000, 1352.0000, 1602.0000, 1708.0000, 1836.0000, 1932.0000, 2182.0000, 2213.0000, 2290.0000, 2321.0000,
    2535.0000, 2785.0000, 3035.0000, 3103.0000, 3353.0000, 3385.0000, 3635.0000, 3667.0000, 3917.0000, 4033.0000,
    4283.0000, 4313.0000, 4398.0000, 4486.0000, 4736.0000, 4879.0000, 5129.0000, 5379.0000, 5629.0000, 5879.0000,
    6129.0000, 6234.0000, 6484.0000, 6558.0000, 6808.0000, 6855.0000, 7105.0000, 7221.0000, 7471.0000, 7721.0000,
    7971.0000, 8221.0000, 8471.0000, 8502.0000, 8752.0000, 8842.0000, 9092.0000, 9342.0000, 9592.0000, 9624.0000,
    9874.0000, 9906.0000, 10156.0000, 10202.0000, 10452.0000, 10483.0000, 10733.0000, 10799.0000, 11049.0000, 11080.0000,
    11330.0000, 11396.0000, 11646.0000, 11687.0000, 11937.0000, 11982.0000, 12232.0000, 12271.0000, 12521.0000, 12566.0000,
    12816.0000, 13066.0000, 13316.0000, 13513.0000, 13763.0000, 14013.0000, 14263.0000, 14293.0000, 14543.0000, 14574.0000,
    14824.0000, 14856.0000, 14926.0000, 14957.0000, 15207.0000, 15238.0000, 15488.0000, 15542.0000, 15792.0000, 15846.0000,
    16096.0000, 16163.0000, 16413.0000, 16445.0000, 16695.0000, 16945.0000, 17195.0000, 17227.0000, 17477.0000, 17532.0000,
    17782.0000, 17813.0000, 18063.0000, 18094.0000, 18344.0000, 18540.0000, 18790.0000, 19040.0000, 19109.0000, 19211.0000,
    19461.0000, 19503.0000, 19542.0000, 19792.0000, 20042.0000, 20074.0000, 20324.0000, 20574.0000, 20824.0000, 20856.0000,
    21106.0000, 21270.0000, 21520.0000, 21551.0000, 21801.0000, 21853.0000, 22103.0000, 22135.0000, 22385.0000, 22494.0000,
    22516.0000, 22604.0000, 22854.0000, 22886.0000, 23136.0000, 23244.0000, 23494.0000, 23662.0000, 23912.0000, 23954.0000,
    24204.0000, 24273.0000, 24523.0000, 24555.0000, 24805.0000, 24843.0000, 25093.0000, 25148.0000, 25398.0000, 25450.0000,
    25700.0000, 25805.0000, 26055.0000,
  ]

### stats/win_rate
  Total points: 153
  Min: 0.0000, Max: 0.0588, Mean: 0.0344
  Data: [
    0.0000, 0.0000, 0.0000, 0.0000, 0.0000, 0.0000, 0.0000, 0.0000, 0.0000, 0.0000,
    0.0588, 0.0556, 0.0526, 0.0500, 0.0476, 0.0455, 0.0435, 0.0417, 0.0400, 0.0385,
    0.0370, 0.0357, 0.0345, 0.0333, 0.0323, 0.0312, 0.0303, 0.0294, 0.0286, 0.0278,
    0.0270, 0.0263, 0.0256, 0.0250, 0.0244, 0.0238, 0.0233, 0.0227, 0.0222, 0.0217,
    0.0213, 0.0208, 0.0204, 0.0200, 0.0196, 0.0385, 0.0377, 0.0370, 0.0364, 0.0357,
    0.0351, 0.0345, 0.0339, 0.0333, 0.0328, 0.0323, 0.0317, 0.0469, 0.0462, 0.0455,
    0.0448, 0.0441, 0.0435, 0.0429, 0.0423, 0.0417, 0.0411, 0.0405, 0.0400, 0.0395,
    0.0390, 0.0385, 0.0380, 0.0375, 0.0370, 0.0366, 0.0361, 0.0357, 0.0353, 0.0349,
    0.0345, 0.0341, 0.0337, 0.0333, 0.0330, 0.0326, 0.0323, 0.0319, 0.0316, 0.0312,
    0.0309, 0.0306, 0.0303, 0.0300, 0.0297, 0.0294, 0.0291, 0.0288, 0.0286, 0.0283,
    0.0280, 0.0278, 0.0275, 0.0273, 0.0270, 0.0268, 0.0265, 0.0263, 0.0261, 0.0345,
    0.0342, 0.0339, 0.0420, 0.0417, 0.0413, 0.0410, 0.0407, 0.0403, 0.0400, 0.0397,
    0.0394, 0.0391, 0.0388, 0.0385, 0.0382, 0.0379, 0.0376, 0.0373, 0.0370, 0.0441,
    0.0438, 0.0507, 0.0504, 0.0500, 0.0496, 0.0493, 0.0490, 0.0486, 0.0483, 0.0479,
    0.0476, 0.0473, 0.0470, 0.0467, 0.0464, 0.0461, 0.0458, 0.0455, 0.0452, 0.0449,
    0.0446, 0.0506, 0.0503,
  ]

### world/continue_loss
  Total points: 153
  Min: 0.1819, Max: 0.6931, Mean: 0.4399
  Data: [
    0.6931, 0.6836, 0.6757, 0.6681, 0.6607, 0.6534, 0.6459, 0.6380, 0.6305, 0.6229,
    0.6155, 0.6083, 0.6017, 0.5954, 0.5896, 0.5846, 0.5797, 0.5753, 0.5713, 0.5674,
    0.5642, 0.5614, 0.5586, 0.5561, 0.5538, 0.5514, 0.5494, 0.5479, 0.5460, 0.5446,
    0.5433, 0.5421, 0.5413, 0.5403, 0.5391, 0.5386, 0.5375, 0.5367, 0.5360, 0.5353,
    0.5346, 0.5338, 0.5331, 0.5327, 0.5316, 0.5311, 0.5300, 0.5292, 0.5284, 0.5279,
    0.5270, 0.5258, 0.5248, 0.5239, 0.5233, 0.5219, 0.5208, 0.5200, 0.5185, 0.5180,
    0.5159, 0.5145, 0.5139, 0.5116, 0.5100, 0.5083, 0.5069, 0.5046, 0.5027, 0.5006,
    0.4984, 0.4962, 0.4938, 0.4912, 0.4890, 0.4858, 0.4829, 0.4798, 0.4766, 0.4738,
    0.4698, 0.4667, 0.4625, 0.4591, 0.4546, 0.4511, 0.4470, 0.4423, 0.4380, 0.4350,
    0.4296, 0.4260, 0.4211, 0.4175, 0.4126, 0.4083, 0.4040, 0.3997, 0.3953, 0.3917,
    0.3866, 0.3830, 0.3786, 0.3743, 0.3700, 0.3649, 0.3605, 0.3562, 0.3519, 0.3484,
    0.3441, 0.3389, 0.3346, 0.3303, 0.3260, 0.3217, 0.3175, 0.3142, 0.3100, 0.3048,
    0.3006, 0.2964, 0.2922, 0.2892, 0.2840, 0.2799, 0.2758, 0.2741, 0.2678, 0.2638,
    0.2598, 0.2559, 0.2520, 0.2493, 0.2455, 0.2404, 0.2366, 0.2341, 0.2304, 0.2254,
    0.2245, 0.2181, 0.2145, 0.2137, 0.2074, 0.2068, 0.2033, 0.1970, 0.1966, 0.1902,
    0.1884, 0.1851, 0.1819,
  ]

### world/kl_loss
  Total points: 153
  Min: 0.6000, Max: 0.6544, Mean: 0.6101
  Data: [
    0.6000, 0.6000, 0.6000, 0.6000, 0.6000, 0.6000, 0.6000, 0.6000, 0.6000, 0.6000,
    0.6000, 0.6000, 0.6000, 0.6004, 0.6252, 0.6544, 0.6187, 0.6416, 0.6247, 0.6144,
    0.6154, 0.6104, 0.6049, 0.6034, 0.6061, 0.6128, 0.6237, 0.6486, 0.6231, 0.6245,
    0.6163, 0.6046, 0.6038, 0.6055, 0.6103, 0.6091, 0.6150, 0.6178, 0.6072, 0.6034,
    0.6026, 0.6026, 0.6066, 0.6054, 0.6046, 0.6116, 0.6083, 0.6286, 0.6030, 0.6095,
    0.6018, 0.6008, 0.6109, 0.6040, 0.6015, 0.6106, 0.6079, 0.6023, 0.6107, 0.6006,
    0.6043, 0.6048, 0.6012, 0.6030, 0.6037, 0.6070, 0.6103, 0.6055, 0.6090, 0.6014,
    0.6073, 0.6018, 0.6046, 0.6029, 0.6071, 0.6128, 0.6021, 0.6028, 0.6122, 0.6076,
    0.6020, 0.6162, 0.6040, 0.6087, 0.6053, 0.6031, 0.6043, 0.6044, 0.6042, 0.6078,
    0.6124, 0.6056, 0.6050, 0.6007, 0.6064, 0.6056, 0.6074, 0.6010, 0.6031, 0.6091,
    0.6092, 0.6099, 0.6099, 0.6042, 0.6097, 0.6099, 0.6099, 0.6088, 0.6043, 0.6108,
    0.6104, 0.6120, 0.6028, 0.6058, 0.6062, 0.6146, 0.6050, 0.6087, 0.6050, 0.6069,
    0.6051, 0.6080, 0.6167, 0.6082, 0.6155, 0.6130, 0.6115, 0.6122, 0.6063, 0.6061,
    0.6141, 0.6115, 0.6087, 0.6278, 0.6222, 0.6198, 0.6223, 0.6142, 0.6237, 0.6079,
    0.6164, 0.6127, 0.6172, 0.6187, 0.6260, 0.6257, 0.6276, 0.6300, 0.6283, 0.6172,
    0.6236, 0.6217, 0.6420,
  ]

### world/kl_value
  Total points: 153
  Min: 0.0010, Max: 0.9926, Mean: 0.7686
  Data: [
    0.0010, 0.0060, 0.0097, 0.0123, 0.0192, 0.0369, 0.0571, 0.1107, 0.1398, 0.2174,
    0.2657, 0.3969, 0.4766, 0.5409, 0.7348, 0.8299, 0.7206, 0.8910, 0.8305, 0.8620,
    0.8628, 0.8355, 0.7989, 0.7865, 0.8181, 0.8621, 0.9053, 0.9926, 0.9323, 0.9573,
    0.9213, 0.8475, 0.8224, 0.8026, 0.8774, 0.8512, 0.8680, 0.8766, 0.7878, 0.7476,
    0.7284, 0.6939, 0.7915, 0.6760, 0.6011, 0.6061, 0.6340, 0.7789, 0.6435, 0.6652,
    0.7049, 0.6370, 0.7341, 0.7007, 0.6981, 0.7549, 0.7613, 0.6989, 0.7225, 0.6361,
    0.6993, 0.7188, 0.7089, 0.6874, 0.7297, 0.6988, 0.7553, 0.7939, 0.8098, 0.7887,
    0.8250, 0.8228, 0.7797, 0.7562, 0.7671, 0.7794, 0.7317, 0.7138, 0.7762, 0.7861,
    0.7937, 0.8418, 0.8223, 0.8465, 0.8423, 0.7839, 0.8178, 0.7810, 0.7704, 0.7682,
    0.8232, 0.7907, 0.8331, 0.8178, 0.8953, 0.9134, 0.8779, 0.8473, 0.8468, 0.8601,
    0.8874, 0.8309, 0.8490, 0.8354, 0.8402, 0.8816, 0.9141, 0.8806, 0.8607, 0.8913,
    0.8895, 0.8931, 0.8710, 0.8731, 0.8942, 0.9113, 0.8720, 0.8756, 0.8696, 0.8762,
    0.8436, 0.8514, 0.9043, 0.8690, 0.8901, 0.9051, 0.8739, 0.8747, 0.8898, 0.8962,
    0.9176, 0.9106, 0.8794, 0.9156, 0.9350, 0.9051, 0.9383, 0.9237, 0.9529, 0.9046,
    0.9334, 0.9460, 0.9552, 0.9339, 0.9425, 0.9555, 0.9468, 0.9513, 0.9382, 0.9056,
    0.9303, 0.9284, 0.9634,
  ]

### world/loss
  Total points: 153
  Min: 1.2357, Max: 7.7711, Mean: 2.9025
  Data: [
    7.7615, 7.6307, 7.6676, 7.6439, 7.4743, 7.5628, 7.4406, 7.7711, 7.4611, 7.6245,
    7.4638, 7.6051, 7.4985, 7.3427, 7.4553, 7.4320, 7.2104, 7.4587, 7.2356, 7.2570,
    7.1568, 7.1725, 7.0556, 6.9674, 7.0153, 6.8646, 6.8583, 6.8229, 6.5116, 6.3891,
    6.2435, 5.8792, 5.5576, 5.0631, 4.7929, 4.0741, 3.5818, 3.0217, 2.5126, 2.2726,
    2.0453, 1.9336, 2.1363, 1.9423, 1.7449, 1.8967, 1.7739, 2.0085, 1.8731, 1.8191,
    1.9599, 1.8348, 1.8576, 1.8122, 1.6492, 1.6786, 1.8958, 1.9284, 1.6049, 1.8755,
    1.7125, 1.9168, 1.8009, 1.8100, 1.7723, 1.7689, 1.7966, 1.9139, 1.7261, 1.9127,
    1.8699, 1.9145, 1.7251, 1.7187, 1.6453, 1.6513, 1.5987, 1.5042, 1.6544, 1.7997,
    1.7151, 1.8795, 1.6439, 1.6035, 1.6474, 1.5756, 1.7979, 1.6807, 1.6589, 1.6062,
    1.6986, 1.5431, 1.5761, 1.4559, 1.6017, 1.5801, 1.6103, 1.5718, 1.5300, 1.5924,
    1.7232, 1.5477, 1.6098, 1.4511, 1.5223, 1.5349, 1.5516, 1.4854, 1.4401, 1.6255,
    1.5210, 1.6162, 1.5215, 1.4219, 1.5341, 1.5456, 1.4071, 1.4435, 1.3412, 1.4914,
    1.4592, 1.4201, 1.4895, 1.5508, 1.5203, 1.4812, 1.3975, 1.4489, 1.3547, 1.2357,
    1.3024, 1.4622, 1.3555, 1.5301, 1.5056, 1.4612, 1.4442, 1.5094, 1.5049, 1.3342,
    1.5049, 1.3257, 1.3991, 1.3897, 1.4259, 1.4188, 1.4111, 1.3462, 1.4716, 1.3378,
    1.2604, 1.3334, 1.4913,
  ]

### world/recon_loss
  Total points: 153
  Min: 0.3656, Max: 1.0143, Mean: 0.6371
  Data: [
    0.9271, 0.8087, 0.8561, 0.8427, 0.6834, 0.7824, 0.6714, 1.0143, 0.7166, 0.8933,
    0.7465, 0.9025, 0.8115, 0.6716, 0.7770, 0.7426, 0.5773, 0.8246, 0.6428, 0.7028,
    0.6322, 0.6887, 0.6205, 0.5846, 0.6894, 0.6055, 0.6791, 0.7294, 0.5876, 0.6401,
    0.7336, 0.6684, 0.7087, 0.6502, 0.8693, 0.6980, 0.7588, 0.7099, 0.6304, 0.6922,
    0.6544, 0.6513, 0.9110, 0.7435, 0.5770, 0.7243, 0.6240, 0.8440, 0.7380, 0.6679,
    0.8178, 0.7076, 0.7215, 0.6841, 0.5116, 0.5460, 0.7671, 0.7932, 0.4757, 0.7442,
    0.5923, 0.7974, 0.6610, 0.6955, 0.6586, 0.6535, 0.6676, 0.8038, 0.6143, 0.8106,
    0.7641, 0.8165, 0.6267, 0.6245, 0.5386, 0.5526, 0.5137, 0.4215, 0.5654, 0.7082,
    0.6432, 0.7771, 0.5774, 0.5262, 0.5873, 0.5120, 0.7280, 0.6337, 0.6163, 0.5544,
    0.6562, 0.4939, 0.5495, 0.4289, 0.5821, 0.5656, 0.5984, 0.5706, 0.5311, 0.5756,
    0.7271, 0.5459, 0.6122, 0.4635, 0.5336, 0.5598, 0.5808, 0.5200, 0.4835, 0.6517,
    0.5521, 0.6649, 0.5838, 0.4855, 0.6016, 0.6090, 0.4844, 0.5113, 0.4169, 0.5795,
    0.5534, 0.5155, 0.5803, 0.6440, 0.6205, 0.5881, 0.5100, 0.5533, 0.4804, 0.3656,
    0.4283, 0.5946, 0.4946, 0.6436, 0.6286, 0.6008, 0.5850, 0.6519, 0.6417, 0.5006,
    0.6435, 0.4945, 0.5669, 0.5373, 0.5919, 0.5697, 0.5609, 0.5183, 0.6281, 0.5291,
    0.4471, 0.5159, 0.6587,
  ]

### world/reward_loss
  Total points: 153
  Min: 0.0000, Max: 5.5413, Mean: 1.2153
  Data: [
    5.5413, 5.5384, 5.5358, 5.5331, 5.5302, 5.5270, 5.5232, 5.5189, 5.5140, 5.5083,
    5.5018, 5.4943, 5.4853, 5.4753, 5.4635, 5.4504, 5.4348, 5.4172, 5.3967, 5.3723,
    5.3450, 5.3119, 5.2715, 5.2234, 5.1659, 5.0949, 5.0061, 4.8969, 4.7549, 4.5799,
    4.3504, 4.0642, 3.7038, 3.2672, 2.7742, 2.2284, 1.6706, 1.1572, 0.7390, 0.4417,
    0.2538, 0.1459, 0.0856, 0.0606, 0.0317, 0.0298, 0.0116, 0.0067, 0.0037, 0.0139,
    0.0132, 0.0006, 0.0004, 0.0002, 0.0128, 0.0001, 0.0001, 0.0129, 0.0000, 0.0128,
    0.0000, 0.0000, 0.0248, 0.0000, 0.0000, 0.0000, 0.0117, 0.0000, 0.0000, 0.0000,
    0.0000, 0.0000, 0.0001, 0.0001, 0.0106, 0.0001, 0.0001, 0.0001, 0.0001, 0.0100,
    0.0001, 0.0195, 0.0001, 0.0096, 0.0002, 0.0093, 0.0186, 0.0003, 0.0003, 0.0089,
    0.0004, 0.0176, 0.0005, 0.0087, 0.0005, 0.0005, 0.0005, 0.0005, 0.0005, 0.0161,
    0.0004, 0.0090, 0.0091, 0.0091, 0.0090, 0.0004, 0.0004, 0.0004, 0.0004, 0.0146,
    0.0144, 0.0004, 0.0003, 0.0003, 0.0003, 0.0003, 0.0002, 0.0093, 0.0094, 0.0002,
    0.0002, 0.0002, 0.0002, 0.0094, 0.0002, 0.0002, 0.0002, 0.0094, 0.0002, 0.0002,
    0.0002, 0.0002, 0.0002, 0.0094, 0.0094, 0.0002, 0.0003, 0.0092, 0.0092, 0.0003,
    0.0206, 0.0004, 0.0005, 0.0199, 0.0006, 0.0167, 0.0192, 0.0009, 0.0187, 0.0012,
    0.0013, 0.0107, 0.0087,
  ]
