================================================================================
W&B RUN DATA: 2DreamerV3-small-weak-seed43
================================================================================

## RUN METADATA
Run ID: 65zhng2a
Created: 2026-01-19T14:10:10Z
State: killed
Duration: 300 seconds

## CONFIGURATION
  [Environment]
    env/mode: NORMAL
    env/opponent: weak
    env/obs_dim: 18
    env/action_dim: 4
  [Architecture]
    arch/hidden_size: 512
    arch/latent_size: 64
    arch/recurrent_size: 512
  [Imagination]
    imagination/horizon: 35
    imagination/batch_size: 256
  [Training]
    train/batch_size: 16
    train/batch_length: 50
    train/lr_world: 4e-05
    train/lr_actor: 4e-05
    train/lr_critic: 4e-05
    train/gamma: 0.997
    train/lambda_gae: 0.95
  [DreamerV3]
    dreamer/kl_free: 1
    dreamer/entropy_scale: 0.0003
  [Meta]
    seed: 43
    max_steps: 1000000
    device: mps

## FINAL SUMMARY
  runtime: 0.08 hours (300 seconds)

## METRICS DATA

### behavior/actor_loss
  Total points: 172
  Min: -0.0265, Max: 0.0139, Mean: -0.0013
  Data: [
    -0.0011, 0.0052, 0.0041, -0.0007, -0.0062, -0.0094, -0.0132, -0.0174, -0.0214, -0.0242,
    -0.0265, -0.0263, -0.0236, -0.0193, -0.0135, -0.0085, -0.0037, 0.0001, 0.0024, 0.0028,
    0.0020, 0.0007, 0.0010, 0.0025, 0.0046, 0.0075, 0.0088, 0.0102, 0.0097, 0.0091,
    0.0074, 0.0042, 0.0019, -0.0004, -0.0020, -0.0020, -0.0032, -0.0034, -0.0019, -0.0001,
    0.0023, 0.0028, 0.0032, 0.0023, 0.0002, -0.0023, -0.0055, -0.0078, -0.0076, -0.0052,
    -0.0013, 0.0038, 0.0090, 0.0127, 0.0139, 0.0132, 0.0108, 0.0070, 0.0019, -0.0013,
    -0.0028, -0.0023, -0.0018, -0.0010, 0.0012, 0.0039, 0.0063, 0.0073, 0.0066, 0.0047,
    0.0020, -0.0008, -0.0023, -0.0037, -0.0037, -0.0035, -0.0035, -0.0031, -0.0014, 0.0012,
    0.0044, 0.0072, 0.0093, 0.0099, 0.0103, 0.0093, 0.0073, 0.0044, 0.0012, -0.0010,
    -0.0029, -0.0035, -0.0031, -0.0018, 0.0002, 0.0025, 0.0036, 0.0037, 0.0029, 0.0015,
    -0.0000, -0.0008, -0.0015, -0.0020, -0.0018, -0.0009, 0.0006, 0.0023, 0.0032, 0.0035,
    0.0029, 0.0022, 0.0013, 0.0002, -0.0004, -0.0003, -0.0001, -0.0003, -0.0005, -0.0006,
    -0.0007, -0.0010, -0.0015, -0.0019, -0.0022, -0.0021, -0.0015, -0.0007, 0.0002, 0.0005,
    0.0000, -0.0011, -0.0023, -0.0034, -0.0041, -0.0052, -0.0068, -0.0086, -0.0098, -0.0102,
    -0.0096, -0.0080, -0.0056, -0.0026, -0.0009, 0.0006, 0.0007, -0.0013, -0.0046, -0.0068,
    -0.0084, -0.0102, -0.0114, -0.0105, -0.0105, -0.0089, -0.0081, -0.0086, -0.0104, -0.0095,
    -0.0097, -0.0070, -0.0031, 0.0008, 0.0059, 0.0108, 0.0113, 0.0091, 0.0046, 0.0002,
    -0.0072, -0.0176,
  ]

### behavior/advantage_mean
  Total points: 172
  Min: -0.0103, Max: 0.0062, Mean: 0.0009
  Data: [
    0.0000, 0.0026, 0.0021, 0.0001, -0.0021, -0.0034, -0.0049, -0.0066, -0.0083, -0.0094,
    -0.0103, -0.0102, -0.0091, -0.0073, -0.0049, -0.0029, -0.0010, 0.0005, 0.0014, 0.0016,
    0.0013, 0.0007, 0.0009, 0.0015, 0.0023, 0.0035, 0.0040, 0.0045, 0.0043, 0.0041,
    0.0034, 0.0021, 0.0013, 0.0003, -0.0003, -0.0003, -0.0008, -0.0009, -0.0003, 0.0004,
    0.0014, 0.0016, 0.0018, 0.0014, 0.0006, -0.0005, -0.0018, -0.0027, -0.0026, -0.0017,
    -0.0000, 0.0021, 0.0042, 0.0057, 0.0062, 0.0059, 0.0050, 0.0034, 0.0013, -0.0000,
    -0.0007, -0.0005, -0.0002, 0.0001, 0.0010, 0.0022, 0.0033, 0.0037, 0.0035, 0.0027,
    0.0015, 0.0002, -0.0005, -0.0012, -0.0012, -0.0011, -0.0011, -0.0009, -0.0001, 0.0012,
    0.0027, 0.0041, 0.0051, 0.0055, 0.0058, 0.0053, 0.0044, 0.0030, 0.0013, 0.0001,
    -0.0010, -0.0013, -0.0011, -0.0003, 0.0009, 0.0023, 0.0029, 0.0030, 0.0026, 0.0018,
    0.0008, 0.0003, -0.0002, -0.0007, -0.0005, 0.0002, 0.0014, 0.0028, 0.0037, 0.0041,
    0.0039, 0.0034, 0.0026, 0.0016, 0.0011, 0.0012, 0.0017, 0.0019, 0.0017, 0.0019,
    0.0023, 0.0031, 0.0034, 0.0034, 0.0028, 0.0018, 0.0007, -0.0005, -0.0013, -0.0014,
    -0.0009, 0.0001, 0.0011, 0.0019, 0.0024, 0.0031, 0.0040, 0.0049, 0.0053, 0.0052,
    0.0046, 0.0035, 0.0021, 0.0007, -0.0000, -0.0006, -0.0006, 0.0001, 0.0013, 0.0020,
    0.0024, 0.0029, 0.0032, 0.0027, 0.0026, 0.0021, 0.0019, 0.0019, 0.0022, 0.0019,
    0.0019, 0.0013, 0.0005, -0.0003, -0.0012, -0.0020, -0.0021, -0.0017, -0.0009, -0.0001,
    0.0012, 0.0030,
  ]

### behavior/critic_loss
  Total points: 172
  Min: 0.0000, Max: 0.0001, Mean: 0.0000
  Data: [
    0.0000, 0.0000, 0.0000, 0.0000, 0.0000, 0.0000, 0.0000, 0.0000, 0.0001, 0.0001,
    0.0001, 0.0001, 0.0001, 0.0001, 0.0000, 0.0000, 0.0000, 0.0000, 0.0000, 0.0000,
    0.0000, 0.0000, 0.0000, 0.0000, 0.0000, 0.0000, 0.0000, 0.0000, 0.0000, 0.0000,
    0.0000, 0.0000, 0.0000, 0.0000, 0.0000, 0.0000, 0.0000, 0.0000, 0.0000, 0.0000,
    0.0000, 0.0000, 0.0000, 0.0000, 0.0000, 0.0000, 0.0000, 0.0000, 0.0000, 0.0000,
    0.0000, 0.0000, 0.0000, 0.0000, 0.0000, 0.0000, 0.0000, 0.0000, 0.0000, 0.0000,
    0.0000, 0.0000, 0.0000, 0.0000, 0.0000, 0.0000, 0.0000, 0.0000, 0.0000, 0.0000,
    0.0000, 0.0000, 0.0000, 0.0000, 0.0000, 0.0000, 0.0000, 0.0000, 0.0000, 0.0000,
    0.0000, 0.0000, 0.0000, 0.0000, 0.0000, 0.0000, 0.0000, 0.0000, 0.0000, 0.0000,
    0.0000, 0.0000, 0.0000, 0.0000, 0.0000, 0.0000, 0.0000, 0.0000, 0.0000, 0.0000,
    0.0000, 0.0000, 0.0000, 0.0000, 0.0000, 0.0000, 0.0000, 0.0000, 0.0000, 0.0000,
    0.0000, 0.0000, 0.0000, 0.0000, 0.0000, 0.0000, 0.0000, 0.0000, 0.0000, 0.0000,
    0.0000, 0.0000, 0.0000, 0.0000, 0.0000, 0.0000, 0.0000, 0.0000, 0.0000, 0.0000,
    0.0000, 0.0000, 0.0000, 0.0000, 0.0000, 0.0000, 0.0000, 0.0000, 0.0000, 0.0000,
    0.0000, 0.0000, 0.0000, 0.0000, 0.0000, 0.0000, 0.0000, 0.0000, 0.0000, 0.0000,
    0.0000, 0.0000, 0.0000, 0.0000, 0.0000, 0.0000, 0.0000, 0.0000, 0.0000, 0.0000,
    0.0000, 0.0000, 0.0000, 0.0000, 0.0000, 0.0000, 0.0000, 0.0000, 0.0000, 0.0000,
    0.0000, 0.0000,
  ]

### behavior/entropy
  Total points: 172
  Min: 3.0528, Max: 3.8458, Mean: 3.6606
  Data: [
    3.6271, 3.6372, 3.6324, 3.6255, 3.6212, 3.6229, 3.6276, 3.6338, 3.6412, 3.6495,
    3.6585, 3.6679, 3.6781, 3.6890, 3.7005, 3.7125, 3.7252, 3.7381, 3.7502, 3.7611,
    3.7703, 3.7785, 3.7857, 3.7924, 3.7981, 3.8011, 3.8010, 3.7980, 3.7926, 3.7858,
    3.7775, 3.7681, 3.7586, 3.7497, 3.7421, 3.7363, 3.7316, 3.7290, 3.7276, 3.7273,
    3.7274, 3.7272, 3.7266, 3.7255, 3.7242, 3.7234, 3.7236, 3.7256, 3.7289, 3.7334,
    3.7387, 3.7440, 3.7484, 3.7516, 3.7538, 3.7555, 3.7561, 3.7558, 3.7546, 3.7528,
    3.7517, 3.7516, 3.7528, 3.7548, 3.7574, 3.7598, 3.7611, 3.7615, 3.7608, 3.7590,
    3.7561, 3.7523, 3.7495, 3.7488, 3.7507, 3.7548, 3.7609, 3.7686, 3.7781, 3.7879,
    3.7961, 3.8025, 3.8072, 3.8103, 3.8120, 3.8121, 3.8108, 3.8082, 3.8046, 3.8003,
    3.7973, 3.7974, 3.7998, 3.8047, 3.8112, 3.8168, 3.8208, 3.8231, 3.8239, 3.8232,
    3.8212, 3.8190, 3.8177, 3.8188, 3.8230, 3.8296, 3.8367, 3.8418, 3.8449, 3.8458,
    3.8447, 3.8418, 3.8372, 3.8309, 3.8236, 3.8157, 3.8070, 3.7972, 3.7863, 3.7745,
    3.7614, 3.7469, 3.7308, 3.7131, 3.6939, 3.6734, 3.6521, 3.6317, 3.6181, 3.6114,
    3.6107, 3.6155, 3.6215, 3.6246, 3.6244, 3.6207, 3.6140, 3.6043, 3.5919, 3.5768,
    3.5594, 3.5397, 3.5182, 3.4949, 3.4727, 3.4548, 3.4440, 3.4401, 3.4380, 3.4327,
    3.4241, 3.4122, 3.3972, 3.3791, 3.3585, 3.3357, 3.3107, 3.2840, 3.2557, 3.2257,
    3.1941, 3.1613, 3.1274, 3.0959, 3.0715, 3.0577, 3.0528, 3.0551, 3.0643, 3.0794,
    3.0961, 3.1070,
  ]

### behavior/policy_loss
  Total points: 172
  Min: -0.0254, Max: 0.0150, Mean: -0.0002
  Data: [
    0.0000, 0.0063, 0.0051, 0.0003, -0.0051, -0.0083, -0.0121, -0.0163, -0.0203, -0.0231,
    -0.0254, -0.0252, -0.0225, -0.0182, -0.0123, -0.0073, -0.0026, 0.0012, 0.0035, 0.0039,
    0.0032, 0.0018, 0.0022, 0.0037, 0.0058, 0.0087, 0.0099, 0.0113, 0.0108, 0.0103,
    0.0085, 0.0053, 0.0030, 0.0007, -0.0009, -0.0009, -0.0021, -0.0022, -0.0007, 0.0010,
    0.0035, 0.0039, 0.0044, 0.0034, 0.0014, -0.0012, -0.0043, -0.0067, -0.0065, -0.0041,
    -0.0002, 0.0049, 0.0101, 0.0138, 0.0150, 0.0143, 0.0120, 0.0082, 0.0030, -0.0002,
    -0.0016, -0.0012, -0.0006, 0.0001, 0.0023, 0.0051, 0.0075, 0.0084, 0.0077, 0.0058,
    0.0032, 0.0003, -0.0012, -0.0026, -0.0026, -0.0024, -0.0024, -0.0019, -0.0003, 0.0023,
    0.0056, 0.0083, 0.0104, 0.0110, 0.0114, 0.0105, 0.0084, 0.0056, 0.0023, 0.0002,
    -0.0017, -0.0023, -0.0020, -0.0006, 0.0014, 0.0036, 0.0048, 0.0048, 0.0040, 0.0026,
    0.0011, 0.0003, -0.0004, -0.0009, -0.0007, 0.0002, 0.0017, 0.0034, 0.0043, 0.0046,
    0.0041, 0.0034, 0.0025, 0.0013, 0.0008, 0.0008, 0.0010, 0.0009, 0.0006, 0.0005,
    0.0004, 0.0001, -0.0003, -0.0008, -0.0011, -0.0010, -0.0004, 0.0004, 0.0013, 0.0015,
    0.0011, -0.0000, -0.0012, -0.0023, -0.0030, -0.0041, -0.0057, -0.0076, -0.0087, -0.0091,
    -0.0085, -0.0070, -0.0046, -0.0015, 0.0001, 0.0017, 0.0017, -0.0003, -0.0035, -0.0058,
    -0.0073, -0.0091, -0.0104, -0.0095, -0.0095, -0.0079, -0.0071, -0.0077, -0.0094, -0.0085,
    -0.0087, -0.0061, -0.0022, 0.0017, 0.0068, 0.0117, 0.0122, 0.0101, 0.0055, 0.0011,
    -0.0063, -0.0167,
  ]

### behavior/target_mean
  Total points: 172
  Min: -0.0045, Max: 0.0026, Mean: -0.0007
  Data: [
    0.0000, -0.0011, 0.0008, 0.0021, 0.0026, 0.0024, 0.0017, 0.0005, -0.0011, -0.0023,
    -0.0036, -0.0039, -0.0036, -0.0025, -0.0009, 0.0001, 0.0010, 0.0016, 0.0014, 0.0007,
    -0.0003, -0.0017, -0.0023, -0.0024, -0.0019, -0.0008, -0.0003, 0.0004, 0.0006, 0.0012,
    0.0011, 0.0004, 0.0003, -0.0002, -0.0004, -0.0001, -0.0005, -0.0005, -0.0001, 0.0004,
    0.0014, 0.0014, 0.0017, 0.0014, 0.0006, -0.0006, -0.0023, -0.0037, -0.0041, -0.0040,
    -0.0031, -0.0016, 0.0003, 0.0017, 0.0023, 0.0022, 0.0016, 0.0006, -0.0011, -0.0022,
    -0.0026, -0.0024, -0.0022, -0.0019, -0.0012, -0.0001, 0.0011, 0.0017, 0.0018, 0.0013,
    0.0005, -0.0006, -0.0012, -0.0020, -0.0022, -0.0023, -0.0028, -0.0030, -0.0028, -0.0020,
    -0.0009, 0.0003, 0.0012, 0.0017, 0.0022, 0.0022, 0.0017, 0.0008, -0.0004, -0.0012,
    -0.0021, -0.0025, -0.0024, -0.0018, -0.0008, 0.0005, 0.0011, 0.0013, 0.0010, 0.0003,
    -0.0006, -0.0011, -0.0018, -0.0026, -0.0027, -0.0024, -0.0018, -0.0007, -0.0000, 0.0003,
    0.0001, -0.0002, -0.0008, -0.0016, -0.0019, -0.0018, -0.0013, -0.0011, -0.0014, -0.0014,
    -0.0008, -0.0000, 0.0007, 0.0011, 0.0010, 0.0003, -0.0006, -0.0017, -0.0027, -0.0031,
    -0.0029, -0.0023, -0.0017, -0.0012, -0.0012, -0.0008, -0.0001, 0.0007, 0.0012, 0.0013,
    0.0010, 0.0005, -0.0003, -0.0013, -0.0017, -0.0022, -0.0023, -0.0019, -0.0011, -0.0008,
    -0.0006, -0.0001, 0.0001, -0.0002, -0.0002, -0.0005, -0.0005, -0.0002, 0.0005, 0.0005,
    0.0008, 0.0004, -0.0002, -0.0011, -0.0022, -0.0035, -0.0041, -0.0043, -0.0044, -0.0045,
    -0.0040, -0.0030,
  ]

### behavior/value_mean
  Total points: 172
  Min: -0.0038, Max: 0.0076, Mean: -0.0002
  Data: [
    0.0000, 0.0000, -0.0038, -0.0013, 0.0019, 0.0048, 0.0060, 0.0068, 0.0073, 0.0076,
    0.0075, 0.0073, 0.0068, 0.0063, 0.0055, 0.0045, 0.0036, 0.0025, 0.0015, 0.0005,
    -0.0004, -0.0011, -0.0018, -0.0025, -0.0031, -0.0035, -0.0037, -0.0036, -0.0033, -0.0029,
    -0.0023, -0.0016, -0.0009, -0.0002, 0.0005, 0.0009, 0.0012, 0.0014, 0.0013, 0.0012,
    0.0010, 0.0009, 0.0008, 0.0009, 0.0010, 0.0011, 0.0010, 0.0007, 0.0003, -0.0003,
    -0.0010, -0.0017, -0.0023, -0.0027, -0.0028, -0.0028, -0.0025, -0.0021, -0.0016, -0.0011,
    -0.0008, -0.0005, -0.0005, -0.0005, -0.0006, -0.0008, -0.0008, -0.0008, -0.0006, -0.0004,
    -0.0000, 0.0004, 0.0007, 0.0008, 0.0008, 0.0006, 0.0004, -0.0000, -0.0005, -0.0010,
    -0.0016, -0.0020, -0.0022, -0.0023, -0.0022, -0.0020, -0.0016, -0.0012, -0.0006, -0.0001,
    0.0003, 0.0005, 0.0005, 0.0005, 0.0003, 0.0001, -0.0001, -0.0002, -0.0001, -0.0000,
    0.0002, 0.0003, 0.0003, 0.0002, -0.0001, -0.0005, -0.0009, -0.0014, -0.0018, -0.0020,
    -0.0021, -0.0021, -0.0019, -0.0016, -0.0014, -0.0012, -0.0012, -0.0012, -0.0012, -0.0013,
    -0.0013, -0.0013, -0.0011, -0.0008, -0.0004, -0.0001, 0.0003, 0.0005, 0.0006, 0.0005,
    0.0004, 0.0001, -0.0002, -0.0007, -0.0011, -0.0016, -0.0020, -0.0023, -0.0024, -0.0023,
    -0.0021, -0.0016, -0.0011, -0.0004, 0.0000, 0.0003, 0.0004, 0.0002, -0.0001, -0.0004,
    -0.0008, -0.0010, -0.0011, -0.0011, -0.0010, -0.0008, -0.0006, -0.0003, -0.0001, 0.0002,
    0.0005, 0.0009, 0.0012, 0.0013, 0.0012, 0.0010, 0.0007, 0.0002, -0.0004, -0.0012,
    -0.0021, -0.0030,
  ]

### episode/length
  Total points: 172
  Min: 16.0000, Max: 250.0000, Mean: 163.7849
  Data: [
    250.0000, 246.0000, 198.0000, 32.0000, 250.0000, 54.0000, 250.0000, 168.0000, 157.0000, 123.0000,
    250.0000, 250.0000, 250.0000, 250.0000, 250.0000, 250.0000, 79.0000, 117.0000, 250.0000, 250.0000,
    250.0000, 32.0000, 135.0000, 55.0000, 250.0000, 115.0000, 250.0000, 32.0000, 250.0000, 184.0000,
    103.0000, 32.0000, 250.0000, 57.0000, 48.0000, 148.0000, 90.0000, 54.0000, 139.0000, 32.0000,
    250.0000, 241.0000, 72.0000, 104.0000, 250.0000, 47.0000, 52.0000, 250.0000, 250.0000, 93.0000,
    250.0000, 74.0000, 250.0000, 155.0000, 250.0000, 56.0000, 250.0000, 250.0000, 250.0000, 31.0000,
    250.0000, 55.0000, 250.0000, 31.0000, 250.0000, 54.0000, 250.0000, 31.0000, 250.0000, 77.0000,
    250.0000, 54.0000, 35.0000, 145.0000, 250.0000, 53.0000, 250.0000, 250.0000, 250.0000, 31.0000,
    250.0000, 60.0000, 250.0000, 31.0000, 250.0000, 54.0000, 250.0000, 56.0000, 250.0000, 56.0000,
    250.0000, 180.0000, 250.0000, 32.0000, 123.0000, 101.0000, 21.0000, 250.0000, 250.0000, 250.0000,
    250.0000, 32.0000, 250.0000, 52.0000, 250.0000, 250.0000, 250.0000, 31.0000, 250.0000, 250.0000,
    250.0000, 32.0000, 250.0000, 250.0000, 16.0000, 32.0000, 250.0000, 250.0000, 250.0000, 31.0000,
    250.0000, 85.0000, 250.0000, 250.0000, 250.0000, 50.0000, 250.0000, 32.0000, 46.0000, 32.0000,
    250.0000, 250.0000, 250.0000, 32.0000, 146.0000, 32.0000, 250.0000, 67.0000, 250.0000, 31.0000,
    250.0000, 250.0000, 250.0000, 31.0000, 250.0000, 55.0000, 250.0000, 31.0000, 250.0000, 32.0000,
    133.0000, 33.0000, 250.0000, 67.0000, 250.0000, 54.0000, 250.0000, 81.0000, 250.0000, 52.0000,
    250.0000, 250.0000, 250.0000, 250.0000, 250.0000, 57.0000, 250.0000, 250.0000, 250.0000, 76.0000,
    250.0000, 55.0000,
  ]

### episode/outcome
  Total points: 172
  Min: -1.0000, Max: 1.0000, Mean: -0.3605
  Data: [
    0.0000, -1.0000, -1.0000, -1.0000, 0.0000, -1.0000, 0.0000, -1.0000, -1.0000, 1.0000,
    0.0000, 0.0000, 0.0000, 0.0000, 0.0000, 0.0000, 1.0000, 1.0000, 0.0000, 0.0000,
    0.0000, -1.0000, -1.0000, 1.0000, 0.0000, -1.0000, 0.0000, -1.0000, 0.0000, -1.0000,
    1.0000, -1.0000, 0.0000, -1.0000, 1.0000, 1.0000, 1.0000, -1.0000, -1.0000, -1.0000,
    0.0000, -1.0000, -1.0000, -1.0000, 0.0000, -1.0000, -1.0000, 0.0000, 0.0000, -1.0000,
    0.0000, -1.0000, 0.0000, -1.0000, 0.0000, 1.0000, 0.0000, 0.0000, 0.0000, -1.0000,
    0.0000, -1.0000, 0.0000, -1.0000, 0.0000, -1.0000, 0.0000, -1.0000, 0.0000, -1.0000,
    0.0000, -1.0000, 1.0000, -1.0000, 0.0000, -1.0000, 0.0000, 0.0000, 0.0000, -1.0000,
    0.0000, -1.0000, 0.0000, -1.0000, 0.0000, -1.0000, 0.0000, -1.0000, 0.0000, -1.0000,
    0.0000, -1.0000, 0.0000, -1.0000, -1.0000, 1.0000, -1.0000, 0.0000, 0.0000, 0.0000,
    0.0000, -1.0000, 0.0000, -1.0000, 0.0000, 0.0000, 0.0000, -1.0000, 0.0000, 0.0000,
    0.0000, -1.0000, 0.0000, 0.0000, -1.0000, -1.0000, 0.0000, 0.0000, 0.0000, -1.0000,
    0.0000, -1.0000, 0.0000, 0.0000, 0.0000, -1.0000, 0.0000, -1.0000, -1.0000, -1.0000,
    0.0000, 0.0000, 0.0000, -1.0000, -1.0000, -1.0000, 0.0000, -1.0000, 0.0000, -1.0000,
    0.0000, 0.0000, 0.0000, -1.0000, 0.0000, -1.0000, 0.0000, -1.0000, 0.0000, -1.0000,
    -1.0000, -1.0000, 0.0000, -1.0000, 0.0000, -1.0000, 0.0000, -1.0000, 0.0000, -1.0000,
    0.0000, 0.0000, 0.0000, 0.0000, 0.0000, -1.0000, 0.0000, 0.0000, 0.0000, -1.0000,
    0.0000, -1.0000,
  ]

### episode/reward
  Total points: 172
  Min: -1.0000, Max: 1.0000, Mean: -0.3605
  Data: [
    0.0000, -1.0000, -1.0000, -1.0000, 0.0000, -1.0000, 0.0000, -1.0000, -1.0000, 1.0000,
    0.0000, 0.0000, 0.0000, 0.0000, 0.0000, 0.0000, 1.0000, 1.0000, 0.0000, 0.0000,
    0.0000, -1.0000, -1.0000, 1.0000, 0.0000, -1.0000, 0.0000, -1.0000, 0.0000, -1.0000,
    1.0000, -1.0000, 0.0000, -1.0000, 1.0000, 1.0000, 1.0000, -1.0000, -1.0000, -1.0000,
    0.0000, -1.0000, -1.0000, -1.0000, 0.0000, -1.0000, -1.0000, 0.0000, 0.0000, -1.0000,
    0.0000, -1.0000, 0.0000, -1.0000, 0.0000, 1.0000, 0.0000, 0.0000, 0.0000, -1.0000,
    0.0000, -1.0000, 0.0000, -1.0000, 0.0000, -1.0000, 0.0000, -1.0000, 0.0000, -1.0000,
    0.0000, -1.0000, 1.0000, -1.0000, 0.0000, -1.0000, 0.0000, 0.0000, 0.0000, -1.0000,
    0.0000, -1.0000, 0.0000, -1.0000, 0.0000, -1.0000, 0.0000, -1.0000, 0.0000, -1.0000,
    0.0000, -1.0000, 0.0000, -1.0000, -1.0000, 1.0000, -1.0000, 0.0000, 0.0000, 0.0000,
    0.0000, -1.0000, 0.0000, -1.0000, 0.0000, 0.0000, 0.0000, -1.0000, 0.0000, 0.0000,
    0.0000, -1.0000, 0.0000, 0.0000, -1.0000, -1.0000, 0.0000, 0.0000, 0.0000, -1.0000,
    0.0000, -1.0000, 0.0000, 0.0000, 0.0000, -1.0000, 0.0000, -1.0000, -1.0000, -1.0000,
    0.0000, 0.0000, 0.0000, -1.0000, -1.0000, -1.0000, 0.0000, -1.0000, 0.0000, -1.0000,
    0.0000, 0.0000, 0.0000, -1.0000, 0.0000, -1.0000, 0.0000, -1.0000, 0.0000, -1.0000,
    -1.0000, -1.0000, 0.0000, -1.0000, 0.0000, -1.0000, 0.0000, -1.0000, 0.0000, -1.0000,
    0.0000, 0.0000, 0.0000, 0.0000, 0.0000, -1.0000, 0.0000, 0.0000, 0.0000, -1.0000,
    0.0000, -1.0000,
  ]

### episode/time
  Total points: 172
  Min: 0.0698, Max: 1.0968, Mean: 0.5898
  Data: [
    0.9565, 0.8402, 0.6743, 0.1222, 0.8621, 0.2678, 0.9219, 0.6001, 0.5357, 0.4267,
    0.9790, 0.8429, 0.8682, 0.8972, 0.8584, 0.8710, 0.3058, 0.4227, 0.8764, 0.8756,
    0.8656, 0.1113, 0.4625, 0.1904, 0.9480, 0.3888, 0.8557, 0.1120, 0.8989, 0.6502,
    0.3552, 0.1175, 0.8709, 0.2015, 0.1701, 0.5140, 0.3143, 0.2390, 0.4818, 0.1146,
    0.9704, 0.9354, 0.2710, 0.3715, 0.9417, 0.1618, 0.1756, 0.8934, 0.9408, 0.3132,
    0.9129, 0.2693, 0.8554, 0.5250, 0.8612, 0.1962, 0.8605, 0.8706, 0.9364, 0.1102,
    0.9356, 0.2008, 0.8606, 0.1153, 0.8537, 0.1841, 0.9979, 0.1115, 0.8811, 0.2642,
    0.8777, 0.1944, 0.1213, 0.4847, 0.8742, 0.1805, 0.8983, 0.8681, 0.8797, 0.1128,
    0.8902, 0.2129, 0.8643, 0.1180, 0.8637, 0.1896, 0.8795, 0.1995, 0.8912, 0.1938,
    0.9501, 0.6304, 0.8645, 0.1147, 0.4868, 0.3475, 0.0753, 0.8507, 0.9534, 0.8716,
    0.8811, 0.1171, 0.8716, 0.1808, 0.8627, 0.8775, 1.0546, 0.1061, 0.8740, 0.8553,
    0.8977, 0.1203, 0.8605, 0.8978, 0.0698, 0.1101, 0.8717, 0.8721, 0.8825, 0.1124,
    0.8955, 0.2970, 0.8615, 0.8796, 0.8642, 0.1728, 0.8643, 0.1107, 0.1796, 0.1135,
    0.8376, 0.8600, 0.8785, 0.1221, 0.5207, 0.1081, 0.9196, 0.2278, 0.8714, 0.1358,
    0.8613, 0.8667, 0.8668, 0.1260, 0.9040, 0.1905, 0.8862, 0.1723, 0.9623, 0.1094,
    0.4698, 0.2649, 1.0050, 0.2332, 1.0020, 0.2119, 1.0968, 0.3001, 0.9223, 0.1885,
    0.8791, 0.9280, 1.0106, 0.8675, 0.8775, 0.1990, 0.9044, 1.0333, 1.0915, 0.2720,
    0.8659, 0.2007,
  ]

### episode/train_time
  Total points: 172
  Min: 0.7976, Max: 1.6568, Mean: 0.8816
  Data: [
    1.6568, 0.8179, 0.8990, 0.9410, 0.9006, 0.9427, 0.9001, 0.8213, 0.8493, 0.8583,
    0.8596, 0.8964, 0.8423, 0.8537, 0.8217, 0.8211, 0.8138, 0.8432, 0.8935, 0.8731,
    0.8114, 0.7976, 0.8019, 0.8344, 0.8375, 0.8079, 0.8236, 0.8923, 0.8489, 0.8528,
    0.8360, 0.9136, 0.8311, 0.8106, 0.8188, 0.8007, 0.8004, 0.8185, 0.8269, 0.8058,
    0.8615, 0.8528, 0.8912, 0.8060, 1.2135, 0.8266, 0.8225, 0.8432, 0.8253, 0.8292,
    0.8658, 0.9960, 0.8313, 0.8364, 0.8380, 0.8751, 0.8374, 0.8212, 0.8479, 0.8074,
    0.9039, 0.9016, 0.8331, 0.8456, 0.8363, 0.8826, 0.8704, 0.8331, 0.8975, 0.8189,
    0.9267, 0.8399, 0.8967, 1.1293, 0.8687, 0.8344, 0.8291, 0.8448, 0.8459, 0.8291,
    0.9629, 0.9065, 0.9523, 0.8629, 0.8504, 0.8443, 0.8755, 0.8415, 0.8224, 0.8255,
    0.8655, 0.8375, 0.8463, 1.0008, 1.1821, 0.8313, 0.8393, 0.8836, 0.9622, 0.8923,
    0.8462, 0.8521, 0.8779, 0.8578, 1.0610, 0.8689, 0.8726, 0.8209, 0.8681, 0.8256,
    0.9415, 0.8575, 0.8152, 0.8406, 0.8665, 0.8451, 0.8152, 0.8321, 0.8479, 0.8651,
    0.9700, 0.8601, 0.8370, 0.8383, 0.8894, 0.8185, 0.8407, 0.8754, 0.8563, 0.8755,
    0.9133, 0.8038, 0.8490, 0.9799, 0.8806, 0.9593, 0.8616, 0.8316, 0.8500, 0.8397,
    0.8250, 0.8157, 0.8543, 0.8265, 1.1205, 0.9128, 0.9386, 0.8910, 0.8629, 0.8228,
    0.9544, 1.1836, 0.9006, 0.9123, 0.9661, 1.0101, 0.8757, 0.8786, 0.9122, 0.9912,
    1.0150, 0.8386, 0.8513, 0.8451, 0.8568, 0.8584, 1.0625, 0.9671, 1.2983, 0.8304,
    0.8340, 0.8553,
  ]

### eval/gameplay_gif_strong
  Total points: 3
  ✗ Could not format data: float() argument must be a string or a real number, not 'dict'

### eval/gameplay_gif_weak
  Total points: 3
  ✗ Could not format data: float() argument must be a string or a real number, not 'dict'

### grad/actor
  Total points: 172
  Min: 0.0010, Max: 0.2861, Mean: 0.0554
  Data: [
    0.0018, 0.0052, 0.0040, 0.0015, 0.0077, 0.0114, 0.0158, 0.0201, 0.0254, 0.0284,
    0.0308, 0.0299, 0.0282, 0.0230, 0.0164, 0.0110, 0.0054, 0.0010, 0.0026, 0.0029,
    0.0023, 0.0014, 0.0014, 0.0031, 0.0056, 0.0102, 0.0120, 0.0148, 0.0137, 0.0136,
    0.0114, 0.0066, 0.0039, 0.0020, 0.0039, 0.0037, 0.0057, 0.0061, 0.0035, 0.0016,
    0.0054, 0.0065, 0.0079, 0.0066, 0.0028, 0.0049, 0.0128, 0.0189, 0.0184, 0.0119,
    0.0030, 0.0107, 0.0225, 0.0322, 0.0364, 0.0360, 0.0323, 0.0240, 0.0095, 0.0033,
    0.0083, 0.0068, 0.0049, 0.0030, 0.0103, 0.0237, 0.0379, 0.0459, 0.0449, 0.0376,
    0.0226, 0.0038, 0.0116, 0.0243, 0.0254, 0.0242, 0.0238, 0.0195, 0.0051, 0.0205,
    0.0502, 0.0772, 0.0986, 0.1100, 0.1190, 0.1120, 0.0970, 0.0675, 0.0289, 0.0040,
    0.0285, 0.0388, 0.0336, 0.0123, 0.0221, 0.0610, 0.0800, 0.0847, 0.0737, 0.0505,
    0.0232, 0.0080, 0.0116, 0.0253, 0.0194, 0.0068, 0.0454, 0.0924, 0.1239, 0.1403,
    0.1374, 0.1226, 0.0948, 0.0567, 0.0408, 0.0462, 0.0656, 0.0748, 0.0681, 0.0768,
    0.0986, 0.1345, 0.1538, 0.1570, 0.1316, 0.0846, 0.0293, 0.0269, 0.0698, 0.0785,
    0.0524, 0.0043, 0.0517, 0.0970, 0.1241, 0.1600, 0.2101, 0.2623, 0.2861, 0.2828,
    0.2499, 0.1911, 0.1182, 0.0375, 0.0064, 0.0377, 0.0386, 0.0059, 0.0711, 0.1147,
    0.1385, 0.1728, 0.1899, 0.1649, 0.1592, 0.1270, 0.1121, 0.1155, 0.1376, 0.1189,
    0.1192, 0.0791, 0.0273, 0.0221, 0.0829, 0.1401, 0.1458, 0.1184, 0.0654, 0.0156,
    0.0736, 0.1952,
  ]

### grad/critic
  Total points: 172
  Min: 0.0000, Max: 0.1425, Mean: 0.0230
  Data: [
    0.0000, 0.0171, 0.0708, 0.0506, 0.0097, 0.0350, 0.0625, 0.0900, 0.1154, 0.1308,
    0.1425, 0.1385, 0.1242, 0.0996, 0.0701, 0.0474, 0.0266, 0.0097, 0.0018, 0.0028,
    0.0017, 0.0058, 0.0054, 0.0021, 0.0127, 0.0274, 0.0341, 0.0402, 0.0396, 0.0407,
    0.0343, 0.0207, 0.0125, 0.0008, 0.0097, 0.0112, 0.0187, 0.0214, 0.0160, 0.0093,
    0.0041, 0.0060, 0.0092, 0.0058, 0.0044, 0.0188, 0.0357, 0.0479, 0.0476, 0.0394,
    0.0217, 0.0010, 0.0254, 0.0427, 0.0500, 0.0487, 0.0407, 0.0264, 0.0051, 0.0105,
    0.0181, 0.0190, 0.0174, 0.0146, 0.0066, 0.0065, 0.0192, 0.0249, 0.0238, 0.0164,
    0.0048, 0.0102, 0.0194, 0.0280, 0.0296, 0.0294, 0.0309, 0.0296, 0.0224, 0.0097,
    0.0063, 0.0208, 0.0322, 0.0371, 0.0405, 0.0383, 0.0305, 0.0182, 0.0021, 0.0104,
    0.0228, 0.0286, 0.0278, 0.0214, 0.0103, 0.0041, 0.0112, 0.0132, 0.0099, 0.0024,
    0.0074, 0.0136, 0.0202, 0.0258, 0.0246, 0.0183, 0.0079, 0.0064, 0.0165, 0.0212,
    0.0206, 0.0171, 0.0101, 0.0004, 0.0053, 0.0055, 0.0017, 0.0006, 0.0021, 0.0012,
    0.0047, 0.0123, 0.0176, 0.0180, 0.0135, 0.0033, 0.0089, 0.0220, 0.0327, 0.0362,
    0.0320, 0.0229, 0.0136, 0.0051, 0.0010, 0.0074, 0.0172, 0.0273, 0.0331, 0.0330,
    0.0282, 0.0193, 0.0069, 0.0082, 0.0164, 0.0237, 0.0256, 0.0201, 0.0099, 0.0036,
    0.0017, 0.0082, 0.0109, 0.0082, 0.0077, 0.0031, 0.0011, 0.0016, 0.0052, 0.0030,
    0.0028, 0.0045, 0.0131, 0.0221, 0.0322, 0.0422, 0.0441, 0.0415, 0.0358, 0.0290,
    0.0172, 0.0009,
  ]

### grad/world
  Total points: 172
  Min: 3.7336, Max: 7.8416, Mean: 7.1290
  Data: [
    4.0155, 3.8692, 3.8259, 3.7336, 3.7546, 3.9856, 4.0620, 4.2729, 4.3995, 4.5860,
    4.7258, 4.9414, 5.0886, 5.2345, 5.3650, 5.4856, 5.6231, 5.7037, 5.8919, 5.9559,
    6.0562, 6.1653, 6.2938, 6.3343, 6.4279, 6.5253, 6.5958, 6.6485, 6.7223, 6.7781,
    6.8274, 6.8912, 6.9292, 7.0120, 7.0209, 7.0721, 7.0977, 7.1616, 7.1909, 7.2085,
    7.1937, 7.2361, 7.2385, 7.2641, 7.2962, 7.3247, 7.3080, 7.3289, 7.3321, 7.3643,
    7.3660, 7.3834, 7.4501, 7.3727, 7.3964, 7.4035, 7.3945, 7.4261, 7.3641, 7.4114,
    7.4475, 7.4391, 7.4045, 7.3995, 7.4103, 7.4515, 7.4483, 7.4244, 7.4174, 7.4238,
    7.4866, 7.3915, 7.4457, 7.4095, 7.4393, 7.4145, 7.4092, 7.4573, 7.4694, 7.5340,
    7.5028, 7.3879, 7.4379, 7.4586, 7.4833, 7.4390, 7.4501, 7.4628, 7.4448, 7.4567,
    7.4973, 7.4705, 7.4674, 7.4795, 7.4755, 7.4778, 7.4381, 7.5230, 7.5727, 7.5207,
    7.5142, 7.5143, 7.5288, 7.5409, 7.5523, 7.5467, 7.5325, 7.5180, 7.5999, 7.5192,
    7.5184, 7.6018, 7.5658, 7.5801, 7.6059, 7.5829, 7.5989, 7.6512, 7.5745, 7.5764,
    7.6397, 7.6613, 7.6116, 7.6149, 7.6013, 7.6970, 7.7131, 7.6442, 7.6012, 7.6381,
    7.6633, 7.7382, 7.6215, 7.6275, 7.6275, 7.6709, 7.6570, 7.7131, 7.6516, 7.6599,
    7.6992, 7.6776, 7.7131, 7.6753, 7.6889, 7.6726, 7.7350, 7.7081, 7.7332, 7.6442,
    7.6731, 7.7012, 7.7001, 7.6599, 7.7163, 7.6519, 7.7314, 7.7322, 7.7847, 7.7527,
    7.7762, 7.7164, 7.7501, 7.7360, 7.7350, 7.7592, 7.8416, 7.7755, 7.8016, 7.8023,
    7.8216, 7.8410,
  ]

### imagine/continue_mean
  Total points: 172
  Min: 0.5011, Max: 0.5552, Mean: 0.5314
  Data: [
    0.5011, 0.5024, 0.5035, 0.5045, 0.5055, 0.5064, 0.5073, 0.5083, 0.5092, 0.5101,
    0.5110, 0.5119, 0.5128, 0.5136, 0.5144, 0.5152, 0.5160, 0.5167, 0.5174, 0.5181,
    0.5187, 0.5193, 0.5199, 0.5205, 0.5211, 0.5216, 0.5221, 0.5225, 0.5230, 0.5234,
    0.5238, 0.5242, 0.5246, 0.5249, 0.5252, 0.5256, 0.5258, 0.5261, 0.5264, 0.5266,
    0.5268, 0.5271, 0.5272, 0.5274, 0.5276, 0.5278, 0.5279, 0.5281, 0.5282, 0.5283,
    0.5284, 0.5286, 0.5287, 0.5288, 0.5289, 0.5290, 0.5291, 0.5291, 0.5292, 0.5293,
    0.5294, 0.5295, 0.5295, 0.5296, 0.5296, 0.5297, 0.5298, 0.5298, 0.5299, 0.5299,
    0.5300, 0.5301, 0.5301, 0.5302, 0.5302, 0.5303, 0.5304, 0.5304, 0.5305, 0.5306,
    0.5307, 0.5307, 0.5308, 0.5309, 0.5309, 0.5310, 0.5311, 0.5312, 0.5313, 0.5314,
    0.5315, 0.5316, 0.5317, 0.5318, 0.5319, 0.5320, 0.5321, 0.5322, 0.5324, 0.5325,
    0.5326, 0.5327, 0.5329, 0.5330, 0.5332, 0.5333, 0.5335, 0.5336, 0.5338, 0.5339,
    0.5341, 0.5342, 0.5344, 0.5345, 0.5347, 0.5349, 0.5350, 0.5352, 0.5354, 0.5355,
    0.5357, 0.5359, 0.5361, 0.5363, 0.5365, 0.5367, 0.5369, 0.5371, 0.5373, 0.5375,
    0.5377, 0.5380, 0.5382, 0.5385, 0.5387, 0.5390, 0.5392, 0.5395, 0.5398, 0.5400,
    0.5403, 0.5406, 0.5409, 0.5413, 0.5416, 0.5419, 0.5423, 0.5426, 0.5430, 0.5434,
    0.5438, 0.5442, 0.5446, 0.5450, 0.5454, 0.5459, 0.5464, 0.5469, 0.5474, 0.5479,
    0.5484, 0.5489, 0.5494, 0.5500, 0.5505, 0.5511, 0.5517, 0.5524, 0.5532, 0.5538,
    0.5545, 0.5552,
  ]

### imagine/reward_mean
  Total points: 172
  Min: -0.0022, Max: 0.0014, Mean: -0.0004
  Data: [
    0.0000, -0.0006, 0.0004, 0.0011, 0.0014, 0.0013, 0.0009, 0.0003, -0.0006, -0.0012,
    -0.0019, -0.0021, -0.0019, -0.0013, -0.0005, 0.0000, 0.0005, 0.0008, 0.0007, 0.0004,
    -0.0001, -0.0009, -0.0012, -0.0012, -0.0010, -0.0004, -0.0001, 0.0002, 0.0003, 0.0006,
    0.0006, 0.0002, 0.0001, -0.0001, -0.0002, -0.0000, -0.0002, -0.0003, -0.0001, 0.0002,
    0.0007, 0.0007, 0.0009, 0.0007, 0.0003, -0.0003, -0.0012, -0.0019, -0.0021, -0.0021,
    -0.0016, -0.0008, 0.0001, 0.0009, 0.0012, 0.0011, 0.0008, 0.0003, -0.0006, -0.0011,
    -0.0013, -0.0012, -0.0011, -0.0010, -0.0006, -0.0001, 0.0006, 0.0009, 0.0009, 0.0007,
    0.0002, -0.0003, -0.0006, -0.0010, -0.0011, -0.0012, -0.0014, -0.0016, -0.0014, -0.0010,
    -0.0005, 0.0001, 0.0006, 0.0009, 0.0011, 0.0011, 0.0009, 0.0004, -0.0002, -0.0006,
    -0.0011, -0.0013, -0.0012, -0.0009, -0.0004, 0.0003, 0.0006, 0.0006, 0.0005, 0.0001,
    -0.0003, -0.0006, -0.0009, -0.0013, -0.0014, -0.0013, -0.0009, -0.0004, -0.0000, 0.0001,
    0.0001, -0.0001, -0.0004, -0.0008, -0.0010, -0.0009, -0.0007, -0.0006, -0.0007, -0.0007,
    -0.0004, -0.0000, 0.0004, 0.0005, 0.0005, 0.0001, -0.0003, -0.0009, -0.0014, -0.0016,
    -0.0015, -0.0012, -0.0009, -0.0006, -0.0006, -0.0004, -0.0001, 0.0003, 0.0006, 0.0006,
    0.0005, 0.0002, -0.0002, -0.0007, -0.0009, -0.0011, -0.0012, -0.0010, -0.0006, -0.0004,
    -0.0003, -0.0001, 0.0000, -0.0001, -0.0001, -0.0003, -0.0003, -0.0001, 0.0002, 0.0003,
    0.0004, 0.0002, -0.0001, -0.0006, -0.0011, -0.0017, -0.0020, -0.0022, -0.0022, -0.0022,
    -0.0020, -0.0015,
  ]

### imagine/reward_std
  Total points: 172
  Min: 0.0000, Max: 0.0019, Mean: 0.0010
  Data: [
    0.0000, 0.0004, 0.0007, 0.0009, 0.0011, 0.0012, 0.0014, 0.0014, 0.0015, 0.0016,
    0.0017, 0.0017, 0.0017, 0.0018, 0.0018, 0.0018, 0.0019, 0.0018, 0.0019, 0.0018,
    0.0018, 0.0018, 0.0018, 0.0017, 0.0017, 0.0017, 0.0017, 0.0016, 0.0016, 0.0016,
    0.0016, 0.0015, 0.0015, 0.0014, 0.0014, 0.0014, 0.0013, 0.0013, 0.0013, 0.0013,
    0.0012, 0.0012, 0.0012, 0.0012, 0.0012, 0.0011, 0.0011, 0.0011, 0.0011, 0.0010,
    0.0010, 0.0011, 0.0010, 0.0010, 0.0010, 0.0010, 0.0010, 0.0010, 0.0010, 0.0010,
    0.0010, 0.0010, 0.0009, 0.0009, 0.0009, 0.0010, 0.0010, 0.0010, 0.0010, 0.0009,
    0.0009, 0.0009, 0.0009, 0.0009, 0.0009, 0.0009, 0.0009, 0.0009, 0.0009, 0.0009,
    0.0009, 0.0009, 0.0010, 0.0009, 0.0010, 0.0010, 0.0009, 0.0009, 0.0009, 0.0009,
    0.0009, 0.0009, 0.0009, 0.0009, 0.0009, 0.0009, 0.0009, 0.0009, 0.0009, 0.0008,
    0.0008, 0.0008, 0.0008, 0.0008, 0.0008, 0.0008, 0.0008, 0.0008, 0.0008, 0.0008,
    0.0008, 0.0007, 0.0007, 0.0007, 0.0007, 0.0007, 0.0008, 0.0008, 0.0008, 0.0008,
    0.0008, 0.0008, 0.0008, 0.0008, 0.0008, 0.0008, 0.0007, 0.0007, 0.0007, 0.0007,
    0.0007, 0.0007, 0.0007, 0.0007, 0.0007, 0.0007, 0.0007, 0.0007, 0.0007, 0.0007,
    0.0007, 0.0007, 0.0007, 0.0007, 0.0007, 0.0007, 0.0007, 0.0007, 0.0007, 0.0007,
    0.0007, 0.0007, 0.0008, 0.0008, 0.0008, 0.0008, 0.0008, 0.0008, 0.0008, 0.0008,
    0.0008, 0.0007, 0.0007, 0.0007, 0.0007, 0.0007, 0.0008, 0.0008, 0.0008, 0.0008,
    0.0009, 0.0009,
  ]

### stats/buffer_episodes
  Total points: 172
  Min: 7.0000, Max: 178.0000, Mean: 92.5000
  Data: [
    7.0000, 8.0000, 9.0000, 10.0000, 11.0000, 12.0000, 13.0000, 14.0000, 15.0000, 16.0000,
    17.0000, 18.0000, 19.0000, 20.0000, 21.0000, 22.0000, 23.0000, 24.0000, 25.0000, 26.0000,
    27.0000, 28.0000, 29.0000, 30.0000, 31.0000, 32.0000, 33.0000, 34.0000, 35.0000, 36.0000,
    37.0000, 38.0000, 39.0000, 40.0000, 41.0000, 42.0000, 43.0000, 44.0000, 45.0000, 46.0000,
    47.0000, 48.0000, 49.0000, 50.0000, 51.0000, 52.0000, 53.0000, 54.0000, 55.0000, 56.0000,
    57.0000, 58.0000, 59.0000, 60.0000, 61.0000, 62.0000, 63.0000, 64.0000, 65.0000, 66.0000,
    67.0000, 68.0000, 69.0000, 70.0000, 71.0000, 72.0000, 73.0000, 74.0000, 75.0000, 76.0000,
    77.0000, 78.0000, 79.0000, 80.0000, 81.0000, 82.0000, 83.0000, 84.0000, 85.0000, 86.0000,
    87.0000, 88.0000, 89.0000, 90.0000, 91.0000, 92.0000, 93.0000, 94.0000, 95.0000, 96.0000,
    97.0000, 98.0000, 99.0000, 100.0000, 101.0000, 102.0000, 103.0000, 104.0000, 105.0000, 106.0000,
    107.0000, 108.0000, 109.0000, 110.0000, 111.0000, 112.0000, 113.0000, 114.0000, 115.0000, 116.0000,
    117.0000, 118.0000, 119.0000, 120.0000, 121.0000, 122.0000, 123.0000, 124.0000, 125.0000, 126.0000,
    127.0000, 128.0000, 129.0000, 130.0000, 131.0000, 132.0000, 133.0000, 134.0000, 135.0000, 136.0000,
    137.0000, 138.0000, 139.0000, 140.0000, 141.0000, 142.0000, 143.0000, 144.0000, 145.0000, 146.0000,
    147.0000, 148.0000, 149.0000, 150.0000, 151.0000, 152.0000, 153.0000, 154.0000, 155.0000, 156.0000,
    157.0000, 158.0000, 159.0000, 160.0000, 161.0000, 162.0000, 163.0000, 164.0000, 165.0000, 166.0000,
    167.0000, 168.0000, 169.0000, 170.0000, 171.0000, 172.0000, 173.0000, 174.0000, 175.0000, 176.0000,
    177.0000, 178.0000,
  ]

### stats/buffer_size
  Total points: 172
  Min: 1246.0000, Max: 29167.0000, Mean: 15145.4186
  Data: [
    1246.0000, 1492.0000, 1690.0000, 1722.0000, 1972.0000, 2026.0000, 2276.0000, 2444.0000, 2601.0000, 2724.0000,
    2974.0000, 3224.0000, 3474.0000, 3724.0000, 3974.0000, 4224.0000, 4303.0000, 4420.0000, 4670.0000, 4920.0000,
    5170.0000, 5202.0000, 5337.0000, 5392.0000, 5642.0000, 5757.0000, 6007.0000, 6039.0000, 6289.0000, 6473.0000,
    6576.0000, 6608.0000, 6858.0000, 6915.0000, 6963.0000, 7111.0000, 7201.0000, 7255.0000, 7394.0000, 7426.0000,
    7676.0000, 7917.0000, 7989.0000, 8093.0000, 8343.0000, 8390.0000, 8442.0000, 8692.0000, 8942.0000, 9035.0000,
    9285.0000, 9359.0000, 9609.0000, 9764.0000, 10014.0000, 10070.0000, 10320.0000, 10570.0000, 10820.0000, 10851.0000,
    11101.0000, 11156.0000, 11406.0000, 11437.0000, 11687.0000, 11741.0000, 11991.0000, 12022.0000, 12272.0000, 12349.0000,
    12599.0000, 12653.0000, 12688.0000, 12833.0000, 13083.0000, 13136.0000, 13386.0000, 13636.0000, 13886.0000, 13917.0000,
    14167.0000, 14227.0000, 14477.0000, 14508.0000, 14758.0000, 14812.0000, 15062.0000, 15118.0000, 15368.0000, 15424.0000,
    15674.0000, 15854.0000, 16104.0000, 16136.0000, 16259.0000, 16360.0000, 16381.0000, 16631.0000, 16881.0000, 17131.0000,
    17381.0000, 17413.0000, 17663.0000, 17715.0000, 17965.0000, 18215.0000, 18465.0000, 18496.0000, 18746.0000, 18996.0000,
    19246.0000, 19278.0000, 19528.0000, 19778.0000, 19794.0000, 19826.0000, 20076.0000, 20326.0000, 20576.0000, 20607.0000,
    20857.0000, 20942.0000, 21192.0000, 21442.0000, 21692.0000, 21742.0000, 21992.0000, 22024.0000, 22070.0000, 22102.0000,
    22352.0000, 22602.0000, 22852.0000, 22884.0000, 23030.0000, 23062.0000, 23312.0000, 23379.0000, 23629.0000, 23660.0000,
    23910.0000, 24160.0000, 24410.0000, 24441.0000, 24691.0000, 24746.0000, 24996.0000, 25027.0000, 25277.0000, 25309.0000,
    25442.0000, 25475.0000, 25725.0000, 25792.0000, 26042.0000, 26096.0000, 26346.0000, 26427.0000, 26677.0000, 26729.0000,
    26979.0000, 27229.0000, 27479.0000, 27729.0000, 27979.0000, 28036.0000, 28286.0000, 28536.0000, 28786.0000, 28862.0000,
    29112.0000, 29167.0000,
  ]

### stats/total_steps
  Total points: 172
  Min: 1246.0000, Max: 29167.0000, Mean: 15145.4186
  Data: [
    1246.0000, 1492.0000, 1690.0000, 1722.0000, 1972.0000, 2026.0000, 2276.0000, 2444.0000, 2601.0000, 2724.0000,
    2974.0000, 3224.0000, 3474.0000, 3724.0000, 3974.0000, 4224.0000, 4303.0000, 4420.0000, 4670.0000, 4920.0000,
    5170.0000, 5202.0000, 5337.0000, 5392.0000, 5642.0000, 5757.0000, 6007.0000, 6039.0000, 6289.0000, 6473.0000,
    6576.0000, 6608.0000, 6858.0000, 6915.0000, 6963.0000, 7111.0000, 7201.0000, 7255.0000, 7394.0000, 7426.0000,
    7676.0000, 7917.0000, 7989.0000, 8093.0000, 8343.0000, 8390.0000, 8442.0000, 8692.0000, 8942.0000, 9035.0000,
    9285.0000, 9359.0000, 9609.0000, 9764.0000, 10014.0000, 10070.0000, 10320.0000, 10570.0000, 10820.0000, 10851.0000,
    11101.0000, 11156.0000, 11406.0000, 11437.0000, 11687.0000, 11741.0000, 11991.0000, 12022.0000, 12272.0000, 12349.0000,
    12599.0000, 12653.0000, 12688.0000, 12833.0000, 13083.0000, 13136.0000, 13386.0000, 13636.0000, 13886.0000, 13917.0000,
    14167.0000, 14227.0000, 14477.0000, 14508.0000, 14758.0000, 14812.0000, 15062.0000, 15118.0000, 15368.0000, 15424.0000,
    15674.0000, 15854.0000, 16104.0000, 16136.0000, 16259.0000, 16360.0000, 16381.0000, 16631.0000, 16881.0000, 17131.0000,
    17381.0000, 17413.0000, 17663.0000, 17715.0000, 17965.0000, 18215.0000, 18465.0000, 18496.0000, 18746.0000, 18996.0000,
    19246.0000, 19278.0000, 19528.0000, 19778.0000, 19794.0000, 19826.0000, 20076.0000, 20326.0000, 20576.0000, 20607.0000,
    20857.0000, 20942.0000, 21192.0000, 21442.0000, 21692.0000, 21742.0000, 21992.0000, 22024.0000, 22070.0000, 22102.0000,
    22352.0000, 22602.0000, 22852.0000, 22884.0000, 23030.0000, 23062.0000, 23312.0000, 23379.0000, 23629.0000, 23660.0000,
    23910.0000, 24160.0000, 24410.0000, 24441.0000, 24691.0000, 24746.0000, 24996.0000, 25027.0000, 25277.0000, 25309.0000,
    25442.0000, 25475.0000, 25725.0000, 25792.0000, 26042.0000, 26096.0000, 26346.0000, 26427.0000, 26677.0000, 26729.0000,
    26979.0000, 27229.0000, 27479.0000, 27729.0000, 27979.0000, 28036.0000, 28286.0000, 28536.0000, 28786.0000, 28862.0000,
    29112.0000, 29167.0000,
  ]

### stats/win_rate
  Total points: 172
  Min: 0.0000, Max: 0.1860, Mean: 0.0974
  Data: [
    0.0000, 0.0000, 0.0000, 0.0000, 0.0000, 0.0000, 0.0000, 0.0000, 0.0000, 0.0625,
    0.0588, 0.0556, 0.0526, 0.0500, 0.0476, 0.0455, 0.0870, 0.1250, 0.1200, 0.1154,
    0.1111, 0.1071, 0.1034, 0.1333, 0.1290, 0.1250, 0.1212, 0.1176, 0.1143, 0.1111,
    0.1351, 0.1316, 0.1282, 0.1250, 0.1463, 0.1667, 0.1860, 0.1818, 0.1778, 0.1739,
    0.1702, 0.1667, 0.1633, 0.1600, 0.1569, 0.1538, 0.1509, 0.1481, 0.1455, 0.1429,
    0.1404, 0.1379, 0.1356, 0.1333, 0.1311, 0.1452, 0.1429, 0.1406, 0.1385, 0.1364,
    0.1343, 0.1324, 0.1304, 0.1286, 0.1268, 0.1250, 0.1233, 0.1216, 0.1200, 0.1184,
    0.1169, 0.1154, 0.1266, 0.1250, 0.1235, 0.1220, 0.1205, 0.1190, 0.1176, 0.1163,
    0.1149, 0.1136, 0.1124, 0.1111, 0.1099, 0.1087, 0.1075, 0.1064, 0.1053, 0.1042,
    0.1031, 0.1020, 0.1010, 0.1000, 0.0990, 0.1078, 0.1068, 0.1058, 0.1048, 0.1038,
    0.1028, 0.1019, 0.1009, 0.1000, 0.0991, 0.0982, 0.0973, 0.0965, 0.0957, 0.0948,
    0.0940, 0.0932, 0.0924, 0.0917, 0.0909, 0.0902, 0.0894, 0.0887, 0.0880, 0.0873,
    0.0866, 0.0859, 0.0853, 0.0846, 0.0840, 0.0833, 0.0827, 0.0821, 0.0815, 0.0809,
    0.0803, 0.0797, 0.0791, 0.0786, 0.0780, 0.0775, 0.0769, 0.0764, 0.0759, 0.0753,
    0.0748, 0.0743, 0.0738, 0.0733, 0.0728, 0.0724, 0.0719, 0.0714, 0.0710, 0.0705,
    0.0701, 0.0696, 0.0692, 0.0688, 0.0683, 0.0679, 0.0675, 0.0671, 0.0667, 0.0663,
    0.0659, 0.0655, 0.0651, 0.0647, 0.0643, 0.0640, 0.0636, 0.0632, 0.0629, 0.0625,
    0.0621, 0.0618,
  ]

### world/continue_loss
  Total points: 172
  Min: 0.5910, Max: 0.6931, Mean: 0.6335
  Data: [
    0.6931, 0.6909, 0.6884, 0.6862, 0.6842, 0.6823, 0.6804, 0.6786, 0.6768, 0.6750,
    0.6733, 0.6714, 0.6697, 0.6680, 0.6664, 0.6649, 0.6633, 0.6620, 0.6604, 0.6591,
    0.6578, 0.6567, 0.6553, 0.6542, 0.6531, 0.6521, 0.6511, 0.6501, 0.6493, 0.6485,
    0.6475, 0.6467, 0.6461, 0.6453, 0.6446, 0.6442, 0.6437, 0.6429, 0.6424, 0.6418,
    0.6415, 0.6411, 0.6407, 0.6402, 0.6398, 0.6396, 0.6395, 0.6391, 0.6387, 0.6384,
    0.6382, 0.6379, 0.6377, 0.6375, 0.6375, 0.6371, 0.6370, 0.6368, 0.6371, 0.6365,
    0.6363, 0.6362, 0.6362, 0.6360, 0.6359, 0.6356, 0.6355, 0.6354, 0.6353, 0.6352,
    0.6350, 0.6353, 0.6348, 0.6350, 0.6346, 0.6346, 0.6347, 0.6344, 0.6341, 0.6340,
    0.6339, 0.6340, 0.6337, 0.6335, 0.6335, 0.6332, 0.6330, 0.6331, 0.6329, 0.6325,
    0.6325, 0.6322, 0.6320, 0.6318, 0.6316, 0.6314, 0.6316, 0.6310, 0.6308, 0.6305,
    0.6303, 0.6301, 0.6300, 0.6297, 0.6293, 0.6291, 0.6288, 0.6287, 0.6284, 0.6283,
    0.6281, 0.6274, 0.6273, 0.6272, 0.6266, 0.6263, 0.6259, 0.6258, 0.6257, 0.6252,
    0.6247, 0.6243, 0.6242, 0.6237, 0.6234, 0.6229, 0.6226, 0.6224, 0.6220, 0.6214,
    0.6213, 0.6206, 0.6204, 0.6199, 0.6197, 0.6191, 0.6184, 0.6180, 0.6176, 0.6170,
    0.6167, 0.6160, 0.6157, 0.6150, 0.6144, 0.6139, 0.6130, 0.6125, 0.6118, 0.6116,
    0.6107, 0.6098, 0.6093, 0.6088, 0.6076, 0.6074, 0.6059, 0.6052, 0.6043, 0.6037,
    0.6024, 0.6025, 0.6010, 0.5999, 0.5992, 0.5982, 0.5969, 0.5960, 0.5946, 0.5936,
    0.5922, 0.5910,
  ]

### world/kl_loss
  Total points: 172
  Min: 0.6000, Max: 0.8123, Mean: 0.6465
  Data: [
    0.6000, 0.6000, 0.6000, 0.6000, 0.6000, 0.6000, 0.6000, 0.6000, 0.6000, 0.6000,
    0.6000, 0.6000, 0.6000, 0.6000, 0.6000, 0.6000, 0.6000, 0.6000, 0.6000, 0.6000,
    0.6000, 0.6000, 0.6000, 0.6000, 0.6000, 0.6000, 0.6000, 0.6000, 0.6000, 0.6000,
    0.6000, 0.6000, 0.6000, 0.6000, 0.6000, 0.6000, 0.6000, 0.6000, 0.6000, 0.6000,
    0.6000, 0.6000, 0.6007, 0.6003, 0.6023, 0.6151, 0.6177, 0.6152, 0.6120, 0.6083,
    0.6039, 0.6034, 0.6000, 0.6004, 0.6002, 0.6003, 0.6020, 0.6012, 0.6016, 0.6035,
    0.6079, 0.6050, 0.6087, 0.6081, 0.6105, 0.6140, 0.6150, 0.6072, 0.6089, 0.6062,
    0.6127, 0.6077, 0.6134, 0.6154, 0.6185, 0.6178, 0.6098, 0.6253, 0.6173, 0.6109,
    0.6285, 0.6294, 0.6101, 0.6205, 0.6339, 0.6409, 0.6304, 0.6530, 0.6363, 0.6415,
    0.6706, 0.6475, 0.6601, 0.6405, 0.6578, 0.6684, 0.6572, 0.6559, 0.6303, 0.6367,
    0.6898, 0.6606, 0.6800, 0.6467, 0.6669, 0.7064, 0.6563, 0.6911, 0.6847, 0.6628,
    0.6855, 0.6688, 0.6648, 0.6675, 0.6828, 0.6945, 0.6819, 0.7051, 0.6614, 0.6858,
    0.6601, 0.6603, 0.7156, 0.7080, 0.6724, 0.7411, 0.6914, 0.7077, 0.6758, 0.6795,
    0.7294, 0.7035, 0.7165, 0.6802, 0.7544, 0.7160, 0.6878, 0.7239, 0.6944, 0.6809,
    0.6799, 0.7094, 0.7268, 0.6446, 0.6802, 0.6897, 0.6503, 0.7152, 0.6894, 0.6929,
    0.6500, 0.6767, 0.7127, 0.6777, 0.7036, 0.7289, 0.6956, 0.6854, 0.8123, 0.7261,
    0.6975, 0.7197, 0.7146, 0.7131, 0.7291, 0.7005, 0.7591, 0.7012, 0.6939, 0.6966,
    0.6965, 0.7149,
  ]

### world/kl_value
  Total points: 172
  Min: 0.0005, Max: 1.1577, Mean: 0.7255
  Data: [
    0.0005, 0.0008, 0.0016, 0.0029, 0.0050, 0.0067, 0.0096, 0.0123, 0.0156, 0.0174,
    0.0208, 0.0225, 0.0271, 0.0275, 0.0330, 0.0399, 0.0396, 0.0544, 0.0569, 0.0699,
    0.0750, 0.0864, 0.0706, 0.1134, 0.1277, 0.1346, 0.1370, 0.1708, 0.1506, 0.1767,
    0.1863, 0.2314, 0.2920, 0.2292, 0.2667, 0.3569, 0.3908, 0.4504, 0.4301, 0.4503,
    0.4404, 0.4964, 0.5557, 0.5469, 0.5663, 0.7277, 0.7430, 0.6279, 0.6732, 0.6844,
    0.6299, 0.7250, 0.6219, 0.6863, 0.6281, 0.6619, 0.7682, 0.7581, 0.7452, 0.8096,
    0.8234, 0.8190, 0.8046, 0.8799, 0.8917, 0.8773, 0.8648, 0.8689, 0.8358, 0.8535,
    0.8469, 0.8272, 0.8852, 0.8725, 0.8925, 0.8905, 0.8379, 0.9181, 0.8854, 0.8385,
    0.9227, 0.9162, 0.8395, 0.8529, 0.8693, 0.9502, 0.9257, 0.9639, 0.9050, 0.9308,
    0.9806, 0.9303, 0.9666, 0.9206, 0.9435, 0.9618, 0.9421, 0.9300, 0.9158, 0.8905,
    0.9932, 0.9402, 0.9938, 0.9255, 0.9551, 1.0481, 0.9572, 1.0066, 1.0082, 0.9838,
    1.0214, 0.9927, 1.0008, 0.9822, 1.0132, 1.0470, 1.0164, 1.0524, 0.9788, 1.0259,
    0.9860, 0.9952, 1.0522, 1.0459, 0.9941, 1.1154, 1.0091, 1.0586, 1.0016, 1.0057,
    1.0920, 1.0626, 1.0858, 1.0166, 1.1238, 1.0615, 0.9971, 1.0447, 0.9807, 0.9498,
    0.9753, 0.9999, 1.0604, 0.8769, 0.9593, 0.9786, 0.8720, 1.0027, 0.9524, 0.9447,
    0.8453, 0.8880, 0.9549, 0.8872, 0.9406, 0.9814, 0.9205, 0.9000, 1.1577, 0.9750,
    0.8926, 0.9594, 0.9337, 0.9617, 0.9949, 0.9458, 1.0427, 0.9302, 0.8744, 0.9278,
    0.9084, 0.9584,
  ]

### world/loss
  Total points: 172
  Min: 1.5020, Max: 2.3612, Mean: 1.8830
  Data: [
    2.1843, 2.3612, 2.2142, 2.1985, 1.9078, 2.2054, 2.1615, 2.0894, 2.3124, 2.0355,
    2.0475, 1.9867, 2.0541, 2.0231, 2.0031, 2.2052, 1.9889, 2.1545, 2.0969, 2.1230,
    2.1138, 2.1184, 1.9144, 2.0374, 2.0497, 1.9639, 2.0349, 2.0243, 1.8816, 1.9311,
    1.9120, 1.9600, 2.0846, 1.9071, 1.8625, 2.0821, 2.0680, 2.0752, 2.0390, 2.0414,
    1.8802, 1.9194, 1.9595, 1.9525, 1.9883, 2.0580, 2.0264, 1.9511, 1.9867, 2.0569,
    1.9886, 2.1130, 1.8151, 2.0102, 1.8606, 1.8350, 1.9577, 1.9400, 1.8689, 2.0235,
    2.0374, 1.8911, 1.9869, 1.9004, 1.7781, 1.9834, 1.8997, 1.8487, 1.7528, 1.7255,
    1.9920, 1.8709, 1.8655, 2.0077, 1.9474, 1.9036, 1.7164, 1.9691, 1.8410, 1.6987,
    1.7853, 1.9333, 1.6771, 1.8613, 1.9245, 1.8580, 1.7474, 1.9470, 1.8191, 1.7760,
    2.0063, 1.8004, 1.7856, 1.8120, 1.8530, 1.8352, 1.7962, 1.8550, 1.6410, 1.8005,
    1.9417, 1.7915, 1.8640, 1.7414, 1.8173, 1.9127, 1.7572, 1.8951, 1.8834, 1.7651,
    1.8405, 1.7936, 1.8010, 1.7952, 1.8051, 1.8179, 1.8088, 1.8682, 1.7137, 1.8430,
    1.6838, 1.7050, 1.8726, 1.8613, 1.6727, 1.8810, 1.7359, 1.8231, 1.7604, 1.7668,
    1.9442, 1.7551, 1.7966, 1.7466, 1.9189, 1.7991, 1.7280, 1.8609, 1.7445, 1.7469,
    1.7016, 1.8316, 1.8610, 1.5594, 1.7780, 1.7323, 1.5020, 1.8472, 1.7183, 1.7328,
    1.6009, 1.7228, 1.8538, 1.6855, 1.7681, 1.8861, 1.6933, 1.6903, 1.9587, 1.7566,
    1.7113, 1.7983, 1.8515, 1.7512, 1.7325, 1.6969, 1.8820, 1.6743, 1.6737, 1.7287,
    1.6782, 1.7837,
  ]

### world/recon_loss
  Total points: 172
  Min: 0.2387, Max: 1.0691, Mean: 0.6024
  Data: [
    0.8912, 1.0691, 0.9258, 0.9111, 0.6236, 0.9218, 0.8810, 0.8108, 1.0355, 0.7605,
    0.7717, 0.7153, 0.7843, 0.7551, 0.7367, 0.9391, 0.7255, 0.8900, 0.8365, 0.8639,
    0.8560, 0.8605, 0.6591, 0.7833, 0.7966, 0.7118, 0.7825, 0.7742, 0.6323, 0.6814,
    0.6645, 0.7133, 0.8372, 0.6617, 0.6179, 0.8367, 0.8218, 0.8323, 0.7966, 0.7996,
    0.6374, 0.6770, 0.7168, 0.7120, 0.7462, 0.8033, 0.7667, 0.6956, 0.7359, 0.8101,
    0.7465, 0.8717, 0.5773, 0.7723, 0.6217, 0.5976, 0.7187, 0.7021, 0.6265, 0.7834,
    0.7932, 0.6499, 0.7408, 0.6550, 0.5304, 0.7338, 0.6492, 0.6061, 0.5086, 0.4840,
    0.7442, 0.6267, 0.6173, 0.7561, 0.6943, 0.6500, 0.4694, 0.7081, 0.5896, 0.4538,
    0.5229, 0.6674, 0.4333, 0.6073, 0.6559, 0.5839, 0.4839, 0.6597, 0.5499, 0.5020,
    0.7019, 0.5208, 0.4936, 0.5398, 0.5636, 0.5354, 0.5050, 0.5681, 0.3799, 0.5333,
    0.6215, 0.5008, 0.5528, 0.4638, 0.5211, 0.5772, 0.4721, 0.5752, 0.5690, 0.4727,
    0.5244, 0.4974, 0.5076, 0.4979, 0.4957, 0.4972, 0.5010, 0.5360, 0.4241, 0.5308,
    0.3990, 0.4203, 0.5327, 0.5295, 0.3769, 0.5170, 0.4220, 0.4918, 0.4613, 0.4658,
    0.5923, 0.4309, 0.4584, 0.4452, 0.5422, 0.4628, 0.4218, 0.5190, 0.4326, 0.4489,
    0.4037, 0.5063, 0.5173, 0.2986, 0.4834, 0.4275, 0.2387, 0.5195, 0.4171, 0.4258,
    0.3390, 0.4363, 0.5305, 0.3965, 0.4569, 0.5473, 0.3918, 0.3998, 0.5421, 0.4256,
    0.4114, 0.4724, 0.5346, 0.4370, 0.4018, 0.3958, 0.5260, 0.3758, 0.3840, 0.4360,
    0.3882, 0.4778,
  ]

### world/reward_loss
  Total points: 172
  Min: 0.0000, Max: 0.0037, Mean: 0.0006
  Data: [
    0.0000, 0.0012, 0.0000, 0.0013, 0.0000, 0.0013, 0.0000, 0.0000, 0.0000, 0.0000,
    0.0025, 0.0000, 0.0000, 0.0000, 0.0000, 0.0013, 0.0000, 0.0025, 0.0000, 0.0000,
    0.0000, 0.0013, 0.0000, 0.0000, 0.0000, 0.0000, 0.0013, 0.0000, 0.0000, 0.0013,
    0.0000, 0.0000, 0.0013, 0.0000, 0.0000, 0.0012, 0.0025, 0.0000, 0.0000, 0.0000,
    0.0013, 0.0013, 0.0013, 0.0000, 0.0000, 0.0000, 0.0025, 0.0012, 0.0000, 0.0000,
    0.0000, 0.0000, 0.0000, 0.0000, 0.0013, 0.0000, 0.0000, 0.0000, 0.0037, 0.0000,
    0.0000, 0.0000, 0.0012, 0.0013, 0.0013, 0.0000, 0.0000, 0.0000, 0.0000, 0.0000,
    0.0000, 0.0013, 0.0000, 0.0012, 0.0000, 0.0013, 0.0025, 0.0012, 0.0000, 0.0000,
    0.0000, 0.0025, 0.0000, 0.0000, 0.0012, 0.0000, 0.0000, 0.0012, 0.0000, 0.0000,
    0.0012, 0.0000, 0.0000, 0.0000, 0.0000, 0.0000, 0.0025, 0.0000, 0.0000, 0.0000,
    0.0000, 0.0000, 0.0012, 0.0012, 0.0000, 0.0000, 0.0000, 0.0000, 0.0013, 0.0013,
    0.0025, 0.0000, 0.0013, 0.0025, 0.0000, 0.0000, 0.0000, 0.0012, 0.0025, 0.0013,
    0.0000, 0.0000, 0.0000, 0.0000, 0.0000, 0.0000, 0.0000, 0.0012, 0.0012, 0.0000,
    0.0013, 0.0000, 0.0012, 0.0012, 0.0025, 0.0013, 0.0000, 0.0000, 0.0000, 0.0000,
    0.0012, 0.0000, 0.0012, 0.0013, 0.0000, 0.0012, 0.0000, 0.0000, 0.0000, 0.0025,
    0.0012, 0.0000, 0.0012, 0.0025, 0.0000, 0.0025, 0.0000, 0.0000, 0.0000, 0.0012,
    0.0000, 0.0037, 0.0013, 0.0012, 0.0025, 0.0025, 0.0000, 0.0012, 0.0012, 0.0025,
    0.0013, 0.0000,
  ]
