================================================================================
W&B RUN DATA: DreamerV3-dreamsmooth-seed42_strong_seed42_20260123_203756
================================================================================

## RUN METADATA
Run ID: i4o89jwl
Created: 2026-01-23T19:38:01Z
State: running
Duration: 62066.006119968 seconds

## CONFIGURATION
  [Environment]
    opponent: strong
  [Training]
    batch_size: 32
    batch_length: 32
    imagination_horizon: 15
    discount: 0.997
  [Entropy]
    entropy_scale: 0.0001
  [Self-Play]
    self_play_pool_size: 10
    self_play_save_interval: 500
    self_play_weak_ratio: 0.3
    use_pfsp: False
    pfsp_mode: variance
  [Architecture]
    recurrent_size: 256
    latent_length: 16
    latent_classes: 16
  [Meta]
    seed: 42
    algorithm: DreamerV3

## FINAL SUMMARY
  runtime: 17.24 hours (62066 seconds)

## NOTE: Data reduced (fraction=0.1, max_points=200)

## METRICS DATA

### STATS
#### buffer_size
  Points: 35
  Min: 36700.0000, Max: 250000.0000, Mean: 218782.0571
  Data: [
    36700.0000, 57750.0000, 85091.0000, 108005.0000, 131159.0000, 148777.0000, 177835.0000, 196195.0000, 223395.0000, 242465.0000,
    250000.0000, 250000.0000, 250000.0000, 250000.0000, 250000.0000, 250000.0000, 250000.0000, 250000.0000, 250000.0000, 250000.0000,
    250000.0000, 250000.0000, 250000.0000, 250000.0000, 250000.0000, 250000.0000, 250000.0000, 250000.0000, 250000.0000, 250000.0000,
    250000.0000, 250000.0000, 250000.0000, 250000.0000, 250000.0000,
  ]

#### draws
  Points: 35
  Min: 1.0000, Max: 1076.0000, Mean: 677.3714
  Data: [
    1.0000, 63.0000, 125.0000, 177.0000, 226.0000, 262.0000, 330.0000, 378.0000, 448.0000, 493.0000,
    537.0000, 575.0000, 629.0000, 658.0000, 687.0000, 707.0000, 726.0000, 743.0000, 763.0000, 799.0000,
    823.0000, 846.0000, 873.0000, 896.0000, 917.0000, 933.0000, 952.0000, 970.0000, 982.0000, 995.0000,
    1007.0000, 1023.0000, 1033.0000, 1055.0000, 1076.0000,
  ]

#### env_steps
  Points: 35
  Min: 251.0000, Max: 606498.0000, Mean: 331180.9143
  Data: [
    251.0000, 21301.0000, 48642.0000, 71556.0000, 94710.0000, 112328.0000, 141386.0000, 159746.0000, 186946.0000, 206016.0000,
    223311.0000, 238627.0000, 259967.0000, 277287.0000, 293315.0000, 309194.0000, 326391.0000, 341726.0000, 356965.0000, 377808.0000,
    393682.0000, 409359.0000, 428181.0000, 444913.0000, 463869.0000, 478409.0000, 492078.0000, 507021.0000, 518122.0000, 531332.0000,
    546152.0000, 560881.0000, 572766.0000, 590596.0000, 606498.0000,
  ]

#### episodes
  Points: 35
  Min: 201.0000, Max: 4971.0000, Mean: 2647.0000
  Data: [
    201.0000, 331.0000, 511.0000, 661.0000, 831.0000, 961.0000, 1151.0000, 1271.0000, 1451.0000, 1581.0000,
    1691.0000, 1791.0000, 1931.0000, 2071.0000, 2191.0000, 2341.0000, 2511.0000, 2661.0000, 2801.0000, 2961.0000,
    3091.0000, 3221.0000, 3381.0000, 3521.0000, 3691.0000, 3811.0000, 3941.0000, 4081.0000, 4181.0000, 4301.0000,
    4441.0000, 4581.0000, 4691.0000, 4841.0000, 4971.0000,
  ]

#### gradient_steps
  Points: 35
  Min: 32.0000, Max: 152672.0000, Mean: 78304.0000
  Data: [
    32.0000, 4192.0000, 9952.0000, 14752.0000, 20192.0000, 24352.0000, 30432.0000, 34272.0000, 40032.0000, 44192.0000,
    47712.0000, 50912.0000, 55392.0000, 59872.0000, 63712.0000, 68512.0000, 73952.0000, 78752.0000, 83232.0000, 88352.0000,
    92512.0000, 96672.0000, 101792.0000, 106272.0000, 111712.0000, 115552.0000, 119712.0000, 124192.0000, 127392.0000, 131232.0000,
    135712.0000, 140192.0000, 143712.0000, 148512.0000, 152672.0000,
  ]

#### losses
  Points: 35
  Min: 0.0000, Max: 1106.0000, Mean: 685.1714
  Data: [
    0.0000, 56.0000, 145.0000, 208.0000, 291.0000, 336.0000, 399.0000, 427.0000, 472.0000, 506.0000,
    532.0000, 554.0000, 580.0000, 610.0000, 643.0000, 677.0000, 713.0000, 735.0000, 765.0000, 801.0000,
    828.0000, 852.0000, 869.0000, 892.0000, 916.0000, 929.0000, 956.0000, 976.0000, 991.0000, 1005.0000,
    1025.0000, 1043.0000, 1058.0000, 1085.0000, 1106.0000,
  ]

#### mean_reward
  Points: 35
  Min: -21.6002, Max: 4.9541, Mean: -0.6269
  Data: [
    -20.7876, -21.6002, -11.4367, -7.6083, -6.7679, -4.5568, -3.9133, -2.2484, -3.1312, -2.6673,
    -2.7945, -2.0532, -1.1281, 0.6721, -0.0427, 2.6221, 2.9123, 3.9164, 2.3496, 0.7119,
    1.6154, 2.0537, 3.7307, 3.1972, 3.5297, 4.8232, 2.7687, 4.6326, 3.9104, 4.9524,
    4.0820, 4.3782, 4.9541, 3.5473, 3.4332,
  ]

#### win_rate
  Points: 35
  Min: 0.0000, Max: 0.7700, Mean: 0.5357
  Data: [
    0.0000, 0.0900, 0.1900, 0.2700, 0.2500, 0.3700, 0.3300, 0.3900, 0.3600, 0.4000,
    0.3600, 0.4000, 0.4000, 0.5700, 0.5000, 0.6500, 0.7000, 0.7400, 0.6500, 0.5600,
    0.6000, 0.6200, 0.6900, 0.6900, 0.6900, 0.7700, 0.6400, 0.7300, 0.7300, 0.7700,
    0.7400, 0.7400, 0.7700, 0.7000, 0.6900,
  ]

#### wins
  Points: 35
  Min: 0.0000, Max: 2589.0000, Mean: 1084.4571
  Data: [
    0.0000, 12.0000, 41.0000, 76.0000, 114.0000, 163.0000, 222.0000, 266.0000, 331.0000, 382.0000,
    422.0000, 462.0000, 522.0000, 603.0000, 661.0000, 757.0000, 872.0000, 983.0000, 1073.0000, 1161.0000,
    1240.0000, 1323.0000, 1439.0000, 1533.0000, 1658.0000, 1749.0000, 1833.0000, 1935.0000, 2008.0000, 2101.0000,
    2209.0000, 2315.0000, 2400.0000, 2501.0000, 2589.0000,
  ]


### EPISODE
#### draw_rate_100
  Points: 35
  Min: 0.0000, Max: 0.0100, Mean: 0.0011
  Data: [
    0.0000, 0.0000, 0.0000, 0.0000, 0.0000, 0.0000, 0.0000, 0.0000, 0.0000, 0.0000,
    0.0000, 0.0100, 0.0000, 0.0000, 0.0000, 0.0000, 0.0000, 0.0000, 0.0000, 0.0000,
    0.0000, 0.0100, 0.0100, 0.0000, 0.0000, 0.0000, 0.0000, 0.0000, 0.0000, 0.0000,
    0.0100, 0.0000, 0.0000, 0.0000, 0.0000,
  ]

#### length_max
  Points: 35
  Min: 251.0000, Max: 251.0000, Mean: 251.0000
  Data: [
    251.0000, 251.0000, 251.0000, 251.0000, 251.0000, 251.0000, 251.0000, 251.0000, 251.0000, 251.0000,
    251.0000, 251.0000, 251.0000, 251.0000, 251.0000, 251.0000, 251.0000, 251.0000, 251.0000, 251.0000,
    251.0000, 251.0000, 251.0000, 251.0000, 251.0000, 251.0000, 251.0000, 251.0000, 251.0000, 251.0000,
    251.0000, 251.0000, 251.0000, 251.0000, 251.0000,
  ]

#### length_mean
  Points: 35
  Min: 97.5900, Max: 251.0000, Mean: 130.4477
  Data: [
    251.0000, 161.7700, 146.8200, 140.6500, 132.4100, 135.7000, 158.5200, 148.6300, 154.8200, 145.7400,
    156.4000, 153.1600, 156.1600, 119.8600, 131.6400, 106.4400, 101.3000, 97.5900, 107.1500, 128.8800,
    125.0000, 118.5400, 123.9500, 120.8000, 117.5000, 122.1100, 109.4800, 110.2600, 111.0100, 106.3700,
    105.6500, 112.2100, 108.6000, 117.9100, 121.6400,
  ]

#### length_min
  Points: 35
  Min: 14.0000, Max: 251.0000, Mean: 32.2000
  Data: [
    251.0000, 20.0000, 16.0000, 29.0000, 18.0000, 25.0000, 19.0000, 14.0000, 25.0000, 27.0000,
    26.0000, 14.0000, 25.0000, 26.0000, 26.0000, 25.0000, 23.0000, 27.0000, 23.0000, 28.0000,
    27.0000, 26.0000, 25.0000, 28.0000, 27.0000, 28.0000, 28.0000, 29.0000, 27.0000, 29.0000,
    32.0000, 35.0000, 34.0000, 27.0000, 38.0000,
  ]

#### length_std
  Points: 35
  Min: 0.0000, Max: 97.9616, Mean: 80.7121
  Data: [
    0.0000, 94.6531, 85.4229, 87.2092, 84.9877, 94.5044, 90.1186, 95.9236, 91.7830, 93.0925,
    95.3856, 94.6096, 97.9616, 85.8506, 89.7907, 78.5577, 74.2790, 73.2164, 80.1116, 82.4768,
    83.3453, 80.2721, 78.9243, 79.9233, 79.1374, 83.8134, 80.4006, 82.7640, 74.9913, 71.4844,
    68.5814, 71.2963, 67.4113, 74.1310, 78.5139,
  ]

#### reward_mean
  Points: 35
  Min: -21.6002, Max: 4.9541, Mean: -0.6269
  Data: [
    -20.7876, -21.6002, -11.4367, -7.6083, -6.7679, -4.5568, -3.9133, -2.2484, -3.1312, -2.6673,
    -2.7945, -2.0532, -1.1281, 0.6721, -0.0427, 2.6221, 2.9123, 3.9164, 2.3496, 0.7119,
    1.6154, 2.0537, 3.7307, 3.1972, 3.5297, 4.8232, 2.7687, 4.6326, 3.9104, 4.9524,
    4.0820, 4.3782, 4.9541, 3.5473, 3.4332,
  ]

#### reward_std
  Points: 35
  Min: 0.0000, Max: 17.2166, Mean: 8.7837
  Data: [
    0.0000, 17.2166, 10.0234, 10.6966, 9.8095, 10.9122, 9.0897, 9.0832, 9.0706, 9.5035,
    8.9043, 8.9121, 8.7311, 9.6324, 9.4018, 9.0248, 9.0493, 8.3995, 8.9244, 9.2757,
    9.2049, 8.8310, 7.7239, 8.4479, 8.4789, 6.9272, 8.5409, 7.2308, 8.0648, 7.7097,
    8.3099, 7.7728, 7.7220, 8.4562, 8.3467,
  ]

#### win_rate_100
  Points: 35
  Min: 0.0000, Max: 0.7700, Mean: 0.5357
  Data: [
    0.0000, 0.0900, 0.1900, 0.2700, 0.2500, 0.3700, 0.3300, 0.3900, 0.3600, 0.4000,
    0.3600, 0.4000, 0.4000, 0.5700, 0.5000, 0.6500, 0.7000, 0.7400, 0.6500, 0.5600,
    0.6000, 0.6200, 0.6900, 0.6900, 0.6900, 0.7700, 0.6400, 0.7300, 0.7300, 0.7700,
    0.7400, 0.7400, 0.7700, 0.7000, 0.6900,
  ]


### TIME
#### elapsed_hours
  Points: 35
  Min: 0.0035, Max: 17.1779, Mean: 8.8934
  Data: [
    0.0035, 0.4734, 1.1183, 1.6710, 2.3016, 2.7782, 3.4931, 3.9226, 4.6002, 5.0935,
    5.4970, 5.8707, 6.3896, 6.8844, 7.3156, 7.8569, 8.4640, 8.9928, 9.5030, 10.0753,
    10.5401, 11.0061, 11.5753, 12.0747, 12.6765, 13.1019, 13.5512, 14.0647, 14.4149, 14.8289,
    15.3068, 15.7800, 16.1570, 16.7083, 17.1779,
  ]

#### episodes_per_hour
  Points: 35
  Min: 289.3833, Max: 58258.0611, Mean: 1975.8033
  Data: [
    58258.0611, 699.2596, 456.9352, 395.5648, 361.0487, 345.9048, 329.5033, 324.0158, 315.4223, 310.3975,
    307.6207, 305.0736, 302.2080, 300.8251, 299.4989, 297.9537, 296.6667, 295.9032, 294.7487, 293.8876,
    293.2606, 292.6567, 292.0887, 291.6011, 291.1696, 290.8729, 290.8219, 290.1596, 290.0480, 290.0424,
    290.1316, 290.3038, 290.3391, 289.7360, 289.3833,
  ]

#### gradient_steps_per_second
  Points: 35
  Min: 2.4081, Max: 2.5764, Mean: 2.4441
  Data: [
    2.5764, 2.4600, 2.4720, 2.4522, 2.4369, 2.4348, 2.4200, 2.4269, 2.4173, 2.4101,
    2.4110, 2.4089, 2.4081, 2.4158, 2.4192, 2.4222, 2.4270, 2.4326, 2.4329, 2.4359,
    2.4381, 2.4399, 2.4428, 2.4448, 2.4479, 2.4498, 2.4539, 2.4528, 2.4549, 2.4583,
    2.4628, 2.4678, 2.4708, 2.4690, 2.4688,
  ]

#### steps_per_second
  Points: 35
  Min: 9.8075, Max: 20.2084, Mean: 10.9857
  Data: [
    20.2084, 12.4999, 12.0821, 11.8949, 11.4303, 11.2310, 11.2432, 11.3122, 11.2886, 11.2353,
    11.2844, 11.2908, 11.3016, 11.1882, 11.1374, 10.9314, 10.7117, 10.5555, 10.4343, 10.4163,
    10.3752, 10.3316, 10.2753, 10.2352, 10.1647, 10.1429, 10.0868, 10.0137, 9.9843, 9.9530,
    9.9112, 9.8733, 9.8472, 9.8187, 9.8075,
  ]


### EVAL
#### combined_win_rate
  Points: 15
  Min: 0.0000, Max: 0.7000, Mean: 0.4200
  Data: [
    0.0000, 0.1500, 0.2500, 0.1500, 0.3000, 0.5000, 0.5500, 0.6000, 0.5000, 0.5500,
    0.7000, 0.5500, 0.6500, 0.5000, 0.3500,
  ]

#### gif_strong
  Points: 15
  Error: float() argument must be a string or a real number, not 'dict'

#### gif_weak
  Points: 15
  Error: float() argument must be a string or a real number, not 'dict'

#### strong_draws
  Points: 15
  Min: 0.0000, Max: 7.0000, Mean: 2.8000
  Data: [
    7.0000, 4.0000, 5.0000, 6.0000, 4.0000, 3.0000, 2.0000, 2.0000, 1.0000, 2.0000,
    1.0000, 2.0000, 2.0000, 1.0000, 0.0000,
  ]

#### strong_losses
  Points: 15
  Min: 0.0000, Max: 4.0000, Mean: 2.2000
  Data: [
    3.0000, 4.0000, 3.0000, 1.0000, 2.0000, 3.0000, 4.0000, 1.0000, 2.0000, 0.0000,
    1.0000, 2.0000, 0.0000, 3.0000, 4.0000,
  ]

#### strong_mean_reward
  Points: 15
  Min: -26.0125, Max: 6.3490, Mean: -1.6663
  Data: [
    -26.0125, -11.4517, -7.7516, -2.7829, -0.9036, -2.5446, -2.4806, 3.9940, 3.0952, 6.3446,
    5.1701, 2.0747, 6.3490, 1.5236, 0.3823,
  ]

#### strong_win_rate
  Points: 15
  Min: 0.0000, Max: 0.8000, Mean: 0.5000
  Data: [
    0.0000, 0.2000, 0.2000, 0.3000, 0.4000, 0.4000, 0.4000, 0.7000, 0.7000, 0.8000,
    0.8000, 0.6000, 0.8000, 0.6000, 0.6000,
  ]

#### strong_wins
  Points: 15
  Min: 0.0000, Max: 8.0000, Mean: 5.0000
  Data: [
    0.0000, 2.0000, 2.0000, 3.0000, 4.0000, 4.0000, 4.0000, 7.0000, 7.0000, 8.0000,
    8.0000, 6.0000, 8.0000, 6.0000, 6.0000,
  ]

#### weak_draws
  Points: 15
  Min: 0.0000, Max: 5.0000, Mean: 2.5333
  Data: [
    5.0000, 3.0000, 2.0000, 4.0000, 5.0000, 3.0000, 2.0000, 3.0000, 4.0000, 3.0000,
    0.0000, 1.0000, 3.0000, 0.0000, 0.0000,
  ]

#### weak_losses
  Points: 15
  Min: 1.0000, Max: 9.0000, Mean: 4.0667
  Data: [
    5.0000, 6.0000, 5.0000, 6.0000, 3.0000, 1.0000, 1.0000, 2.0000, 3.0000, 4.0000,
    4.0000, 4.0000, 2.0000, 6.0000, 9.0000,
  ]

#### weak_mean_reward
  Points: 15
  Min: -30.7046, Max: 4.6477, Mean: -4.6491
  Data: [
    -30.7046, -10.0528, -4.1227, -10.0664, -4.2029, 2.3730, 4.6477, 0.6992, -2.4523, -3.6254,
    0.2447, -0.9570, 2.1604, -3.7438, -9.9343,
  ]

#### weak_win_rate
  Points: 15
  Min: 0.0000, Max: 0.7000, Mean: 0.3400
  Data: [
    0.0000, 0.1000, 0.3000, 0.0000, 0.2000, 0.6000, 0.7000, 0.5000, 0.3000, 0.3000,
    0.6000, 0.5000, 0.5000, 0.4000, 0.1000,
  ]

#### weak_wins
  Points: 15
  Min: 0.0000, Max: 7.0000, Mean: 3.4000
  Data: [
    0.0000, 1.0000, 3.0000, 0.0000, 2.0000, 6.0000, 7.0000, 5.0000, 3.0000, 3.0000,
    6.0000, 5.0000, 5.0000, 4.0000, 1.0000,
  ]


### WORLD
#### continue_actual_mean
  Points: 35
  Min: 0.9859, Max: 0.9990, Mean: 0.9922
  Data: [
    0.9909, 0.9940, 0.9960, 0.9990, 0.9929, 0.9950, 0.9889, 0.9929, 0.9909, 0.9929,
    0.9960, 0.9929, 0.9960, 0.9929, 0.9899, 0.9919, 0.9940, 0.9970, 0.9889, 0.9929,
    0.9929, 0.9879, 0.9909, 0.9940, 0.9919, 0.9899, 0.9869, 0.9909, 0.9889, 0.9919,
    0.9859, 0.9909, 0.9940, 0.9929, 0.9899,
  ]

#### continue_loss
  Points: 35
  Min: 0.0002, Max: 0.0700, Mean: 0.0082
  Data: [
    0.0700, 0.0270, 0.0064, 0.0011, 0.0101, 0.0058, 0.0164, 0.0115, 0.0113, 0.0065,
    0.0044, 0.0089, 0.0064, 0.0052, 0.0104, 0.0050, 0.0064, 0.0051, 0.0027, 0.0080,
    0.0009, 0.0051, 0.0046, 0.0068, 0.0020, 0.0040, 0.0141, 0.0046, 0.0039, 0.0008,
    0.0014, 0.0026, 0.0006, 0.0079, 0.0002,
  ]

#### continue_pred_mean
  Points: 35
  Min: 0.9852, Max: 0.9980, Mean: 0.9926
  Data: [
    0.9976, 0.9946, 0.9935, 0.9980, 0.9924, 0.9942, 0.9917, 0.9952, 0.9919, 0.9949,
    0.9959, 0.9937, 0.9959, 0.9899, 0.9911, 0.9936, 0.9921, 0.9970, 0.9892, 0.9941,
    0.9925, 0.9886, 0.9926, 0.9924, 0.9921, 0.9914, 0.9891, 0.9919, 0.9869, 0.9914,
    0.9852, 0.9919, 0.9934, 0.9936, 0.9897,
  ]

#### kl_loss
  Points: 35
  Min: 0.3374, Max: 3.3525, Mean: 2.8145
  Data: [
    0.3374, 3.1906, 2.3131, 2.7733, 2.9978, 3.3525, 2.7339, 2.8355, 2.8915, 2.7828,
    2.8086, 3.0234, 3.0789, 2.7755, 3.1935, 2.9701, 2.8148, 2.8001, 2.7975, 3.0383,
    2.9367, 3.2342, 2.7708, 2.8397, 2.7615, 2.9630, 3.1384, 2.9855, 2.7438, 2.9167,
    2.8090, 2.7050, 2.6979, 2.6722, 2.8250,
  ]

#### latent_entropy
  Points: 35
  Min: 1.1805, Max: 2.6910, Mean: 1.3905
  Data: [
    2.6910, 1.1805, 1.2173, 1.2051, 1.2171, 1.2095, 1.2639, 1.2642, 1.2879, 1.3109,
    1.3440, 1.3293, 1.3402, 1.3764, 1.3652, 1.3878, 1.3881, 1.3983, 1.3699, 1.3872,
    1.3828, 1.3968, 1.3989, 1.4001, 1.4127, 1.4051, 1.4084, 1.4084, 1.3953, 1.4192,
    1.3931, 1.4073, 1.4386, 1.4477, 1.4204,
  ]

#### loss
  Points: 35
  Min: 19.7635, Max: 28.7181, Mean: 20.4284
  Data: [
    28.7181, 21.0420, 19.9639, 20.1861, 20.4519, 20.8296, 20.2486, 20.2488, 20.3557, 20.1254,
    20.0707, 20.3982, 20.4567, 20.0559, 20.4486, 20.1877, 20.0688, 19.9207, 19.9758, 20.2949,
    20.1572, 20.4136, 19.9916, 20.1709, 19.9647, 20.1802, 20.5047, 20.2230, 19.8934, 20.1021,
    19.9502, 19.8556, 19.8328, 19.7635, 19.9416,
  ]

#### prior_posterior_kl
  Points: 35
  Min: 0.0786, Max: 0.2515, Mean: 0.2208
  Data: [
    0.0786, 0.2423, 0.1896, 0.2172, 0.2309, 0.2515, 0.2155, 0.2214, 0.2251, 0.2191,
    0.2210, 0.2329, 0.2365, 0.2186, 0.2428, 0.2297, 0.2204, 0.2200, 0.2202, 0.2342,
    0.2284, 0.2453, 0.2181, 0.2226, 0.2182, 0.2296, 0.2390, 0.2309, 0.2169, 0.2266,
    0.2207, 0.2149, 0.2144, 0.2128, 0.2216,
  ]

#### recon_error_max
  Points: 35
  Min: 0.3301, Max: 2.4477, Mean: 0.8345
  Data: [
    2.4477, 0.9579, 0.9482, 0.5659, 0.6194, 0.7060, 0.9208, 0.5715, 0.8677, 0.7421,
    1.6267, 0.9316, 0.7103, 1.0254, 0.4650, 1.0052, 0.4834, 0.4104, 0.9435, 1.3714,
    0.5968, 0.6648, 0.6405, 1.0603, 0.5211, 0.8692, 0.5540, 1.3938, 0.5517, 0.5734,
    0.7921, 0.6333, 1.1799, 0.5278, 0.3301,
  ]

#### recon_error_mean
  Points: 35
  Min: 0.0271, Max: 0.8368, Mean: 0.0580
  Data: [
    0.8368, 0.0713, 0.0413, 0.0434, 0.0431, 0.0460, 0.0353, 0.0348, 0.0411, 0.0372,
    0.0402, 0.0387, 0.0394, 0.0359, 0.0320, 0.0345, 0.0300, 0.0323, 0.0330, 0.0346,
    0.0307, 0.0313, 0.0298, 0.0312, 0.0328, 0.0332, 0.0298, 0.0303, 0.0278, 0.0314,
    0.0298, 0.0287, 0.0291, 0.0272, 0.0271,
  ]

#### recon_error_std
  Points: 35
  Min: 0.0356, Max: 0.5141, Mean: 0.0696
  Data: [
    0.5141, 0.0971, 0.0681, 0.0565, 0.0634, 0.0613, 0.0591, 0.0519, 0.0741, 0.0564,
    0.0779, 0.0656, 0.0597, 0.0651, 0.0433, 0.0617, 0.0404, 0.0469, 0.0625, 0.0698,
    0.0471, 0.0524, 0.0481, 0.0591, 0.0522, 0.0594, 0.0443, 0.0601, 0.0430, 0.0473,
    0.0534, 0.0442, 0.0546, 0.0416, 0.0356,
  ]

#### recon_loss
  Points: 35
  Min: 16.7844, Max: 24.0717, Mean: 17.0631
  Data: [
    24.0717, 17.1824, 16.9126, 16.9313, 16.9291, 16.9547, 16.8582, 16.8545, 16.9104, 16.8756,
    16.9024, 16.8892, 16.8952, 16.8640, 16.8291, 16.8517, 16.8108, 16.8314, 16.8376, 16.8520,
    16.8169, 16.8223, 16.8088, 16.8213, 16.8362, 16.8399, 16.8094, 16.8140, 16.7915, 16.8236,
    16.8088, 16.7995, 16.8026, 16.7854, 16.7844,
  ]

#### reward_actual_mean
  Points: 35
  Min: -0.1196, Max: 0.0308, Mean: -0.0255
  Data: [
    -0.1063, -0.0931, -0.1196, -0.0715, -0.0805, -0.0486, -0.0819, -0.0586, -0.0424, -0.0688,
    -0.0406, -0.0308, -0.0515, 0.0013, 0.0062, 0.0030, -0.0299, -0.0259, 0.0091, -0.0122,
    -0.0068, -0.0045, 0.0183, -0.0035, -0.0212, 0.0248, 0.0110, -0.0120, 0.0049, -0.0275,
    0.0308, 0.0285, -0.0028, 0.0040, 0.0076,
  ]

#### reward_loss
  Points: 35
  Min: 0.2524, Max: 2.2605, Mean: 0.4487
  Data: [
    2.2605, 0.5933, 0.6992, 0.4346, 0.4637, 0.4588, 0.5964, 0.5071, 0.4946, 0.4135,
    0.3188, 0.4374, 0.4435, 0.3696, 0.3539, 0.3194, 0.4027, 0.2524, 0.3062, 0.3641,
    0.3572, 0.3099, 0.3764, 0.4608, 0.3351, 0.3395, 0.5044, 0.3822, 0.3243, 0.3298,
    0.3029, 0.3184, 0.3017, 0.2672, 0.3065,
  ]

#### reward_pred_error_mean
  Points: 35
  Min: 0.0097, Max: 0.1683, Mean: 0.0216
  Data: [
    0.1683, 0.0267, 0.0222, 0.0235, 0.0211, 0.0325, 0.0205, 0.0183, 0.0225, 0.0168,
    0.0159, 0.0193, 0.0190, 0.0233, 0.0205, 0.0102, 0.0123, 0.0107, 0.0156, 0.0148,
    0.0202, 0.0126, 0.0118, 0.0184, 0.0102, 0.0201, 0.0199, 0.0119, 0.0190, 0.0164,
    0.0113, 0.0097, 0.0157, 0.0108, 0.0145,
  ]

#### reward_pred_error_std
  Points: 35
  Min: 0.0406, Max: 0.1854, Mean: 0.0856
  Data: [
    0.1854, 0.0812, 0.0683, 0.0907, 0.1067, 0.1477, 0.0835, 0.0580, 0.1050, 0.0607,
    0.1019, 0.0835, 0.0866, 0.1218, 0.0879, 0.0498, 0.0495, 0.0730, 0.1008, 0.0863,
    0.1085, 0.0516, 0.0657, 0.0893, 0.0509, 0.1091, 0.0839, 0.0600, 0.1249, 0.0923,
    0.0432, 0.0406, 0.0903, 0.0834, 0.0755,
  ]

#### reward_pred_mean
  Points: 35
  Min: -0.2309, Max: 0.0326, Mean: -0.0267
  Data: [
    -0.2309, -0.0993, -0.1148, -0.0709, -0.0865, -0.0435, -0.0747, -0.0541, -0.0296, -0.0699,
    -0.0333, -0.0320, -0.0446, 0.0098, 0.0040, 0.0043, -0.0318, -0.0278, 0.0069, -0.0104,
    0.0012, -0.0024, 0.0121, 0.0007, -0.0219, 0.0291, 0.0121, -0.0122, 0.0125, -0.0171,
    0.0326, 0.0270, 0.0008, 0.0096, 0.0088,
  ]


### BEHAVIOR
#### actor_loss
  Points: 35
  Min: -22.4116, Max: 0.0135, Mean: -0.6412
  Data: [
    -22.4116, -0.0084, -0.0040, -0.0156, -0.0030, 0.0033, -0.0015, 0.0047, -0.0094, 0.0023,
    -0.0095, -0.0196, -0.0016, -0.0113, 0.0029, 0.0044, 0.0077, 0.0120, 0.0135, -0.0047,
    0.0095, 0.0118, 0.0068, -0.0077, 0.0101, 0.0026, -0.0006, -0.0053, -0.0002, -0.0108,
    0.0032, -0.0002, 0.0071, -0.0161, -0.0039,
  ]

#### actor_mean_abs
  Points: 35
  Min: 0.1473, Max: 0.4162, Mean: 0.3472
  Data: [
    0.1590, 0.1473, 0.2347, 0.2651, 0.3365, 0.3658, 0.3560, 0.3768, 0.3618, 0.3384,
    0.3224, 0.3104, 0.3222, 0.3470, 0.3247, 0.3463, 0.3607, 0.3481, 0.3362, 0.3821,
    0.3963, 0.3725, 0.3607, 0.3941, 0.3939, 0.3798, 0.3737, 0.3937, 0.3974, 0.3687,
    0.3762, 0.4081, 0.3815, 0.3979, 0.4162,
  ]

#### advantages_abs_mean
  Points: 35
  Min: 0.0378, Max: 8.7077, Mean: 0.3325
  Data: [
    8.7077, 0.0378, 0.0539, 0.0630, 0.0922, 0.0972, 0.0813, 0.0827, 0.0875, 0.0664,
    0.0615, 0.0643, 0.0650, 0.0684, 0.0619, 0.0771, 0.0862, 0.0767, 0.0844, 0.1267,
    0.1187, 0.1061, 0.0732, 0.1275, 0.1072, 0.1035, 0.0774, 0.1213, 0.0873, 0.0788,
    0.0941, 0.1004, 0.0961, 0.0926, 0.1104,
  ]

#### advantages_max
  Points: 35
  Min: -1.4290, Max: 2.8176, Mean: 1.4184
  Data: [
    -1.4290, 0.7378, 0.5914, 0.9236, 1.1901, 1.2407, 1.0474, 0.9771, 1.1030, 0.9268,
    0.9119, 0.9821, 0.9399, 1.1366, 1.0994, 0.9564, 1.2063, 0.8988, 1.0119, 1.7239,
    1.7635, 2.2299, 1.3440, 2.0089, 1.8523, 1.8058, 1.5641, 2.4821, 2.3684, 1.9205,
    2.1967, 1.9599, 2.4111, 2.8176, 2.7437,
  ]

#### advantages_mean
  Points: 35
  Min: -8.7077, Max: 0.0220, Mean: -0.2458
  Data: [
    -8.7077, -0.0042, -0.0023, -0.0117, -0.0012, -0.0048, -0.0035, 0.0116, -0.0094, -0.0066,
    -0.0033, 0.0002, -0.0113, 0.0091, 0.0007, 0.0095, 0.0132, 0.0035, 0.0154, 0.0026,
    0.0220, -0.0016, 0.0085, 0.0074, -0.0067, 0.0158, 0.0118, 0.0107, 0.0102, -0.0046,
    -0.0040, 0.0031, 0.0080, 0.0072, 0.0093,
  ]

#### advantages_min
  Points: 35
  Min: -14.6455, Max: -0.6668, Mean: -2.1344
  Data: [
    -14.6455, -0.6746, -0.7493, -0.8243, -0.8850, -0.9754, -0.6668, -0.7647, -0.9223, -0.9670,
    -0.8007, -0.7232, -0.9210, -0.7942, -1.0692, -0.9414, -1.1916, -1.3885, -1.6127, -1.8901,
    -2.4471, -2.0544, -2.1184, -2.1263, -2.7260, -2.3225, -2.2283, -2.6990, -3.2087, -2.3643,
    -3.2209, -3.0147, -3.5159, -3.4294, -3.8198,
  ]

#### advantages_std
  Points: 35
  Min: 0.0767, Max: 4.0828, Mean: 0.2803
  Data: [
    4.0828, 0.0767, 0.0900, 0.1051, 0.1538, 0.1624, 0.1377, 0.1374, 0.1502, 0.1168,
    0.1154, 0.1139, 0.1215, 0.1339, 0.1218, 0.1469, 0.1457, 0.1390, 0.1496, 0.2120,
    0.2108, 0.2110, 0.1472, 0.2266, 0.2197, 0.2013, 0.1553, 0.2672, 0.2009, 0.1713,
    0.2302, 0.2313, 0.2411, 0.2338, 0.2495,
  ]

#### critic_loss
  Points: 35
  Min: 0.6674, Max: 5.3474, Mean: 1.2718
  Data: [
    5.3474, 1.1845, 1.1268, 1.3651, 1.3810, 1.4075, 1.3887, 1.4777, 1.4551, 1.3845,
    1.3998, 1.4345, 1.3624, 1.5636, 1.5454, 1.5394, 1.6746, 1.2534, 1.3798, 1.2170,
    1.0576, 1.0661, 0.8514, 1.0018, 0.8855, 0.9226, 0.7871, 0.8667, 0.7443, 0.7678,
    0.7628, 0.7462, 0.7302, 0.6674, 0.7669,
  ]

#### entropy_max
  Points: 35
  Min: 3.1713, Max: 6.1806, Mean: 3.7180
  Data: [
    4.8328, 3.6888, 5.8020, 6.1806, 6.1599, 4.9329, 4.5608, 4.5574, 3.2923, 3.1761,
    3.1734, 3.1764, 3.1864, 3.1732, 3.1713, 3.2283, 3.8579, 3.1793, 4.6467, 4.4723,
    3.1851, 3.1757, 3.1758, 3.1759, 3.1764, 3.1760, 3.1839, 3.1758, 3.1966, 3.1760,
    3.1766, 3.1759, 3.1767, 3.1772, 3.1760,
  ]

#### entropy_mean
  Points: 35
  Min: 1.7439, Max: 4.6344, Mean: 2.2865
  Data: [
    4.6344, 3.1738, 4.0337, 3.6166, 3.0874, 2.4696, 2.0579, 2.1612, 1.9899, 2.1490,
    1.8151, 2.1916, 2.0483, 1.7439, 1.8274, 1.8403, 1.9223, 1.9822, 2.0709, 1.8180,
    1.9695, 1.8618, 2.0914, 2.0210, 2.0356, 2.0027, 2.0321, 1.9413, 2.1095, 1.9472,
    2.2032, 2.1090, 2.3221, 2.3813, 2.3651,
  ]

#### entropy_min
  Points: 35
  Min: 1.6758, Max: 4.4758, Mean: 1.7945
  Data: [
    4.4758, 2.6950, 1.9520, 1.7329, 1.6801, 1.6762, 1.6759, 1.6758, 1.6758, 1.6758,
    1.6758, 1.6758, 1.6758, 1.6758, 1.6758, 1.6758, 1.6758, 1.6758, 1.6758, 1.6758,
    1.6758, 1.6758, 1.6758, 1.6758, 1.6758, 1.6758, 1.6758, 1.6758, 1.6758, 1.6758,
    1.6758, 1.6758, 1.6758, 1.6758, 1.6758,
  ]

#### entropy_std
  Points: 35
  Min: 0.0451, Max: 1.1678, Mean: 0.5584
  Data: [
    0.0451, 0.1848, 0.9366, 1.1678, 0.8530, 0.7190, 0.5305, 0.6150, 0.5005, 0.6277,
    0.3237, 0.6382, 0.5591, 0.2545, 0.3562, 0.3863, 0.4824, 0.5308, 0.6031, 0.3790,
    0.5399, 0.4227, 0.5981, 0.5538, 0.5813, 0.5483, 0.5812, 0.5165, 0.6258, 0.5196,
    0.6512, 0.6166, 0.6814, 0.7058, 0.7094,
  ]

#### logprobs_mean
  Points: 35
  Min: -2.5761, Max: -0.2865, Mean: -0.6168
  Data: [
    -2.5761, -1.6760, -1.3310, -1.1159, -0.7437, -0.6136, -0.5579, -0.5206, -0.4705, -0.5765,
    -0.6106, -0.6312, -0.6117, -0.4811, -0.5859, -0.5272, -0.4306, -0.5350, -0.5728, -0.3887,
    -0.3542, -0.4484, -0.4943, -0.3794, -0.3753, -0.4560, -0.4522, -0.3391, -0.3923, -0.4326,
    -0.4439, -0.3248, -0.4494, -0.4028, -0.2865,
  ]

#### logprobs_std
  Points: 35
  Min: 0.5328, Max: 1.6291, Mean: 1.4369
  Data: [
    0.5328, 0.9872, 1.3662, 1.4038, 1.5231, 1.4834, 1.4420, 1.4774, 1.5178, 1.4646,
    1.3544, 1.4780, 1.4327, 1.4718, 1.4189, 1.4292, 1.5387, 1.4544, 1.4414, 1.4393,
    1.5332, 1.4404, 1.5077, 1.5279, 1.4852, 1.4556, 1.4902, 1.5363, 1.4766, 1.4502,
    1.4843, 1.5387, 1.4901, 1.5900, 1.6291,
  ]

#### mean_reg_loss
  Points: 35
  Min: 0.0003, Max: 0.0031, Mean: 0.0022
  Data: [
    0.0003, 0.0004, 0.0009, 0.0012, 0.0020, 0.0023, 0.0023, 0.0024, 0.0025, 0.0021,
    0.0018, 0.0019, 0.0019, 0.0022, 0.0019, 0.0021, 0.0024, 0.0022, 0.0020, 0.0025,
    0.0027, 0.0024, 0.0023, 0.0027, 0.0026, 0.0024, 0.0024, 0.0027, 0.0026, 0.0024,
    0.0025, 0.0029, 0.0025, 0.0027, 0.0031,
  ]


### VALUES
#### critic_slow_diff
  Points: 35
  Min: 0.0052, Max: 1.4089, Mean: 0.2171
  Data: [
    0.0052, 1.4089, 0.4918, 0.3322, 0.2195, 0.3092, 0.1630, 0.2624, 0.2733, 0.1051,
    0.1954, 0.1561, 0.0818, 0.2753, 0.2613, 0.1413, 0.1882, 0.1806, 0.2441, 0.1371,
    0.1625, 0.1550, 0.2194, 0.1618, 0.2000, 0.0807, 0.2163, 0.1451, 0.0910, 0.2275,
    0.0421, 0.0635, 0.0729, 0.1942, 0.1344,
  ]

#### lambda_returns_max
  Points: 35
  Min: -0.2639, Max: 13.2803, Mean: 7.7429
  Data: [
    -0.2639, 0.9168, 4.8357, 6.5522, 5.8128, 7.3395, 5.3174, 5.3811, 5.7337, 5.1800,
    6.0433, 6.8115, 5.3445, 6.7792, 7.2064, 6.0718, 6.0503, 7.7998, 6.7726, 10.6378,
    9.5105, 13.2803, 10.6263, 9.9307, 10.0518, 9.4367, 10.2072, 10.1231, 9.5920, 10.5831,
    11.9817, 10.0719, 9.6124, 9.5768, 10.0964,
  ]

#### lambda_returns_mean
  Points: 35
  Min: -12.0418, Max: 5.1367, Mean: 0.8415
  Data: [
    -1.5807, -12.0418, -7.8575, -5.8609, -3.0869, -3.3905, -3.6431, -2.7133, -2.4058, -1.9133,
    -1.3820, -1.0260, -1.0033, -0.1761, 0.1292, 0.4526, 0.9375, 2.2855, 2.1430, 3.5170,
    3.9543, 3.9231, 4.1984, 4.4785, 4.8481, 4.3140, 4.5061, 4.4951, 4.8895, 4.4774,
    4.8978, 4.7981, 4.4916, 4.6591, 5.1367,
  ]

#### lambda_returns_min
  Points: 35
  Min: -22.6993, Max: -2.6550, Mean: -6.8228
  Data: [
    -2.6550, -22.6993, -14.4315, -13.0627, -8.1807, -8.7186, -8.2765, -6.5766, -8.3040, -6.8596,
    -6.3826, -5.7838, -5.8095, -5.1175, -6.1685, -5.0852, -5.3704, -5.7396, -5.7178, -4.4753,
    -5.7842, -5.5819, -4.8349, -6.4860, -5.4632, -4.6024, -4.4599, -5.4334, -6.8694, -5.8863,
    -5.2617, -6.1264, -5.4506, -5.4526, -5.6898,
  ]

#### lambda_returns_std
  Points: 35
  Min: 0.7386, Max: 6.4432, Mean: 1.6816
  Data: [
    0.7386, 6.4432, 2.7418, 3.9610, 1.8775, 2.3700, 2.0999, 1.9299, 2.1596, 1.7612,
    1.4544, 1.7607, 1.5743, 1.3944, 1.5134, 1.6000, 1.7919, 1.2291, 1.3222, 1.4052,
    1.3389, 1.5405, 1.0845, 1.3756, 1.4600, 1.1082, 0.9938, 1.2653, 1.1303, 0.9502,
    1.2003, 1.0684, 1.1397, 0.8580, 1.2152,
  ]

#### max
  Points: 35
  Min: -1.5671, Max: 8.1080, Mean: 5.5606
  Data: [
    -0.0024, -1.5671, 2.1916, 3.3230, 3.7543, 4.3718, 4.2402, 4.2775, 4.2860, 4.5571,
    4.6704, 4.7024, 4.6631, 4.7869, 5.2048, 5.3362, 5.2278, 5.3873, 5.5370, 6.5780,
    7.1979, 6.6684, 7.0296, 7.7054, 8.1080, 7.6680, 7.4627, 7.6443, 7.3746, 7.7876,
    7.7391, 7.3144, 7.9627, 7.8812, 7.5519,
  ]

#### mean
  Points: 35
  Min: -11.9585, Max: 5.1251, Mean: 0.8895
  Data: [
    -0.0054, -11.9585, -7.8205, -5.7413, -3.0594, -3.3519, -3.6143, -2.7750, -2.3565, -1.8610,
    -1.3561, -1.0180, -0.9356, -0.2260, 0.1250, 0.4089, 0.8825, 2.2787, 2.0838, 3.5127,
    3.8948, 3.9405, 4.1769, 4.4635, 4.8804, 4.2745, 4.4741, 4.4741, 4.8705, 4.5007,
    4.9177, 4.7957, 4.4841, 4.6492, 5.1251,
  ]

#### min
  Points: 35
  Min: -18.8462, Max: -0.0056, Mean: -5.4089
  Data: [
    -0.0056, -18.8462, -13.3185, -12.1702, -6.5725, -7.8766, -8.0489, -6.3595, -6.7342, -5.6511,
    -5.4518, -3.9282, -4.8877, -4.4173, -4.5537, -4.5733, -3.8154, -3.3739, -4.4548, -3.7797,
    -3.4275, -3.5331, -3.4469, -3.6342, -3.6410, -4.6820, -3.9259, -4.1223, -4.1360, -4.3392,
    -3.9857, -4.5494, -4.6288, -4.1741, -4.2654,
  ]

#### norm_high
  Points: 35
  Min: -2.3508, Max: 6.0659, Mean: 3.5180
  Data: [
    -0.0201, -2.3508, -0.7936, -0.4174, -0.1987, -0.0986, -0.0831, 0.7990, 1.0061, 1.6483,
    1.8865, 2.5265, 2.7357, 3.1335, 3.5557, 3.7107, 4.3816, 4.9732, 4.6239, 5.4282,
    5.5110, 5.5011, 5.7770, 6.0632, 6.0659, 5.7524, 5.5306, 5.8198, 5.8119, 5.7738,
    5.9087, 5.6547, 5.7132, 5.8919, 5.9086,
  ]

#### norm_low
  Points: 35
  Min: -20.4069, Max: 3.6105, Mean: -1.3215
  Data: [
    -0.2010, -20.4069, -11.4590, -10.3634, -5.5609, -6.0437, -6.8291, -5.3695, -5.2315, -4.4416,
    -4.3492, -3.4156, -2.7029, -1.9767, -1.5793, -1.1053, -0.7412, 0.4425, 0.1281, 1.6699,
    2.1229, 1.9609, 2.1603, 2.9186, 3.0301, 2.7354, 2.3702, 3.1085, 2.8957, 3.0200,
    3.2475, 3.2598, 3.2879, 3.6105, 3.5571,
  ]

#### norm_scale
  Points: 35
  Min: 0.1809, Max: 18.0562, Mean: 4.8395
  Data: [
    0.1809, 18.0562, 10.6654, 9.9459, 5.3622, 5.9451, 6.7461, 6.1685, 6.2376, 6.0899,
    6.2358, 5.9421, 5.4385, 5.1102, 5.1350, 4.8160, 5.1228, 4.5307, 4.4958, 3.7583,
    3.3881, 3.5402, 3.6167, 3.1446, 3.0359, 3.0170, 3.1604, 2.7113, 2.9162, 2.7537,
    2.6612, 2.3948, 2.4253, 2.2814, 2.3516,
  ]

#### std
  Points: 35
  Min: 0.0002, Max: 6.3430, Mean: 1.4768
  Data: [
    0.0002, 6.3430, 2.7076, 3.7898, 1.6149, 2.0682, 1.9277, 1.7645, 1.9296, 1.6149,
    1.1135, 1.4711, 1.4299, 1.0816, 1.3172, 1.4061, 1.6082, 0.9915, 1.1500, 1.1906,
    1.1388, 1.2335, 0.9476, 1.1983, 1.2294, 0.9497, 0.8650, 1.0649, 0.9413, 0.8790,
    0.9866, 0.8955, 1.0006, 0.7690, 1.0699,
  ]


### IMAGINATION
#### continue_mean
  Points: 35
  Min: 0.9889, Max: 0.9995, Mean: 0.9934
  Data: [
    0.9995, 0.9947, 0.9914, 0.9950, 0.9934, 0.9889, 0.9893, 0.9907, 0.9908, 0.9927,
    0.9914, 0.9938, 0.9952, 0.9926, 0.9934, 0.9935, 0.9946, 0.9955, 0.9927, 0.9968,
    0.9940, 0.9940, 0.9967, 0.9936, 0.9941, 0.9938, 0.9932, 0.9944, 0.9897, 0.9949,
    0.9922, 0.9898, 0.9935, 0.9954, 0.9924,
  ]

#### continue_min
  Points: 35
  Min: 0.0000, Max: 0.9937, Mean: 0.0382
  Data: [
    0.9937, 0.2386, 0.0536, 0.0255, 0.0054, 0.0016, 0.0006, 0.0029, 0.0007, 0.0033,
    0.0017, 0.0001, 0.0000, 0.0045, 0.0007, 0.0003, 0.0001, 0.0002, 0.0003, 0.0003,
    0.0007, 0.0002, 0.0000, 0.0002, 0.0000, 0.0000, 0.0003, 0.0001, 0.0000, 0.0000,
    0.0000, 0.0000, 0.0000, 0.0000, 0.0000,
  ]

#### reward_abs_mean
  Points: 35
  Min: 0.0383, Max: 0.2588, Mean: 0.0680
  Data: [
    0.2588, 0.1021, 0.1085, 0.0867, 0.0824, 0.1075, 0.0758, 0.0702, 0.0697, 0.0636,
    0.0601, 0.0672, 0.0548, 0.0594, 0.0681, 0.0524, 0.0472, 0.0401, 0.0529, 0.0383,
    0.0530, 0.0568, 0.0406, 0.0531, 0.0482, 0.0529, 0.0635, 0.0471, 0.0737, 0.0452,
    0.0587, 0.0695, 0.0523, 0.0420, 0.0570,
  ]

#### reward_max
  Points: 35
  Min: -0.1981, Max: 2.5005, Mean: 2.3700
  Data: [
    -0.1981, 1.5476, 1.8696, 2.4436, 2.4590, 2.4825, 2.4860, 2.4722, 2.4857, 2.4669,
    2.4900, 2.4838, 2.4947, 2.4957, 2.4822, 2.4998, 2.4963, 2.4989, 2.4993, 2.4986,
    2.4996, 2.4997, 2.4950, 2.4997, 2.4998, 2.5004, 2.4998, 2.4998, 2.5001, 2.5001,
    2.5001, 2.5003, 2.5002, 2.5003, 2.5005,
  ]

#### reward_mean
  Points: 35
  Min: -0.2588, Max: 0.0402, Mean: -0.0200
  Data: [
    -0.2588, -0.0973, -0.1075, -0.0671, -0.0668, -0.0524, -0.0546, -0.0359, -0.0121, -0.0500,
    -0.0233, -0.0220, -0.0308, 0.0158, 0.0016, 0.0115, -0.0122, -0.0098, 0.0080, -0.0012,
    0.0008, -0.0027, 0.0004, 0.0120, -0.0049, 0.0205, 0.0223, 0.0093, 0.0262, -0.0072,
    0.0147, 0.0402, 0.0075, 0.0093, 0.0161,
  ]

#### reward_min
  Points: 35
  Min: -2.6002, Max: -0.2596, Mean: -2.4896
  Data: [
    -0.2596, -2.3284, -2.5258, -2.5590, -2.6002, -2.5738, -2.5951, -2.5524, -2.5951, -2.5995,
    -2.5697, -2.5715, -2.5749, -2.4955, -2.5164, -2.5689, -2.5858, -2.5740, -2.5693, -2.5530,
    -2.5433, -2.5744, -2.5565, -2.5671, -2.5715, -2.4526, -2.5471, -2.5670, -2.5915, -2.5712,
    -2.5717, -2.5827, -2.5410, -2.5447, -2.5862,
  ]

#### reward_nonzero_frac
  Points: 35
  Min: 0.0451, Max: 1.0000, Mean: 0.1538
  Data: [
    1.0000, 0.4432, 0.4945, 0.2524, 0.2654, 0.2323, 0.1902, 0.1671, 0.1537, 0.1609,
    0.1328, 0.1698, 0.1594, 0.0972, 0.1154, 0.0802, 0.0763, 0.0685, 0.0698, 0.0495,
    0.0837, 0.0748, 0.0726, 0.0748, 0.0639, 0.0739, 0.0696, 0.0560, 0.0698, 0.0827,
    0.0569, 0.0655, 0.0615, 0.0451, 0.0551,
  ]

#### reward_significant_frac
  Points: 35
  Min: 0.0000, Max: 0.0295, Mean: 0.0159
  Data: [
    0.0000, 0.0107, 0.0060, 0.0145, 0.0125, 0.0295, 0.0145, 0.0130, 0.0175, 0.0110,
    0.0158, 0.0155, 0.0100, 0.0204, 0.0224, 0.0161, 0.0127, 0.0109, 0.0168, 0.0116,
    0.0167, 0.0180, 0.0102, 0.0185, 0.0153, 0.0169, 0.0234, 0.0168, 0.0287, 0.0117,
    0.0209, 0.0264, 0.0166, 0.0135, 0.0208,
  ]

#### reward_std
  Points: 35
  Min: 0.0027, Max: 0.3293, Mean: 0.2296
  Data: [
    0.0027, 0.1808, 0.1515, 0.2202, 0.2096, 0.3293, 0.2323, 0.2154, 0.2567, 0.2059,
    0.2335, 0.2381, 0.1901, 0.2584, 0.2639, 0.2361, 0.2102, 0.1930, 0.2550, 0.1915,
    0.2436, 0.2526, 0.1842, 0.2475, 0.2376, 0.2462, 0.2767, 0.2337, 0.3140, 0.2077,
    0.2717, 0.3064, 0.2461, 0.2201, 0.2749,
  ]


### ACTIONS
#### abs_mean
  Points: 35
  Min: 0.3555, Max: 0.4818, Mean: 0.4220
  Data: [
    0.4818, 0.3879, 0.4723, 0.4674, 0.4648, 0.4383, 0.4133, 0.4148, 0.4075, 0.4061,
    0.3812, 0.4244, 0.3923, 0.3555, 0.3831, 0.3959, 0.4155, 0.4138, 0.4120, 0.4072,
    0.4231, 0.3980, 0.4037, 0.4401, 0.4322, 0.4269, 0.4227, 0.4256, 0.4499, 0.4010,
    0.4306, 0.4283, 0.4440, 0.4431, 0.4672,
  ]

#### dim0_mean
  Points: 35
  Min: -0.1101, Max: 0.1331, Mean: 0.0313
  Data: [
    -0.0992, -0.0417, -0.0837, 0.0920, 0.0484, 0.0692, -0.1101, 0.0474, 0.0346, 0.0525,
    0.0654, 0.0599, 0.0976, 0.0207, 0.1331, 0.0699, -0.0598, 0.0301, 0.0651, -0.0208,
    -0.0070, 0.0632, 0.0525, -0.0234, 0.0642, 0.0773, 0.0748, -0.0650, 0.0960, -0.0004,
    0.0356, 0.1028, -0.0105, 0.0584, 0.1067,
  ]

#### dim1_mean
  Points: 35
  Min: -0.2341, Max: 0.0880, Mean: -0.0384
  Data: [
    -0.1643, -0.2341, -0.0433, -0.1225, 0.0552, 0.0075, -0.0151, 0.0331, -0.0701, 0.0387,
    0.0252, 0.0332, 0.0283, 0.0515, 0.0547, -0.1038, -0.0405, -0.1099, -0.0396, -0.2165,
    -0.0677, 0.0016, -0.0510, 0.0453, -0.0297, -0.0810, -0.1579, 0.0167, -0.0049, -0.0222,
    -0.1234, 0.0099, -0.1020, 0.0880, -0.0331,
  ]

#### dim2_mean
  Points: 35
  Min: -0.1643, Max: 0.0858, Mean: -0.0030
  Data: [
    0.0858, -0.0743, 0.0525, -0.0101, 0.0385, 0.0664, 0.0506, -0.0030, 0.0565, -0.0434,
    -0.0613, 0.0153, -0.0162, 0.0466, -0.0700, 0.0010, -0.1643, -0.0030, -0.0816, -0.0242,
    -0.0145, 0.0001, -0.0195, -0.0050, 0.0831, 0.0529, 0.0613, 0.0193, 0.0400, -0.0680,
    -0.0372, 0.0491, -0.0294, -0.0959, -0.0021,
  ]

#### dim3_mean
  Points: 35
  Min: -0.1916, Max: 0.1458, Mean: -0.0662
  Data: [
    0.1458, 0.0241, 0.0737, -0.0745, -0.0466, -0.1916, -0.0986, -0.1615, -0.0656, -0.1102,
    -0.1466, 0.0196, -0.0336, -0.1360, -0.1708, -0.0961, -0.0707, -0.0822, -0.0411, 0.0537,
    -0.0806, -0.0618, -0.1185, -0.0859, 0.0562, 0.0112, -0.1237, -0.0808, 0.0108, -0.0624,
    -0.1120, -0.0843, -0.1727, -0.0369, -0.1681,
  ]

#### max
  Points: 35
  Min: 0.9930, Max: 1.0000, Mean: 0.9991
  Data: [
    0.9981, 0.9979, 0.9999, 0.9999, 0.9999, 0.9997, 0.9992, 0.9992, 0.9995, 0.9955,
    0.9993, 0.9999, 0.9984, 0.9930, 0.9986, 0.9993, 0.9998, 0.9999, 1.0000, 0.9998,
    0.9996, 0.9996, 0.9997, 1.0000, 0.9996, 0.9998, 0.9977, 0.9995, 0.9999, 0.9997,
    0.9994, 0.9997, 0.9996, 1.0000, 0.9997,
  ]

#### mean
  Points: 35
  Min: -0.0838, Max: 0.0434, Mean: -0.0191
  Data: [
    -0.0080, -0.0815, -0.0002, -0.0288, 0.0239, -0.0121, -0.0433, -0.0210, -0.0112, -0.0156,
    -0.0293, 0.0320, 0.0190, -0.0043, -0.0132, -0.0323, -0.0838, -0.0412, -0.0243, -0.0520,
    -0.0424, 0.0008, -0.0341, -0.0172, 0.0434, 0.0151, -0.0364, -0.0275, 0.0355, -0.0383,
    -0.0593, 0.0194, -0.0787, 0.0034, -0.0242,
  ]

#### min
  Points: 35
  Min: -1.0000, Max: -0.9690, Mean: -0.9981
  Data: [
    -0.9937, -0.9964, -0.9999, -0.9999, -0.9999, -0.9998, -0.9995, -0.9991, -0.9985, -0.9983,
    -0.9971, -0.9999, -0.9993, -0.9690, -0.9966, -0.9967, -0.9998, -0.9995, -0.9998, -0.9962,
    -0.9999, -0.9989, -0.9991, -1.0000, -0.9989, -1.0000, -0.9994, -0.9992, -0.9999, -0.9992,
    -1.0000, -0.9994, -0.9997, -0.9998, -0.9998,
  ]

#### std
  Points: 35
  Min: 0.4242, Max: 0.5591, Mean: 0.4967
  Data: [
    0.5565, 0.4596, 0.5591, 0.5515, 0.5474, 0.5156, 0.4850, 0.4902, 0.4855, 0.4810,
    0.4522, 0.5022, 0.4688, 0.4242, 0.4576, 0.4677, 0.4843, 0.4854, 0.4895, 0.4770,
    0.4968, 0.4723, 0.4773, 0.5171, 0.5063, 0.5015, 0.4932, 0.4990, 0.5215, 0.4729,
    0.5049, 0.5056, 0.5122, 0.5234, 0.5408,
  ]


### GRADIENTS
#### actor_norm
  Points: 35
  Min: 0.0198, Max: 1.7105, Mean: 0.1490
  Data: [
    1.7105, 0.0198, 0.0268, 0.0305, 0.0596, 0.0771, 0.0687, 0.0913, 0.0669, 0.0525,
    0.0726, 0.0699, 0.0614, 0.0856, 0.0738, 0.0801, 0.0840, 0.1087, 0.1056, 0.1367,
    0.1078, 0.1137, 0.0780, 0.1868, 0.1251, 0.1748, 0.1054, 0.1499, 0.1855, 0.1098,
    0.1462, 0.1534, 0.1455, 0.1457, 0.2064,
  ]

#### critic_norm
  Points: 35
  Min: 0.1682, Max: 3.4672, Mean: 0.5856
  Data: [
    3.4672, 0.6371, 1.1597, 0.4407, 0.5117, 0.4597, 0.4882, 0.7597, 0.4626, 0.4976,
    0.8960, 0.6422, 0.4136, 0.7605, 0.8530, 0.5073, 0.6423, 0.4728, 0.6443, 0.5578,
    0.4091, 0.5145, 0.4408, 0.5208, 0.4136, 0.3927, 0.4916, 0.2955, 0.2646, 0.4211,
    0.1858, 0.1682, 0.2689, 0.2167, 0.2192,
  ]

#### world_model_norm
  Points: 35
  Min: 4.4821, Max: 48.9778, Mean: 13.6798
  Data: [
    6.0304, 4.4821, 14.6775, 7.2112, 5.0378, 12.5150, 19.8020, 27.6419, 7.3244, 9.3594,
    4.7627, 8.1430, 16.0156, 13.4600, 9.1431, 15.2813, 22.2743, 5.9872, 7.4482, 19.6775,
    14.3695, 8.9066, 34.4700, 24.4927, 8.0607, 48.9778, 16.4330, 15.3779, 5.9407, 7.3466,
    12.8166, 18.4089, 10.5212, 6.4643, 9.9317,
  ]


### SPARSE_SIGNAL
#### advantage_nonzero_frac
  Points: 35
  Min: 0.6516, Max: 1.0000, Mean: 0.8238
  Data: [
    1.0000, 0.6516, 0.7910, 0.7972, 0.8515, 0.8557, 0.8412, 0.8239, 0.8111, 0.8056,
    0.7697, 0.7933, 0.7599, 0.7594, 0.7424, 0.7404, 0.7800, 0.8280, 0.8512, 0.9014,
    0.9024, 0.8576, 0.8455, 0.9000, 0.8762, 0.8504, 0.8140, 0.8532, 0.8024, 0.8515,
    0.8096, 0.8131, 0.8286, 0.8167, 0.8586,
  ]

#### advantage_significant_frac
  Points: 35
  Min: 0.0864, Max: 1.0000, Mean: 0.2572
  Data: [
    1.0000, 0.0864, 0.1470, 0.1889, 0.3008, 0.3031, 0.2375, 0.2605, 0.2703, 0.1821,
    0.1527, 0.1728, 0.1768, 0.1809, 0.1642, 0.2141, 0.2729, 0.2170, 0.2383, 0.3936,
    0.3633, 0.2911, 0.1945, 0.3690, 0.2977, 0.2946, 0.2036, 0.2754, 0.2262, 0.1869,
    0.2081, 0.2415, 0.2080, 0.2033, 0.2787,
  ]

#### event_rate_in_batch
  Points: 35
  Min: 0.0020, Max: 0.0242, Mean: 0.0121
  Data: [
    0.0101, 0.0040, 0.0060, 0.0020, 0.0060, 0.0081, 0.0171, 0.0121, 0.0141, 0.0081,
    0.0040, 0.0121, 0.0081, 0.0121, 0.0181, 0.0101, 0.0101, 0.0020, 0.0181, 0.0081,
    0.0141, 0.0151, 0.0131, 0.0101, 0.0111, 0.0161, 0.0242, 0.0121, 0.0202, 0.0121,
    0.0232, 0.0181, 0.0121, 0.0121, 0.0202,
  ]

#### lambda_return_abs_mean
  Points: 35
  Min: 0.9451, Max: 12.0426, Mean: 3.7892
  Data: [
    1.5807, 12.0426, 7.8658, 5.9710, 3.2147, 3.7087, 3.7517, 2.9549, 2.7858, 2.2496,
    1.7671, 1.7307, 1.5955, 0.9605, 0.9451, 0.9734, 1.3169, 2.3600, 2.2650, 3.5864,
    4.0103, 4.0505, 4.2159, 4.5439, 4.9580, 4.3453, 4.5192, 4.5734, 4.9629, 4.5172,
    4.9779, 4.8533, 4.5609, 4.6918, 5.2160,
  ]

#### lambda_return_nonzero_frac
  Points: 35
  Min: 0.8301, Max: 1.0000, Mean: 0.9854
  Data: [
    1.0000, 0.9997, 0.9999, 0.9909, 0.9973, 0.9963, 0.9901, 0.9912, 0.9907, 0.9896,
    0.9934, 0.9798, 0.9839, 0.9502, 0.9433, 0.8736, 0.8301, 0.9988, 0.9981, 0.9997,
    0.9997, 0.9979, 0.9996, 0.9998, 0.9998, 0.9996, 0.9997, 0.9995, 0.9996, 0.9999,
    0.9992, 0.9996, 0.9994, 0.9996, 0.9998,
  ]

#### lambda_return_significant_frac
  Points: 35
  Min: 0.2138, Max: 0.9983, Mean: 0.8526
  Data: [
    0.7143, 0.9974, 0.9901, 0.8948, 0.8626, 0.9123, 0.9198, 0.8795, 0.8024, 0.7801,
    0.7594, 0.7085, 0.7217, 0.2614, 0.2138, 0.2437, 0.3805, 0.9710, 0.9114, 0.9852,
    0.9916, 0.9861, 0.9972, 0.9951, 0.9973, 0.9955, 0.9970, 0.9945, 0.9975, 0.9983,
    0.9959, 0.9963, 0.9942, 0.9965, 0.9972,
  ]

#### nonsparse_pred_error
  Points: 35
  Min: 0.0080, Max: 0.1523, Mean: 0.0199
  Data: [
    0.1523, 0.0252, 0.0203, 0.0232, 0.0206, 0.0314, 0.0167, 0.0156, 0.0200, 0.0163,
    0.0158, 0.0177, 0.0168, 0.0216, 0.0190, 0.0090, 0.0108, 0.0108, 0.0153, 0.0137,
    0.0192, 0.0117, 0.0087, 0.0167, 0.0092, 0.0185, 0.0147, 0.0104, 0.0192, 0.0160,
    0.0106, 0.0080, 0.0157, 0.0107, 0.0141,
  ]

#### num_sparse_events
  Points: 35
  Min: 2.0000, Max: 24.0000, Mean: 12.0286
  Data: [
    10.0000, 4.0000, 6.0000, 2.0000, 6.0000, 8.0000, 17.0000, 12.0000, 14.0000, 8.0000,
    4.0000, 12.0000, 8.0000, 12.0000, 18.0000, 10.0000, 10.0000, 2.0000, 18.0000, 8.0000,
    14.0000, 15.0000, 13.0000, 10.0000, 11.0000, 16.0000, 24.0000, 12.0000, 20.0000, 12.0000,
    23.0000, 18.0000, 12.0000, 12.0000, 20.0000,
  ]

#### reward_max
  Points: 35
  Min: 0.0000, Max: 2.5000, Mean: 1.9286
  Data: [
    0.0000, 0.0000, 0.0000, 0.0000, 0.0000, 2.5000, 2.5000, 2.5000, 2.5000, 0.0000,
    0.0000, 2.5000, 2.5000, 2.5000, 2.5000, 2.5000, 2.5000, 0.0000, 2.5000, 2.5000,
    2.5000, 2.5000, 2.5000, 2.5000, 2.5000, 2.5000, 2.5000, 2.5000, 2.5000, 2.5000,
    2.5000, 2.5000, 2.5000, 2.5000, 2.5000,
  ]

#### reward_min
  Points: 35
  Min: -2.6251, Max: -0.1662, Mean: -2.3027
  Data: [
    -2.6127, -2.6070, -2.6097, -2.5982, -2.6251, -2.5749, -2.6056, -2.5866, -2.6011, -2.5702,
    -2.5985, -2.5693, -2.5790, -2.5086, -2.5281, -0.2363, -2.5776, -2.5727, -2.5832, -2.5544,
    -2.5386, -2.5644, -0.1662, -2.5540, -2.5537, -0.2150, -2.5505, -2.6028, -2.6004, -2.5715,
    -2.5741, -0.1707, -2.5448, -2.5246, -2.5645,
  ]

#### reward_range
  Points: 35
  Min: 2.5702, Max: 5.1056, Mean: 4.2313
  Data: [
    2.6127, 2.6070, 2.6097, 2.5982, 2.6251, 5.0749, 5.1056, 5.0866, 5.1011, 2.5702,
    2.5985, 5.0693, 5.0790, 5.0086, 5.0281, 2.7363, 5.0776, 2.5727, 5.0832, 5.0544,
    5.0386, 5.0644, 2.6662, 5.0540, 5.0537, 2.7150, 5.0505, 5.1028, 5.1004, 5.0715,
    5.0741, 2.6707, 5.0448, 5.0246, 5.0645,
  ]

#### reward_variance
  Points: 35
  Min: 0.0105, Max: 0.1033, Mean: 0.0544
  Data: [
    0.0465, 0.0227, 0.0300, 0.0137, 0.0318, 0.0400, 0.0806, 0.0554, 0.0677, 0.0381,
    0.0214, 0.0565, 0.0375, 0.0525, 0.0790, 0.0446, 0.0451, 0.0105, 0.0787, 0.0354,
    0.0611, 0.0678, 0.0573, 0.0446, 0.0509, 0.0682, 0.1033, 0.0534, 0.0875, 0.0545,
    0.0994, 0.0754, 0.0524, 0.0523, 0.0868,
  ]

#### sparse_actual_mean
  Points: 35
  Min: -1.9968, Max: 1.9231, Mean: 0.0495
  Data: [
    -1.9744, -1.9856, -1.9775, -1.9968, -1.9878, -0.0397, -1.0933, -0.6747, 0.2266, -1.9470,
    -1.9915, 0.5986, -0.9862, 1.2475, 1.4545, 1.8750, -0.4101, -1.9610, 1.0207, -0.0253,
    0.7918, 0.5670, 1.9231, 1.1124, -0.1452, 1.8750, 0.9261, -0.0341, 0.7230, -0.0348,
    1.5679, 1.8750, 1.2413, 1.2428, 0.7296,
  ]

#### sparse_pred_error
  Points: 35
  Min: 0.0092, Max: 1.7431, Mean: 0.1815
  Data: [
    1.7431, 0.3979, 0.3314, 0.1596, 0.0954, 0.1721, 0.2395, 0.2377, 0.1997, 0.0764,
    0.0568, 0.1541, 0.2866, 0.1640, 0.1020, 0.1244, 0.1563, 0.0092, 0.0331, 0.1524,
    0.0938, 0.0715, 0.2465, 0.1925, 0.1005, 0.1217, 0.2295, 0.1390, 0.0095, 0.0458,
    0.0412, 0.1008, 0.0162, 0.0190, 0.0333,
  ]

#### sparse_pred_mean
  Points: 35
  Min: -2.0923, Max: 1.8134, Mean: 0.0964
  Data: [
    -0.2313, -1.9423, -1.7752, -2.0923, -1.9886, -0.0942, -0.8913, -0.5912, 0.2857, -1.8868,
    -1.9347, 0.5516, -0.7601, 1.3144, 1.3749, 1.7844, -0.5377, -1.9582, 0.9957, -0.1630,
    0.7824, 0.6137, 1.6766, 1.2279, -0.2155, 1.7533, 0.8556, -0.0636, 0.7265, -0.0763,
    1.5758, 1.8134, 1.2559, 1.2529, 0.7347,
  ]

#### sparse_sign_accuracy
  Points: 35
  Min: 1.0000, Max: 1.0000, Mean: 1.0000
  Data: [
    1.0000, 1.0000, 1.0000, 1.0000, 1.0000, 1.0000, 1.0000, 1.0000, 1.0000, 1.0000,
    1.0000, 1.0000, 1.0000, 1.0000, 1.0000, 1.0000, 1.0000, 1.0000, 1.0000, 1.0000,
    1.0000, 1.0000, 1.0000, 1.0000, 1.0000, 1.0000, 1.0000, 1.0000, 1.0000, 1.0000,
    1.0000, 1.0000, 1.0000, 1.0000, 1.0000,
  ]

#### sparse_vs_nonsparse_error_ratio
  Points: 35
  Min: 0.4949, Max: 28.4724, Mean: 8.9192
  Data: [
    11.4466, 15.7859, 16.3286, 6.8841, 4.6322, 5.4849, 14.3626, 15.2597, 9.9780, 4.6811,
    3.6059, 8.7219, 17.0450, 7.5988, 5.3821, 13.7873, 14.4250, 0.8523, 2.1617, 11.1276,
    4.8875, 6.1019, 28.4724, 11.5563, 10.9565, 6.5878, 15.6439, 13.4079, 0.4949, 2.8605,
    3.8699, 12.6296, 1.0300, 1.7657, 2.3554,
  ]

#### sparse_weight_applied
  Points: 35
  Min: 40.3333, Max: 100.0000, Mean: 79.8330
  Data: [
    98.2000, 100.0000, 100.0000, 100.0000, 100.0000, 100.0000, 57.3529, 81.6667, 69.8571, 100.0000,
    100.0000, 81.6667, 100.0000, 81.6667, 54.1111, 98.2000, 98.2000, 100.0000, 54.1111, 100.0000,
    69.8571, 65.1333, 75.3077, 98.2000, 89.1818, 61.0000, 40.3333, 81.6667, 48.6000, 81.6667,
    42.1304, 54.1111, 81.6667, 81.6667, 48.6000,
  ]

#### unweighted_reward_loss
  Points: 35
  Min: 0.1895, Max: 1.8651, Mean: 0.3305
  Data: [
    1.8651, 0.4399, 0.5103, 0.3788, 0.3820, 0.3683, 0.3734, 0.3743, 0.3133, 0.3533,
    0.2164, 0.3198, 0.3022, 0.2569, 0.3221, 0.2128, 0.2667, 0.2039, 0.2325, 0.1895,
    0.2747, 0.2405, 0.2107, 0.2472, 0.2205, 0.2490, 0.2921, 0.1924, 0.2831, 0.2590,
    0.2502, 0.2443, 0.2724, 0.2126, 0.2384,
  ]

#### value_lambda_gap_abs_mean
  Points: 35
  Min: 0.2113, Max: 1.5753, Mean: 0.4190
  Data: [
    1.5753, 0.6819, 0.5752, 0.6266, 0.4944, 0.5779, 0.5487, 0.5100, 0.5456, 0.4045,
    0.3837, 0.3819, 0.3533, 0.3497, 0.3181, 0.3711, 0.4417, 0.3475, 0.3793, 0.4762,
    0.4022, 0.3756, 0.2649, 0.4008, 0.3253, 0.3121, 0.2446, 0.3289, 0.2545, 0.2171,
    0.2504, 0.2404, 0.2331, 0.2113, 0.2595,
  ]

#### value_lambda_gap_mean
  Points: 35
  Min: -1.5753, Max: 0.0746, Mean: -0.0404
  Data: [
    -1.5753, -0.0766, -0.0248, -0.1169, -0.0064, -0.0283, -0.0237, 0.0716, -0.0589, -0.0404,
    -0.0209, 0.0010, -0.0615, 0.0466, 0.0035, 0.0459, 0.0677, 0.0160, 0.0691, 0.0099,
    0.0746, -0.0058, 0.0306, 0.0233, -0.0202, 0.0476, 0.0374, 0.0289, 0.0299, -0.0128,
    -0.0108, 0.0075, 0.0195, 0.0165, 0.0218,
  ]

#### weighted_reward_loss
  Points: 35
  Min: 0.2524, Max: 2.2605, Mean: 0.4487
  Data: [
    2.2605, 0.5933, 0.6992, 0.4346, 0.4637, 0.4588, 0.5964, 0.5071, 0.4946, 0.4135,
    0.3188, 0.4374, 0.4435, 0.3696, 0.3539, 0.3194, 0.4027, 0.2524, 0.3062, 0.3641,
    0.3572, 0.3099, 0.3764, 0.4608, 0.3351, 0.3395, 0.5044, 0.3822, 0.3243, 0.3298,
    0.3029, 0.3184, 0.3017, 0.2672, 0.3065,
  ]


### AUX
#### goal_accuracy
  Points: 35
  Min: 1.0000, Max: 1.0000, Mean: 1.0000
  Data: [
    1.0000, 1.0000, 1.0000, 1.0000, 1.0000, 1.0000, 1.0000, 1.0000, 1.0000, 1.0000,
    1.0000, 1.0000, 1.0000, 1.0000, 1.0000, 1.0000, 1.0000, 1.0000, 1.0000, 1.0000,
    1.0000, 1.0000, 1.0000, 1.0000, 1.0000, 1.0000, 1.0000, 1.0000, 1.0000, 1.0000,
    1.0000, 1.0000, 1.0000, 1.0000, 1.0000,
  ]

#### goal_loss
  Points: 35
  Min: 0.0000, Max: 0.1334, Mean: 0.0038
  Data: [
    0.1334, 0.0000, 0.0000, 0.0000, 0.0000, 0.0000, 0.0000, 0.0000, 0.0000, 0.0000,
    0.0000, 0.0000, 0.0000, 0.0000, 0.0000, 0.0000, 0.0000, 0.0000, 0.0000, 0.0000,
    0.0000, 0.0000, 0.0000, 0.0000, 0.0000, 0.0000, 0.0000, 0.0000, 0.0000, 0.0000,
    0.0000, 0.0000, 0.0000, 0.0000, 0.0000,
  ]

#### goal_positive_rate
  Points: 35
  Min: 0.0000, Max: 0.0000, Mean: 0.0000
  Data: [
    0.0000, 0.0000, 0.0000, 0.0000, 0.0000, 0.0000, 0.0000, 0.0000, 0.0000, 0.0000,
    0.0000, 0.0000, 0.0000, 0.0000, 0.0000, 0.0000, 0.0000, 0.0000, 0.0000, 0.0000,
    0.0000, 0.0000, 0.0000, 0.0000, 0.0000, 0.0000, 0.0000, 0.0000, 0.0000, 0.0000,
    0.0000, 0.0000, 0.0000, 0.0000, 0.0000,
  ]

#### goal_pred_positive_rate
  Points: 35
  Min: 0.0000, Max: 0.0000, Mean: 0.0000
  Data: [
    0.0000, 0.0000, 0.0000, 0.0000, 0.0000, 0.0000, 0.0000, 0.0000, 0.0000, 0.0000,
    0.0000, 0.0000, 0.0000, 0.0000, 0.0000, 0.0000, 0.0000, 0.0000, 0.0000, 0.0000,
    0.0000, 0.0000, 0.0000, 0.0000, 0.0000, 0.0000, 0.0000, 0.0000, 0.0000, 0.0000,
    0.0000, 0.0000, 0.0000, 0.0000, 0.0000,
  ]

#### puck_goal_dist_actual_mean
  Points: 35
  Min: 2.5688, Max: 3.8560, Mean: 3.1879
  Data: [
    3.6246, 3.4321, 3.8560, 3.5436, 3.4538, 3.3451, 3.4452, 3.4858, 3.2305, 3.4817,
    2.9669, 3.2964, 3.4635, 3.0478, 2.9507, 3.0447, 3.3505, 3.2136, 3.0164, 2.9345,
    2.9230, 3.0177, 2.5688, 3.1340, 3.1465, 2.9197, 3.1587, 3.0056, 3.0764, 3.2753,
    2.9845, 3.1167, 3.1806, 2.9512, 2.9347,
  ]

#### puck_goal_dist_error
  Points: 35
  Min: 0.1123, Max: 0.9289, Mean: 0.1553
  Data: [
    0.9289, 0.1615, 0.1171, 0.1578, 0.1542, 0.1626, 0.1420, 0.1306, 0.1500, 0.1455,
    0.1334, 0.1318, 0.1311, 0.1460, 0.1826, 0.1227, 0.1200, 0.1203, 0.1232, 0.1284,
    0.1237, 0.1508, 0.1189, 0.1399, 0.1186, 0.1203, 0.1341, 0.1281, 0.1161, 0.1129,
    0.1161, 0.1142, 0.1258, 0.1123, 0.1135,
  ]

#### puck_goal_dist_loss
  Points: 35
  Min: 0.0249, Max: 1.8226, Mean: 0.0883
  Data: [
    1.8226, 0.0475, 0.0320, 0.0444, 0.0504, 0.0568, 0.0428, 0.0395, 0.0465, 0.0462,
    0.0354, 0.0385, 0.0316, 0.0401, 0.0597, 0.0405, 0.0334, 0.0307, 0.0309, 0.0316,
    0.0432, 0.0410, 0.0296, 0.0410, 0.0284, 0.0329, 0.0378, 0.0354, 0.0289, 0.0303,
    0.0274, 0.0296, 0.0292, 0.0295, 0.0249,
  ]

#### puck_goal_dist_pred_mean
  Points: 35
  Min: 2.5773, Max: 3.8571, Mean: 3.1832
  Data: [
    3.4941, 3.4519, 3.8571, 3.5781, 3.4213, 3.2878, 3.4786, 3.4380, 3.1902, 3.5134,
    2.9936, 3.3142, 3.5008, 2.9763, 2.8577, 3.0372, 3.3388, 3.1989, 3.0149, 2.9486,
    2.9021, 2.9368, 2.5773, 3.1992, 3.1526, 2.9010, 3.1768, 2.9964, 3.1067, 3.2768,
    3.0015, 3.1422, 3.2381, 2.9449, 2.9689,
  ]

#### shot_quality_actual_mean
  Points: 35
  Min: 0.0235, Max: 0.1461, Mean: 0.0923
  Data: [
    0.0433, 0.0546, 0.0235, 0.0716, 0.0618, 0.0663, 0.0677, 0.0680, 0.0989, 0.0737,
    0.0879, 0.0812, 0.0669, 0.1136, 0.1198, 0.1072, 0.0713, 0.0838, 0.1461, 0.1154,
    0.1131, 0.1058, 0.1297, 0.1088, 0.1030, 0.1122, 0.1111, 0.1160, 0.0960, 0.0817,
    0.1151, 0.0979, 0.0860, 0.1263, 0.1055,
  ]

#### shot_quality_loss
  Points: 35
  Min: 0.0005, Max: 0.0225, Mean: 0.0017
  Data: [
    0.0225, 0.0011, 0.0005, 0.0014, 0.0009, 0.0010, 0.0010, 0.0008, 0.0014, 0.0008,
    0.0011, 0.0008, 0.0010, 0.0015, 0.0020, 0.0010, 0.0008, 0.0010, 0.0008, 0.0010,
    0.0022, 0.0010, 0.0014, 0.0012, 0.0015, 0.0010, 0.0006, 0.0013, 0.0009, 0.0009,
    0.0006, 0.0005, 0.0009, 0.0012, 0.0006,
  ]

#### shot_quality_pred_mean
  Points: 35
  Min: 0.0226, Max: 0.1508, Mean: 0.0932
  Data: [
    0.0578, 0.0597, 0.0226, 0.0705, 0.0636, 0.0690, 0.0691, 0.0691, 0.0988, 0.0710,
    0.0849, 0.0817, 0.0633, 0.1206, 0.1245, 0.1051, 0.0757, 0.0873, 0.1508, 0.1163,
    0.1182, 0.1114, 0.1266, 0.1073, 0.1041, 0.1107, 0.1111, 0.1124, 0.0938, 0.0802,
    0.1147, 0.0971, 0.0840, 0.1233, 0.1055,
  ]

#### total_loss
  Points: 35
  Min: 0.0254, Max: 1.9785, Mean: 0.0938
  Data: [
    1.9785, 0.0487, 0.0326, 0.0458, 0.0513, 0.0578, 0.0438, 0.0403, 0.0479, 0.0471,
    0.0365, 0.0393, 0.0326, 0.0416, 0.0617, 0.0416, 0.0342, 0.0317, 0.0317, 0.0326,
    0.0454, 0.0421, 0.0310, 0.0422, 0.0299, 0.0338, 0.0384, 0.0367, 0.0298, 0.0312,
    0.0281, 0.0301, 0.0301, 0.0308, 0.0254,
  ]


### DIAGNOSTICS
#### advantage_contribution
  Points: 35
  Min: 0.0627, Max: 22.4115, Mean: 0.7476
  Data: [
    22.4115, 0.0627, 0.0798, 0.0834, 0.1209, 0.1209, 0.0991, 0.1030, 0.1151, 0.0818,
    0.0682, 0.0818, 0.0773, 0.0855, 0.0750, 0.0870, 0.1068, 0.0922, 0.1028, 0.1466,
    0.1496, 0.1238, 0.0907, 0.1611, 0.1385, 0.1258, 0.1008, 0.1630, 0.1116, 0.0994,
    0.1288, 0.1373, 0.1297, 0.1364, 0.1666,
  ]

#### entropy_advantage_ratio
  Points: 35
  Min: 0.0000, Max: 0.0051, Mean: 0.0021
  Data: [
    0.0000, 0.0051, 0.0051, 0.0043, 0.0026, 0.0020, 0.0021, 0.0021, 0.0017, 0.0026,
    0.0027, 0.0027, 0.0027, 0.0020, 0.0024, 0.0021, 0.0018, 0.0021, 0.0020, 0.0012,
    0.0013, 0.0015, 0.0023, 0.0013, 0.0015, 0.0016, 0.0020, 0.0012, 0.0019, 0.0020,
    0.0017, 0.0015, 0.0018, 0.0017, 0.0014,
  ]

#### entropy_contribution
  Points: 35
  Min: 0.0002, Max: 0.0005, Mean: 0.0002
  Data: [
    0.0005, 0.0003, 0.0004, 0.0004, 0.0003, 0.0002, 0.0002, 0.0002, 0.0002, 0.0002,
    0.0002, 0.0002, 0.0002, 0.0002, 0.0002, 0.0002, 0.0002, 0.0002, 0.0002, 0.0002,
    0.0002, 0.0002, 0.0002, 0.0002, 0.0002, 0.0002, 0.0002, 0.0002, 0.0002, 0.0002,
    0.0002, 0.0002, 0.0002, 0.0002, 0.0002,
  ]

#### return_range_S
  Points: 35
  Min: 0.1809, Max: 18.0562, Mean: 4.8395
  Data: [
    0.1809, 18.0562, 10.6654, 9.9459, 5.3622, 5.9451, 6.7461, 6.1685, 6.2376, 6.0899,
    6.2358, 5.9421, 5.4385, 5.1102, 5.1350, 4.8160, 5.1228, 4.5307, 4.4958, 3.7583,
    3.3881, 3.5402, 3.6167, 3.1446, 3.0359, 3.0170, 3.1604, 2.7113, 2.9162, 2.7537,
    2.6612, 2.3948, 2.4253, 2.2814, 2.3516,
  ]

#### return_range_at_floor
  Points: 35
  Min: 0.0000, Max: 1.0000, Mean: 0.0286
  Data: [
    1.0000, 0.0000, 0.0000, 0.0000, 0.0000, 0.0000, 0.0000, 0.0000, 0.0000, 0.0000,
    0.0000, 0.0000, 0.0000, 0.0000, 0.0000, 0.0000, 0.0000, 0.0000, 0.0000, 0.0000,
    0.0000, 0.0000, 0.0000, 0.0000, 0.0000, 0.0000, 0.0000, 0.0000, 0.0000, 0.0000,
    0.0000, 0.0000, 0.0000, 0.0000, 0.0000,
  ]

