================================================================================
W&B RUN DATA: DreamerV3-small-weak-seed43
================================================================================

## RUN METADATA
Run ID: 1v64bnpp
Created: 2026-01-19T15:18:15Z
State: running
Duration: 404.57185824 seconds

## CONFIGURATION
  [Environment]
    env/mode: NORMAL
    env/opponent: strong
    env/obs_dim: 18
    env/action_dim: 4
  [Architecture]
    arch/hidden_size: 1024
    arch/latent_size: 64
    arch/recurrent_size: 1024
  [Imagination]
    imagination/horizon: 100
    imagination/batch_size: 256
  [Training]
    train/batch_size: 16
    train/batch_length: 64
    train/lr_world: 4e-05
    train/lr_actor: 4e-05
    train/lr_critic: 4e-05
    train/gamma: 0.997
    train/lambda_gae: 0.95
  [DreamerV3]
    dreamer/kl_free: 1
    dreamer/entropy_scale: 0.0003
  [Meta]
    seed: 43
    max_steps: 10000000
    device: cuda

## FINAL SUMMARY
  runtime: 0.11 hours (405 seconds)

## NOTE: Data discretized to fit 100000 char limit
  Showing ~100 points per metric (of 171 total)

## METRICS DATA

### behavior/actor_loss
  Total points: 100
  Min: -0.0798, Max: 0.0652, Mean: -0.0130
  Data: [
    -0.0011, -0.0011, -0.0011, -0.0011, -0.0011, -0.0011, -0.0012, -0.0012, -0.0012, -0.0012,
    -0.0012, -0.0012, -0.0013, -0.0013, -0.0013, -0.0014, -0.0014, -0.0015, -0.0015, -0.0016,
    -0.0016, -0.0017, -0.0018, -0.0019, -0.0020, -0.0020, -0.0022, -0.0023, -0.0024, -0.0026,
    -0.0029, -0.0032, -0.0037, -0.0043, -0.0050, -0.0058, -0.0068, -0.0079, -0.0093, -0.0110,
    -0.0131, -0.0150, -0.0170, -0.0365, -0.0640, 0.0282, 0.0338, 0.0111, 0.0031, -0.0002,
    -0.0030, -0.0063, -0.0096, -0.0127, -0.0144, -0.0119, 0.0034, 0.0484, 0.0593, 0.0650,
    0.0652, 0.0598, 0.0500, 0.0362, 0.0239, 0.0098, -0.0049, -0.0186, -0.0282, -0.0382,
    -0.0464, -0.0546, -0.0626, -0.0700, -0.0759, -0.0798, -0.0798, -0.0764, -0.0714, -0.0655,
    -0.0594, -0.0535, -0.0480, -0.0430, -0.0386, -0.0346, -0.0299, -0.0270, -0.0259, -0.0260,
    -0.0269, -0.0267, -0.0255, -0.0254, -0.0266, -0.0291, -0.0327, -0.0380, -0.0449, -0.0521,
  ]

### behavior/advantage_mean
  Total points: 100
  Min: -0.0226, Max: 0.0131, Mean: 0.0011
  Data: [
    0.0000, -0.0000, -0.0000, -0.0000, -0.0000, -0.0000, -0.0000, -0.0000, -0.0000, -0.0000,
    -0.0000, -0.0000, -0.0000, -0.0000, -0.0000, -0.0000, -0.0001, -0.0001, -0.0001, -0.0001,
    -0.0001, -0.0001, -0.0002, -0.0002, -0.0002, -0.0003, -0.0003, -0.0003, -0.0004, -0.0004,
    -0.0005, -0.0007, -0.0008, -0.0010, -0.0013, -0.0016, -0.0019, -0.0023, -0.0028, -0.0034,
    -0.0042, -0.0049, -0.0056, -0.0127, -0.0226, 0.0108, 0.0131, 0.0054, 0.0029, 0.0025,
    0.0023, 0.0021, 0.0019, 0.0018, 0.0016, 0.0010, -0.0003, -0.0037, -0.0047, -0.0054,
    -0.0057, -0.0056, -0.0050, -0.0041, -0.0030, -0.0015, 0.0006, 0.0031, 0.0054, 0.0076,
    0.0091, 0.0102, 0.0109, 0.0113, 0.0113, 0.0111, 0.0103, 0.0092, 0.0080, 0.0070,
    0.0060, 0.0051, 0.0044, 0.0037, 0.0032, 0.0028, 0.0023, 0.0020, 0.0019, 0.0019,
    0.0019, 0.0018, 0.0017, 0.0016, 0.0017, 0.0018, 0.0020, 0.0023, 0.0026, 0.0030,
  ]

### behavior/critic_loss
  Total points: 100
  Min: 0.0018, Max: 5.5413, Mean: 2.4387
  Data: [
    5.5413, 5.5399, 5.5386, 5.5374, 5.5361, 5.5347, 5.5333, 5.5318, 5.5302, 5.5284,
    5.5265, 5.5243, 5.5219, 5.5192, 5.5161, 5.5127, 5.5090, 5.5047, 5.4999, 5.4945,
    5.4884, 5.4816, 5.4740, 5.4654, 5.4556, 5.4445, 5.4319, 5.4180, 5.4022, 5.3842,
    5.3638, 5.3404, 5.3135, 5.2821, 5.2455, 5.2025, 5.1525, 5.0927, 5.0212, 4.9369,
    4.8367, 4.7172, 4.5754, 3.5138, 1.8570, 0.3896, 0.3406, 0.1089, 0.0167, 0.0075,
    0.0046, 0.0031, 0.0018, 0.0025, 0.0105, 0.0412, 0.1052, 0.2385, 0.2719, 0.2921,
    0.2982, 0.2913, 0.2741, 0.2501, 0.2329, 0.2122, 0.1913, 0.1732, 0.1681, 0.1646,
    0.1677, 0.1720, 0.1731, 0.1709, 0.1657, 0.1579, 0.1522, 0.1485, 0.1428, 0.1359,
    0.1280, 0.1198, 0.1115, 0.1034, 0.0957, 0.0896, 0.0874, 0.0851, 0.0826, 0.0796,
    0.0771, 0.0780, 0.0823, 0.0852, 0.0867, 0.0868, 0.0865, 0.0850, 0.0825, 0.0796,
  ]

### behavior/entropy
  Total points: 100
  Min: 3.6330, Max: 5.2649, Mean: 4.6072
  Data: [
    3.6330, 3.6555, 3.6785, 3.7024, 3.7271, 3.7531, 3.7804, 3.8092, 3.8397, 3.8723,
    3.9066, 3.9432, 3.9817, 4.0219, 4.0637, 4.1067, 4.1512, 4.1964, 4.2421, 4.2880,
    4.3340, 4.3796, 4.4250, 4.4697, 4.5136, 4.5571, 4.5994, 4.6407, 4.6810, 4.7202,
    4.7586, 4.7959, 4.8324, 4.8678, 4.9023, 4.9360, 4.9686, 5.0003, 5.0310, 5.0606,
    5.0892, 5.1165, 5.1425, 5.2477, 5.2649, 5.1929, 5.2151, 5.2045, 5.1837, 5.1849,
    5.1686, 5.1087, 4.9978, 4.8229, 4.6228, 4.3082, 4.0153, 4.3020, 4.3821, 4.4593,
    4.5321, 4.5990, 4.6594, 4.7127, 4.7590, 4.7985, 4.8326, 4.8591, 4.8811, 4.9018,
    4.9216, 4.9394, 4.9544, 4.9660, 4.9737, 4.9775, 4.9774, 4.9734, 4.9657, 4.9545,
    4.9399, 4.9221, 4.9013, 4.8777, 4.8514, 4.8228, 4.7918, 4.7588, 4.7239, 4.6872,
    4.6487, 4.6084, 4.5662, 4.5223, 4.4766, 4.4291, 4.3795, 4.3276, 4.2733, 4.2163,
  ]

### behavior/policy_loss
  Total points: 100
  Min: -0.0783, Max: 0.0666, Mean: -0.0116
  Data: [
    0.0000, -0.0000, -0.0000, -0.0000, -0.0000, -0.0000, -0.0000, -0.0000, -0.0000, -0.0000,
    -0.0000, -0.0000, -0.0001, -0.0001, -0.0001, -0.0001, -0.0002, -0.0002, -0.0002, -0.0003,
    -0.0003, -0.0004, -0.0005, -0.0005, -0.0006, -0.0007, -0.0008, -0.0009, -0.0010, -0.0012,
    -0.0015, -0.0018, -0.0023, -0.0029, -0.0035, -0.0043, -0.0053, -0.0064, -0.0078, -0.0095,
    -0.0116, -0.0135, -0.0155, -0.0349, -0.0625, 0.0297, 0.0353, 0.0127, 0.0047, 0.0013,
    -0.0015, -0.0048, -0.0081, -0.0113, -0.0130, -0.0106, 0.0046, 0.0496, 0.0606, 0.0664,
    0.0666, 0.0612, 0.0514, 0.0377, 0.0254, 0.0112, -0.0034, -0.0171, -0.0267, -0.0368,
    -0.0449, -0.0531, -0.0611, -0.0686, -0.0744, -0.0783, -0.0783, -0.0750, -0.0699, -0.0640,
    -0.0579, -0.0520, -0.0465, -0.0416, -0.0372, -0.0331, -0.0285, -0.0256, -0.0245, -0.0246,
    -0.0255, -0.0253, -0.0241, -0.0240, -0.0253, -0.0277, -0.0313, -0.0367, -0.0436, -0.0508,
  ]

### behavior/target_mean
  Total points: 100
  Min: -0.0318, Max: 0.0050, Mean: -0.0028
  Data: [
    0.0000, -0.0000, -0.0000, -0.0000, -0.0000, -0.0000, -0.0000, -0.0000, -0.0000, -0.0000,
    -0.0000, -0.0000, -0.0000, -0.0000, -0.0000, -0.0001, -0.0001, -0.0001, -0.0001, -0.0001,
    -0.0001, -0.0002, -0.0002, -0.0002, -0.0002, -0.0003, -0.0003, -0.0004, -0.0004, -0.0005,
    -0.0006, -0.0007, -0.0009, -0.0011, -0.0014, -0.0017, -0.0021, -0.0026, -0.0031, -0.0038,
    -0.0047, -0.0054, -0.0063, -0.0150, -0.0318, -0.0042, 0.0050, 0.0017, 0.0002, 0.0001,
    0.0001, 0.0000, 0.0000, -0.0000, -0.0002, -0.0007, -0.0020, -0.0058, -0.0069, -0.0078,
    -0.0084, -0.0087, -0.0086, -0.0083, -0.0081, -0.0077, -0.0071, -0.0064, -0.0060, -0.0056,
    -0.0055, -0.0054, -0.0052, -0.0049, -0.0046, -0.0042, -0.0040, -0.0041, -0.0041, -0.0040,
    -0.0038, -0.0036, -0.0034, -0.0032, -0.0029, -0.0027, -0.0027, -0.0026, -0.0025, -0.0024,
    -0.0023, -0.0023, -0.0024, -0.0025, -0.0026, -0.0026, -0.0026, -0.0026, -0.0025, -0.0024,
  ]

### behavior/value_mean
  Total points: 100
  Min: -0.0137, Max: 0.0000, Mean: -0.0024
  Data: [
    0.0000, 0.0000, -0.0000, 0.0000, -0.0000, -0.0000, 0.0000, 0.0000, 0.0000, -0.0000,
    -0.0000, -0.0000, -0.0000, -0.0000, -0.0000, -0.0000, -0.0000, -0.0000, -0.0000, -0.0000,
    -0.0000, -0.0000, -0.0000, -0.0000, -0.0000, -0.0000, -0.0000, -0.0000, -0.0000, -0.0000,
    -0.0000, -0.0000, -0.0000, -0.0000, -0.0000, -0.0000, -0.0000, -0.0000, -0.0001, -0.0001,
    -0.0001, -0.0002, -0.0002, -0.0010, -0.0054, -0.0119, -0.0064, -0.0014, -0.0003, -0.0000,
    0.0000, 0.0000, 0.0000, 0.0000, 0.0000, 0.0000, 0.0000, -0.0001, -0.0002, -0.0003,
    -0.0004, -0.0007, -0.0010, -0.0014, -0.0019, -0.0027, -0.0038, -0.0053, -0.0071, -0.0090,
    -0.0108, -0.0122, -0.0132, -0.0137, -0.0137, -0.0134, -0.0127, -0.0118, -0.0107, -0.0095,
    -0.0083, -0.0072, -0.0061, -0.0051, -0.0042, -0.0034, -0.0028, -0.0023, -0.0019, -0.0017,
    -0.0015, -0.0014, -0.0014, -0.0014, -0.0015, -0.0016, -0.0017, -0.0019, -0.0021, -0.0024,
  ]

### episode/length
  Total points: 100
  Min: 28.0000, Max: 250.0000, Mean: 187.8200
  Data: [
    250.0000, 250.0000, 110.0000, 159.0000, 117.0000, 250.0000, 37.0000, 250.0000, 158.0000, 250.0000,
    250.0000, 135.0000, 143.0000, 250.0000, 144.0000, 250.0000, 210.0000, 250.0000, 250.0000, 250.0000,
    71.0000, 250.0000, 250.0000, 250.0000, 28.0000, 46.0000, 96.0000, 250.0000, 38.0000, 250.0000,
    50.0000, 250.0000, 165.0000, 250.0000, 218.0000, 250.0000, 36.0000, 250.0000, 250.0000, 250.0000,
    65.0000, 250.0000, 82.0000, 250.0000, 250.0000, 250.0000, 250.0000, 250.0000, 184.0000, 43.0000,
    250.0000, 250.0000, 250.0000, 250.0000, 37.0000, 32.0000, 250.0000, 250.0000, 250.0000, 41.0000,
    250.0000, 69.0000, 250.0000, 230.0000, 250.0000, 159.0000, 250.0000, 250.0000, 250.0000, 75.0000,
    250.0000, 38.0000, 250.0000, 45.0000, 250.0000, 78.0000, 250.0000, 116.0000, 250.0000, 250.0000,
    250.0000, 111.0000, 250.0000, 63.0000, 250.0000, 250.0000, 135.0000, 250.0000, 250.0000, 86.0000,
    250.0000, 47.0000, 250.0000, 51.0000, 250.0000, 250.0000, 250.0000, 34.0000, 250.0000, 250.0000,
  ]

### episode/outcome
  Total points: 100
  Min: -1.0000, Max: 1.0000, Mean: -0.2600
  Data: [
    0.0000, 0.0000, -1.0000, 1.0000, -1.0000, 0.0000, -1.0000, 0.0000, -1.0000, 0.0000,
    0.0000, -1.0000, -1.0000, 0.0000, -1.0000, 0.0000, 1.0000, 0.0000, 0.0000, 0.0000,
    -1.0000, 0.0000, 0.0000, 0.0000, -1.0000, 1.0000, -1.0000, 0.0000, -1.0000, 0.0000,
    1.0000, 0.0000, -1.0000, 0.0000, -1.0000, 0.0000, -1.0000, 0.0000, 0.0000, 0.0000,
    1.0000, 0.0000, -1.0000, 0.0000, 0.0000, 0.0000, 0.0000, 0.0000, -1.0000, -1.0000,
    0.0000, 0.0000, 0.0000, 0.0000, -1.0000, -1.0000, 0.0000, 0.0000, 0.0000, -1.0000,
    0.0000, -1.0000, 0.0000, -1.0000, 0.0000, -1.0000, 0.0000, 0.0000, 0.0000, 1.0000,
    0.0000, -1.0000, 0.0000, -1.0000, 0.0000, -1.0000, 0.0000, -1.0000, 0.0000, 0.0000,
    0.0000, -1.0000, 0.0000, 1.0000, 0.0000, 0.0000, -1.0000, 0.0000, 0.0000, -1.0000,
    0.0000, -1.0000, 0.0000, -1.0000, 0.0000, 0.0000, 0.0000, -1.0000, 0.0000, 0.0000,
  ]

### episode/reward
  Total points: 100
  Min: -1.0000, Max: 1.0000, Mean: -0.2600
  Data: [
    0.0000, 0.0000, -1.0000, 1.0000, -1.0000, 0.0000, -1.0000, 0.0000, -1.0000, 0.0000,
    0.0000, -1.0000, -1.0000, 0.0000, -1.0000, 0.0000, 1.0000, 0.0000, 0.0000, 0.0000,
    -1.0000, 0.0000, 0.0000, 0.0000, -1.0000, 1.0000, -1.0000, 0.0000, -1.0000, 0.0000,
    1.0000, 0.0000, -1.0000, 0.0000, -1.0000, 0.0000, -1.0000, 0.0000, 0.0000, 0.0000,
    1.0000, 0.0000, -1.0000, 0.0000, 0.0000, 0.0000, 0.0000, 0.0000, -1.0000, -1.0000,
    0.0000, 0.0000, 0.0000, 0.0000, -1.0000, -1.0000, 0.0000, 0.0000, 0.0000, -1.0000,
    0.0000, -1.0000, 0.0000, -1.0000, 0.0000, -1.0000, 0.0000, 0.0000, 0.0000, 1.0000,
    0.0000, -1.0000, 0.0000, -1.0000, 0.0000, -1.0000, 0.0000, -1.0000, 0.0000, 0.0000,
    0.0000, -1.0000, 0.0000, 1.0000, 0.0000, 0.0000, -1.0000, 0.0000, 0.0000, -1.0000,
    0.0000, -1.0000, 0.0000, -1.0000, 0.0000, 0.0000, 0.0000, -1.0000, 0.0000, 0.0000,
  ]

### episode/time
  Total points: 100
  Min: 0.0663, Max: 0.5887, Mean: 0.4350
  Data: [
    0.5768, 0.5767, 0.2533, 0.3667, 0.2705, 0.5797, 0.0869, 0.5826, 0.3661, 0.5767,
    0.5738, 0.3128, 0.3324, 0.5793, 0.3322, 0.5771, 0.4808, 0.5778, 0.5744, 0.5796,
    0.1651, 0.5732, 0.5729, 0.5770, 0.0663, 0.1090, 0.2214, 0.5741, 0.0895, 0.5767,
    0.1169, 0.5784, 0.3807, 0.5783, 0.5013, 0.5787, 0.0843, 0.5752, 0.5720, 0.5744,
    0.1507, 0.5752, 0.1909, 0.5764, 0.5783, 0.5789, 0.5762, 0.5765, 0.4263, 0.1011,
    0.5836, 0.5817, 0.5835, 0.5848, 0.0881, 0.0760, 0.5798, 0.5816, 0.5790, 0.0974,
    0.5887, 0.1626, 0.5868, 0.5373, 0.5851, 0.3697, 0.5841, 0.5823, 0.5841, 0.1762,
    0.5859, 0.1006, 0.5799, 0.1052, 0.5770, 0.1816, 0.5766, 0.2673, 0.5790, 0.5789,
    0.5786, 0.2569, 0.5772, 0.1473, 0.5801, 0.5769, 0.3119, 0.5748, 0.5774, 0.1992,
    0.5745, 0.1096, 0.5787, 0.1189, 0.5804, 0.5733, 0.5769, 0.0799, 0.5754, 0.5744,
  ]

### episode/train_time
  Total points: 100
  Min: 1.5420, Max: 3.7947, Mean: 1.6136
  Data: [
    3.7947, 1.5923, 1.5950, 1.5729, 1.5738, 1.5862, 1.5821, 1.6110, 1.5911, 1.5966,
    1.5892, 1.5942, 1.6274, 1.6120, 1.6073, 1.6189, 1.5909, 1.5753, 1.5951, 1.6290,
    1.5815, 1.6087, 1.5854, 1.5956, 1.6023, 1.5942, 1.6014, 1.5807, 1.5596, 1.5856,
    1.5685, 1.6110, 1.5867, 1.6110, 1.6504, 1.5933, 1.5804, 1.5797, 1.5572, 1.5833,
    1.5720, 1.5872, 1.6787, 1.6511, 1.6121, 1.5524, 1.5463, 1.5711, 1.5469, 1.6026,
    1.5970, 1.5919, 1.5903, 1.6384, 1.5941, 1.5851, 1.6024, 1.5654, 1.6870, 1.5713,
    1.5595, 1.5540, 1.5540, 1.5896, 1.6784, 1.5658, 1.5551, 1.5731, 1.5668, 1.5662,
    1.6319, 1.5855, 1.5720, 1.5420, 1.5502, 1.5548, 1.5803, 1.6104, 1.5932, 1.5886,
    1.5796, 1.5613, 1.5941, 1.5792, 1.5636, 1.6419, 1.5911, 1.5917, 1.5924, 1.5772,
    1.6001, 1.5911, 1.6107, 1.6039, 1.6042, 1.5749, 1.6397, 1.6221, 1.5805, 1.5898,
  ]

### eval/gameplay_gif_strong
  Total points: 1
  ✗ Could not format data: float() argument must be a string or a real number, not 'dict'

### eval/gameplay_gif_weak
  Total points: 1
  ✗ Could not format data: float() argument must be a string or a real number, not 'dict'

### grad/actor
  Total points: 100
  Min: 0.0028, Max: 1.0297, Mean: 0.2097
  Data: [
    0.0028, 0.0028, 0.0028, 0.0029, 0.0030, 0.0031, 0.0032, 0.0033, 0.0035, 0.0036,
    0.0037, 0.0039, 0.0040, 0.0041, 0.0042, 0.0044, 0.0045, 0.0046, 0.0047, 0.0048,
    0.0048, 0.0049, 0.0049, 0.0049, 0.0049, 0.0049, 0.0049, 0.0048, 0.0048, 0.0048,
    0.0048, 0.0048, 0.0048, 0.0049, 0.0049, 0.0048, 0.0049, 0.0049, 0.0046, 0.0050,
    0.0045, 0.0040, 0.0040, 0.0063, 0.0249, 0.0145, 0.1189, 0.1375, 0.1221, 0.1372,
    0.1490, 0.1579, 0.1619, 0.1584, 0.1453, 0.0935, 0.0355, 0.3650, 0.4585, 0.5229,
    0.5507, 0.5369, 0.4816, 0.3852, 0.2852, 0.1402, 0.0480, 0.2720, 0.4591, 0.6435,
    0.7801, 0.8826, 0.9612, 1.0115, 1.0297, 1.0195, 0.9616, 0.8661, 0.7659, 0.6678,
    0.5765, 0.4949, 0.4241, 0.3645, 0.3157, 0.2718, 0.2265, 0.1978, 0.1836, 0.1801,
    0.1815, 0.1759, 0.1636, 0.1594, 0.1634, 0.1758, 0.1942, 0.2227, 0.2581, 0.2952,
  ]

### grad/critic
  Total points: 100
  Min: 0.0184, Max: 31.8834, Mean: 4.1017
  Data: [
    1.1830, 1.1924, 1.2289, 1.2718, 1.3152, 1.3595, 1.4046, 1.4525, 1.5036, 1.5588,
    1.6202, 1.6879, 1.7630, 1.8430, 1.9352, 2.0277, 2.1294, 2.2426, 2.3615, 2.4913,
    2.6337, 2.7843, 2.9478, 3.1252, 3.3186, 3.5310, 3.7650, 4.0094, 4.2777, 4.5740,
    4.8990, 5.2629, 5.6721, 6.1386, 6.6748, 7.2945, 7.9983, 8.8302, 9.8136, 10.9498,
    12.2799, 13.8447, 15.6733, 27.5697, 31.8834, 17.9329, 5.4245, 1.2173, 0.2446, 0.0672,
    0.0306, 0.0184, 0.0291, 0.0342, 0.1089, 0.5169, 1.5572, 4.3895, 5.2175, 5.8203,
    6.1335, 6.1198, 5.7781, 5.1192, 4.4561, 3.4341, 2.0563, 0.4452, 1.5841, 3.4225,
    4.8955, 6.0306, 6.9246, 7.5259, 7.8217, 7.8236, 7.3687, 6.5588, 5.6833, 4.7964,
    3.9407, 3.1472, 2.4341, 1.8128, 1.2849, 0.8060, 0.3168, 0.1278, 0.3288, 0.4448,
    0.4997, 0.5936, 0.7340, 0.8055, 0.8093, 0.7476, 0.6409, 0.4592, 0.2052, 0.1229,
  ]

### grad/world
  Total points: 100
  Min: 5.4365, Max: 39.7789, Mean: 11.9800
  Data: [
    6.6761, 5.6541, 5.4365, 5.7372, 6.1508, 6.4336, 6.7416, 6.9925, 7.2415, 7.4330,
    7.6515, 7.8975, 8.2057, 8.3926, 8.6524, 8.9581, 9.0887, 9.3055, 9.4814, 9.6758,
    9.8593, 9.9991, 10.1771, 10.3621, 10.5067, 10.6871, 10.7762, 10.9588, 11.1785, 11.2385,
    11.4224, 11.6413, 11.8276, 12.0822, 12.3529, 12.6991, 13.0950, 13.5887, 14.1618, 14.9346,
    15.8564, 17.0612, 18.4692, 30.1788, 39.7789, 20.1610, 11.7223, 11.0968, 11.0123, 11.4240,
    11.7100, 12.5488, 16.3266, 11.8612, 11.8288, 11.9018, 11.7025, 15.2789, 15.0514, 11.2961,
    11.9542, 11.4529, 11.1288, 12.1424, 15.3824, 11.2741, 11.5775, 11.1687, 15.0072, 11.5085,
    14.5270, 14.5503, 10.6187, 11.3478, 10.8586, 10.9453, 21.5675, 21.5432, 10.7908, 10.2154,
    10.0714, 10.6522, 9.8421, 10.5808, 9.9776, 13.5545, 13.6935, 9.8056, 10.2190, 9.6964,
    13.2542, 20.8513, 20.1764, 9.6255, 9.6010, 10.3003, 13.5498, 10.1623, 10.8995, 10.3017,
  ]

### imagine/continue_mean
  Total points: 100
  Min: 0.5024, Max: 0.7314, Mean: 0.6068
  Data: [
    0.5024, 0.5042, 0.5060, 0.5076, 0.5093, 0.5109, 0.5125, 0.5140, 0.5156, 0.5171,
    0.5186, 0.5201, 0.5215, 0.5229, 0.5243, 0.5256, 0.5269, 0.5282, 0.5293, 0.5304,
    0.5315, 0.5325, 0.5335, 0.5343, 0.5352, 0.5360, 0.5367, 0.5374, 0.5381, 0.5387,
    0.5393, 0.5398, 0.5403, 0.5408, 0.5413, 0.5418, 0.5422, 0.5426, 0.5431, 0.5434,
    0.5438, 0.5442, 0.5445, 0.5460, 0.5478, 0.5500, 0.5524, 0.5564, 0.5623, 0.5714,
    0.5816, 0.5923, 0.6029, 0.6130, 0.6215, 0.6320, 0.6426, 0.6533, 0.6551, 0.6569,
    0.6587, 0.6606, 0.6624, 0.6642, 0.6660, 0.6679, 0.6697, 0.6715, 0.6734, 0.6752,
    0.6770, 0.6789, 0.6807, 0.6826, 0.6844, 0.6863, 0.6882, 0.6900, 0.6919, 0.6938,
    0.6956, 0.6975, 0.6994, 0.7013, 0.7031, 0.7050, 0.7069, 0.7088, 0.7107, 0.7126,
    0.7144, 0.7163, 0.7182, 0.7201, 0.7220, 0.7239, 0.7257, 0.7276, 0.7295, 0.7314,
  ]

### imagine/reward_mean
  Total points: 100
  Min: -0.0155, Max: 0.0024, Mean: -0.0011
  Data: [
    -0.0000, -0.0000, -0.0000, -0.0000, -0.0000, -0.0000, -0.0000, -0.0000, -0.0000, -0.0000,
    -0.0000, -0.0000, -0.0000, -0.0000, -0.0000, -0.0000, -0.0000, -0.0000, -0.0000, -0.0001,
    -0.0001, -0.0001, -0.0001, -0.0001, -0.0001, -0.0001, -0.0002, -0.0002, -0.0002, -0.0002,
    -0.0003, -0.0004, -0.0004, -0.0006, -0.0007, -0.0008, -0.0010, -0.0013, -0.0015, -0.0019,
    -0.0023, -0.0027, -0.0031, -0.0073, -0.0155, -0.0020, 0.0024, 0.0008, 0.0001, 0.0001,
    0.0000, 0.0000, 0.0000, -0.0000, -0.0001, -0.0003, -0.0008, -0.0022, -0.0027, -0.0030,
    -0.0032, -0.0033, -0.0033, -0.0031, -0.0030, -0.0029, -0.0026, -0.0024, -0.0022, -0.0021,
    -0.0020, -0.0020, -0.0019, -0.0018, -0.0016, -0.0015, -0.0014, -0.0015, -0.0014, -0.0014,
    -0.0013, -0.0013, -0.0012, -0.0011, -0.0010, -0.0009, -0.0009, -0.0009, -0.0008, -0.0008,
    -0.0008, -0.0008, -0.0008, -0.0008, -0.0008, -0.0008, -0.0008, -0.0008, -0.0008, -0.0008,
  ]

### imagine/reward_std
  Total points: 100
  Min: 0.0000, Max: 0.0003, Mean: 0.0000
  Data: [
    0.0000, 0.0000, 0.0000, 0.0000, 0.0000, 0.0000, 0.0000, 0.0000, 0.0000, 0.0000,
    0.0000, 0.0000, 0.0000, 0.0000, 0.0000, 0.0000, 0.0000, 0.0000, 0.0000, 0.0000,
    0.0000, 0.0000, 0.0000, 0.0000, 0.0000, 0.0000, 0.0000, 0.0000, 0.0000, 0.0000,
    0.0000, 0.0000, 0.0000, 0.0000, 0.0000, 0.0000, 0.0000, 0.0000, 0.0001, 0.0001,
    0.0001, 0.0001, 0.0001, 0.0002, 0.0003, 0.0000, 0.0001, 0.0001, 0.0000, 0.0000,
    0.0000, 0.0000, 0.0000, 0.0000, 0.0000, 0.0000, 0.0000, 0.0001, 0.0001, 0.0001,
    0.0001, 0.0001, 0.0001, 0.0001, 0.0002, 0.0001, 0.0001, 0.0001, 0.0000, 0.0001,
    0.0001, 0.0001, 0.0001, 0.0001, 0.0001, 0.0000, 0.0001, 0.0001, 0.0000, 0.0001,
    0.0000, 0.0001, 0.0000, 0.0000, 0.0001, 0.0000, 0.0000, 0.0000, 0.0000, 0.0000,
    0.0000, 0.0000, 0.0000, 0.0000, 0.0000, 0.0001, 0.0000, 0.0000, 0.0000, 0.0000,
  ]

### stats/buffer_episodes
  Total points: 100
  Min: 6.0000, Max: 176.0000, Mean: 90.9300
  Data: [
    6.0000, 7.0000, 8.0000, 9.0000, 10.0000, 11.0000, 12.0000, 13.0000, 14.0000, 15.0000,
    16.0000, 17.0000, 18.0000, 19.0000, 20.0000, 21.0000, 22.0000, 23.0000, 24.0000, 25.0000,
    26.0000, 27.0000, 28.0000, 29.0000, 30.0000, 31.0000, 32.0000, 33.0000, 34.0000, 35.0000,
    36.0000, 37.0000, 38.0000, 39.0000, 40.0000, 41.0000, 42.0000, 43.0000, 44.0000, 45.0000,
    46.0000, 47.0000, 48.0000, 53.0000, 59.0000, 65.0000, 70.0000, 76.0000, 82.0000, 88.0000,
    93.0000, 99.0000, 105.0000, 111.0000, 116.0000, 122.0000, 128.0000, 134.0000, 135.0000, 136.0000,
    137.0000, 138.0000, 139.0000, 140.0000, 141.0000, 142.0000, 143.0000, 144.0000, 145.0000, 146.0000,
    147.0000, 148.0000, 149.0000, 150.0000, 151.0000, 152.0000, 153.0000, 154.0000, 155.0000, 156.0000,
    157.0000, 158.0000, 159.0000, 160.0000, 161.0000, 162.0000, 163.0000, 164.0000, 165.0000, 166.0000,
    167.0000, 168.0000, 169.0000, 170.0000, 171.0000, 172.0000, 173.0000, 174.0000, 175.0000, 176.0000,
  ]

### stats/buffer_size
  Total points: 100
  Min: 1069.0000, Max: 33743.0000, Mean: 17356.5600
  Data: [
    1069.0000, 1319.0000, 1429.0000, 1588.0000, 1705.0000, 1955.0000, 1992.0000, 2242.0000, 2400.0000, 2650.0000,
    2900.0000, 3035.0000, 3178.0000, 3428.0000, 3572.0000, 3822.0000, 4032.0000, 4282.0000, 4532.0000, 4782.0000,
    4853.0000, 5103.0000, 5353.0000, 5603.0000, 5631.0000, 5677.0000, 5773.0000, 6023.0000, 6061.0000, 6311.0000,
    6361.0000, 6611.0000, 6776.0000, 7026.0000, 7244.0000, 7494.0000, 7530.0000, 7780.0000, 8030.0000, 8280.0000,
    8345.0000, 8595.0000, 8677.0000, 9745.0000, 10829.0000, 12240.0000, 13337.0000, 14837.0000, 16108.0000, 17019.0000,
    18088.0000, 19170.0000, 20463.0000, 21562.0000, 22428.0000, 23313.0000, 24668.0000, 25865.0000, 26115.0000, 26156.0000,
    26406.0000, 26475.0000, 26725.0000, 26955.0000, 27205.0000, 27364.0000, 27614.0000, 27864.0000, 28114.0000, 28189.0000,
    28439.0000, 28477.0000, 28727.0000, 28772.0000, 29022.0000, 29100.0000, 29350.0000, 29466.0000, 29716.0000, 29966.0000,
    30216.0000, 30327.0000, 30577.0000, 30640.0000, 30890.0000, 31140.0000, 31275.0000, 31525.0000, 31775.0000, 31861.0000,
    32111.0000, 32158.0000, 32408.0000, 32459.0000, 32709.0000, 32959.0000, 33209.0000, 33243.0000, 33493.0000, 33743.0000,
  ]

### stats/total_steps
  Total points: 100
  Min: 1069.0000, Max: 33743.0000, Mean: 17356.5600
  Data: [
    1069.0000, 1319.0000, 1429.0000, 1588.0000, 1705.0000, 1955.0000, 1992.0000, 2242.0000, 2400.0000, 2650.0000,
    2900.0000, 3035.0000, 3178.0000, 3428.0000, 3572.0000, 3822.0000, 4032.0000, 4282.0000, 4532.0000, 4782.0000,
    4853.0000, 5103.0000, 5353.0000, 5603.0000, 5631.0000, 5677.0000, 5773.0000, 6023.0000, 6061.0000, 6311.0000,
    6361.0000, 6611.0000, 6776.0000, 7026.0000, 7244.0000, 7494.0000, 7530.0000, 7780.0000, 8030.0000, 8280.0000,
    8345.0000, 8595.0000, 8677.0000, 9745.0000, 10829.0000, 12240.0000, 13337.0000, 14837.0000, 16108.0000, 17019.0000,
    18088.0000, 19170.0000, 20463.0000, 21562.0000, 22428.0000, 23313.0000, 24668.0000, 25865.0000, 26115.0000, 26156.0000,
    26406.0000, 26475.0000, 26725.0000, 26955.0000, 27205.0000, 27364.0000, 27614.0000, 27864.0000, 28114.0000, 28189.0000,
    28439.0000, 28477.0000, 28727.0000, 28772.0000, 29022.0000, 29100.0000, 29350.0000, 29466.0000, 29716.0000, 29966.0000,
    30216.0000, 30327.0000, 30577.0000, 30640.0000, 30890.0000, 31140.0000, 31275.0000, 31525.0000, 31775.0000, 31861.0000,
    32111.0000, 32158.0000, 32408.0000, 32459.0000, 32709.0000, 32959.0000, 33209.0000, 33243.0000, 33493.0000, 33743.0000,
  ]

### stats/win_rate
  Total points: 100
  Min: 0.0682, Max: 0.2222, Mean: 0.1010
  Data: [
    0.1667, 0.1429, 0.1250, 0.2222, 0.2000, 0.1818, 0.1667, 0.1538, 0.1429, 0.1333,
    0.1250, 0.1176, 0.1111, 0.1053, 0.1000, 0.0952, 0.1364, 0.1304, 0.1250, 0.1200,
    0.1154, 0.1111, 0.1071, 0.1034, 0.1000, 0.1290, 0.1250, 0.1212, 0.1176, 0.1143,
    0.1389, 0.1351, 0.1316, 0.1282, 0.1250, 0.1220, 0.1190, 0.1163, 0.1136, 0.1111,
    0.1304, 0.1277, 0.1250, 0.1321, 0.1186, 0.1077, 0.1286, 0.1184, 0.1098, 0.1023,
    0.0968, 0.1010, 0.0952, 0.0901, 0.0862, 0.0820, 0.0781, 0.0746, 0.0741, 0.0735,
    0.0730, 0.0725, 0.0719, 0.0714, 0.0709, 0.0704, 0.0699, 0.0694, 0.0690, 0.0753,
    0.0748, 0.0743, 0.0738, 0.0733, 0.0728, 0.0724, 0.0719, 0.0714, 0.0710, 0.0705,
    0.0701, 0.0696, 0.0692, 0.0750, 0.0745, 0.0741, 0.0736, 0.0732, 0.0727, 0.0723,
    0.0719, 0.0714, 0.0710, 0.0706, 0.0702, 0.0698, 0.0694, 0.0690, 0.0686, 0.0682,
  ]

### world/continue_loss
  Total points: 100
  Min: 0.3154, Max: 0.6931, Mean: 0.5106
  Data: [
    0.6931, 0.6884, 0.6847, 0.6814, 0.6781, 0.6748, 0.6717, 0.6686, 0.6656, 0.6626,
    0.6597, 0.6568, 0.6539, 0.6512, 0.6486, 0.6458, 0.6433, 0.6409, 0.6386, 0.6363,
    0.6342, 0.6323, 0.6303, 0.6285, 0.6269, 0.6253, 0.6238, 0.6224, 0.6211, 0.6200,
    0.6188, 0.6177, 0.6168, 0.6160, 0.6148, 0.6139, 0.6130, 0.6122, 0.6114, 0.6107,
    0.6099, 0.6094, 0.6088, 0.6057, 0.6029, 0.5987, 0.5945, 0.5877, 0.5778, 0.5628,
    0.5457, 0.5265, 0.5093, 0.4922, 0.4784, 0.4617, 0.4450, 0.4291, 0.4263, 0.4230,
    0.4202, 0.4175, 0.4147, 0.4120, 0.4099, 0.4065, 0.4038, 0.4010, 0.3990, 0.3956,
    0.3935, 0.3908, 0.3874, 0.3847, 0.3819, 0.3792, 0.3780, 0.3753, 0.3711, 0.3684,
    0.3657, 0.3630, 0.3603, 0.3576, 0.3550, 0.3531, 0.3505, 0.3469, 0.3443, 0.3416,
    0.3399, 0.3381, 0.3355, 0.3311, 0.3284, 0.3258, 0.3242, 0.3206, 0.3180, 0.3154,
  ]

### world/kl_loss
  Total points: 100
  Min: 0.6000, Max: 0.6365, Mean: 0.6089
  Data: [
    0.6000, 0.6000, 0.6000, 0.6000, 0.6000, 0.6000, 0.6000, 0.6000, 0.6000, 0.6000,
    0.6000, 0.6000, 0.6000, 0.6000, 0.6000, 0.6000, 0.6000, 0.6000, 0.6000, 0.6000,
    0.6000, 0.6000, 0.6000, 0.6000, 0.6000, 0.6009, 0.6054, 0.6186, 0.6241, 0.6166,
    0.6075, 0.6179, 0.6106, 0.6052, 0.6083, 0.6084, 0.6126, 0.6094, 0.6089, 0.6094,
    0.6031, 0.6049, 0.6109, 0.6016, 0.6015, 0.6019, 0.6045, 0.6033, 0.6060, 0.6012,
    0.6010, 0.6012, 0.6015, 0.6020, 0.6053, 0.6114, 0.6125, 0.6138, 0.6168, 0.6155,
    0.6051, 0.6057, 0.6013, 0.6046, 0.6113, 0.6174, 0.6188, 0.6207, 0.6108, 0.6104,
    0.6063, 0.6108, 0.6102, 0.6203, 0.6107, 0.6176, 0.6196, 0.6150, 0.6085, 0.6086,
    0.6123, 0.6164, 0.6149, 0.6145, 0.6187, 0.6221, 0.6190, 0.6163, 0.6128, 0.6227,
    0.6222, 0.6320, 0.6161, 0.6255, 0.6160, 0.6115, 0.6097, 0.6082, 0.6365, 0.6234,
  ]

### world/kl_value
  Total points: 100
  Min: 0.0010, Max: 1.0442, Mean: 0.7239
  Data: [
    0.0010, 0.0022, 0.0050, 0.0088, 0.0125, 0.0166, 0.0202, 0.0258, 0.0278, 0.0387,
    0.0510, 0.0683, 0.0827, 0.1075, 0.1365, 0.1436, 0.1803, 0.2087, 0.2515, 0.2756,
    0.3590, 0.3931, 0.3837, 0.4381, 0.5056, 0.5350, 0.6887, 0.7413, 0.8259, 0.7519,
    0.7242, 0.8271, 0.7757, 0.7401, 0.7915, 0.8109, 0.8672, 0.8178, 0.8100, 0.8437,
    0.8140, 0.8265, 0.8719, 0.7658, 0.8068, 0.8045, 0.7599, 0.8260, 0.8970, 0.8653,
    0.8977, 0.9078, 0.9139, 0.8945, 0.9580, 0.9759, 0.9811, 0.9805, 0.9998, 0.9910,
    0.9671, 0.9493, 0.9062, 0.9470, 0.9650, 0.9871, 1.0048, 1.0056, 0.9796, 0.9707,
    0.9612, 0.9776, 0.9726, 0.9956, 0.9622, 0.9817, 0.9923, 0.9987, 0.9756, 0.9876,
    0.9844, 0.9967, 0.9909, 0.9890, 0.9973, 0.9966, 0.9958, 0.9811, 0.9702, 1.0009,
    1.0074, 1.0284, 0.9846, 1.0215, 0.9919, 0.9728, 0.9516, 0.9638, 1.0442, 1.0039,
  ]

### world/loss
  Total points: 100
  Min: 1.3436, Max: 8.4495, Mean: 4.5152
  Data: [
    8.2823, 8.4495, 7.9672, 7.9103, 7.8243, 7.8858, 8.0406, 8.0001, 7.6492, 7.9314,
    7.8959, 7.9182, 7.6877, 7.7976, 8.4410, 7.6493, 7.7129, 7.7415, 7.7316, 7.6372,
    7.6990, 7.7552, 7.5981, 7.5528, 7.4680, 7.4925, 7.5982, 7.6345, 7.8340, 7.9980,
    7.3824, 7.4561, 7.8328, 8.2202, 7.2555, 7.0952, 7.3229, 7.0227, 6.9090, 6.9606,
    6.8375, 7.3831, 7.2307, 5.4822, 4.6688, 2.3801, 2.1141, 2.2832, 2.1069, 2.0813,
    2.0754, 1.9410, 3.0182, 1.7254, 1.8103, 1.8820, 1.7697, 2.5875, 2.4823, 1.7744,
    1.5858, 1.6965, 1.6077, 1.7967, 2.6582, 1.8618, 1.7742, 1.9077, 2.3433, 1.6793,
    2.3300, 2.7583, 1.8874, 1.7742, 1.5979, 1.6876, 3.0119, 3.0845, 1.6755, 1.7789,
    1.6510, 1.8098, 1.7325, 1.6757, 1.6760, 2.5967, 2.3709, 1.5715, 1.4623, 1.7015,
    2.5227, 3.2906, 2.9227, 1.7538, 1.6598, 1.5432, 2.2814, 1.3436, 1.8502, 1.7294,
  ]

### world/recon_loss
  Total points: 100
  Min: 0.4110, Max: 1.4479, Mean: 0.8362
  Data: [
    1.4479, 1.0854, 1.1437, 1.0913, 1.0098, 1.0758, 1.2351, 1.1993, 0.8529, 1.1398,
    1.1089, 1.1364, 0.9110, 1.0263, 1.1396, 0.8896, 0.9592, 0.9943, 0.9911, 0.9043,
    0.9743, 1.0385, 0.8912, 0.8562, 0.7824, 0.8184, 0.9330, 0.9713, 1.1819, 0.8398,
    0.7860, 0.8733, 0.7543, 0.6501, 0.7752, 0.6570, 0.9278, 0.6886, 0.6418, 0.7744,
    0.7540, 0.8770, 0.8563, 0.7460, 0.9401, 0.8627, 0.8515, 1.0816, 0.9211, 0.9166,
    0.9283, 0.8130, 0.8528, 0.6309, 0.7262, 0.8081, 0.7104, 0.9085, 0.8167, 0.7307,
    0.5547, 0.6671, 0.5853, 0.7739, 0.7701, 0.8319, 0.7461, 0.8808, 0.7160, 0.6686,
    0.7008, 0.9012, 0.8855, 0.7650, 0.6012, 0.6868, 0.7123, 0.7887, 0.6922, 0.7981,
    0.6693, 0.8269, 0.7538, 0.7003, 0.6992, 0.7874, 0.7117, 0.6054, 0.5023, 0.7343,
    0.7404, 0.9260, 0.5837, 0.7941, 0.7120, 0.6024, 0.5689, 0.4110, 0.8918, 0.7866,
  ]

### world/reward_loss
  Total points: 100
  Min: 0.0002, Max: 6.3488, Mean: 2.5595
  Data: [
    5.5413, 6.0757, 5.5388, 5.5376, 5.5364, 5.5351, 5.5337, 5.5322, 5.5307, 5.5290,
    5.5272, 5.5251, 5.5228, 5.5201, 6.0528, 5.5139, 5.5104, 5.5063, 5.5019, 5.4966,
    5.4906, 5.4844, 5.4766, 5.4682, 5.4587, 5.4479, 5.4360, 5.4221, 5.4069, 5.9216,
    5.3701, 5.3472, 5.8511, 6.3488, 5.2573, 5.2159, 5.1694, 5.1125, 5.0470, 4.9661,
    4.8704, 5.2918, 5.1547, 3.5289, 2.5244, 0.3168, 0.0635, 0.0106, 0.0021, 0.0007,
    0.0004, 0.0002, 1.0546, 0.0003, 0.0004, 0.0008, 0.0017, 0.6361, 0.6224, 0.0052,
    0.0058, 0.0062, 0.0063, 0.0062, 0.8669, 0.0059, 0.0056, 0.0053, 0.6175, 0.0047,
    0.6294, 0.8555, 0.0043, 0.0043, 0.0041, 0.0039, 1.3020, 1.3054, 0.0037, 0.0037,
    0.0037, 0.0036, 0.0035, 0.0033, 0.0031, 0.8340, 0.6898, 0.0029, 0.0029, 0.0028,
    0.8203, 1.3945, 1.3873, 0.0031, 0.0033, 0.0035, 0.7786, 0.0038, 0.0039, 0.0040,
  ]

### world/terminal_count
  Total points: 100
  Min: 0.0000, Max: 2.0000, Mean: 0.2900
  Data: [
    0.0000, 1.0000, 0.0000, 0.0000, 0.0000, 0.0000, 0.0000, 0.0000, 0.0000, 0.0000,
    0.0000, 0.0000, 0.0000, 0.0000, 1.0000, 0.0000, 0.0000, 0.0000, 0.0000, 0.0000,
    0.0000, 0.0000, 0.0000, 0.0000, 0.0000, 0.0000, 0.0000, 0.0000, 0.0000, 1.0000,
    0.0000, 0.0000, 1.0000, 2.0000, 0.0000, 0.0000, 0.0000, 0.0000, 0.0000, 0.0000,
    0.0000, 1.0000, 1.0000, 0.0000, 2.0000, 0.0000, 0.0000, 0.0000, 0.0000, 0.0000,
    0.0000, 0.0000, 1.0000, 0.0000, 0.0000, 0.0000, 0.0000, 1.0000, 1.0000, 0.0000,
    0.0000, 0.0000, 0.0000, 0.0000, 1.0000, 0.0000, 0.0000, 0.0000, 1.0000, 0.0000,
    1.0000, 1.0000, 0.0000, 0.0000, 0.0000, 0.0000, 2.0000, 2.0000, 0.0000, 0.0000,
    0.0000, 0.0000, 0.0000, 0.0000, 0.0000, 1.0000, 1.0000, 0.0000, 0.0000, 0.0000,
    1.0000, 2.0000, 2.0000, 0.0000, 0.0000, 0.0000, 1.0000, 0.0000, 0.0000, 0.0000,
  ]

### world/terminal_pred_mean
  Total points: 43
  Min: -0.0156, Max: 0.0017, Mean: -0.0023
  Data: [
    0.0000, -0.0000, -0.0002, -0.0003, -0.0004, -0.0023, -0.0027, -0.0076, -0.0095, -0.0131,
    -0.0156, -0.0131, -0.0074, -0.0020, 0.0017, 0.0001, 0.0000, 0.0000, 0.0000, -0.0000,
    -0.0000, -0.0001, -0.0001, -0.0002, -0.0003, -0.0006, -0.0008, -0.0010, -0.0012, -0.0019,
    -0.0022, -0.0031, -0.0023, -0.0020, -0.0020, -0.0015, -0.0015, -0.0010, -0.0009, -0.0008,
    -0.0008, -0.0008, -0.0008,
  ]

### world/terminal_target_mean
  Total points: 43
  Min: -1.0000, Max: 1.0000, Mean: -0.3488
  Data: [
    -1.0000, -1.0000, -1.0000, -1.0000, -1.0000, 1.0000, 1.0000, -1.0000, 1.0000, 1.0000,
    1.0000, 1.0000, 1.0000, 1.0000, -1.0000, 1.0000, -1.0000, -1.0000, -1.0000, -1.0000,
    -1.0000, -1.0000, -1.0000, -1.0000, -1.0000, -1.0000, -1.0000, -1.0000, -1.0000, -1.0000,
    -1.0000, 1.0000, -1.0000, -1.0000, 1.0000, -1.0000, -1.0000, 1.0000, -1.0000, 1.0000,
    -1.0000, -1.0000, 1.0000,
  ]
