================================================================================
W&B RUN DATA: watch-grad-DreamerV3-small-weak-seed43
================================================================================

## RUN METADATA
Run ID: 4m0jcof2
Created: 2026-01-19T14:56:43Z
State: running
Duration: 240.275980875 seconds

## CONFIGURATION
  [Environment]
    env/mode: NORMAL
    env/opponent: weak
    env/obs_dim: 18
    env/action_dim: 4
  [Architecture]
    arch/hidden_size: 1024
    arch/latent_size: 64
    arch/recurrent_size: 1024
  [Imagination]
    imagination/horizon: 15
    imagination/batch_size: 256
  [Training]
    train/batch_size: 16
    train/batch_length: 64
    train/lr_world: 4e-05
    train/lr_actor: 4e-05
    train/lr_critic: 4e-05
    train/gamma: 0.997
    train/lambda_gae: 0.95
  [DreamerV3]
    dreamer/kl_free: 1
    dreamer/entropy_scale: 0.0003
  [Meta]
    seed: 43
    max_steps: 10000000
    device: cuda

## FINAL SUMMARY
  runtime: 0.07 hours (240 seconds)

## NOTE: Data discretized to fit 100000 char limit
  Showing ~100 points per metric (of 181 total)

## METRICS DATA

### behavior/actor_loss
  Total points: 100
  Min: -0.2556, Max: 0.1203, Mean: -0.0813
  Data: [
    -0.0011, -0.0011, -0.0011, -0.0011, -0.0012, -0.0012, -0.0012, -0.0012, -0.0013, -0.0013,
    -0.0013, -0.0014, -0.0014, -0.0014, -0.0015, -0.0015, -0.0016, -0.0016, -0.0017, -0.0017,
    -0.0018, -0.0019, -0.0019, -0.0020, -0.0021, -0.0022, -0.0023, -0.0024, -0.0026, -0.0027,
    -0.0029, -0.0031, -0.0033, -0.0036, -0.0039, -0.0042, -0.0046, -0.0051, -0.0057, -0.0063,
    -0.0071, -0.0080, -0.0093, -0.0107, -0.0125, -0.0148, -0.0968, -0.1865, 0.1203, 0.1190,
    0.0335, -0.0002, -0.0290, -0.0589, -0.0824, -0.0838, -0.0851, -0.0863, -0.0894, -0.0924,
    -0.0977, -0.1049, -0.1144, -0.1255, -0.1392, -0.1508, -0.1627, -0.1717, -0.1798, -0.1838,
    -0.1854, -0.1868, -0.1864, -0.1862, -0.1847, -0.1835, -0.1822, -0.1809, -0.1802, -0.1790,
    -0.1760, -0.1735, -0.1743, -0.1748, -0.1771, -0.1764, -0.1771, -0.1791, -0.1824, -0.1862,
    -0.1926, -0.2013, -0.2121, -0.2222, -0.2321, -0.2406, -0.2481, -0.2524, -0.2555, -0.2556,
  ]

### behavior/advantage_mean
  Total points: 100
  Min: -0.0626, Max: 0.0458, Mean: 0.0045
  Data: [
    0.0000, -0.0000, -0.0000, -0.0000, -0.0000, -0.0000, -0.0000, -0.0000, -0.0000, -0.0000,
    -0.0001, -0.0001, -0.0001, -0.0001, -0.0001, -0.0001, -0.0001, -0.0001, -0.0001, -0.0002,
    -0.0002, -0.0002, -0.0002, -0.0002, -0.0003, -0.0003, -0.0003, -0.0004, -0.0004, -0.0004,
    -0.0005, -0.0006, -0.0006, -0.0007, -0.0008, -0.0009, -0.0011, -0.0012, -0.0014, -0.0016,
    -0.0019, -0.0022, -0.0026, -0.0031, -0.0037, -0.0045, -0.0324, -0.0626, 0.0428, 0.0458,
    0.0205, 0.0145, 0.0128, 0.0114, 0.0096, 0.0093, 0.0090, 0.0088, 0.0087, 0.0087,
    0.0089, 0.0092, 0.0096, 0.0102, 0.0108, 0.0113, 0.0117, 0.0120, 0.0122, 0.0120,
    0.0118, 0.0116, 0.0113, 0.0109, 0.0106, 0.0102, 0.0099, 0.0096, 0.0093, 0.0091,
    0.0087, 0.0085, 0.0083, 0.0081, 0.0081, 0.0079, 0.0077, 0.0077, 0.0076, 0.0076,
    0.0077, 0.0079, 0.0081, 0.0084, 0.0086, 0.0087, 0.0088, 0.0088, 0.0087, 0.0086,
  ]

### behavior/critic_loss
  Total points: 100
  Min: 0.0118, Max: 5.5413, Mean: 2.5387
  Data: [
    5.5413, 5.5399, 5.5386, 5.5374, 5.5361, 5.5347, 5.5333, 5.5318, 5.5302, 5.5285,
    5.5266, 5.5245, 5.5222, 5.5196, 5.5167, 5.5135, 5.5098, 5.5059, 5.5013, 5.4962,
    5.4907, 5.4842, 5.4774, 5.4695, 5.4607, 5.4509, 5.4402, 5.4277, 5.4143, 5.3989,
    5.3815, 5.3612, 5.3382, 5.3119, 5.2819, 5.2495, 5.2099, 5.1646, 5.1117, 5.0516,
    4.9801, 4.8968, 4.7939, 4.6770, 4.5399, 4.3792, 1.9024, 1.4014, 0.6108, 0.3517,
    0.0624, 0.0168, 0.0118, 0.0213, 0.0660, 0.0772, 0.0868, 0.0942, 0.0990, 0.1013,
    0.1015, 0.0997, 0.0968, 0.0933, 0.0901, 0.0872, 0.0879, 0.0879, 0.0869, 0.0897,
    0.0912, 0.0913, 0.0901, 0.0879, 0.0850, 0.0817, 0.0780, 0.0738, 0.0699, 0.0662,
    0.0674, 0.0682, 0.0684, 0.0685, 0.0684, 0.0733, 0.0768, 0.0793, 0.0811, 0.0829,
    0.0832, 0.0822, 0.0804, 0.0795, 0.0785, 0.0770, 0.0747, 0.0725, 0.0706, 0.0687,
  ]

### behavior/entropy
  Total points: 100
  Min: -0.7532, Max: 5.2820, Mean: 3.1406
  Data: [
    3.6330, 3.6554, 3.6785, 3.7023, 3.7269, 3.7530, 3.7805, 3.8092, 3.8397, 3.8721,
    3.9060, 3.9418, 3.9790, 4.0198, 4.0611, 4.1039, 4.1482, 4.1936, 4.2388, 4.2849,
    4.3303, 4.3761, 4.4209, 4.4657, 4.5096, 4.5525, 4.5944, 4.6361, 4.6762, 4.7157,
    4.7538, 4.7912, 4.8278, 4.8631, 4.8975, 4.9307, 4.9629, 4.9940, 5.0241, 5.0529,
    5.0809, 5.1076, 5.1335, 5.1581, 5.1816, 5.2035, 5.2820, 5.1005, 5.1783, 5.2009,
    5.1348, 5.0532, 4.8092, 4.3759, 3.7240, 3.6453, 3.5642, 3.4811, 3.3966, 3.3115,
    3.2250, 3.1356, 3.0437, 2.9496, 2.8534, 2.7555, 2.6551, 2.5558, 2.4552, 2.3539,
    2.2509, 2.1460, 2.0402, 1.9330, 1.8253, 1.7175, 1.6099, 1.5023, 1.3940, 1.2859,
    1.1771, 1.0670, 0.9572, 0.8484, 0.7400, 0.6319, 0.5241, 0.4180, 0.3137, 0.2111,
    0.1084, 0.0060, -0.0956, -0.1949, -0.2928, -0.3896, -0.4843, -0.5764, -0.6659, -0.7532,
  ]

### behavior/policy_loss
  Total points: 100
  Min: -0.2559, Max: 0.1219, Mean: -0.0803
  Data: [
    0.0000, -0.0000, -0.0000, -0.0000, -0.0001, -0.0001, -0.0001, -0.0001, -0.0001, -0.0001,
    -0.0002, -0.0002, -0.0002, -0.0002, -0.0002, -0.0003, -0.0003, -0.0003, -0.0004, -0.0004,
    -0.0005, -0.0005, -0.0006, -0.0007, -0.0008, -0.0008, -0.0009, -0.0010, -0.0012, -0.0013,
    -0.0014, -0.0016, -0.0019, -0.0021, -0.0024, -0.0027, -0.0031, -0.0036, -0.0042, -0.0048,
    -0.0056, -0.0065, -0.0077, -0.0092, -0.0109, -0.0132, -0.0952, -0.1850, 0.1219, 0.1206,
    0.0350, 0.0013, -0.0275, -0.0575, -0.0812, -0.0828, -0.0840, -0.0853, -0.0884, -0.0914,
    -0.0967, -0.1040, -0.1135, -0.1246, -0.1384, -0.1500, -0.1619, -0.1709, -0.1791, -0.1831,
    -0.1847, -0.1862, -0.1858, -0.1856, -0.1841, -0.1830, -0.1817, -0.1804, -0.1798, -0.1786,
    -0.1757, -0.1732, -0.1740, -0.1745, -0.1769, -0.1763, -0.1769, -0.1790, -0.1823, -0.1861,
    -0.1925, -0.2013, -0.2121, -0.2222, -0.2322, -0.2407, -0.2482, -0.2526, -0.2557, -0.2559,
  ]

### behavior/target_mean
  Total points: 100
  Min: -0.0988, Max: -0.0000, Mean: -0.0034
  Data: [
    -0.0000, -0.0000, -0.0000, -0.0000, -0.0000, -0.0000, -0.0000, -0.0000, -0.0001, -0.0001,
    -0.0001, -0.0001, -0.0001, -0.0001, -0.0001, -0.0001, -0.0001, -0.0002, -0.0002, -0.0002,
    -0.0002, -0.0002, -0.0003, -0.0003, -0.0003, -0.0004, -0.0004, -0.0004, -0.0005, -0.0005,
    -0.0006, -0.0007, -0.0008, -0.0009, -0.0010, -0.0011, -0.0013, -0.0015, -0.0018, -0.0020,
    -0.0024, -0.0028, -0.0033, -0.0039, -0.0047, -0.0057, -0.0448, -0.0988, -0.0366, -0.0063,
    -0.0007, -0.0003, -0.0002, -0.0004, -0.0016, -0.0020, -0.0023, -0.0026, -0.0028, -0.0030,
    -0.0030, -0.0031, -0.0030, -0.0029, -0.0028, -0.0027, -0.0026, -0.0026, -0.0025, -0.0026,
    -0.0027, -0.0027, -0.0026, -0.0026, -0.0025, -0.0024, -0.0023, -0.0022, -0.0020, -0.0019,
    -0.0020, -0.0020, -0.0020, -0.0020, -0.0020, -0.0021, -0.0022, -0.0023, -0.0024, -0.0025,
    -0.0025, -0.0025, -0.0024, -0.0024, -0.0024, -0.0023, -0.0022, -0.0021, -0.0020, -0.0020,
  ]

### behavior/value_mean
  Total points: 100
  Min: -0.0614, Max: 0.0000, Mean: -0.0025
  Data: [
    0.0000, 0.0000, -0.0000, 0.0000, -0.0000, -0.0000, -0.0000, -0.0000, -0.0000, -0.0000,
    -0.0000, -0.0000, -0.0000, -0.0000, -0.0000, -0.0000, -0.0000, -0.0000, -0.0000, -0.0000,
    -0.0000, -0.0000, -0.0000, -0.0000, -0.0000, -0.0000, -0.0000, -0.0000, -0.0000, -0.0000,
    -0.0000, -0.0000, -0.0000, -0.0000, -0.0000, -0.0000, -0.0000, -0.0000, -0.0001, -0.0001,
    -0.0001, -0.0001, -0.0002, -0.0002, -0.0003, -0.0004, -0.0061, -0.0172, -0.0614, -0.0418,
    -0.0072, -0.0007, -0.0001, -0.0001, -0.0004, -0.0004, -0.0005, -0.0007, -0.0008, -0.0010,
    -0.0013, -0.0016, -0.0019, -0.0024, -0.0030, -0.0036, -0.0042, -0.0046, -0.0049, -0.0051,
    -0.0052, -0.0051, -0.0049, -0.0046, -0.0042, -0.0038, -0.0034, -0.0030, -0.0027, -0.0023,
    -0.0020, -0.0017, -0.0016, -0.0014, -0.0014, -0.0013, -0.0013, -0.0014, -0.0014, -0.0016,
    -0.0017, -0.0019, -0.0021, -0.0024, -0.0026, -0.0028, -0.0030, -0.0030, -0.0030, -0.0030,
  ]

### episode/length
  Total points: 100
  Min: 17.0000, Max: 250.0000, Mean: 166.9500
  Data: [
    250.0000, 250.0000, 36.0000, 143.0000, 109.0000, 167.0000, 49.0000, 250.0000, 51.0000, 181.0000,
    168.0000, 206.0000, 32.0000, 250.0000, 199.0000, 193.0000, 56.0000, 250.0000, 51.0000, 250.0000,
    96.0000, 111.0000, 68.0000, 250.0000, 88.0000, 86.0000, 44.0000, 250.0000, 55.0000, 250.0000,
    134.0000, 205.0000, 32.0000, 250.0000, 250.0000, 250.0000, 17.0000, 250.0000, 250.0000, 250.0000,
    54.0000, 111.0000, 62.0000, 242.0000, 49.0000, 250.0000, 80.0000, 250.0000, 250.0000, 250.0000,
    250.0000, 250.0000, 250.0000, 250.0000, 250.0000, 32.0000, 250.0000, 42.0000, 250.0000, 31.0000,
    250.0000, 48.0000, 250.0000, 250.0000, 250.0000, 31.0000, 250.0000, 136.0000, 250.0000, 149.0000,
    250.0000, 111.0000, 250.0000, 32.0000, 250.0000, 32.0000, 250.0000, 32.0000, 250.0000, 32.0000,
    250.0000, 43.0000, 250.0000, 43.0000, 250.0000, 250.0000, 250.0000, 250.0000, 250.0000, 56.0000,
    250.0000, 48.0000, 250.0000, 30.0000, 250.0000, 42.0000, 250.0000, 250.0000, 250.0000, 50.0000,
  ]

### episode/outcome
  Total points: 100
  Min: -1.0000, Max: 1.0000, Mean: -0.4200
  Data: [
    0.0000, 0.0000, -1.0000, -1.0000, -1.0000, -1.0000, 1.0000, 0.0000, -1.0000, -1.0000,
    -1.0000, -1.0000, -1.0000, 0.0000, -1.0000, -1.0000, -1.0000, 0.0000, -1.0000, 0.0000,
    -1.0000, -1.0000, -1.0000, 0.0000, -1.0000, -1.0000, 1.0000, 0.0000, -1.0000, 0.0000,
    -1.0000, -1.0000, -1.0000, 0.0000, 0.0000, 0.0000, -1.0000, 0.0000, 0.0000, 0.0000,
    -1.0000, -1.0000, 1.0000, -1.0000, -1.0000, 0.0000, 1.0000, 0.0000, 0.0000, 0.0000,
    0.0000, 0.0000, 0.0000, 0.0000, 0.0000, -1.0000, 0.0000, -1.0000, 0.0000, -1.0000,
    0.0000, -1.0000, 0.0000, 0.0000, 0.0000, -1.0000, 0.0000, -1.0000, 0.0000, -1.0000,
    0.0000, -1.0000, 0.0000, -1.0000, 0.0000, -1.0000, 0.0000, -1.0000, 0.0000, -1.0000,
    0.0000, -1.0000, 0.0000, -1.0000, 0.0000, 0.0000, 0.0000, 0.0000, 0.0000, -1.0000,
    0.0000, -1.0000, 0.0000, -1.0000, 0.0000, -1.0000, 0.0000, 0.0000, 0.0000, -1.0000,
  ]

### episode/reward
  Total points: 100
  Min: -1.0000, Max: 1.0000, Mean: -0.4200
  Data: [
    0.0000, 0.0000, -1.0000, -1.0000, -1.0000, -1.0000, 1.0000, 0.0000, -1.0000, -1.0000,
    -1.0000, -1.0000, -1.0000, 0.0000, -1.0000, -1.0000, -1.0000, 0.0000, -1.0000, 0.0000,
    -1.0000, -1.0000, -1.0000, 0.0000, -1.0000, -1.0000, 1.0000, 0.0000, -1.0000, 0.0000,
    -1.0000, -1.0000, -1.0000, 0.0000, 0.0000, 0.0000, -1.0000, 0.0000, 0.0000, 0.0000,
    -1.0000, -1.0000, 1.0000, -1.0000, -1.0000, 0.0000, 1.0000, 0.0000, 0.0000, 0.0000,
    0.0000, 0.0000, 0.0000, 0.0000, 0.0000, -1.0000, 0.0000, -1.0000, 0.0000, -1.0000,
    0.0000, -1.0000, 0.0000, 0.0000, 0.0000, -1.0000, 0.0000, -1.0000, 0.0000, -1.0000,
    0.0000, -1.0000, 0.0000, -1.0000, 0.0000, -1.0000, 0.0000, -1.0000, 0.0000, -1.0000,
    0.0000, -1.0000, 0.0000, -1.0000, 0.0000, 0.0000, 0.0000, 0.0000, 0.0000, -1.0000,
    0.0000, -1.0000, 0.0000, -1.0000, 0.0000, -1.0000, 0.0000, 0.0000, 0.0000, -1.0000,
  ]

### episode/time
  Total points: 100
  Min: 0.0399, Max: 0.5847, Mean: 0.3793
  Data: [
    0.5577, 0.5668, 0.0832, 0.3241, 0.2454, 0.3810, 0.1113, 0.5665, 0.1159, 0.4045,
    0.3768, 0.4645, 0.0739, 0.5633, 0.4490, 0.4344, 0.1259, 0.5608, 0.1162, 0.5643,
    0.2159, 0.2509, 0.1564, 0.5648, 0.1987, 0.1987, 0.0995, 0.5659, 0.1259, 0.5617,
    0.3017, 0.4627, 0.0732, 0.5636, 0.5597, 0.5652, 0.0399, 0.5619, 0.5605, 0.5619,
    0.1233, 0.2490, 0.1431, 0.5437, 0.1113, 0.5614, 0.1876, 0.5658, 0.5624, 0.5663,
    0.5847, 0.5653, 0.5712, 0.5741, 0.5723, 0.0741, 0.5693, 0.0970, 0.5700, 0.0719,
    0.5737, 0.1113, 0.5714, 0.5687, 0.5749, 0.0721, 0.5700, 0.3110, 0.5694, 0.3382,
    0.5670, 0.2555, 0.5736, 0.0746, 0.5712, 0.0741, 0.5711, 0.0739, 0.5763, 0.0745,
    0.5676, 0.0987, 0.5700, 0.0990, 0.5699, 0.5690, 0.5745, 0.5721, 0.5727, 0.1288,
    0.5774, 0.1096, 0.5703, 0.0693, 0.5740, 0.0973, 0.5702, 0.5544, 0.5604, 0.1132,
  ]

### episode/train_time
  Total points: 100
  Min: 0.6232, Max: 1.8347, Mean: 0.6634
  Data: [
    1.8347, 0.6625, 0.6320, 0.6700, 0.6442, 0.6540, 0.6406, 0.6487, 0.6418, 0.6393,
    0.6441, 0.6672, 0.6353, 0.6555, 0.6563, 0.6511, 0.6352, 0.6350, 0.6496, 0.6394,
    0.6488, 0.6468, 0.6437, 0.6422, 0.6436, 0.6630, 0.6635, 0.6533, 0.6459, 0.6676,
    0.6414, 0.6574, 0.6388, 0.6508, 0.6559, 0.6615, 0.6433, 0.6435, 0.6473, 0.6465,
    0.6436, 0.6629, 0.6454, 0.7743, 0.6530, 0.6517, 0.6435, 0.6563, 0.6442, 0.6401,
    0.7094, 0.6427, 0.6477, 0.6498, 0.6375, 0.6300, 0.6749, 0.6361, 0.6277, 0.6471,
    0.7790, 0.6320, 0.6485, 0.6381, 0.6477, 0.6337, 0.6408, 0.6374, 0.6347, 0.6457,
    0.6351, 0.6623, 0.6402, 0.6232, 0.6469, 0.6476, 0.6361, 0.6611, 0.6530, 0.6653,
    0.6417, 0.6664, 0.6451, 0.6333, 0.6461, 0.6367, 0.6496, 0.6635, 0.7381, 0.6394,
    0.6569, 0.6342, 0.6332, 0.6391, 0.6569, 0.6438, 0.6419, 0.7330, 0.6374, 0.6397,
  ]

### eval/gameplay_gif_strong
  Total points: 1
  ✗ Could not format data: float() argument must be a string or a real number, not 'dict'

### eval/gameplay_gif_weak
  Total points: 1
  ✗ Could not format data: float() argument must be a string or a real number, not 'dict'

### grad/actor
  Total points: 100
  Min: 0.0028, Max: 1.2816, Mean: 0.4983
  Data: [
    0.0028, 0.0028, 0.0029, 0.0030, 0.0031, 0.0032, 0.0033, 0.0035, 0.0036, 0.0038,
    0.0040, 0.0041, 0.0042, 0.0044, 0.0045, 0.0047, 0.0048, 0.0048, 0.0049, 0.0050,
    0.0050, 0.0051, 0.0051, 0.0051, 0.0051, 0.0050, 0.0050, 0.0050, 0.0049, 0.0048,
    0.0048, 0.0048, 0.0048, 0.0046, 0.0047, 0.0047, 0.0045, 0.0044, 0.0046, 0.0049,
    0.0049, 0.0059, 0.0037, 0.0095, 0.0078, 0.0061, 0.0564, 0.0749, 0.1270, 0.8934,
    0.8464, 0.8640, 0.9745, 1.0094, 0.9236, 0.9000, 0.8782, 0.8637, 0.8594, 0.8652,
    0.8850, 0.9207, 0.9717, 1.0383, 1.1120, 1.1803, 1.2243, 1.2596, 1.2816, 1.2708,
    1.2522, 1.2243, 1.1931, 1.1580, 1.1206, 1.0830, 1.0471, 1.0142, 0.9826, 0.9561,
    0.9170, 0.8881, 0.8681, 0.8537, 0.8451, 0.8228, 0.8069, 0.7994, 0.7961, 0.7979,
    0.8085, 0.8281, 0.8531, 0.8785, 0.9001, 0.9174, 0.9304, 0.9353, 0.9338, 0.9297,
  ]

### grad/critic
  Total points: 100
  Min: 0.0260, Max: 49.2245, Mean: 3.7626
  Data: [
    1.1833, 1.1951, 1.2294, 1.2766, 1.3171, 1.3621, 1.4075, 1.4530, 1.5028, 1.5565,
    1.6147, 1.6770, 1.7453, 1.8245, 1.9080, 1.9954, 2.0920, 2.1907, 2.3022, 2.4230,
    2.5442, 2.6893, 2.8244, 2.9821, 3.1500, 3.3294, 3.5135, 3.7265, 3.9399, 4.1783,
    4.4439, 4.7482, 5.0852, 5.4596, 5.8758, 6.2981, 6.8258, 7.4131, 8.0889, 8.8366,
    9.7184, 10.7316, 11.9901, 13.3776, 14.9787, 16.8200, 27.3680, 49.2245, 18.6641, 27.1334,
    5.2817, 0.3140, 0.0819, 0.2623, 0.9947, 1.1953, 1.3646, 1.4787, 1.5220, 1.4828,
    1.3545, 1.1240, 0.7888, 0.3401, 0.2258, 0.8110, 1.2480, 1.6314, 1.9334, 1.9889,
    1.9695, 1.8839, 1.7474, 1.5695, 1.3613, 1.1406, 0.9209, 0.7140, 0.5161, 0.3348,
    0.0577, 0.1610, 0.3012, 0.3960, 0.4423, 0.5835, 0.6676, 0.6992, 0.6996, 0.6709,
    0.5825, 0.4311, 0.2236, 0.0260, 0.2206, 0.4354, 0.6146, 0.7269, 0.7694, 0.7580,
  ]

### grad/world
  Total points: 100
  Min: 5.6139, Max: 112.4612, Mean: 15.4823
  Data: [
    6.6324, 5.6255, 5.6139, 5.7348, 6.2008, 6.6071, 6.8142, 7.1426, 7.2297, 7.5491,
    7.7044, 7.8241, 8.1161, 8.3910, 8.5838, 8.9030, 9.0813, 9.2608, 9.4710, 9.7873,
    9.7586, 9.9329, 10.0731, 10.1791, 10.3523, 10.4367, 10.5759, 10.9696, 10.8542, 11.3737,
    11.0839, 12.9132, 11.9231, 11.5981, 11.7831, 12.0201, 13.0360, 13.4253, 12.8932, 13.3356,
    13.7847, 16.1473, 16.9946, 16.0833, 17.1918, 28.9142, 44.2204, 46.9484, 12.5655, 11.5515,
    112.4612, 12.7578, 12.5674, 11.5581, 12.0976, 85.5809, 11.4380, 11.2722, 11.4662, 11.0429,
    11.1232, 11.4000, 10.8513, 10.7786, 10.8957, 10.7231, 75.6725, 11.2978, 10.5795, 73.0983,
    10.6089, 10.3509, 10.8077, 10.2041, 11.2708, 10.7748, 10.1553, 10.4831, 10.1379, 10.0943,
    65.7885, 10.5161, 10.0736, 10.3838, 10.0281, 63.3763, 9.5397, 10.3643, 10.7001, 9.8867,
    10.4848, 9.8927, 10.0890, 11.3849, 9.0012, 10.2862, 10.3326, 8.9235, 9.4917, 8.9418,
  ]

### imagine/continue_mean
  Total points: 100
  Min: 0.5024, Max: 0.7327, Mean: 0.6076
  Data: [
    0.5024, 0.5043, 0.5060, 0.5077, 0.5093, 0.5109, 0.5125, 0.5141, 0.5156, 0.5172,
    0.5186, 0.5200, 0.5215, 0.5229, 0.5242, 0.5255, 0.5268, 0.5280, 0.5291, 0.5302,
    0.5312, 0.5322, 0.5331, 0.5340, 0.5348, 0.5356, 0.5363, 0.5369, 0.5376, 0.5382,
    0.5387, 0.5393, 0.5398, 0.5403, 0.5408, 0.5412, 0.5416, 0.5420, 0.5424, 0.5428,
    0.5431, 0.5435, 0.5438, 0.5441, 0.5444, 0.5447, 0.5472, 0.5505, 0.5558, 0.5653,
    0.5813, 0.5975, 0.6143, 0.6313, 0.6488, 0.6506, 0.6523, 0.6541, 0.6559, 0.6577,
    0.6595, 0.6613, 0.6631, 0.6649, 0.6668, 0.6686, 0.6704, 0.6723, 0.6741, 0.6759,
    0.6778, 0.6796, 0.6815, 0.6833, 0.6852, 0.6871, 0.6889, 0.6908, 0.6927, 0.6946,
    0.6965, 0.6983, 0.7002, 0.7021, 0.7040, 0.7059, 0.7078, 0.7097, 0.7116, 0.7135,
    0.7154, 0.7173, 0.7192, 0.7211, 0.7231, 0.7250, 0.7269, 0.7288, 0.7308, 0.7327,
  ]

### imagine/reward_mean
  Total points: 100
  Min: -0.0512, Max: -0.0000, Mean: -0.0016
  Data: [
    -0.0000, -0.0000, -0.0000, -0.0000, -0.0000, -0.0000, -0.0000, -0.0000, -0.0000, -0.0000,
    -0.0000, -0.0000, -0.0000, -0.0001, -0.0001, -0.0001, -0.0001, -0.0001, -0.0001, -0.0001,
    -0.0001, -0.0001, -0.0001, -0.0002, -0.0002, -0.0002, -0.0002, -0.0002, -0.0003, -0.0003,
    -0.0003, -0.0004, -0.0004, -0.0005, -0.0005, -0.0006, -0.0007, -0.0008, -0.0009, -0.0011,
    -0.0012, -0.0014, -0.0017, -0.0021, -0.0025, -0.0030, -0.0233, -0.0512, -0.0189, -0.0032,
    -0.0003, -0.0002, -0.0001, -0.0002, -0.0007, -0.0009, -0.0010, -0.0011, -0.0012, -0.0013,
    -0.0013, -0.0013, -0.0013, -0.0012, -0.0012, -0.0011, -0.0011, -0.0011, -0.0010, -0.0011,
    -0.0011, -0.0011, -0.0011, -0.0011, -0.0010, -0.0010, -0.0009, -0.0009, -0.0008, -0.0008,
    -0.0008, -0.0008, -0.0008, -0.0008, -0.0008, -0.0008, -0.0009, -0.0009, -0.0009, -0.0009,
    -0.0010, -0.0009, -0.0009, -0.0009, -0.0009, -0.0009, -0.0008, -0.0008, -0.0007, -0.0007,
  ]

### imagine/reward_std
  Total points: 100
  Min: 0.0000, Max: 0.0012, Mean: 0.0001
  Data: [
    0.0000, 0.0000, 0.0000, 0.0000, 0.0000, 0.0000, 0.0000, 0.0000, 0.0000, 0.0000,
    0.0000, 0.0000, 0.0000, 0.0000, 0.0000, 0.0000, 0.0000, 0.0000, 0.0000, 0.0000,
    0.0000, 0.0000, 0.0000, 0.0000, 0.0000, 0.0000, 0.0000, 0.0000, 0.0000, 0.0000,
    0.0000, 0.0000, 0.0000, 0.0000, 0.0000, 0.0000, 0.0000, 0.0000, 0.0000, 0.0001,
    0.0001, 0.0001, 0.0001, 0.0001, 0.0001, 0.0002, 0.0011, 0.0012, 0.0008, 0.0004,
    0.0001, 0.0000, 0.0000, 0.0000, 0.0001, 0.0001, 0.0001, 0.0001, 0.0001, 0.0001,
    0.0001, 0.0001, 0.0001, 0.0001, 0.0001, 0.0001, 0.0001, 0.0001, 0.0001, 0.0001,
    0.0001, 0.0001, 0.0001, 0.0001, 0.0001, 0.0001, 0.0001, 0.0000, 0.0001, 0.0001,
    0.0000, 0.0001, 0.0001, 0.0001, 0.0001, 0.0001, 0.0001, 0.0001, 0.0001, 0.0001,
    0.0001, 0.0001, 0.0001, 0.0001, 0.0001, 0.0001, 0.0001, 0.0001, 0.0001, 0.0001,
  ]

### stats/buffer_episodes
  Total points: 100
  Min: 6.0000, Max: 186.0000, Mean: 96.0000
  Data: [
    6.0000, 7.0000, 8.0000, 9.0000, 10.0000, 11.0000, 12.0000, 13.0000, 14.0000, 15.0000,
    16.0000, 17.0000, 18.0000, 19.0000, 20.0000, 21.0000, 22.0000, 23.0000, 24.0000, 25.0000,
    26.0000, 27.0000, 28.0000, 29.0000, 30.0000, 31.0000, 32.0000, 33.0000, 34.0000, 35.0000,
    36.0000, 37.0000, 38.0000, 39.0000, 40.0000, 41.0000, 42.0000, 43.0000, 44.0000, 45.0000,
    46.0000, 47.0000, 48.0000, 49.0000, 50.0000, 51.0000, 61.0000, 71.0000, 81.0000, 91.0000,
    101.0000, 111.0000, 121.0000, 131.0000, 141.0000, 142.0000, 143.0000, 144.0000, 145.0000, 146.0000,
    147.0000, 148.0000, 149.0000, 150.0000, 151.0000, 152.0000, 153.0000, 154.0000, 155.0000, 156.0000,
    157.0000, 158.0000, 159.0000, 160.0000, 161.0000, 162.0000, 163.0000, 164.0000, 165.0000, 166.0000,
    167.0000, 168.0000, 169.0000, 170.0000, 171.0000, 172.0000, 173.0000, 174.0000, 175.0000, 176.0000,
    177.0000, 178.0000, 179.0000, 180.0000, 181.0000, 182.0000, 183.0000, 184.0000, 185.0000, 186.0000,
  ]

### stats/buffer_size
  Total points: 100
  Min: 1223.0000, Max: 32076.0000, Mean: 16381.1600
  Data: [
    1223.0000, 1473.0000, 1509.0000, 1652.0000, 1761.0000, 1928.0000, 1977.0000, 2227.0000, 2278.0000, 2459.0000,
    2627.0000, 2833.0000, 2865.0000, 3115.0000, 3314.0000, 3507.0000, 3563.0000, 3813.0000, 3864.0000, 4114.0000,
    4210.0000, 4321.0000, 4389.0000, 4639.0000, 4727.0000, 4813.0000, 4857.0000, 5107.0000, 5162.0000, 5412.0000,
    5546.0000, 5751.0000, 5783.0000, 6033.0000, 6283.0000, 6533.0000, 6550.0000, 6800.0000, 7050.0000, 7300.0000,
    7354.0000, 7465.0000, 7527.0000, 7769.0000, 7818.0000, 8068.0000, 9800.0000, 11522.0000, 13405.0000, 15180.0000,
    17076.0000, 19216.0000, 20908.0000, 22626.0000, 24556.0000, 24588.0000, 24838.0000, 24880.0000, 25130.0000, 25161.0000,
    25411.0000, 25459.0000, 25709.0000, 25959.0000, 26209.0000, 26240.0000, 26490.0000, 26626.0000, 26876.0000, 27025.0000,
    27275.0000, 27386.0000, 27636.0000, 27668.0000, 27918.0000, 27950.0000, 28200.0000, 28232.0000, 28482.0000, 28514.0000,
    28764.0000, 28807.0000, 29057.0000, 29100.0000, 29350.0000, 29600.0000, 29850.0000, 30100.0000, 30350.0000, 30406.0000,
    30656.0000, 30704.0000, 30954.0000, 30984.0000, 31234.0000, 31276.0000, 31526.0000, 31776.0000, 32026.0000, 32076.0000,
  ]

### stats/total_steps
  Total points: 100
  Min: 1223.0000, Max: 32076.0000, Mean: 16381.1600
  Data: [
    1223.0000, 1473.0000, 1509.0000, 1652.0000, 1761.0000, 1928.0000, 1977.0000, 2227.0000, 2278.0000, 2459.0000,
    2627.0000, 2833.0000, 2865.0000, 3115.0000, 3314.0000, 3507.0000, 3563.0000, 3813.0000, 3864.0000, 4114.0000,
    4210.0000, 4321.0000, 4389.0000, 4639.0000, 4727.0000, 4813.0000, 4857.0000, 5107.0000, 5162.0000, 5412.0000,
    5546.0000, 5751.0000, 5783.0000, 6033.0000, 6283.0000, 6533.0000, 6550.0000, 6800.0000, 7050.0000, 7300.0000,
    7354.0000, 7465.0000, 7527.0000, 7769.0000, 7818.0000, 8068.0000, 9800.0000, 11522.0000, 13405.0000, 15180.0000,
    17076.0000, 19216.0000, 20908.0000, 22626.0000, 24556.0000, 24588.0000, 24838.0000, 24880.0000, 25130.0000, 25161.0000,
    25411.0000, 25459.0000, 25709.0000, 25959.0000, 26209.0000, 26240.0000, 26490.0000, 26626.0000, 26876.0000, 27025.0000,
    27275.0000, 27386.0000, 27636.0000, 27668.0000, 27918.0000, 27950.0000, 28200.0000, 28232.0000, 28482.0000, 28514.0000,
    28764.0000, 28807.0000, 29057.0000, 29100.0000, 29350.0000, 29600.0000, 29850.0000, 30100.0000, 30350.0000, 30406.0000,
    30656.0000, 30704.0000, 30954.0000, 30984.0000, 31234.0000, 31276.0000, 31526.0000, 31776.0000, 32026.0000, 32076.0000,
  ]

### stats/win_rate
  Total points: 100
  Min: 0.0000, Max: 0.1148, Mean: 0.0530
  Data: [
    0.0000, 0.0000, 0.0000, 0.0000, 0.0000, 0.0000, 0.0833, 0.0769, 0.0714, 0.0667,
    0.0625, 0.0588, 0.0556, 0.0526, 0.0500, 0.0476, 0.0455, 0.0435, 0.0417, 0.0400,
    0.0385, 0.0370, 0.0357, 0.0345, 0.0333, 0.0323, 0.0625, 0.0606, 0.0588, 0.0571,
    0.0556, 0.0541, 0.0526, 0.0513, 0.0500, 0.0488, 0.0476, 0.0465, 0.0455, 0.0444,
    0.0435, 0.0426, 0.0625, 0.0612, 0.0600, 0.0588, 0.1148, 0.0986, 0.0864, 0.0769,
    0.0792, 0.0811, 0.0744, 0.0687, 0.0638, 0.0634, 0.0629, 0.0625, 0.0621, 0.0616,
    0.0612, 0.0608, 0.0604, 0.0600, 0.0596, 0.0592, 0.0588, 0.0584, 0.0581, 0.0577,
    0.0573, 0.0570, 0.0566, 0.0563, 0.0559, 0.0556, 0.0552, 0.0549, 0.0545, 0.0542,
    0.0539, 0.0536, 0.0533, 0.0529, 0.0526, 0.0523, 0.0520, 0.0517, 0.0514, 0.0511,
    0.0508, 0.0506, 0.0503, 0.0500, 0.0497, 0.0495, 0.0492, 0.0489, 0.0486, 0.0484,
  ]

### world/continue_loss
  Total points: 100
  Min: 0.3137, Max: 0.6931, Mean: 0.5093
  Data: [
    0.6931, 0.6884, 0.6847, 0.6813, 0.6780, 0.6747, 0.6715, 0.6684, 0.6655, 0.6625,
    0.6596, 0.6568, 0.6539, 0.6513, 0.6486, 0.6460, 0.6437, 0.6412, 0.6389, 0.6368,
    0.6348, 0.6327, 0.6309, 0.6292, 0.6275, 0.6261, 0.6246, 0.6234, 0.6220, 0.6210,
    0.6198, 0.6191, 0.6178, 0.6167, 0.6158, 0.6149, 0.6143, 0.6135, 0.6125, 0.6118,
    0.6112, 0.6106, 0.6100, 0.6092, 0.6087, 0.6084, 0.6034, 0.5979, 0.5886, 0.5726,
    0.5462, 0.5178, 0.4902, 0.4627, 0.4354, 0.4333, 0.4300, 0.4273, 0.4245, 0.4218,
    0.4190, 0.4163, 0.4136, 0.4108, 0.4088, 0.4054, 0.4033, 0.3999, 0.3972, 0.3952,
    0.3917, 0.3890, 0.3863, 0.3835, 0.3808, 0.3781, 0.3762, 0.3727, 0.3699, 0.3680,
    0.3661, 0.3618, 0.3591, 0.3564, 0.3537, 0.3519, 0.3492, 0.3457, 0.3430, 0.3403,
    0.3376, 0.3349, 0.3323, 0.3296, 0.3279, 0.3243, 0.3217, 0.3190, 0.3164, 0.3137,
  ]

### world/kl_loss
  Total points: 100
  Min: 0.6000, Max: 0.7269, Mean: 0.6262
  Data: [
    0.6000, 0.6000, 0.6000, 0.6000, 0.6000, 0.6000, 0.6000, 0.6000, 0.6000, 0.6000,
    0.6000, 0.6000, 0.6000, 0.6000, 0.6000, 0.6000, 0.6000, 0.6000, 0.6000, 0.6000,
    0.6000, 0.6000, 0.6000, 0.6033, 0.6177, 0.6169, 0.6329, 0.6259, 0.6219, 0.6088,
    0.6046, 0.6053, 0.6015, 0.6028, 0.6024, 0.6021, 0.6065, 0.6030, 0.6105, 0.6095,
    0.6180, 0.6198, 0.6153, 0.6152, 0.6147, 0.6088, 0.6080, 0.6050, 0.6050, 0.6164,
    0.6052, 0.6061, 0.6051, 0.6194, 0.6128, 0.6288, 0.6224, 0.6301, 0.6211, 0.6170,
    0.6125, 0.6224, 0.6227, 0.6208, 0.6209, 0.6205, 0.6323, 0.6121, 0.6175, 0.6414,
    0.6370, 0.6329, 0.6580, 0.6358, 0.6398, 0.6413, 0.6224, 0.6602, 0.6274, 0.6520,
    0.6397, 0.6674, 0.6543, 0.6596, 0.6751, 0.6470, 0.6635, 0.7210, 0.6892, 0.6869,
    0.6657, 0.6832, 0.6712, 0.7269, 0.6513, 0.6747, 0.6902, 0.6506, 0.6898, 0.7125,
  ]

### world/kl_value
  Total points: 100
  Min: 0.0011, Max: 1.0744, Mean: 0.7062
  Data: [
    0.0011, 0.0023, 0.0055, 0.0101, 0.0152, 0.0188, 0.0243, 0.0286, 0.0388, 0.0453,
    0.0536, 0.0725, 0.0917, 0.1228, 0.1162, 0.1933, 0.2304, 0.3134, 0.1930, 0.4263,
    0.3131, 0.3330, 0.3708, 0.6046, 0.6305, 0.5069, 0.6460, 0.6346, 0.6325, 0.5353,
    0.5656, 0.6974, 0.5488, 0.6534, 0.6992, 0.6870, 0.7441, 0.7676, 0.8103, 0.8353,
    0.8894, 0.9138, 0.9024, 0.9078, 0.9309, 0.8627, 0.8112, 0.7061, 0.8127, 0.8673,
    0.9025, 0.9214, 0.8855, 0.9652, 0.9127, 0.9829, 0.9533, 0.9773, 0.9253, 0.9184,
    0.9095, 0.9573, 0.9736, 0.9730, 0.9269, 0.9019, 0.9452, 0.8633, 0.8711, 0.9797,
    0.9618, 0.9886, 1.0264, 0.9758, 0.9701, 0.9041, 0.8980, 0.9872, 0.9415, 0.9667,
    0.9307, 1.0083, 0.9731, 0.9771, 1.0191, 0.9225, 0.9343, 1.0744, 0.9747, 0.9852,
    0.9398, 0.9946, 0.9850, 1.0611, 0.9011, 0.9585, 1.0010, 0.9285, 0.9612, 0.9964,
  ]

### world/loss
  Total points: 100
  Min: 1.2959, Max: 18.1797, Mean: 5.4526
  Data: [
    13.2911, 7.7647, 7.7862, 7.7847, 7.7333, 7.8236, 7.7391, 7.7097, 7.7278, 7.5616,
    7.5185, 7.6206, 7.6445, 7.5625, 7.5067, 7.6322, 7.7397, 7.6380, 7.3785, 13.0450,
    7.3630, 7.3279, 7.2858, 7.5120, 7.5452, 7.3258, 7.4816, 12.7640, 7.3831, 12.6924,
    7.2842, 18.1797, 12.5032, 7.2723, 7.2800, 7.1424, 12.5036, 12.4168, 7.0910, 7.0310,
    7.0565, 12.2522, 12.1262, 6.8614, 6.9820, 16.7839, 4.8029, 5.7695, 1.9326, 1.8426,
    9.7614, 1.7102, 1.6176, 1.7046, 1.5390, 8.8196, 1.5699, 1.6605, 1.6324, 1.6012,
    1.5339, 1.5765, 1.6222, 1.5852, 1.6170, 1.4721, 9.9842, 1.4527, 1.4698, 8.4457,
    1.5122, 1.5189, 1.6941, 1.5357, 1.5180, 1.5141, 1.4287, 1.6004, 1.4087, 1.4833,
    8.3935, 1.5925, 1.3683, 1.4255, 1.5256, 8.4170, 1.5006, 1.7120, 1.5788, 1.5520,
    1.4831, 1.4863, 1.4731, 1.5497, 1.2959, 1.4469, 1.5669, 1.4363, 1.4203, 1.4466,
  ]

### world/recon_loss
  Total points: 100
  Min: 0.3107, Max: 1.0508, Mean: 0.6264
  Data: [
    1.0508, 0.9361, 0.9622, 0.9650, 0.9179, 1.0125, 0.9323, 0.9071, 0.9292, 0.7674,
    0.7285, 0.8349, 0.8634, 0.7858, 0.7347, 0.8650, 0.9772, 0.8808, 0.6268, 0.9069,
    0.6224, 0.5934, 0.5579, 0.7874, 0.8139, 0.6027, 0.7509, 0.6750, 0.6825, 0.6561,
    0.6229, 0.8257, 0.5285, 0.6573, 0.6838, 0.5678, 0.6413, 0.5978, 0.5912, 0.5686,
    0.6271, 0.6668, 0.6296, 0.6161, 0.8178, 0.6450, 0.7527, 0.8092, 0.6697, 0.6431,
    0.7090, 0.5855, 0.5218, 0.6216, 0.4877, 0.5733, 0.5133, 0.5983, 0.5813, 0.5565,
    0.4961, 0.5315, 0.5796, 0.5474, 0.5814, 0.4405, 0.4864, 0.4352, 0.4496, 0.6169,
    0.4776, 0.4909, 0.6435, 0.5099, 0.4910, 0.4885, 0.4241, 0.5617, 0.4059, 0.4581,
    0.4260, 0.5582, 0.3498, 0.4044, 0.4916, 0.4004, 0.4824, 0.6394, 0.5406, 0.5186,
    0.4734, 0.4617, 0.4633, 0.4869, 0.3107, 0.4419, 0.5494, 0.4613, 0.4089, 0.4155,
  ]

### world/reward_loss
  Total points: 100
  Min: 0.0006, Max: 16.1297, Mean: 3.6907
  Data: [
    10.9472, 5.5402, 5.5393, 5.5384, 5.5374, 5.5364, 5.5353, 5.5342, 5.5330, 5.5318,
    5.5304, 5.5289, 5.5272, 5.5255, 5.5234, 5.5212, 5.5188, 5.5160, 5.5128, 10.9013,
    5.5058, 5.5017, 5.4970, 5.4921, 5.4861, 5.4800, 5.4731, 10.8397, 5.4567, 10.8066,
    5.4369, 16.1297, 10.7554, 5.3954, 5.3780, 5.3577, 10.6416, 10.6025, 5.2767, 5.2411,
    5.2001, 10.3548, 10.2714, 5.0208, 4.9408, 14.9217, 2.8389, 3.7574, 0.0693, 0.0105,
    7.9010, 0.0007, 0.0006, 0.0009, 0.0031, 7.1842, 0.0042, 0.0049, 0.0055, 0.0059,
    0.0062, 0.0063, 0.0064, 0.0062, 0.0060, 0.0057, 8.4621, 0.0055, 0.0055, 6.7922,
    0.0059, 0.0062, 0.0063, 0.0064, 0.0063, 0.0062, 0.0060, 0.0058, 0.0055, 0.0052,
    6.9617, 0.0050, 0.0051, 0.0051, 0.0051, 7.0178, 0.0055, 0.0058, 0.0060, 0.0063,
    0.0064, 0.0064, 0.0063, 0.0062, 0.0061, 0.0059, 0.0057, 0.0054, 0.0051, 0.0049,
  ]

### world/terminal_count
  Total points: 100
  Min: 0.0000, Max: 2.0000, Mean: 0.2000
  Data: [
    1.0000, 0.0000, 0.0000, 0.0000, 0.0000, 0.0000, 0.0000, 0.0000, 0.0000, 0.0000,
    0.0000, 0.0000, 0.0000, 0.0000, 0.0000, 0.0000, 0.0000, 0.0000, 0.0000, 1.0000,
    0.0000, 0.0000, 0.0000, 0.0000, 0.0000, 0.0000, 0.0000, 1.0000, 0.0000, 1.0000,
    0.0000, 2.0000, 1.0000, 0.0000, 0.0000, 0.0000, 1.0000, 1.0000, 0.0000, 0.0000,
    0.0000, 1.0000, 1.0000, 0.0000, 0.0000, 2.0000, 0.0000, 1.0000, 0.0000, 0.0000,
    1.0000, 0.0000, 0.0000, 0.0000, 0.0000, 1.0000, 0.0000, 0.0000, 0.0000, 0.0000,
    0.0000, 0.0000, 0.0000, 0.0000, 0.0000, 0.0000, 1.0000, 0.0000, 0.0000, 1.0000,
    0.0000, 0.0000, 0.0000, 0.0000, 0.0000, 0.0000, 0.0000, 0.0000, 0.0000, 0.0000,
    1.0000, 0.0000, 0.0000, 0.0000, 0.0000, 1.0000, 0.0000, 0.0000, 0.0000, 0.0000,
    0.0000, 0.0000, 0.0000, 0.0000, 0.0000, 0.0000, 0.0000, 0.0000, 0.0000, 0.0000,
  ]

### world/terminal_pred_mean
  Total points: 33
  Min: -0.0526, Max: 0.0000, Mean: -0.0072
  Data: [
    0.0000, -0.0001, -0.0002, -0.0003, -0.0003, -0.0004, -0.0006, -0.0007, -0.0013, -0.0015,
    -0.0026, -0.0029, -0.0047, -0.0089, -0.0135, -0.0283, -0.0436, -0.0526, -0.0449, -0.0229,
    -0.0004, -0.0003, -0.0001, -0.0001, -0.0001, -0.0002, -0.0004, -0.0005, -0.0007, -0.0011,
    -0.0010, -0.0008, -0.0007,
  ]

### world/terminal_target_mean
  Total points: 33
  Min: -1.0000, Max: 1.0000, Mean: -0.8182
  Data: [
    -1.0000, -1.0000, -1.0000, -1.0000, -1.0000, -1.0000, -1.0000, -1.0000, -1.0000, -1.0000,
    -1.0000, -1.0000, -1.0000, -1.0000, -1.0000, -1.0000, 1.0000, -1.0000, -1.0000, -1.0000,
    -1.0000, 1.0000, -1.0000, -1.0000, -1.0000, -1.0000, -1.0000, -1.0000, -1.0000, 1.0000,
    -1.0000, -1.0000, -1.0000,
  ]
