================================================================================
W&B RUN DATA: DreamerV3-small-weak-seed43_weak_seed43_20260119_184710
================================================================================

## RUN METADATA
Run ID: et6i6upj
Created: 2026-01-19T17:47:12Z
State: running
Duration: 1086.177362675 seconds

## CONFIGURATION
  [Environment]
    opponent: weak
  [Training]
    batch_size: 16
  [Meta]
    algorithm: DreamerV3

## FINAL SUMMARY
  runtime: 0.30 hours (1086 seconds)

## METRICS DATA

### behavior/actor_loss
  Total points: 76
  Min: -1.7186, Max: 5.9488, Mean: 0.4623
  Data: [
    0.0445, -1.0689, -1.5458, -1.1494, -0.9019, 1.1931, 2.0386, 5.9488, 1.3036, 4.8149,
    2.2708, 0.7936, 1.2954, 1.9339, 1.5253, 2.1432, 3.3537, 1.5295, -1.2204, 1.6944,
    -0.2885, 2.7159, 2.3390, -1.0043, 0.1915, 0.0290, 0.4518, 0.3337, -0.3146, 0.5639,
    0.5619, 0.5259, -0.2526, 0.5433, 0.9597, 0.2947, 0.0187, -1.3489, -0.1356, -0.1616,
    -1.7186, -0.0763, 0.5451, 0.5663, 0.1697, 0.3949, -0.4387, -1.3114, 0.4482, 1.8078,
    1.1562, 1.0411, -0.4292, 1.0427, -0.1076, 0.5290, -1.5248, 0.9063, -0.9929, 1.4137,
    0.2626, 1.2200, -0.1676, -0.1580, 0.6405, -0.7179, -0.4951, -0.3956, -0.1409, -0.2881,
    -0.1298, 0.0730, -1.0283, 0.4811, 1.0328, -0.4930,
  ]

### behavior/advantages
  Total points: 76
  Min: -0.8517, Max: 0.0761, Mean: -0.0690
  Data: [
    -0.1873, -0.6447, -0.8517, -0.5710, -0.3818, -0.2596, -0.1648, -0.4018, -0.1114, -0.2857,
    -0.1276, -0.0495, -0.0773, -0.1113, -0.0871, -0.1171, -0.1770, -0.0793, 0.0554, -0.0898,
    0.0154, -0.1397, -0.1190, 0.0493, -0.0119, -0.0061, -0.0233, -0.0171, 0.0129, -0.0271,
    -0.0275, -0.0261, 0.0095, -0.0272, -0.0463, -0.0157, -0.0025, 0.0608, 0.0039, 0.0041,
    0.0761, 0.0018, -0.0269, -0.0279, -0.0095, -0.0185, 0.0170, 0.0519, -0.0202, -0.0759,
    -0.0482, -0.0430, 0.0147, -0.0435, 0.0028, -0.0234, 0.0576, -0.0356, 0.0329, -0.0546,
    -0.0117, -0.0456, 0.0041, 0.0039, -0.0266, 0.0263, 0.0164, 0.0125, 0.0037, 0.0092,
    0.0025, -0.0047, 0.0353, -0.0194, -0.0395, 0.0170,
  ]

### behavior/critic_loss
  Total points: 76
  Min: 0.8939, Max: 3.1421, Mean: 1.7690
  Data: [
    0.8939, 1.1639, 1.4117, 1.8720, 1.5835, 1.5310, 1.8297, 2.4219, 1.7674, 1.8899,
    1.5738, 1.7069, 1.7415, 1.8464, 1.7961, 1.6685, 1.8939, 1.7033, 2.2693, 1.7922,
    2.0889, 2.1832, 2.1460, 2.2315, 1.9409, 2.3460, 1.9601, 1.2679, 2.2762, 1.2251,
    1.8031, 1.4484, 1.8222, 1.4863, 2.0308, 1.6239, 1.6211, 2.6165, 2.1171, 2.3789,
    3.1421, 1.8446, 2.1970, 2.3746, 1.8887, 1.4282, 1.7223, 1.5959, 1.3030, 1.8032,
    1.3855, 1.7083, 1.3339, 1.7428, 1.6418, 1.7080, 1.6899, 1.6210, 2.2494, 1.9055,
    1.6326, 1.8654, 1.7366, 1.7242, 1.7910, 1.4586, 1.7821, 1.4555, 1.3273, 1.4225,
    1.3991, 1.4041, 1.6513, 1.3419, 1.5869, 1.6106,
  ]

### behavior/entropy
  Total points: 76
  Min: 0.0001, Max: 13.6722, Mean: 12.7952
  Data: [
    0.0001, 2.4285, 2.9793, 3.7213, 5.4504, 10.0591, 11.8760, 12.7816, 12.2880, 13.2470,
    13.3112, 13.2768, 13.1324, 13.2323, 13.2890, 13.4247, 13.4822, 13.4698, 13.4356, 13.5045,
    13.4174, 13.5553, 13.5633, 13.4539, 13.6060, 13.6052, 13.6102, 13.6431, 13.6097, 13.6439,
    13.6383, 13.6450, 13.6352, 13.6495, 13.6453, 13.6445, 13.6391, 13.6293, 13.6520, 13.6488,
    13.6500, 13.6527, 13.6567, 13.6601, 13.6591, 13.6616, 13.6506, 13.6554, 13.6620, 13.6631,
    13.6556, 13.6603, 13.6682, 13.6606, 13.6636, 13.6643, 13.6644, 13.6693, 13.6679, 13.6692,
    13.6696, 13.6710, 13.6696, 13.6694, 13.6687, 13.6692, 13.6673, 13.6662, 13.6722, 13.6676,
    13.6695, 13.6703, 13.6691, 13.6672, 13.6658, 13.6609,
  ]

### behavior/logprobs
  Total points: 76
  Min: -2.2526, Max: 27.7084, Mean: 20.8989
  Data: [
    0.2381, -1.6496, -1.8415, -1.7066, -2.2526, 4.6393, 11.7454, 15.3095, 13.3825, 17.3542,
    17.7122, 17.5181, 17.3171, 17.7646, 18.1990, 18.9239, 19.3650, 19.5415, 19.3327, 19.7667,
    19.4584, 20.1993, 20.2364, 19.7982, 20.7372, 20.9362, 21.4983, 21.7996, 21.6685, 21.7549,
    21.6401, 21.4261, 21.4002, 21.3817, 21.3645, 21.2151, 21.0423, 21.0916, 21.4928, 21.6179,
    21.8175, 21.9478, 22.1828, 22.3674, 22.8900, 23.1340, 23.1299, 23.6644, 24.3244, 24.4912,
    25.0304, 25.2336, 25.8297, 25.7072, 25.9185, 26.0986, 26.3408, 26.6772, 26.7749, 26.9534,
    27.1165, 27.4166, 27.4360, 27.3072, 27.1622, 27.2163, 27.0450, 26.9624, 27.7084, 27.2573,
    27.4013, 27.4100, 27.2579, 27.1213, 27.0931, 26.4718,
  ]

### behavior/rewards_pred
  Total points: 76
  Min: -0.1846, Max: -0.0263, Mean: -0.0928
  Data: [
    -0.0605, -0.0570, -0.0808, -0.0670, -0.0842, -0.0806, -0.0710, -0.1846, -0.0856, -0.1313,
    -0.0965, -0.0662, -0.0978, -0.1123, -0.0896, -0.0954, -0.1705, -0.0935, -0.0796, -0.0824,
    -0.0810, -0.1657, -0.1281, -0.0577, -0.0654, -0.1030, -0.0889, -0.1064, -0.0650, -0.1235,
    -0.1230, -0.1397, -0.0935, -0.1437, -0.0936, -0.1096, -0.1135, -0.0692, -0.0730, -0.0908,
    -0.0564, -0.1124, -0.1349, -0.0915, -0.0748, -0.0856, -0.0748, -0.0263, -0.0899, -0.1055,
    -0.0800, -0.0979, -0.0564, -0.0939, -0.0900, -0.1012, -0.0649, -0.1042, -0.0730, -0.1170,
    -0.0795, -0.1177, -0.0783, -0.0853, -0.0948, -0.0878, -0.0595, -0.0964, -0.0919, -0.0695,
    -0.0768, -0.1104, -0.0905, -0.1159, -0.1080, -0.0406,
  ]

### behavior/values
  Total points: 76
  Min: -27.4456, Max: 0.0621, Mean: -17.3636
  Data: [
    0.0621, -0.8000, -1.8493, -1.7725, -3.8785, -6.5630, -7.9577, -11.3691, -10.5427, -12.9444,
    -13.7604, -13.4989, -14.2719, -15.3520, -16.2665, -17.2531, -18.3267, -19.2361, -18.8844, -19.7153,
    -19.1618, -21.2889, -22.0222, -18.5629, -21.3414, -19.9446, -21.1675, -24.5994, -22.0137, -26.7715,
    -25.4277, -26.8700, -25.4676, -27.4456, -22.8109, -25.5038, -21.6716, -19.3470, -18.9845, -20.2365,
    -18.8584, -23.0856, -22.1039, -12.1980, -13.1345, -10.5741, -13.5968, -13.5560, -13.3845, -13.5711,
    -11.8537, -19.6679, -21.1590, -20.6571, -19.8125, -17.8039, -14.7379, -13.9476, -15.0300, -15.5824,
    -15.0794, -19.0980, -18.7147, -18.8595, -22.4128, -22.9889, -19.6909, -20.1630, -20.9988, -17.8683,
    -21.5163, -20.0567, -23.5582, -21.8614, -20.4292, -17.2000,
  ]

### eval/draws
  Total points: 6
  Min: 2.0000, Max: 5.0000, Mean: 3.3333
  Data: [
    5.0000, 5.0000, 2.0000, 2.0000, 4.0000, 2.0000,
  ]

### eval/losses
  Total points: 6
  Min: 3.0000, Max: 6.0000, Mean: 4.5000
  Data: [
    3.0000, 4.0000, 5.0000, 6.0000, 3.0000, 6.0000,
  ]

### eval/mean_reward
  Total points: 6
  Min: -17.4078, Max: -6.0683, Mean: -12.6219
  Data: [
    -17.4078, -16.3038, -10.8730, -15.9381, -6.0683, -9.1402,
  ]

### eval/win_rate
  Total points: 6
  Min: 0.1000, Max: 0.3000, Mean: 0.2167
  Data: [
    0.2000, 0.1000, 0.3000, 0.2000, 0.3000, 0.2000,
  ]

### eval/wins
  Total points: 6
  Min: 1.0000, Max: 3.0000, Mean: 2.1667
  Data: [
    2.0000, 1.0000, 3.0000, 2.0000, 3.0000, 2.0000,
  ]

### pbrs/episode_mean
  Total points: 76
  Min: 0.0000, Max: 0.0000, Mean: 0.0000
  Data: [
    0.0000, 0.0000, 0.0000, 0.0000, 0.0000, 0.0000, 0.0000, 0.0000, 0.0000, 0.0000,
    0.0000, 0.0000, 0.0000, 0.0000, 0.0000, 0.0000, 0.0000, 0.0000, 0.0000, 0.0000,
    0.0000, 0.0000, 0.0000, 0.0000, 0.0000, 0.0000, 0.0000, 0.0000, 0.0000, 0.0000,
    0.0000, 0.0000, 0.0000, 0.0000, 0.0000, 0.0000, 0.0000, 0.0000, 0.0000, 0.0000,
    0.0000, 0.0000, 0.0000, 0.0000, 0.0000, 0.0000, 0.0000, 0.0000, 0.0000, 0.0000,
    0.0000, 0.0000, 0.0000, 0.0000, 0.0000, 0.0000, 0.0000, 0.0000, 0.0000, 0.0000,
    0.0000, 0.0000, 0.0000, 0.0000, 0.0000, 0.0000, 0.0000, 0.0000, 0.0000, 0.0000,
    0.0000, 0.0000, 0.0000, 0.0000, 0.0000, 0.0000,
  ]

### pbrs/episode_total
  Total points: 76
  Min: 0.0000, Max: 0.0000, Mean: 0.0000
  Data: [
    0.0000, 0.0000, 0.0000, 0.0000, 0.0000, 0.0000, 0.0000, 0.0000, 0.0000, 0.0000,
    0.0000, 0.0000, 0.0000, 0.0000, 0.0000, 0.0000, 0.0000, 0.0000, 0.0000, 0.0000,
    0.0000, 0.0000, 0.0000, 0.0000, 0.0000, 0.0000, 0.0000, 0.0000, 0.0000, 0.0000,
    0.0000, 0.0000, 0.0000, 0.0000, 0.0000, 0.0000, 0.0000, 0.0000, 0.0000, 0.0000,
    0.0000, 0.0000, 0.0000, 0.0000, 0.0000, 0.0000, 0.0000, 0.0000, 0.0000, 0.0000,
    0.0000, 0.0000, 0.0000, 0.0000, 0.0000, 0.0000, 0.0000, 0.0000, 0.0000, 0.0000,
    0.0000, 0.0000, 0.0000, 0.0000, 0.0000, 0.0000, 0.0000, 0.0000, 0.0000, 0.0000,
    0.0000, 0.0000, 0.0000, 0.0000, 0.0000, 0.0000,
  ]

### stats/buffer_size
  Total points: 76
  Min: 2173.0000, Max: 100000.0000, Mean: 57608.8684
  Data: [
    2173.0000, 3978.0000, 5474.0000, 7831.0000, 9665.0000, 11317.0000, 12686.0000, 13867.0000, 15447.0000, 17139.0000,
    18569.0000, 19817.0000, 21385.0000, 22865.0000, 24796.0000, 26430.0000, 27917.0000, 29821.0000, 31142.0000, 32626.0000,
    33934.0000, 35647.0000, 36734.0000, 38128.0000, 39569.0000, 40612.0000, 42081.0000, 42890.0000, 44369.0000, 45680.0000,
    46845.0000, 48930.0000, 50354.0000, 51800.0000, 53171.0000, 54904.0000, 56411.0000, 57806.0000, 58921.0000, 60292.0000,
    61610.0000, 63381.0000, 64877.0000, 66438.0000, 67977.0000, 69498.0000, 70978.0000, 72118.0000, 73921.0000, 75053.0000,
    76405.0000, 77903.0000, 79013.0000, 80321.0000, 81883.0000, 83045.0000, 84746.0000, 86143.0000, 87670.0000, 89659.0000,
    91718.0000, 93158.0000, 94835.0000, 95942.0000, 97146.0000, 98813.0000, 100000.0000, 100000.0000, 100000.0000, 100000.0000,
    100000.0000, 100000.0000, 100000.0000, 100000.0000, 100000.0000, 100000.0000,
  ]

### stats/draws
  Total points: 76
  Min: 1.0000, Max: 316.0000, Mean: 160.6053
  Data: [
    1.0000, 6.0000, 11.0000, 19.0000, 25.0000, 30.0000, 33.0000, 36.0000, 41.0000, 44.0000,
    48.0000, 51.0000, 55.0000, 59.0000, 66.0000, 71.0000, 76.0000, 83.0000, 87.0000, 91.0000,
    95.0000, 99.0000, 101.0000, 103.0000, 107.0000, 109.0000, 113.0000, 115.0000, 120.0000, 123.0000,
    126.0000, 133.0000, 137.0000, 140.0000, 144.0000, 150.0000, 153.0000, 157.0000, 160.0000, 164.0000,
    167.0000, 172.0000, 177.0000, 182.0000, 186.0000, 191.0000, 196.0000, 199.0000, 205.0000, 207.0000,
    211.0000, 215.0000, 218.0000, 222.0000, 226.0000, 228.0000, 233.0000, 236.0000, 241.0000, 248.0000,
    255.0000, 260.0000, 265.0000, 268.0000, 271.0000, 276.0000, 282.0000, 286.0000, 288.0000, 290.0000,
    295.0000, 297.0000, 301.0000, 304.0000, 310.0000, 316.0000,
  ]

### stats/env_steps
  Total points: 76
  Min: 251.0000, Max: 111905.0000, Mean: 56550.1711
  Data: [
    251.0000, 2056.0000, 3552.0000, 5909.0000, 7743.0000, 9395.0000, 10764.0000, 11945.0000, 13525.0000, 15217.0000,
    16647.0000, 17895.0000, 19463.0000, 20943.0000, 22874.0000, 24508.0000, 25995.0000, 27899.0000, 29220.0000, 30704.0000,
    32012.0000, 33725.0000, 34812.0000, 36206.0000, 37647.0000, 38690.0000, 40159.0000, 40968.0000, 42447.0000, 43758.0000,
    44923.0000, 47008.0000, 48432.0000, 49878.0000, 51249.0000, 52982.0000, 54489.0000, 55884.0000, 56999.0000, 58370.0000,
    59688.0000, 61459.0000, 62955.0000, 64516.0000, 66055.0000, 67576.0000, 69056.0000, 70196.0000, 71999.0000, 73131.0000,
    74483.0000, 75981.0000, 77091.0000, 78399.0000, 79961.0000, 81123.0000, 82824.0000, 84221.0000, 85748.0000, 87737.0000,
    89796.0000, 91236.0000, 92913.0000, 94020.0000, 95224.0000, 96891.0000, 98649.0000, 100104.0000, 101180.0000, 102169.0000,
    103671.0000, 104849.0000, 106217.0000, 107720.0000, 109927.0000, 111905.0000,
  ]

### stats/episodes
  Total points: 76
  Min: 11.0000, Max: 761.0000, Mean: 386.0000
  Data: [
    11.0000, 21.0000, 31.0000, 41.0000, 51.0000, 61.0000, 71.0000, 81.0000, 91.0000, 101.0000,
    111.0000, 121.0000, 131.0000, 141.0000, 151.0000, 161.0000, 171.0000, 181.0000, 191.0000, 201.0000,
    211.0000, 221.0000, 231.0000, 241.0000, 251.0000, 261.0000, 271.0000, 281.0000, 291.0000, 301.0000,
    311.0000, 321.0000, 331.0000, 341.0000, 351.0000, 361.0000, 371.0000, 381.0000, 391.0000, 401.0000,
    411.0000, 421.0000, 431.0000, 441.0000, 451.0000, 461.0000, 471.0000, 481.0000, 491.0000, 501.0000,
    511.0000, 521.0000, 531.0000, 541.0000, 551.0000, 561.0000, 571.0000, 581.0000, 591.0000, 601.0000,
    611.0000, 621.0000, 631.0000, 641.0000, 651.0000, 661.0000, 671.0000, 681.0000, 691.0000, 701.0000,
    711.0000, 721.0000, 731.0000, 741.0000, 751.0000, 761.0000,
  ]

### stats/gradient_steps
  Total points: 76
  Min: 4.0000, Max: 3004.0000, Mean: 1504.0000
  Data: [
    4.0000, 44.0000, 84.0000, 124.0000, 164.0000, 204.0000, 244.0000, 284.0000, 324.0000, 364.0000,
    404.0000, 444.0000, 484.0000, 524.0000, 564.0000, 604.0000, 644.0000, 684.0000, 724.0000, 764.0000,
    804.0000, 844.0000, 884.0000, 924.0000, 964.0000, 1004.0000, 1044.0000, 1084.0000, 1124.0000, 1164.0000,
    1204.0000, 1244.0000, 1284.0000, 1324.0000, 1364.0000, 1404.0000, 1444.0000, 1484.0000, 1524.0000, 1564.0000,
    1604.0000, 1644.0000, 1684.0000, 1724.0000, 1764.0000, 1804.0000, 1844.0000, 1884.0000, 1924.0000, 1964.0000,
    2004.0000, 2044.0000, 2084.0000, 2124.0000, 2164.0000, 2204.0000, 2244.0000, 2284.0000, 2324.0000, 2364.0000,
    2404.0000, 2444.0000, 2484.0000, 2524.0000, 2564.0000, 2604.0000, 2644.0000, 2684.0000, 2724.0000, 2764.0000,
    2804.0000, 2844.0000, 2884.0000, 2924.0000, 2964.0000, 3004.0000,
  ]

### stats/losses
  Total points: 76
  Min: 0.0000, Max: 352.0000, Mean: 177.4605
  Data: [
    0.0000, 4.0000, 9.0000, 10.0000, 14.0000, 19.0000, 24.0000, 27.0000, 32.0000, 37.0000,
    42.0000, 48.0000, 52.0000, 57.0000, 60.0000, 65.0000, 70.0000, 73.0000, 79.0000, 85.0000,
    90.0000, 95.0000, 102.0000, 108.0000, 114.0000, 119.0000, 123.0000, 129.0000, 133.0000, 139.0000,
    145.0000, 148.0000, 153.0000, 160.0000, 165.0000, 169.0000, 174.0000, 179.0000, 184.0000, 188.0000,
    194.0000, 199.0000, 203.0000, 208.0000, 213.0000, 218.0000, 223.0000, 228.0000, 231.0000, 238.0000,
    243.0000, 248.0000, 253.0000, 258.0000, 262.0000, 268.0000, 271.0000, 277.0000, 280.0000, 281.0000,
    283.0000, 285.0000, 289.0000, 295.0000, 301.0000, 306.0000, 309.0000, 312.0000, 318.0000, 325.0000,
    329.0000, 333.0000, 338.0000, 344.0000, 348.0000, 352.0000,
  ]

### stats/mean_reward
  Total points: 76
  Min: -23.0983, Max: -7.0529, Mean: -17.0467
  Data: [
    -7.0529, -15.0138, -17.5698, -18.0588, -19.0653, -19.6615, -18.8198, -17.4316, -17.6350, -17.6560,
    -18.2027, -18.2524, -18.3924, -18.1613, -18.5315, -18.5060, -19.5824, -21.6437, -22.1551, -22.5769,
    -22.5373, -23.0983, -22.3611, -22.1749, -22.3008, -21.4424, -20.5555, -19.0919, -18.1887, -17.8479,
    -17.7373, -18.1539, -18.6978, -19.2414, -18.8245, -19.4036, -19.5669, -19.9084, -19.3166, -18.7352,
    -17.7733, -17.6352, -17.4893, -17.0392, -16.3647, -16.0613, -16.2202, -16.0564, -17.0610, -17.5865,
    -18.8869, -18.1104, -17.6391, -18.0284, -17.7532, -16.9648, -16.6056, -16.6498, -16.1785, -15.7019,
    -14.5333, -13.5385, -13.2375, -12.4846, -12.4426, -12.9890, -12.4204, -11.2176, -10.8930, -10.7250,
    -10.9077, -10.8604, -10.8913, -11.0397, -11.1042, -11.3024,
  ]

### stats/win_rate
  Total points: 76
  Min: 0.0000, Max: 0.1800, Mean: 0.1069
  Data: [
    0.0000, 0.0909, 0.0476, 0.0645, 0.0488, 0.0392, 0.0656, 0.1127, 0.0988, 0.1099,
    0.1100, 0.1100, 0.1300, 0.1300, 0.1300, 0.1300, 0.1100, 0.0700, 0.0700, 0.0500,
    0.0500, 0.0500, 0.0400, 0.0500, 0.0500, 0.0800, 0.1000, 0.1200, 0.1300, 0.1400,
    0.1400, 0.1300, 0.1300, 0.1100, 0.1200, 0.0900, 0.0900, 0.0800, 0.0900, 0.1000,
    0.1000, 0.1000, 0.1000, 0.1000, 0.1000, 0.1000, 0.0800, 0.0900, 0.0800, 0.0700,
    0.0700, 0.0800, 0.0900, 0.1000, 0.1100, 0.1300, 0.1500, 0.1400, 0.1500, 0.1600,
    0.1600, 0.1800, 0.1700, 0.1700, 0.1600, 0.1400, 0.1300, 0.1500, 0.1500, 0.1400,
    0.1400, 0.1500, 0.1500, 0.1500, 0.1400, 0.1400,
  ]

### stats/wins
  Total points: 76
  Min: 0.0000, Max: 83.0000, Mean: 37.9342
  Data: [
    0.0000, 1.0000, 1.0000, 2.0000, 2.0000, 2.0000, 4.0000, 8.0000, 8.0000, 10.0000,
    11.0000, 12.0000, 14.0000, 15.0000, 15.0000, 15.0000, 15.0000, 15.0000, 15.0000, 15.0000,
    16.0000, 17.0000, 18.0000, 20.0000, 20.0000, 23.0000, 25.0000, 27.0000, 28.0000, 29.0000,
    30.0000, 30.0000, 31.0000, 31.0000, 32.0000, 32.0000, 34.0000, 35.0000, 37.0000, 39.0000,
    40.0000, 40.0000, 41.0000, 41.0000, 42.0000, 42.0000, 42.0000, 44.0000, 45.0000, 46.0000,
    47.0000, 48.0000, 50.0000, 51.0000, 53.0000, 55.0000, 57.0000, 58.0000, 60.0000, 62.0000,
    63.0000, 66.0000, 67.0000, 68.0000, 69.0000, 69.0000, 70.0000, 73.0000, 75.0000, 76.0000,
    77.0000, 81.0000, 82.0000, 83.0000, 83.0000, 83.0000,
  ]

### time/elapsed_hours
  Total points: 76
  Min: 0.0007, Max: 0.2962, Mean: 0.1500
  Data: [
    0.0007, 0.0047, 0.0089, 0.0137, 0.0182, 0.0226, 0.0268, 0.0309, 0.0351, 0.0391,
    0.0432, 0.0472, 0.0513, 0.0561, 0.0604, 0.0644, 0.0684, 0.0724, 0.0761, 0.0799,
    0.0837, 0.0876, 0.0912, 0.0950, 0.0988, 0.1031, 0.1069, 0.1103, 0.1140, 0.1177,
    0.1214, 0.1255, 0.1293, 0.1330, 0.1368, 0.1407, 0.1445, 0.1483, 0.1524, 0.1561,
    0.1598, 0.1638, 0.1676, 0.1715, 0.1753, 0.1791, 0.1829, 0.1865, 0.1905, 0.1941,
    0.1984, 0.2023, 0.2059, 0.2096, 0.2135, 0.2171, 0.2211, 0.2249, 0.2287, 0.2329,
    0.2371, 0.2409, 0.2449, 0.2493, 0.2530, 0.2570, 0.2609, 0.2648, 0.2684, 0.2720,
    0.2758, 0.2795, 0.2833, 0.2872, 0.2914, 0.2962,
  ]

### time/steps_per_second
  Total points: 76
  Min: 102.1685, Max: 122.2773, Mean: 105.6934
  Data: [
    102.1685, 122.2773, 110.3655, 119.5909, 118.1198, 115.4860, 111.4767, 107.2264, 107.0229, 108.0979,
    107.0638, 105.2170, 105.4144, 103.6070, 105.2734, 105.6563, 105.6200, 107.0583, 106.6345, 106.7025,
    106.2997, 106.9151, 106.0205, 105.8918, 105.8732, 104.2290, 104.3846, 103.2186, 103.4070, 103.2626,
    102.8222, 104.0498, 104.0796, 104.1390, 104.0781, 104.5871, 104.7143, 104.6761, 103.9026, 103.8549,
    103.7288, 104.2227, 104.3232, 104.5052, 104.6622, 104.7890, 104.8610, 104.5393, 104.9895, 104.6588,
    104.2960, 104.3384, 104.0245, 103.8992, 104.0401, 103.7786, 104.0569, 104.0427, 104.1339, 104.6645,
    105.1995, 105.1955, 105.3863, 104.7629, 104.5448, 104.7441, 105.0169, 105.0271, 104.7003, 104.3456,
    104.4152, 104.2161, 104.1608, 104.1995, 104.7892, 104.9520,
  ]

### world/kl_loss
  Total points: 76
  Min: -0.0000, Max: 6.3594, Mean: 3.6705
  Data: [
    -0.0000, 5.5771, 2.7503, 1.2353, 0.9164, 1.2791, 2.2868, 1.7871, 2.7839, 2.1426,
    0.9750, 2.2621, 2.7248, 2.3677, 3.0618, 2.5022, 2.5184, 2.4976, 2.3853, 3.2231,
    3.2074, 2.0475, 2.7733, 3.8158, 3.4846, 3.3528, 4.7168, 3.1095, 3.5962, 3.0061,
    3.4616, 3.2329, 2.8389, 2.8573, 4.2438, 3.9929, 3.8919, 4.4005, 3.8347, 3.3007,
    3.3037, 4.0485, 3.4959, 3.8367, 3.3483, 4.8140, 4.1104, 4.2093, 4.2686, 4.3244,
    3.8259, 4.6709, 4.1022, 4.2443, 4.3380, 4.0642, 4.4054, 4.8517, 5.1772, 5.4548,
    5.1057, 4.9976, 4.5003, 5.4776, 4.8255, 4.9556, 5.0594, 5.7367, 3.8984, 4.9134,
    4.6782, 4.6618, 4.5068, 4.9951, 4.9510, 6.3594,
  ]

### world/loss
  Total points: 76
  Min: 24.9989, Max: 95.0489, Mean: 39.5848
  Data: [
    76.2131, 95.0489, 67.9788, 49.6808, 43.0996, 40.0923, 73.6501, 49.8026, 73.9137, 64.7907,
    37.2700, 65.4388, 57.7403, 59.6124, 61.5908, 49.0657, 39.4892, 38.1687, 41.1191, 47.2178,
    42.8378, 30.6219, 46.5407, 55.6051, 40.6970, 43.3966, 48.2589, 31.9295, 41.7875, 31.3452,
    37.1441, 34.7598, 28.0005, 30.4714, 43.9660, 39.1451, 36.0302, 35.6113, 35.4640, 26.8593,
    31.6254, 32.3825, 30.1054, 30.7498, 32.3702, 40.2628, 34.5338, 33.2089, 29.2576, 30.0570,
    31.0898, 34.1229, 29.0431, 34.2541, 30.9742, 28.1152, 30.3663, 29.5582, 35.1059, 35.2131,
    33.5757, 28.4935, 26.8178, 34.0052, 30.3018, 30.6469, 31.1845, 31.9568, 24.9989, 29.0850,
    27.4511, 27.6339, 26.2445, 28.0138, 28.3932, 35.7920,
  ]

### world/recon_loss
  Total points: 76
  Min: 22.6060, Max: 89.4545, Mean: 36.7518
  Data: [
    74.8928, 89.4545, 65.4086, 49.2764, 42.5819, 39.3460, 71.9840, 48.8495, 70.9619, 62.7112,
    37.4529, 63.7296, 55.6169, 57.9516, 58.6898, 47.1768, 37.8640, 36.5716, 39.3838, 42.8478,
    40.5998, 30.1552, 44.5331, 52.1324, 37.7212, 39.6780, 43.9815, 30.0338, 38.7347, 29.4352,
    34.6569, 32.2161, 26.1162, 28.5469, 39.6429, 35.7497, 33.0234, 32.1678, 32.7413, 24.8578,
    29.1684, 29.7990, 28.0765, 28.1985, 30.3410, 36.1536, 31.3600, 29.9106, 26.4096, 26.6385,
    28.5189, 30.4473, 26.1833, 31.0392, 27.4231, 25.4008, 26.9087, 25.5970, 30.7482, 30.8198,
    29.3339, 24.9959, 23.5363, 30.0431, 26.8960, 26.8234, 27.7105, 27.2645, 22.6060, 24.8613,
    24.1465, 24.4999, 23.1533, 24.7647, 24.8987, 28.9867,
  ]

### world/reward_loss
  Total points: 76
  Min: -1.7583, Max: 1.0923, Mean: -0.8768
  Data: [
    0.7352, -0.0432, -0.2270, -0.8469, -0.4346, -0.5844, -0.6462, -0.8731, 0.1397, -0.0959,
    -1.1615, -0.5836, -0.6592, -0.7353, -0.2123, -0.6424, -0.9350, -0.9275, -0.6679, 1.0923,
    -1.0068, -1.6079, -0.7984, -0.3511, -0.5498, 0.3437, -0.4940, -1.2448, -0.5918, -1.1304,
    -0.9915, -0.7014, -0.9794, -0.9744, 0.0447, -0.6562, -0.9175, -0.9979, -1.1376, -1.3231,
    -0.8895, -1.4796, -1.4739, -1.3074, -1.3531, -0.7333, -0.9672, -0.9607, -1.4527, -0.9344,
    -1.3224, -1.0322, -1.2694, -1.0747, -0.8248, -1.3665, -0.9802, -0.9274, -0.8521, -1.1036,
    -0.9315, -1.5239, -1.2660, -1.5386, -1.4397, -1.1654, -1.5974, -1.0740, -1.5349, -0.7020,
    -1.3917, -1.5456, -1.4257, -1.7583, -1.4751, 0.4127,
  ]
