================================================================================
W&B RUN DATA: no-rs-TD3-Hockey-NORMAL-strong-lr0.0003-seed55
================================================================================

## RUN METADATA
Run ID: ymdn8j0i
Created: 2026-01-14T00:59:37Z
State: running
Duration: 24577.018432126 seconds

## CONFIGURATION
  algorithm: TD3
  mode: NORMAL
  opponent: strong
  learning_rate_actor: 0.0003
  learning_rate_critic: 0.0003
  batch_size: 1024
  buffer_size: 1000000
  max_episodes: 100000
  random_seed: 55
  self_play_start: 0
  self_play_pool_size: 25
  gamma: 0.95
  tau: 0.005

## FINAL SUMMARY

## NOTE: Data discretized to fit 100000 char limit
  Showing ~50 points per metric (of 455 total)

## METRICS DATA

### behavior/action_magnitude_avg
  Total points: 100
  Min: 0.5559, Max: 1.2477, Mean: 0.9991
  Data: [
    0.6619, 0.6385, 0.6272, 0.7007, 0.6482, 0.5559, 0.7166, 0.5933, 0.6785, 0.6314,
    0.6385, 0.7057, 0.6902, 0.6860, 0.6615, 0.6378, 0.6241, 0.6015, 1.2477, 1.1114,
    1.1478, 1.1446, 1.1662, 1.1288, 1.0755, 1.1505, 1.1725, 1.1281, 1.1679, 1.1155,
    1.1340, 1.1591, 1.0456, 1.1701, 1.1534, 1.1312, 1.1415, 1.1554, 1.1624, 1.1885,
    1.1765, 1.1892, 1.1356, 1.1395, 1.1891, 1.1615, 1.1523, 1.1924, 1.1530, 1.1508,
    0.9666, 0.8908, 1.0057, 0.9648, 0.9136, 0.9290, 0.8995, 0.9194, 0.8919, 0.8921,
    0.9273, 0.9411, 0.9221, 0.9356, 0.9495, 0.9241, 1.0529, 0.9836, 0.9671, 1.0415,
    0.9993, 1.0534, 1.0915, 1.0360, 1.0576, 1.0500, 1.0308, 1.0134, 1.0762, 1.0724,
    1.0718, 1.0474, 1.0478, 1.0716, 1.0724, 1.0587, 1.0391, 1.0627, 1.0480, 1.1330,
    1.1085, 1.1370, 1.1178, 1.1088, 1.1418, 1.1298, 1.1547, 1.1387, 1.1763, 1.1149,
  ]

### behavior/action_magnitude_max
  Total points: 100
  Min: 1.1140, Max: 1.4142, Mean: 1.3635
  Data: [
    1.1574, 1.1269, 1.1795, 1.2511, 1.1485, 1.1255, 1.2219, 1.1144, 1.2202, 1.2074,
    1.1609, 1.2329, 1.2015, 1.2351, 1.1659, 1.1140, 1.1912, 1.1849, 1.3983, 1.3950,
    1.4136, 1.4045, 1.4086, 1.4131, 1.4048, 1.4142, 1.4142, 1.4142, 1.4084, 1.4108,
    1.4040, 1.4123, 1.4142, 1.4077, 1.4104, 1.4085, 1.4057, 1.4142, 1.4140, 1.4142,
    1.4142, 1.4142, 1.4136, 1.4116, 1.4127, 1.4142, 1.4142, 1.4142, 1.4142, 1.4142,
    1.3890, 1.3635, 1.4106, 1.3931, 1.3608, 1.4027, 1.3458, 1.3986, 1.3851, 1.3943,
    1.3725, 1.3947, 1.3809, 1.4012, 1.3831, 1.3639, 1.3942, 1.3983, 1.3936, 1.4000,
    1.4057, 1.4142, 1.4118, 1.4092, 1.4107, 1.4138, 1.4073, 1.4102, 1.4011, 1.4128,
    1.4024, 1.4133, 1.4069, 1.4082, 1.4104, 1.3992, 1.4091, 1.4101, 1.4050, 1.4003,
    1.4085, 1.4107, 1.4102, 1.4079, 1.4110, 1.4030, 1.4046, 1.4075, 1.4116, 1.4091,
  ]

### behavior/dist_to_puck_avg
  Total points: 100
  Min: 1.8956, Max: 3.9834, Mean: 2.5825
  Data: [
    3.6719, 3.2991, 3.7089, 3.5948, 3.2611, 3.5934, 3.8466, 3.5403, 3.2751, 3.5271,
    3.3881, 3.9834, 3.5095, 3.9769, 3.6839, 3.4939, 3.6580, 3.6121, 3.3801, 2.4759,
    2.3953, 2.5982, 2.8406, 2.7392, 2.7374, 2.9670, 2.8915, 2.9369, 2.8234, 2.8546,
    2.7958, 2.7283, 3.0015, 2.7924, 2.7354, 2.6473, 2.6507, 2.9472, 2.9253, 2.6509,
    2.6772, 2.7123, 2.8948, 2.5555, 2.6345, 2.8051, 2.6772, 2.7650, 2.7657, 2.9363,
    2.1560, 1.9489, 2.2429, 2.2145, 2.0215, 2.2101, 2.0650, 2.1615, 2.1713, 2.1160,
    2.1000, 1.8956, 2.1076, 2.1362, 2.0158, 2.0307, 2.3246, 2.0647, 1.9601, 2.0868,
    2.2400, 2.1534, 2.4335, 2.1020, 2.0552, 1.9958, 1.9827, 1.9893, 2.2045, 2.0644,
    2.0848, 2.0080, 2.1453, 2.1878, 2.1442, 2.1585, 2.1562, 2.0803, 2.1136, 2.0872,
    1.9726, 2.0769, 2.0708, 1.9737, 1.9816, 2.0414, 2.0966, 1.9213, 2.1634, 1.9703,
  ]

### behavior/dist_to_puck_min
  Total points: 100
  Min: 0.3561, Max: 1.6320, Mean: 0.7565
  Data: [
    1.2583, 1.3373, 0.9290, 1.4761, 1.2034, 1.4856, 0.8647, 1.5925, 0.8675, 1.1972,
    1.0144, 1.3229, 1.3071, 1.6320, 0.8866, 1.5689, 1.3356, 0.7955, 1.1014, 0.6960,
    0.5062, 0.4773, 0.6733, 0.7597, 0.4825, 0.8423, 0.4989, 0.4302, 0.4851, 0.3867,
    0.4294, 0.4174, 0.4631, 0.6211, 0.4166, 0.5400, 0.4344, 0.6993, 0.5847, 0.6594,
    0.5979, 0.4740, 0.4594, 0.4553, 0.4803, 0.3634, 0.5236, 0.4261, 0.3561, 0.4977,
    0.7356, 0.7108, 0.5768, 0.7905, 0.5931, 0.8659, 0.7135, 0.7271, 0.7930, 0.7118,
    0.7449, 0.6759, 0.7710, 0.7125, 0.9776, 0.9748, 0.7683, 0.7876, 0.8874, 0.8629,
    0.7464, 0.8675, 0.7541, 0.6501, 0.6739, 0.6233, 0.6942, 0.7223, 0.7460, 0.6979,
    0.8717, 0.7221, 0.6850, 0.5837, 0.6604, 0.9818, 0.7479, 0.5958, 0.5577, 0.4762,
    0.7642, 0.7041, 0.6629, 0.8367, 0.8590, 0.6321, 0.5033, 0.7312, 0.7123, 0.4877,
  ]

### behavior/distance_traveled
  Total points: 100
  Min: 5.5801, Max: 23.2064, Mean: 12.6695
  Data: [
    9.3259, 5.5801, 7.9520, 6.1695, 7.0283, 7.8403, 6.6657, 6.6499, 8.9415, 8.6733,
    7.0856, 7.9733, 6.3166, 6.3808, 8.8581, 5.8224, 7.8243, 10.8679, 6.4189, 8.8698,
    11.8700, 10.1904, 7.2436, 9.7136, 19.2533, 13.6324, 16.2845, 19.6491, 13.1206, 17.6949,
    14.8697, 15.4654, 19.1002, 11.3056, 13.6809, 12.4166, 12.6016, 10.7175, 17.0187, 9.1631,
    15.5002, 12.3643, 13.0015, 12.5020, 11.3666, 15.5531, 12.8281, 16.0804, 23.2064, 18.0807,
    15.9726, 13.9158, 17.0808, 10.2593, 18.0762, 14.7406, 15.9344, 12.7637, 17.2276, 13.8578,
    13.3146, 13.5979, 9.6741, 15.9105, 8.5512, 11.1633, 14.1828, 15.7553, 10.7527, 13.9492,
    13.1165, 12.5563, 11.4036, 15.1481, 14.0238, 11.5549, 14.3152, 15.3513, 13.5175, 13.5406,
    11.3124, 14.4227, 13.4082, 15.5501, 18.7528, 10.2373, 16.0230, 12.4779, 12.0914, 19.0870,
    9.1906, 14.8882, 14.8883, 9.3660, 13.4630, 16.1979, 16.4416, 12.5594, 12.1865, 16.4758,
  ]

### behavior/lazy_action_ratio
  Total points: 100
  Min: 0.0000, Max: 0.0336, Mean: 0.0085
  Data: [
    0.0191, 0.0297, 0.0196, 0.0179, 0.0201, 0.0241, 0.0128, 0.0124, 0.0199, 0.0248,
    0.0174, 0.0117, 0.0072, 0.0119, 0.0142, 0.0082, 0.0242, 0.0180, 0.0000, 0.0008,
    0.0000, 0.0004, 0.0012, 0.0007, 0.0020, 0.0000, 0.0000, 0.0057, 0.0012, 0.0000,
    0.0000, 0.0004, 0.0008, 0.0010, 0.0004, 0.0000, 0.0006, 0.0012, 0.0000, 0.0000,
    0.0011, 0.0004, 0.0004, 0.0015, 0.0000, 0.0000, 0.0000, 0.0000, 0.0004, 0.0000,
    0.0125, 0.0196, 0.0182, 0.0111, 0.0212, 0.0192, 0.0172, 0.0260, 0.0228, 0.0336,
    0.0268, 0.0192, 0.0220, 0.0248, 0.0188, 0.0252, 0.0076, 0.0145, 0.0128, 0.0056,
    0.0224, 0.0092, 0.0048, 0.0092, 0.0068, 0.0056, 0.0068, 0.0080, 0.0048, 0.0028,
    0.0012, 0.0056, 0.0056, 0.0040, 0.0040, 0.0020, 0.0036, 0.0024, 0.0036, 0.0000,
    0.0024, 0.0008, 0.0060, 0.0012, 0.0020, 0.0008, 0.0024, 0.0008, 0.0028, 0.0016,
  ]

### behavior/puck_touches
  Total points: 100
  Min: 0.0000, Max: 2.9000, Mean: 0.9690
  Data: [
    0.3000, 0.1000, 0.7000, 0.7000, 0.1000, 0.0000, 0.4000, 0.2000, 2.0000, 0.4000,
    0.5000, 0.3000, 0.1000, 0.2000, 2.8000, 0.4000, 0.9000, 1.0000, 0.5000, 0.7000,
    1.4000, 1.0000, 0.7000, 1.2000, 1.6000, 0.9000, 2.0000, 2.4000, 2.9000, 1.6000,
    1.1000, 1.9000, 1.8000, 1.3000, 1.2000, 1.1000, 1.8000, 1.5000, 1.9000, 1.2000,
    1.9000, 1.8000, 1.2000, 2.3000, 0.8000, 2.3000, 1.3000, 2.1000, 1.7000, 2.1000,
    1.0000, 0.4000, 0.9000, 0.2000, 1.2000, 1.2000, 0.4000, 0.5000, 1.0000, 0.7000,
    0.8000, 0.6000, 0.4000, 1.3000, 0.3000, 0.3000, 1.2000, 0.6000, 0.1000, 0.5000,
    0.6000, 0.9000, 0.9000, 1.2000, 0.8000, 1.0000, 0.8000, 0.6000, 0.5000, 0.6000,
    0.6000, 0.8000, 0.7000, 1.2000, 1.3000, 0.3000, 0.6000, 0.9000, 0.7000, 0.6000,
    0.3000, 1.0000, 1.4000, 0.2000, 0.1000, 1.0000, 1.1000, 0.5000, 0.7000, 1.1000,
  ]

### behavior/time_near_puck
  Total points: 100
  Min: 0.1000, Max: 11.5000, Mean: 2.5270
  Data: [
    1.3000, 1.3000, 7.1000, 5.8000, 1.6000, 0.1000, 4.3000, 2.8000, 11.2000, 4.4000,
    4.6000, 3.4000, 1.4000, 2.1000, 10.2000, 4.2000, 5.5000, 9.5000, 0.1000, 0.2000,
    1.4000, 1.3000, 0.5000, 4.4000, 4.0000, 2.7000, 4.7000, 8.7000, 3.7000, 5.5000,
    5.1000, 9.4000, 4.5000, 1.8000, 2.6000, 1.4000, 4.6000, 0.9000, 5.0000, 2.4000,
    11.5000, 6.9000, 3.6000, 5.1000, 1.4000, 3.3000, 2.7000, 3.2000, 2.4000, 1.9000,
    2.3000, 0.1000, 6.9000, 0.2000, 1.5000, 1.0000, 0.7000, 0.8000, 1.0000, 0.7000,
    0.6000, 1.2000, 0.5000, 1.7000, 0.6000, 0.3000, 1.0000, 0.8000, 0.3000, 1.1000,
    0.8000, 1.2000, 0.7000, 1.1000, 0.6000, 1.3000, 0.9000, 0.2000, 0.6000, 0.2000,
    0.7000, 1.0000, 0.7000, 1.4000, 1.7000, 0.3000, 0.3000, 0.8000, 5.8000, 2.4000,
    0.4000, 1.1000, 1.5000, 0.3000, 0.3000, 0.6000, 1.1000, 0.6000, 0.9000, 2.2000,
  ]

### behavior/velocity_avg
  Total points: 100
  Min: 0.0374, Max: 0.1325, Mean: 0.0902
  Data: [
    0.0485, 0.0646, 0.0483, 0.0465, 0.0599, 0.0485, 0.0374, 0.0615, 0.0619, 0.0557,
    0.0400, 0.0413, 0.0543, 0.0559, 0.0437, 0.0493, 0.0412, 0.0445, 0.0537, 0.0646,
    0.0597, 0.0834, 0.0953, 0.1192, 0.1156, 0.1265, 0.1219, 0.1106, 0.1137, 0.1248,
    0.1243, 0.1198, 0.1103, 0.1325, 0.1197, 0.1292, 0.1275, 0.1072, 0.1288, 0.1295,
    0.1224, 0.1155, 0.1089, 0.1184, 0.1198, 0.1212, 0.1225, 0.1292, 0.1226, 0.1138,
    0.1084, 0.0979, 0.1079, 0.1062, 0.0895, 0.0986, 0.0904, 0.0934, 0.0910, 0.0898,
    0.0845, 0.0879, 0.0914, 0.0868, 0.0861, 0.0863, 0.1008, 0.0830, 0.0883, 0.0895,
    0.0891, 0.0810, 0.0943, 0.0906, 0.0888, 0.0857, 0.0874, 0.0855, 0.0897, 0.0880,
    0.0868, 0.0881, 0.0912, 0.0903, 0.0911, 0.0909, 0.0846, 0.0908, 0.0918, 0.0876,
    0.0829, 0.0925, 0.0842, 0.0925, 0.0903, 0.0801, 0.0834, 0.0913, 0.0940, 0.0863,
  ]

### behavior/velocity_max
  Total points: 100
  Min: 0.1755, Max: 0.2367, Mean: 0.2089
  Data: [
    0.1960, 0.1906, 0.1961, 0.1845, 0.1813, 0.1994, 0.1954, 0.1987, 0.1939, 0.1755,
    0.1823, 0.1829, 0.1794, 0.1896, 0.1927, 0.1912, 0.1782, 0.1844, 0.2359, 0.2222,
    0.2272, 0.2228, 0.2212, 0.2290, 0.2344, 0.2293, 0.2344, 0.2358, 0.2299, 0.2325,
    0.2359, 0.2315, 0.2344, 0.2332, 0.2326, 0.2261, 0.2260, 0.2257, 0.2309, 0.2302,
    0.2309, 0.2334, 0.2330, 0.2324, 0.2346, 0.2367, 0.2344, 0.2356, 0.2367, 0.2367,
    0.2160, 0.1962, 0.2345, 0.2137, 0.1923, 0.2152, 0.1815, 0.2133, 0.2035, 0.1846,
    0.2052, 0.2100, 0.1990, 0.2202, 0.1940, 0.1998, 0.2102, 0.1903, 0.1908, 0.1994,
    0.2080, 0.1983, 0.1934, 0.2019, 0.1941, 0.1921, 0.2034, 0.2093, 0.1954, 0.1895,
    0.1903, 0.2119, 0.2039, 0.1959, 0.2095, 0.1805, 0.2114, 0.2019, 0.2012, 0.2014,
    0.1843, 0.2098, 0.1867, 0.2133, 0.1924, 0.2126, 0.1968, 0.2086, 0.2133, 0.2139,
  ]

### eval/strong/avg_reward
  Total points: 43
  Min: -26.6571, Max: -1.3928, Mean: -7.3136
  Data: [
    -26.6571, -25.7595, -6.1717, -5.8640, -3.9179, -5.6473, -5.6894, -4.8614, -7.3684, -4.9520,
    -5.9169, -5.3429, -5.6247, -5.2593, -6.8950, -6.9559, -4.9566, -5.2728, -5.3953, -8.5316,
    -1.3928, -5.4396, -5.3382, -6.0989, -3.7849, -5.2091, -4.9909, -5.9877, -7.1192, -6.2283,
    -5.9259, -4.5296, -5.9151, -6.0678, -7.0039, -6.4395, -7.3687, -4.0403, -9.9199, -12.0468,
    -12.1948, -11.4426, -12.9599,
  ]

### eval/strong/loss_rate
  Total points: 43
  Min: 0.2600, Max: 0.5800, Mean: 0.4326
  Data: [
    0.3800, 0.3000, 0.4200, 0.4600, 0.4000, 0.5000, 0.5000, 0.5000, 0.4400, 0.5200,
    0.4800, 0.4800, 0.4600, 0.3800, 0.5200, 0.5000, 0.3400, 0.4400, 0.4200, 0.4600,
    0.2800, 0.4800, 0.4000, 0.4800, 0.4000, 0.4400, 0.3400, 0.5000, 0.5000, 0.4400,
    0.4600, 0.5000, 0.5200, 0.4400, 0.4600, 0.4000, 0.5800, 0.3000, 0.4600, 0.3200,
    0.3600, 0.2600, 0.3800,
  ]

### eval/strong/losses
  Total points: 43
  Min: 13.0000, Max: 29.0000, Mean: 21.6279
  Data: [
    19.0000, 15.0000, 21.0000, 23.0000, 20.0000, 25.0000, 25.0000, 25.0000, 22.0000, 26.0000,
    24.0000, 24.0000, 23.0000, 19.0000, 26.0000, 25.0000, 17.0000, 22.0000, 21.0000, 23.0000,
    14.0000, 24.0000, 20.0000, 24.0000, 20.0000, 22.0000, 17.0000, 25.0000, 25.0000, 22.0000,
    23.0000, 25.0000, 26.0000, 22.0000, 23.0000, 20.0000, 29.0000, 15.0000, 23.0000, 16.0000,
    18.0000, 13.0000, 19.0000,
  ]

### eval/strong/tie_rate
  Total points: 43
  Min: 0.1600, Max: 0.6800, Mean: 0.3619
  Data: [
    0.5600, 0.6400, 0.4200, 0.3400, 0.3000, 0.2800, 0.2200, 0.2000, 0.4000, 0.1600,
    0.2800, 0.2600, 0.3200, 0.3800, 0.3000, 0.3200, 0.4600, 0.3000, 0.3800, 0.4200,
    0.3000, 0.2600, 0.3800, 0.2200, 0.2800, 0.3400, 0.4600, 0.2800, 0.3400, 0.3600,
    0.3400, 0.1600, 0.2200, 0.3800, 0.3400, 0.3800, 0.2400, 0.4000, 0.4400, 0.6200,
    0.5800, 0.6800, 0.6200,
  ]

### eval/strong/ties
  Total points: 43
  Min: 8.0000, Max: 34.0000, Mean: 18.0930
  Data: [
    28.0000, 32.0000, 21.0000, 17.0000, 15.0000, 14.0000, 11.0000, 10.0000, 20.0000, 8.0000,
    14.0000, 13.0000, 16.0000, 19.0000, 15.0000, 16.0000, 23.0000, 15.0000, 19.0000, 21.0000,
    15.0000, 13.0000, 19.0000, 11.0000, 14.0000, 17.0000, 23.0000, 14.0000, 17.0000, 18.0000,
    17.0000, 8.0000, 11.0000, 19.0000, 17.0000, 19.0000, 12.0000, 20.0000, 22.0000, 31.0000,
    29.0000, 34.0000, 31.0000,
  ]

### eval/strong/win_rate
  Total points: 43
  Min: 0.0000, Max: 0.4200, Mean: 0.2056
  Data: [
    0.0600, 0.0600, 0.1600, 0.2000, 0.3000, 0.2200, 0.2800, 0.3000, 0.1600, 0.3200,
    0.2400, 0.2600, 0.2200, 0.2400, 0.1800, 0.1800, 0.2000, 0.2600, 0.2000, 0.1200,
    0.4200, 0.2600, 0.2200, 0.3000, 0.3200, 0.2200, 0.2000, 0.2200, 0.1600, 0.2000,
    0.2000, 0.3400, 0.2600, 0.1800, 0.2000, 0.2200, 0.1800, 0.3000, 0.1000, 0.0600,
    0.0600, 0.0600, 0.0000,
  ]

### eval/strong/win_rate_decisive
  Total points: 43
  Min: 0.0000, Max: 0.6000, Mean: 0.3088
  Data: [
    0.1364, 0.1667, 0.2759, 0.3030, 0.4286, 0.3056, 0.3590, 0.3750, 0.2667, 0.3810,
    0.3333, 0.3514, 0.3235, 0.3871, 0.2571, 0.2647, 0.3704, 0.3714, 0.3226, 0.2069,
    0.6000, 0.3514, 0.3548, 0.3846, 0.4444, 0.3333, 0.3704, 0.3056, 0.2424, 0.3125,
    0.3030, 0.4048, 0.3333, 0.2903, 0.3030, 0.3548, 0.2368, 0.5000, 0.1786, 0.1579,
    0.1429, 0.1875, 0.0000,
  ]

### eval/strong/wins
  Total points: 43
  Min: 0.0000, Max: 21.0000, Mean: 10.2791
  Data: [
    3.0000, 3.0000, 8.0000, 10.0000, 15.0000, 11.0000, 14.0000, 15.0000, 8.0000, 16.0000,
    12.0000, 13.0000, 11.0000, 12.0000, 9.0000, 9.0000, 10.0000, 13.0000, 10.0000, 6.0000,
    21.0000, 13.0000, 11.0000, 15.0000, 16.0000, 11.0000, 10.0000, 11.0000, 8.0000, 10.0000,
    10.0000, 17.0000, 13.0000, 9.0000, 10.0000, 11.0000, 9.0000, 15.0000, 5.0000, 3.0000,
    3.0000, 3.0000, 0.0000,
  ]

### eval/weak/avg_reward
  Total points: 43
  Min: -27.2089, Max: -3.0348, Mean: -8.1253
  Data: [
    -27.2089, -26.5558, -3.9036, -4.3198, -3.3786, -3.0348, -4.6435, -7.9338, -6.4502, -4.1729,
    -5.6284, -5.2233, -8.1536, -8.0776, -6.3022, -7.4110, -4.2805, -8.9989, -7.7811, -6.9245,
    -7.4721, -7.9793, -7.7775, -6.7334, -6.1388, -7.2877, -6.5574, -6.5648, -7.0415, -8.1053,
    -6.0138, -7.2846, -5.3284, -8.2191, -9.0659, -7.7488, -6.4380, -9.0187, -10.6060, -12.7748,
    -11.1593, -11.5219, -12.1700,
  ]

### eval/weak/loss_rate
  Total points: 43
  Min: 0.3200, Max: 0.6800, Mean: 0.5237
  Data: [
    0.4200, 0.3200, 0.5000, 0.5200, 0.4200, 0.4600, 0.5400, 0.6000, 0.4800, 0.4200,
    0.5400, 0.5000, 0.6800, 0.6200, 0.5600, 0.6600, 0.5400, 0.5600, 0.5600, 0.5000,
    0.6200, 0.5800, 0.4800, 0.6400, 0.5600, 0.5800, 0.5200, 0.6200, 0.6600, 0.6600,
    0.6000, 0.5800, 0.4800, 0.6200, 0.6800, 0.5400, 0.5600, 0.3400, 0.3400, 0.3400,
    0.3400, 0.3600, 0.4200,
  ]

### eval/weak/losses
  Total points: 43
  Min: 16.0000, Max: 34.0000, Mean: 26.1860
  Data: [
    21.0000, 16.0000, 25.0000, 26.0000, 21.0000, 23.0000, 27.0000, 30.0000, 24.0000, 21.0000,
    27.0000, 25.0000, 34.0000, 31.0000, 28.0000, 33.0000, 27.0000, 28.0000, 28.0000, 25.0000,
    31.0000, 29.0000, 24.0000, 32.0000, 28.0000, 29.0000, 26.0000, 31.0000, 33.0000, 33.0000,
    30.0000, 29.0000, 24.0000, 31.0000, 34.0000, 27.0000, 28.0000, 17.0000, 17.0000, 17.0000,
    17.0000, 18.0000, 21.0000,
  ]

### eval/weak/tie_rate
  Total points: 43
  Min: 0.1000, Max: 0.6600, Mean: 0.3098
  Data: [
    0.5600, 0.6400, 0.2200, 0.2200, 0.2800, 0.1600, 0.2000, 0.2400, 0.3400, 0.2400,
    0.2000, 0.2200, 0.2000, 0.2600, 0.2400, 0.1400, 0.1200, 0.3200, 0.3400, 0.3000,
    0.2400, 0.3200, 0.3200, 0.1000, 0.2200, 0.2600, 0.3400, 0.1800, 0.2000, 0.2200,
    0.1800, 0.3400, 0.3400, 0.2600, 0.2400, 0.3400, 0.2400, 0.5800, 0.6600, 0.6200,
    0.5800, 0.5600, 0.5400,
  ]

### eval/weak/ties
  Total points: 43
  Min: 5.0000, Max: 33.0000, Mean: 15.4884
  Data: [
    28.0000, 32.0000, 11.0000, 11.0000, 14.0000, 8.0000, 10.0000, 12.0000, 17.0000, 12.0000,
    10.0000, 11.0000, 10.0000, 13.0000, 12.0000, 7.0000, 6.0000, 16.0000, 17.0000, 15.0000,
    12.0000, 16.0000, 16.0000, 5.0000, 11.0000, 13.0000, 17.0000, 9.0000, 10.0000, 11.0000,
    9.0000, 17.0000, 17.0000, 13.0000, 12.0000, 17.0000, 12.0000, 29.0000, 33.0000, 31.0000,
    29.0000, 28.0000, 27.0000,
  ]

### eval/weak/win_rate
  Total points: 43
  Min: 0.0000, Max: 0.3800, Mean: 0.1665
  Data: [
    0.0200, 0.0400, 0.2800, 0.2600, 0.3000, 0.3800, 0.2600, 0.1600, 0.1800, 0.3400,
    0.2600, 0.2800, 0.1200, 0.1200, 0.2000, 0.2000, 0.3400, 0.1200, 0.1000, 0.2000,
    0.1400, 0.1000, 0.2000, 0.2600, 0.2200, 0.1600, 0.1400, 0.2000, 0.1400, 0.1200,
    0.2200, 0.0800, 0.1800, 0.1200, 0.0800, 0.1200, 0.2000, 0.0800, 0.0000, 0.0400,
    0.0800, 0.0800, 0.0400,
  ]

### eval/weak/win_rate_decisive
  Total points: 43
  Min: 0.0000, Max: 0.4524, Mean: 0.2277
  Data: [
    0.0455, 0.1111, 0.3590, 0.3333, 0.4167, 0.4524, 0.3250, 0.2105, 0.2727, 0.4474,
    0.3250, 0.3590, 0.1500, 0.1622, 0.2632, 0.2326, 0.3864, 0.1765, 0.1515, 0.2857,
    0.1842, 0.1471, 0.2941, 0.2889, 0.2821, 0.2162, 0.2121, 0.2439, 0.1750, 0.1538,
    0.2683, 0.1212, 0.2727, 0.1622, 0.1053, 0.1818, 0.2632, 0.1905, 0.0000, 0.1053,
    0.1905, 0.1818, 0.0870,
  ]

### eval/weak/wins
  Total points: 43
  Min: 0.0000, Max: 19.0000, Mean: 8.3256
  Data: [
    1.0000, 2.0000, 14.0000, 13.0000, 15.0000, 19.0000, 13.0000, 8.0000, 9.0000, 17.0000,
    13.0000, 14.0000, 6.0000, 6.0000, 10.0000, 10.0000, 17.0000, 6.0000, 5.0000, 10.0000,
    7.0000, 5.0000, 10.0000, 13.0000, 11.0000, 8.0000, 7.0000, 10.0000, 7.0000, 6.0000,
    11.0000, 4.0000, 9.0000, 6.0000, 4.0000, 6.0000, 10.0000, 4.0000, 0.0000, 2.0000,
    4.0000, 4.0000, 2.0000,
  ]

### gradients/actor_grad_norm
  Total points: 100
  Min: 0.0000, Max: 0.1785, Mean: 0.0314
  Data: [
    0.0000, 0.0000, 0.0000, 0.0000, 0.0000, 0.0000, 0.0000, 0.0000, 0.0000, 0.0000,
    0.0000, 0.0000, 0.0000, 0.0000, 0.0000, 0.0000, 0.0000, 0.1785, 0.0003, 0.0030,
    0.0073, 0.0085, 0.0088, 0.0127, 0.0100, 0.0113, 0.0092, 0.0141, 0.0129, 0.0149,
    0.0110, 0.0116, 0.0113, 0.0125, 0.0144, 0.0123, 0.0095, 0.0145, 0.0156, 0.0159,
    0.0110, 0.0154, 0.0148, 0.0174, 0.0249, 0.0151, 0.0235, 0.0184, 0.0145, 0.0159,
    0.0526, 0.0486, 0.0471, 0.0500, 0.0464, 0.0679, 0.0496, 0.0493, 0.0482, 0.0548,
    0.0519, 0.0607, 0.0485, 0.0491, 0.0507, 0.0512, 0.0456, 0.0619, 0.0437, 0.0437,
    0.0484, 0.0466, 0.0460, 0.0595, 0.0478, 0.0685, 0.0398, 0.0530, 0.0549, 0.0517,
    0.0578, 0.0480, 0.0568, 0.0510, 0.0518, 0.0535, 0.0662, 0.0557, 0.0560, 0.0443,
    0.0496, 0.0477, 0.0474, 0.0436, 0.0534, 0.0488, 0.0497, 0.0537, 0.0355, 0.0451,
  ]

### gradients/critic_grad_norm
  Total points: 100
  Min: 0.0000, Max: 1.1631, Mean: 0.5050
  Data: [
    0.0000, 0.0000, 0.0000, 0.0000, 0.0000, 0.0000, 0.0000, 0.0000, 0.0000, 0.0000,
    0.0000, 0.0000, 0.0000, 0.0000, 0.0000, 0.0000, 0.0000, 0.1789, 0.0217, 0.0448,
    0.0976, 0.1116, 0.1265, 0.1456, 0.1584, 0.1801, 0.1577, 0.2010, 0.2169, 0.2268,
    0.2269, 0.2018, 0.2413, 0.2713, 0.2115, 0.2285, 0.2656, 0.2323, 0.2533, 0.3091,
    0.3212, 0.2909, 0.2995, 0.3114, 0.3311, 0.2742, 0.3178, 0.2870, 0.2885, 0.3753,
    1.0024, 0.7262, 1.1631, 0.8546, 1.0640, 0.8403, 0.8788, 0.9153, 1.0322, 0.8953,
    0.7769, 0.9589, 0.7989, 0.8626, 0.7358, 0.8683, 0.9590, 0.7930, 0.8828, 0.8465,
    0.8509, 0.8855, 0.8556, 0.9381, 0.8497, 0.9812, 0.7161, 0.9867, 0.8282, 0.8111,
    0.8014, 0.9219, 0.8573, 0.8287, 0.7972, 0.8951, 0.8527, 0.8744, 0.8006, 0.8865,
    0.8522, 0.8783, 0.8273, 0.8416, 0.7869, 0.7894, 0.6905, 0.8441, 0.7885, 0.7252,
  ]

### losses/actor_loss
  Total points: 100
  Min: -4.5029, Max: 1.7750, Mean: 0.8357
  Data: [
    0.0000, 0.0000, 0.0000, 0.0000, 0.0000, 0.0000, 0.0000, 0.0000, 0.0000, 0.0000,
    0.0000, 0.0000, 0.0000, 0.0000, 0.0000, 0.0000, 0.0000, -4.5029, -3.7553, -2.7029,
    -1.4369, -1.1519, -0.7000, -0.4085, -0.3012, -0.1583, 0.0524, 0.1442, 0.2416, 0.3188,
    0.3624, 0.4442, 0.5156, 0.5724, 0.6189, 0.6848, 0.7052, 0.7931, 0.8698, 0.9080,
    0.9495, 1.0069, 1.0129, 1.0584, 1.0552, 1.0652, 1.0423, 1.0511, 1.0234, 1.0208,
    1.6428, 1.6773, 1.6379, 1.6348, 1.6186, 1.5899, 1.5570, 1.5987, 1.5847, 1.6298,
    1.5900, 1.5614, 1.6082, 1.5680, 1.5570, 1.5887, 1.5361, 1.5583, 1.5558, 1.5684,
    1.5445, 1.5890, 1.6046, 1.5567, 1.5722, 1.5747, 1.5542, 1.5540, 1.6327, 1.5911,
    1.5867, 1.6160, 1.6463, 1.5990, 1.6120, 1.6221, 1.6391, 1.6322, 1.6578, 1.6815,
    1.6796, 1.7212, 1.6993, 1.6971, 1.7446, 1.7302, 1.7031, 1.7260, 1.7621, 1.7750,
  ]

### losses/critic_loss
  Total points: 100
  Min: 0.0000, Max: 0.0522, Mean: 0.0327
  Data: [
    0.0000, 0.0000, 0.0000, 0.0000, 0.0000, 0.0000, 0.0000, 0.0000, 0.0000, 0.0000,
    0.0000, 0.0000, 0.0000, 0.0000, 0.0000, 0.0000, 0.0000, 0.0400, 0.0269, 0.0279,
    0.0267, 0.0363, 0.0291, 0.0366, 0.0345, 0.0336, 0.0278, 0.0457, 0.0344, 0.0312,
    0.0340, 0.0333, 0.0260, 0.0362, 0.0426, 0.0417, 0.0413, 0.0316, 0.0426, 0.0308,
    0.0367, 0.0356, 0.0385, 0.0385, 0.0490, 0.0420, 0.0471, 0.0411, 0.0441, 0.0317,
    0.0508, 0.0464, 0.0467, 0.0487, 0.0447, 0.0430, 0.0461, 0.0428, 0.0499, 0.0522,
    0.0501, 0.0476, 0.0488, 0.0459, 0.0423, 0.0497, 0.0434, 0.0445, 0.0424, 0.0403,
    0.0423, 0.0444, 0.0450, 0.0454, 0.0459, 0.0399, 0.0466, 0.0356, 0.0415, 0.0379,
    0.0401, 0.0406, 0.0359, 0.0411, 0.0377, 0.0379, 0.0382, 0.0373, 0.0353, 0.0387,
    0.0345, 0.0343, 0.0395, 0.0329, 0.0354, 0.0323, 0.0344, 0.0337, 0.0340, 0.0313,
  ]

### performance/cumulative_win_rate
  Total points: 100
  Min: 0.0838, Max: 0.2317, Mean: 0.1717
  Data: [
    0.1800, 0.1200, 0.1250, 0.1233, 0.1229, 0.1125, 0.1089, 0.1060, 0.0982, 0.0950,
    0.0908, 0.0900, 0.0867, 0.0875, 0.0871, 0.0867, 0.0853, 0.0840, 0.0838, 0.0878,
    0.0885, 0.0911, 0.0986, 0.1058, 0.1100, 0.1127, 0.1137, 0.1150, 0.1184, 0.1211,
    0.1231, 0.1260, 0.1268, 0.1276, 0.1307, 0.1323, 0.1351, 0.1383, 0.1412, 0.1432,
    0.1443, 0.1453, 0.1485, 0.1514, 0.1526, 0.1532, 0.1543, 0.1564, 0.1577, 0.1584,
    0.2317, 0.2316, 0.2313, 0.2311, 0.2308, 0.2305, 0.2303, 0.2299, 0.2295, 0.2290,
    0.2287, 0.2283, 0.2280, 0.2277, 0.2273, 0.2270, 0.2266, 0.2263, 0.2258, 0.2254,
    0.2251, 0.2248, 0.2245, 0.2242, 0.2239, 0.2237, 0.2235, 0.2233, 0.2227, 0.2223,
    0.2220, 0.2216, 0.2213, 0.2210, 0.2208, 0.2205, 0.2202, 0.2199, 0.2197, 0.2191,
    0.2186, 0.2182, 0.2179, 0.2176, 0.2173, 0.2171, 0.2168, 0.2159, 0.2156, 0.2154,
  ]

### performance/losses
  Total points: 100
  Min: 16.0000, Max: 11914.0000, Mean: 6072.2800
  Data: [
    16.0000, 33.0000, 61.0000, 92.0000, 108.0000, 126.0000, 141.0000, 158.0000, 178.0000, 193.0000,
    213.0000, 228.0000, 244.0000, 262.0000, 278.0000, 293.0000, 310.0000, 328.0000, 347.0000, 392.0000,
    456.0000, 480.0000, 524.0000, 579.0000, 603.0000, 629.0000, 686.0000, 712.0000, 741.0000, 765.0000,
    790.0000, 815.0000, 841.0000, 868.0000, 899.0000, 927.0000, 956.0000, 1007.0000, 1063.0000, 1091.0000,
    1120.0000, 1174.0000, 1198.0000, 1252.0000, 1282.0000, 1332.0000, 1356.0000, 1378.0000, 1401.0000, 1426.0000,
    11120.0000, 11135.0000, 11153.0000, 11170.0000, 11185.0000, 11195.0000, 11210.0000, 11228.0000, 11242.0000, 11258.0000,
    11275.0000, 11293.0000, 11308.0000, 11319.0000, 11337.0000, 11350.0000, 11366.0000, 11378.0000, 11395.0000, 11410.0000,
    11423.0000, 11438.0000, 11456.0000, 11471.0000, 11483.0000, 11495.0000, 11507.0000, 11518.0000, 11546.0000, 11561.0000,
    11577.0000, 11589.0000, 11604.0000, 11614.0000, 11626.0000, 11644.0000, 11659.0000, 11676.0000, 11690.0000, 11713.0000,
    11748.0000, 11767.0000, 11780.0000, 11796.0000, 11810.0000, 11824.0000, 11838.0000, 11882.0000, 11900.0000, 11914.0000,
  ]

### performance/ties
  Total points: 100
  Min: 25.0000, Max: 9348.0000, Mean: 4584.0600
  Data: [
    25.0000, 55.0000, 114.0000, 171.0000, 199.0000, 229.0000, 260.0000, 289.0000, 318.0000, 350.0000,
    378.0000, 409.0000, 441.0000, 468.0000, 498.0000, 529.0000, 559.0000, 588.0000, 615.0000, 657.0000,
    729.0000, 747.0000, 783.0000, 807.0000, 821.0000, 835.0000, 865.0000, 881.0000, 890.0000, 905.0000,
    920.0000, 933.0000, 949.0000, 964.0000, 970.0000, 982.0000, 990.0000, 1018.0000, 1041.0000, 1051.0000,
    1062.0000, 1091.0000, 1101.0000, 1124.0000, 1133.0000, 1166.0000, 1181.0000, 1195.0000, 1210.0000, 1225.0000,
    7626.0000, 7653.0000, 7679.0000, 7707.0000, 7737.0000, 7772.0000, 7802.0000, 7833.0000, 7867.0000, 7901.0000,
    7930.0000, 7960.0000, 7991.0000, 8028.0000, 8058.0000, 8091.0000, 8124.0000, 8158.0000, 8191.0000, 8225.0000,
    8259.0000, 8292.0000, 8320.0000, 8350.0000, 8384.0000, 8416.0000, 8448.0000, 8482.0000, 8548.0000, 8581.0000,
    8613.0000, 8650.0000, 8682.0000, 8717.0000, 8751.0000, 8780.0000, 8811.0000, 8840.0000, 8872.0000, 8942.0000,
    8999.0000, 9029.0000, 9062.0000, 9094.0000, 9126.0000, 9159.0000, 9191.0000, 9289.0000, 9317.0000, 9348.0000,
  ]

### performance/wins
  Total points: 100
  Min: 9.0000, Max: 5838.0000, Mean: 2973.6600
  Data: [
    9.0000, 12.0000, 25.0000, 37.0000, 43.0000, 45.0000, 49.0000, 53.0000, 54.0000, 57.0000,
    59.0000, 63.0000, 65.0000, 70.0000, 74.0000, 78.0000, 81.0000, 84.0000, 88.0000, 101.0000,
    115.0000, 123.0000, 143.0000, 164.0000, 176.0000, 186.0000, 199.0000, 207.0000, 219.0000, 230.0000,
    240.0000, 252.0000, 260.0000, 268.0000, 281.0000, 291.0000, 304.0000, 325.0000, 346.0000, 358.0000,
    368.0000, 385.0000, 401.0000, 424.0000, 435.0000, 452.0000, 463.0000, 477.0000, 489.0000, 499.0000,
    5654.0000, 5662.0000, 5668.0000, 5673.0000, 5678.0000, 5683.0000, 5688.0000, 5689.0000, 5691.0000, 5691.0000,
    5695.0000, 5697.0000, 5701.0000, 5703.0000, 5705.0000, 5709.0000, 5710.0000, 5714.0000, 5714.0000, 5715.0000,
    5718.0000, 5720.0000, 5724.0000, 5729.0000, 5733.0000, 5739.0000, 5745.0000, 5750.0000, 5756.0000, 5758.0000,
    5760.0000, 5761.0000, 5764.0000, 5769.0000, 5773.0000, 5776.0000, 5780.0000, 5784.0000, 5788.0000, 5795.0000,
    5803.0000, 5804.0000, 5808.0000, 5810.0000, 5814.0000, 5817.0000, 5821.0000, 5829.0000, 5833.0000, 5838.0000,
  ]

### rewards/p1
  Total points: 100
  Min: -34.9265, Max: -2.3037, Mean: -13.8014
  Data: [
    -30.3218, -24.3664, -22.6718, -26.4375, -26.4989, -34.9265, -32.4978, -23.9241, -20.3311, -22.2898,
    -24.6767, -30.6886, -27.8673, -27.4696, -27.4399, -21.8711, -27.2835, -18.4458, -23.0413, -13.5372,
    -10.4628, -9.1115, -7.6180, -4.8839, -5.2376, -5.6905, -8.2810, -13.0485, -9.1902, -6.1247,
    -8.3393, -7.1390, -9.8685, -5.1188, -9.3856, -5.7306, -5.5773, -7.3979, -2.3037, -8.3690,
    -5.8893, -7.0975, -6.8702, -8.0463, -8.6319, -7.6487, -5.9250, -3.4732, -7.1392, -10.5333,
    -14.2737, -14.3993, -10.4854, -13.0141, -15.5472, -13.1375, -11.5326, -17.9876, -15.2051, -13.9930,
    -14.5645, -12.5463, -10.4796, -10.5548, -16.8464, -15.1489, -12.5401, -14.1365, -13.9450, -15.2811,
    -12.6890, -14.0864, -11.0946, -14.1960, -11.8281, -10.2620, -11.1779, -9.7080, -13.8134, -12.4794,
    -16.0419, -13.3854, -13.1860, -13.4194, -14.0974, -18.9224, -9.9184, -13.6203, -11.4498, -8.7739,
    -13.7549, -13.9386, -12.0034, -13.9369, -13.4573, -11.8929, -8.6956, -12.0025, -11.6593, -12.3135,
  ]

### rewards/p2
  Total points: 100
  Min: 1.8537, Max: 34.0265, Mean: 13.0304
  Data: [
    29.2718, 23.7664, 21.9218, 25.5375, 25.7489, 34.0265, 31.5978, 23.3241, 19.5811, 21.3898,
    23.7767, 29.6386, 27.1173, 26.5696, 26.5399, 20.9711, 26.3835, 17.0958, 22.2913, 13.0872,
    9.5628, 8.6615, 7.1680, 4.8839, 4.4876, 5.3905, 7.8310, 12.2985, 9.0402, 5.5247,
    7.8893, 6.6890, 9.1185, 4.8188, 9.0856, 5.5806, 5.4273, 6.9479, 1.8537, 8.2190,
    5.2893, 6.7975, 6.5702, 7.7463, 8.4819, 7.3487, 5.7750, 2.8732, 6.2392, 9.7833,
    13.5237, 13.4993, 9.7354, 12.5641, 14.4972, 12.0875, 10.4826, 17.2376, 14.1551, 12.9430,
    13.6645, 11.4963, 9.7296, 9.3548, 16.0964, 14.3989, 11.6401, 12.9365, 13.0450, 14.3811,
    11.9390, 13.1864, 10.3446, 13.2960, 10.7781, 9.3620, 10.2779, 8.5080, 12.9134, 11.4294,
    15.2919, 12.3354, 12.2860, 12.5194, 12.8974, 18.0224, 8.8684, 12.7203, 10.5498, 7.4239,
    12.8549, 12.8886, 10.8034, 13.1869, 12.4073, 10.6929, 7.6456, 10.9525, 10.9093, 11.2635,
  ]

### rewards/sparse_only
  Total points: 100
  Min: -34.0265, Max: -1.8537, Mean: -13.0304
  Data: [
    -29.2718, -23.7664, -21.9218, -25.5375, -25.7489, -34.0265, -31.5978, -23.3241, -19.5811, -21.3898,
    -23.7767, -29.6386, -27.1173, -26.5696, -26.5399, -20.9711, -26.3835, -17.0958, -22.2913, -13.0872,
    -9.5628, -8.6615, -7.1680, -4.8839, -4.4876, -5.3905, -7.8310, -12.2985, -9.0402, -5.5247,
    -7.8893, -6.6890, -9.1185, -4.8188, -9.0856, -5.5806, -5.4273, -6.9479, -1.8537, -8.2190,
    -5.2893, -6.7975, -6.5702, -7.7463, -8.4819, -7.3487, -5.7750, -2.8732, -6.2392, -9.7833,
    -13.5237, -13.4993, -9.7354, -12.5641, -14.4972, -12.0875, -10.4826, -17.2376, -14.1551, -12.9430,
    -13.6645, -11.4963, -9.7296, -9.3548, -16.0964, -14.3989, -11.6401, -12.9365, -13.0450, -14.3811,
    -11.9390, -13.1864, -10.3446, -13.2960, -10.7781, -9.3620, -10.2779, -8.5080, -12.9134, -11.4294,
    -15.2919, -12.3354, -12.2860, -12.5194, -12.8974, -18.0224, -8.8684, -12.7203, -10.5498, -7.4239,
    -12.8549, -12.8886, -10.8034, -13.1869, -12.4073, -10.6929, -7.6456, -10.9525, -10.9093, -11.2635,
  ]

### rewards/sparse_ratio
  Total points: 100
  Min: 0.8047, Max: 1.0000, Mean: 0.9365
  Data: [
    0.9654, 0.9754, 0.9669, 0.9660, 0.9717, 0.9742, 0.9723, 0.9749, 0.9631, 0.9596,
    0.9635, 0.9658, 0.9731, 0.9672, 0.9672, 0.9588, 0.9670, 0.9268, 0.9674, 0.9668,
    0.9140, 0.9506, 0.9409, 1.0000, 0.8568, 0.9473, 0.9457, 0.9425, 0.9837, 0.9020,
    0.9460, 0.9370, 0.9240, 0.9414, 0.9680, 0.9738, 0.9731, 0.9392, 0.8047, 0.9821,
    0.8981, 0.9577, 0.9563, 0.9627, 0.9826, 0.9608, 0.9747, 0.8272, 0.8739, 0.9288,
    0.9475, 0.9375, 0.9285, 0.9654, 0.9325, 0.9201, 0.9090, 0.9583, 0.9309, 0.9250,
    0.9382, 0.9163, 0.9284, 0.8863, 0.9555, 0.9505, 0.9282, 0.9151, 0.9355, 0.9411,
    0.9409, 0.9361, 0.9324, 0.9366, 0.9112, 0.9123, 0.9195, 0.8764, 0.9348, 0.9159,
    0.9532, 0.9216, 0.9317, 0.9329, 0.9149, 0.9524, 0.8941, 0.9339, 0.9214, 0.8461,
    0.9346, 0.9247, 0.9000, 0.9462, 0.9220, 0.8991, 0.8792, 0.9125, 0.9357, 0.9147,
  ]

### scoring/goals_conceded
  Total points: 100
  Min: 16.0000, Max: 11914.0000, Mean: 6072.2800
  Data: [
    16.0000, 33.0000, 61.0000, 92.0000, 108.0000, 126.0000, 141.0000, 158.0000, 178.0000, 193.0000,
    213.0000, 228.0000, 244.0000, 262.0000, 278.0000, 293.0000, 310.0000, 328.0000, 347.0000, 392.0000,
    456.0000, 480.0000, 524.0000, 579.0000, 603.0000, 629.0000, 686.0000, 712.0000, 741.0000, 765.0000,
    790.0000, 815.0000, 841.0000, 868.0000, 899.0000, 927.0000, 956.0000, 1007.0000, 1063.0000, 1091.0000,
    1120.0000, 1174.0000, 1198.0000, 1252.0000, 1282.0000, 1332.0000, 1356.0000, 1378.0000, 1401.0000, 1426.0000,
    11120.0000, 11135.0000, 11153.0000, 11170.0000, 11185.0000, 11195.0000, 11210.0000, 11228.0000, 11242.0000, 11258.0000,
    11275.0000, 11293.0000, 11308.0000, 11319.0000, 11337.0000, 11350.0000, 11366.0000, 11378.0000, 11395.0000, 11410.0000,
    11423.0000, 11438.0000, 11456.0000, 11471.0000, 11483.0000, 11495.0000, 11507.0000, 11518.0000, 11546.0000, 11561.0000,
    11577.0000, 11589.0000, 11604.0000, 11614.0000, 11626.0000, 11644.0000, 11659.0000, 11676.0000, 11690.0000, 11713.0000,
    11748.0000, 11767.0000, 11780.0000, 11796.0000, 11810.0000, 11824.0000, 11838.0000, 11882.0000, 11900.0000, 11914.0000,
  ]

### scoring/goals_scored
  Total points: 100
  Min: 9.0000, Max: 5838.0000, Mean: 2973.6600
  Data: [
    9.0000, 12.0000, 25.0000, 37.0000, 43.0000, 45.0000, 49.0000, 53.0000, 54.0000, 57.0000,
    59.0000, 63.0000, 65.0000, 70.0000, 74.0000, 78.0000, 81.0000, 84.0000, 88.0000, 101.0000,
    115.0000, 123.0000, 143.0000, 164.0000, 176.0000, 186.0000, 199.0000, 207.0000, 219.0000, 230.0000,
    240.0000, 252.0000, 260.0000, 268.0000, 281.0000, 291.0000, 304.0000, 325.0000, 346.0000, 358.0000,
    368.0000, 385.0000, 401.0000, 424.0000, 435.0000, 452.0000, 463.0000, 477.0000, 489.0000, 499.0000,
    5654.0000, 5662.0000, 5668.0000, 5673.0000, 5678.0000, 5683.0000, 5688.0000, 5689.0000, 5691.0000, 5691.0000,
    5695.0000, 5697.0000, 5701.0000, 5703.0000, 5705.0000, 5709.0000, 5710.0000, 5714.0000, 5714.0000, 5715.0000,
    5718.0000, 5720.0000, 5724.0000, 5729.0000, 5733.0000, 5739.0000, 5745.0000, 5750.0000, 5756.0000, 5758.0000,
    5760.0000, 5761.0000, 5764.0000, 5769.0000, 5773.0000, 5776.0000, 5780.0000, 5784.0000, 5788.0000, 5795.0000,
    5803.0000, 5804.0000, 5808.0000, 5810.0000, 5814.0000, 5817.0000, 5821.0000, 5829.0000, 5833.0000, 5838.0000,
  ]

### selfplay/active
  Total points: 100
  Min: 0.0000, Max: 0.0000, Mean: 0.0000
  Data: [
    0.0000, 0.0000, 0.0000, 0.0000, 0.0000, 0.0000, 0.0000, 0.0000, 0.0000, 0.0000,
    0.0000, 0.0000, 0.0000, 0.0000, 0.0000, 0.0000, 0.0000, 0.0000, 0.0000, 0.0000,
    0.0000, 0.0000, 0.0000, 0.0000, 0.0000, 0.0000, 0.0000, 0.0000, 0.0000, 0.0000,
    0.0000, 0.0000, 0.0000, 0.0000, 0.0000, 0.0000, 0.0000, 0.0000, 0.0000, 0.0000,
    0.0000, 0.0000, 0.0000, 0.0000, 0.0000, 0.0000, 0.0000, 0.0000, 0.0000, 0.0000,
    0.0000, 0.0000, 0.0000, 0.0000, 0.0000, 0.0000, 0.0000, 0.0000, 0.0000, 0.0000,
    0.0000, 0.0000, 0.0000, 0.0000, 0.0000, 0.0000, 0.0000, 0.0000, 0.0000, 0.0000,
    0.0000, 0.0000, 0.0000, 0.0000, 0.0000, 0.0000, 0.0000, 0.0000, 0.0000, 0.0000,
    0.0000, 0.0000, 0.0000, 0.0000, 0.0000, 0.0000, 0.0000, 0.0000, 0.0000, 0.0000,
    0.0000, 0.0000, 0.0000, 0.0000, 0.0000, 0.0000, 0.0000, 0.0000, 0.0000, 0.0000,
  ]

### selfplay/episode_opponent_type_selfplay
  Total points: 100
  Min: 0.0000, Max: 0.0000, Mean: 0.0000
  Data: [
    0.0000, 0.0000, 0.0000, 0.0000, 0.0000, 0.0000, 0.0000, 0.0000, 0.0000, 0.0000,
    0.0000, 0.0000, 0.0000, 0.0000, 0.0000, 0.0000, 0.0000, 0.0000, 0.0000, 0.0000,
    0.0000, 0.0000, 0.0000, 0.0000, 0.0000, 0.0000, 0.0000, 0.0000, 0.0000, 0.0000,
    0.0000, 0.0000, 0.0000, 0.0000, 0.0000, 0.0000, 0.0000, 0.0000, 0.0000, 0.0000,
    0.0000, 0.0000, 0.0000, 0.0000, 0.0000, 0.0000, 0.0000, 0.0000, 0.0000, 0.0000,
    0.0000, 0.0000, 0.0000, 0.0000, 0.0000, 0.0000, 0.0000, 0.0000, 0.0000, 0.0000,
    0.0000, 0.0000, 0.0000, 0.0000, 0.0000, 0.0000, 0.0000, 0.0000, 0.0000, 0.0000,
    0.0000, 0.0000, 0.0000, 0.0000, 0.0000, 0.0000, 0.0000, 0.0000, 0.0000, 0.0000,
    0.0000, 0.0000, 0.0000, 0.0000, 0.0000, 0.0000, 0.0000, 0.0000, 0.0000, 0.0000,
    0.0000, 0.0000, 0.0000, 0.0000, 0.0000, 0.0000, 0.0000, 0.0000, 0.0000, 0.0000,
  ]

### selfplay/episode_opponent_type_strong
  Total points: 100
  Min: 1.0000, Max: 1.0000, Mean: 1.0000
  Data: [
    1.0000, 1.0000, 1.0000, 1.0000, 1.0000, 1.0000, 1.0000, 1.0000, 1.0000, 1.0000,
    1.0000, 1.0000, 1.0000, 1.0000, 1.0000, 1.0000, 1.0000, 1.0000, 1.0000, 1.0000,
    1.0000, 1.0000, 1.0000, 1.0000, 1.0000, 1.0000, 1.0000, 1.0000, 1.0000, 1.0000,
    1.0000, 1.0000, 1.0000, 1.0000, 1.0000, 1.0000, 1.0000, 1.0000, 1.0000, 1.0000,
    1.0000, 1.0000, 1.0000, 1.0000, 1.0000, 1.0000, 1.0000, 1.0000, 1.0000, 1.0000,
    1.0000, 1.0000, 1.0000, 1.0000, 1.0000, 1.0000, 1.0000, 1.0000, 1.0000, 1.0000,
    1.0000, 1.0000, 1.0000, 1.0000, 1.0000, 1.0000, 1.0000, 1.0000, 1.0000, 1.0000,
    1.0000, 1.0000, 1.0000, 1.0000, 1.0000, 1.0000, 1.0000, 1.0000, 1.0000, 1.0000,
    1.0000, 1.0000, 1.0000, 1.0000, 1.0000, 1.0000, 1.0000, 1.0000, 1.0000, 1.0000,
    1.0000, 1.0000, 1.0000, 1.0000, 1.0000, 1.0000, 1.0000, 1.0000, 1.0000, 1.0000,
  ]

### selfplay/episode_opponent_type_weak
  Total points: 100
  Min: 0.0000, Max: 0.0000, Mean: 0.0000
  Data: [
    0.0000, 0.0000, 0.0000, 0.0000, 0.0000, 0.0000, 0.0000, 0.0000, 0.0000, 0.0000,
    0.0000, 0.0000, 0.0000, 0.0000, 0.0000, 0.0000, 0.0000, 0.0000, 0.0000, 0.0000,
    0.0000, 0.0000, 0.0000, 0.0000, 0.0000, 0.0000, 0.0000, 0.0000, 0.0000, 0.0000,
    0.0000, 0.0000, 0.0000, 0.0000, 0.0000, 0.0000, 0.0000, 0.0000, 0.0000, 0.0000,
    0.0000, 0.0000, 0.0000, 0.0000, 0.0000, 0.0000, 0.0000, 0.0000, 0.0000, 0.0000,
    0.0000, 0.0000, 0.0000, 0.0000, 0.0000, 0.0000, 0.0000, 0.0000, 0.0000, 0.0000,
    0.0000, 0.0000, 0.0000, 0.0000, 0.0000, 0.0000, 0.0000, 0.0000, 0.0000, 0.0000,
    0.0000, 0.0000, 0.0000, 0.0000, 0.0000, 0.0000, 0.0000, 0.0000, 0.0000, 0.0000,
    0.0000, 0.0000, 0.0000, 0.0000, 0.0000, 0.0000, 0.0000, 0.0000, 0.0000, 0.0000,
    0.0000, 0.0000, 0.0000, 0.0000, 0.0000, 0.0000, 0.0000, 0.0000, 0.0000, 0.0000,
  ]

### selfplay/pool_size
  Total points: 100
  Min: 0.0000, Max: 0.0000, Mean: 0.0000
  Data: [
    0.0000, 0.0000, 0.0000, 0.0000, 0.0000, 0.0000, 0.0000, 0.0000, 0.0000, 0.0000,
    0.0000, 0.0000, 0.0000, 0.0000, 0.0000, 0.0000, 0.0000, 0.0000, 0.0000, 0.0000,
    0.0000, 0.0000, 0.0000, 0.0000, 0.0000, 0.0000, 0.0000, 0.0000, 0.0000, 0.0000,
    0.0000, 0.0000, 0.0000, 0.0000, 0.0000, 0.0000, 0.0000, 0.0000, 0.0000, 0.0000,
    0.0000, 0.0000, 0.0000, 0.0000, 0.0000, 0.0000, 0.0000, 0.0000, 0.0000, 0.0000,
    0.0000, 0.0000, 0.0000, 0.0000, 0.0000, 0.0000, 0.0000, 0.0000, 0.0000, 0.0000,
    0.0000, 0.0000, 0.0000, 0.0000, 0.0000, 0.0000, 0.0000, 0.0000, 0.0000, 0.0000,
    0.0000, 0.0000, 0.0000, 0.0000, 0.0000, 0.0000, 0.0000, 0.0000, 0.0000, 0.0000,
    0.0000, 0.0000, 0.0000, 0.0000, 0.0000, 0.0000, 0.0000, 0.0000, 0.0000, 0.0000,
    0.0000, 0.0000, 0.0000, 0.0000, 0.0000, 0.0000, 0.0000, 0.0000, 0.0000, 0.0000,
  ]

### selfplay/weak_ratio_target
  Total points: 100
  Min: 0.5000, Max: 0.5000, Mean: 0.5000
  Data: [
    0.5000, 0.5000, 0.5000, 0.5000, 0.5000, 0.5000, 0.5000, 0.5000, 0.5000, 0.5000,
    0.5000, 0.5000, 0.5000, 0.5000, 0.5000, 0.5000, 0.5000, 0.5000, 0.5000, 0.5000,
    0.5000, 0.5000, 0.5000, 0.5000, 0.5000, 0.5000, 0.5000, 0.5000, 0.5000, 0.5000,
    0.5000, 0.5000, 0.5000, 0.5000, 0.5000, 0.5000, 0.5000, 0.5000, 0.5000, 0.5000,
    0.5000, 0.5000, 0.5000, 0.5000, 0.5000, 0.5000, 0.5000, 0.5000, 0.5000, 0.5000,
    0.5000, 0.5000, 0.5000, 0.5000, 0.5000, 0.5000, 0.5000, 0.5000, 0.5000, 0.5000,
    0.5000, 0.5000, 0.5000, 0.5000, 0.5000, 0.5000, 0.5000, 0.5000, 0.5000, 0.5000,
    0.5000, 0.5000, 0.5000, 0.5000, 0.5000, 0.5000, 0.5000, 0.5000, 0.5000, 0.5000,
    0.5000, 0.5000, 0.5000, 0.5000, 0.5000, 0.5000, 0.5000, 0.5000, 0.5000, 0.5000,
    0.5000, 0.5000, 0.5000, 0.5000, 0.5000, 0.5000, 0.5000, 0.5000, 0.5000, 0.5000,
  ]

### training/avg_episode_length
  Total points: 100
  Min: 75.3000, Max: 244.7000, Mean: 172.4500
  Data: [
    210.9000, 131.4000, 190.7000, 188.7000, 157.4000, 187.5000, 198.0000, 149.6000, 171.0000, 172.9000,
    202.8000, 212.1000, 163.1000, 164.7000, 209.7000, 171.3000, 205.0000, 244.7000, 160.0000, 166.5000,
    213.5000, 151.6000, 112.0000, 83.7000, 174.3000, 116.9000, 141.5000, 181.8000, 118.7000, 155.5000,
    135.4000, 139.3000, 179.6000, 90.7000, 126.0000, 101.4000, 103.5000, 119.8000, 136.0000, 75.3000,
    141.9000, 112.4000, 129.8000, 117.9000, 100.9000, 128.9000, 113.7000, 135.8000, 193.1000, 164.2000,
    172.6000, 182.2000, 184.2000, 132.7000, 221.5000, 188.0000, 204.0000, 181.0000, 213.7000, 193.7000,
    195.5000, 193.4000, 164.0000, 210.9000, 162.2000, 181.2000, 183.0000, 217.3000, 176.1000, 196.2000,
    189.3000, 195.3000, 167.9000, 200.2000, 195.8000, 184.4000, 199.8000, 210.0000, 193.2000, 196.2000,
    179.7000, 200.1000, 189.3000, 203.9000, 222.4000, 169.4000, 213.9000, 180.7000, 179.4000, 232.7000,
    168.7000, 199.1000, 209.0000, 160.7000, 189.6000, 221.6000, 217.4000, 187.4000, 167.2000, 214.2000,
  ]

### training/calls_per_episode
  Total points: 100
  Min: 0.0000, Max: 0.0000, Mean: 0.0000
  Data: [
    0.0000, 0.0000, 0.0000, 0.0000, 0.0000, 0.0000, 0.0000, 0.0000, 0.0000, 0.0000,
    0.0000, 0.0000, 0.0000, 0.0000, 0.0000, 0.0000, 0.0000, 0.0000, 0.0000, 0.0000,
    0.0000, 0.0000, 0.0000, 0.0000, 0.0000, 0.0000, 0.0000, 0.0000, 0.0000, 0.0000,
    0.0000, 0.0000, 0.0000, 0.0000, 0.0000, 0.0000, 0.0000, 0.0000, 0.0000, 0.0000,
    0.0000, 0.0000, 0.0000, 0.0000, 0.0000, 0.0000, 0.0000, 0.0000, 0.0000, 0.0000,
    0.0000, 0.0000, 0.0000, 0.0000, 0.0000, 0.0000, 0.0000, 0.0000, 0.0000, 0.0000,
    0.0000, 0.0000, 0.0000, 0.0000, 0.0000, 0.0000, 0.0000, 0.0000, 0.0000, 0.0000,
    0.0000, 0.0000, 0.0000, 0.0000, 0.0000, 0.0000, 0.0000, 0.0000, 0.0000, 0.0000,
    0.0000, 0.0000, 0.0000, 0.0000, 0.0000, 0.0000, 0.0000, 0.0000, 0.0000, 0.0000,
    0.0000, 0.0000, 0.0000, 0.0000, 0.0000, 0.0000, 0.0000, 0.0000, 0.0000, 0.0000,
  ]

### training/episode
  Total points: 100
  Min: 50.0000, Max: 27100.0000, Mean: 13630.0000
  Data: [
    50.0000, 100.0000, 200.0000, 300.0000, 350.0000, 400.0000, 450.0000, 500.0000, 550.0000, 600.0000,
    650.0000, 700.0000, 750.0000, 800.0000, 850.0000, 900.0000, 950.0000, 1000.0000, 1050.0000, 1150.0000,
    1300.0000, 1350.0000, 1450.0000, 1550.0000, 1600.0000, 1650.0000, 1750.0000, 1800.0000, 1850.0000, 1900.0000,
    1950.0000, 2000.0000, 2050.0000, 2100.0000, 2150.0000, 2200.0000, 2250.0000, 2350.0000, 2450.0000, 2500.0000,
    2550.0000, 2650.0000, 2700.0000, 2800.0000, 2850.0000, 2950.0000, 3000.0000, 3050.0000, 3100.0000, 3150.0000,
    24400.0000, 24450.0000, 24500.0000, 24550.0000, 24600.0000, 24650.0000, 24700.0000, 24750.0000, 24800.0000, 24850.0000,
    24900.0000, 24950.0000, 25000.0000, 25050.0000, 25100.0000, 25150.0000, 25200.0000, 25250.0000, 25300.0000, 25350.0000,
    25400.0000, 25450.0000, 25500.0000, 25550.0000, 25600.0000, 25650.0000, 25700.0000, 25750.0000, 25850.0000, 25900.0000,
    25950.0000, 26000.0000, 26050.0000, 26100.0000, 26150.0000, 26200.0000, 26250.0000, 26300.0000, 26350.0000, 26450.0000,
    26550.0000, 26600.0000, 26650.0000, 26700.0000, 26750.0000, 26800.0000, 26850.0000, 27000.0000, 27050.0000, 27100.0000,
  ]

### training/eps_per_sec
  Total points: 100
  Min: 0.4292, Max: 8.3204, Mean: 2.0846
  Data: [
    6.4422, 7.6970, 7.3509, 7.9967, 7.7040, 8.1341, 7.3712, 8.0961, 0.7854, 7.7438,
    8.1313, 7.7756, 7.7456, 8.3204, 7.7700, 8.0550, 7.4601, 4.5733, 0.4643, 1.0469,
    0.9243, 1.1121, 1.3096, 0.5541, 1.2645, 1.1217, 1.1177, 1.1759, 1.3927, 1.2167,
    1.2428, 1.3672, 0.6201, 1.2889, 1.6980, 1.3634, 1.5320, 1.3873, 1.4040, 1.4358,
    0.5694, 1.3117, 1.2854, 1.4402, 1.4290, 1.0921, 1.1197, 0.5279, 1.1239, 1.2738,
    1.0352, 0.9390, 0.9465, 0.4614, 0.8691, 0.8504, 0.9000, 0.9017, 0.8510, 0.8849,
    0.9044, 0.9547, 0.9045, 0.4292, 0.9081, 0.8504, 0.8698, 0.8653, 0.8842, 0.8681,
    0.8282, 0.8346, 0.9618, 0.4394, 0.8449, 0.8679, 0.8624, 0.8316, 0.8784, 0.8757,
    0.8660, 0.8183, 0.4440, 0.8737, 0.8609, 1.0063, 0.9066, 0.9578, 0.9148, 0.8282,
    0.4783, 0.9503, 0.9082, 0.9490, 0.9200, 0.9088, 0.8994, 0.8838, 0.4679, 0.9447,
  ]

### training/epsilon
  Total points: 100
  Min: 0.1000, Max: 0.4980, Mean: 0.2708
  Data: [
    0.4980, 0.4960, 0.4921, 0.4881, 0.4862, 0.4843, 0.4823, 0.4804, 0.4785, 0.4766,
    0.4747, 0.4728, 0.4709, 0.4690, 0.4671, 0.4653, 0.4634, 0.4616, 0.4597, 0.4561,
    0.4506, 0.4488, 0.4452, 0.4417, 0.4399, 0.4382, 0.4347, 0.4329, 0.4312, 0.4295,
    0.4278, 0.4261, 0.4244, 0.4227, 0.4210, 0.4193, 0.4176, 0.4143, 0.4110, 0.4094,
    0.4077, 0.4045, 0.4029, 0.3997, 0.3981, 0.3949, 0.3933, 0.3917, 0.3902, 0.3886,
    0.1000, 0.1000, 0.1000, 0.1000, 0.1000, 0.1000, 0.1000, 0.1000, 0.1000, 0.1000,
    0.1000, 0.1000, 0.1000, 0.1000, 0.1000, 0.1000, 0.1000, 0.1000, 0.1000, 0.1000,
    0.1000, 0.1000, 0.1000, 0.1000, 0.1000, 0.1000, 0.1000, 0.1000, 0.1000, 0.1000,
    0.1000, 0.1000, 0.1000, 0.1000, 0.1000, 0.1000, 0.1000, 0.1000, 0.1000, 0.1000,
    0.1000, 0.1000, 0.1000, 0.1000, 0.1000, 0.1000, 0.1000, 0.1000, 0.1000, 0.1000,
  ]

### training/pbrs_enabled
  Total points: 100
  Min: 0.0000, Max: 0.0000, Mean: 0.0000
  Data: [
    0.0000, 0.0000, 0.0000, 0.0000, 0.0000, 0.0000, 0.0000, 0.0000, 0.0000, 0.0000,
    0.0000, 0.0000, 0.0000, 0.0000, 0.0000, 0.0000, 0.0000, 0.0000, 0.0000, 0.0000,
    0.0000, 0.0000, 0.0000, 0.0000, 0.0000, 0.0000, 0.0000, 0.0000, 0.0000, 0.0000,
    0.0000, 0.0000, 0.0000, 0.0000, 0.0000, 0.0000, 0.0000, 0.0000, 0.0000, 0.0000,
    0.0000, 0.0000, 0.0000, 0.0000, 0.0000, 0.0000, 0.0000, 0.0000, 0.0000, 0.0000,
    0.0000, 0.0000, 0.0000, 0.0000, 0.0000, 0.0000, 0.0000, 0.0000, 0.0000, 0.0000,
    0.0000, 0.0000, 0.0000, 0.0000, 0.0000, 0.0000, 0.0000, 0.0000, 0.0000, 0.0000,
    0.0000, 0.0000, 0.0000, 0.0000, 0.0000, 0.0000, 0.0000, 0.0000, 0.0000, 0.0000,
    0.0000, 0.0000, 0.0000, 0.0000, 0.0000, 0.0000, 0.0000, 0.0000, 0.0000, 0.0000,
    0.0000, 0.0000, 0.0000, 0.0000, 0.0000, 0.0000, 0.0000, 0.0000, 0.0000, 0.0000,
  ]

### training/tie_penalty
  Total points: 100
  Min: -1.5000, Max: 0.0000, Mean: -0.2850
  Data: [
    -1.5000, 0.0000, 0.0000, 0.0000, 0.0000, 0.0000, 0.0000, 0.0000, 0.0000, 0.0000,
    0.0000, 0.0000, 0.0000, 0.0000, 0.0000, 0.0000, 0.0000, 0.0000, 0.0000, 0.0000,
    -1.5000, -1.5000, 0.0000, 0.0000, 0.0000, 0.0000, -1.5000, -1.5000, 0.0000, 0.0000,
    0.0000, 0.0000, 0.0000, 0.0000, 0.0000, 0.0000, 0.0000, 0.0000, 0.0000, 0.0000,
    0.0000, -1.5000, 0.0000, -1.5000, -1.5000, -1.5000, 0.0000, 0.0000, 0.0000, -1.5000,
    0.0000, 0.0000, 0.0000, 0.0000, 0.0000, 0.0000, -1.5000, 0.0000, 0.0000, 0.0000,
    -1.5000, -1.5000, 0.0000, 0.0000, 0.0000, 0.0000, 0.0000, -1.5000, 0.0000, 0.0000,
    0.0000, 0.0000, 0.0000, 0.0000, -1.5000, 0.0000, 0.0000, 0.0000, 0.0000, 0.0000,
    0.0000, 0.0000, 0.0000, 0.0000, 0.0000, 0.0000, 0.0000, 0.0000, 0.0000, -1.5000,
    0.0000, 0.0000, 0.0000, 0.0000, 0.0000, -1.5000, 0.0000, -1.5000, 0.0000, -1.5000,
  ]

### values/Q_avg
  Total points: 100
  Min: -2.4981, Max: 4.9604, Mean: -0.7123
  Data: [
    4.9492, 4.9361, 4.9519, 4.9526, 4.9512, 4.9397, 4.9582, 4.9604, 4.9598, 4.5585,
    1.9285, 1.4241, 0.9892, 0.9729, 0.8735, 0.6953, 0.4986, 0.0290, -0.1168, -0.4598,
    -0.5755, -0.4493, -0.2631, -0.6635, -0.8599, -0.5528, -0.8635, -0.9531, -1.0611, -0.7144,
    -0.8305, -1.0969, -1.2729, -1.0927, -1.0048, -1.2070, -1.0698, -0.8700, -1.7941, -1.2176,
    -1.5508, -1.7937, -1.4303, -0.7596, -1.5250, -0.8248, -0.8922, -1.4855, -0.9976, -1.5465,
    -1.1357, -1.4150, -1.9608, -1.6871, -1.6152, -2.1028, -1.5239, -1.4975, -1.7087, -2.1028,
    -1.8265, -1.9425, -2.0523, -1.6963, -1.9823, -1.9262, -1.8225, -2.0902, -1.8114, -2.2420,
    -1.5041, -2.0569, -2.2261, -1.4045, -1.9896, -1.9670, -1.6129, -1.7441, -1.8420, -1.6356,
    -2.4981, -2.1740, -1.9760, -2.1028, -1.6497, -1.7584, -2.1968, -1.7593, -2.1161, -1.7385,
    -1.9693, -2.1473, -1.7386, -2.3457, -2.4263, -2.2531, -2.2419, -2.3748, -2.2148, -2.1616,
  ]

### values/Q_max
  Total points: 100
  Min: 2.6249, Max: 9.9752, Mean: 6.1269
  Data: [
    5.2111, 5.1863, 5.2035, 5.1591, 5.1719, 5.1981, 5.1998, 5.1823, 5.1927, 5.1918,
    5.2834, 6.8797, 5.2699, 4.7465, 3.9979, 5.0344, 4.9575, 4.3601, 3.5808, 3.0978,
    2.6249, 3.8624, 3.1710, 5.3410, 5.4532, 3.5021, 6.7278, 4.7015, 4.6860, 6.5500,
    6.2989, 5.1485, 7.0127, 5.5762, 7.2799, 3.8476, 3.7963, 5.4774, 4.7949, 9.0059,
    5.3646, 8.8609, 6.4288, 4.4632, 5.5998, 9.9752, 8.0317, 6.9063, 7.2698, 7.9085,
    8.3366, 8.0618, 6.1199, 4.3272, 8.5679, 9.4727, 7.8519, 8.4855, 8.9493, 3.6920,
    5.1528, 8.1254, 6.8975, 6.1615, 7.3026, 7.9404, 6.9778, 7.9354, 7.9928, 6.0071,
    3.5155, 7.4373, 7.7761, 6.5602, 2.9687, 6.2170, 7.3557, 5.2760, 7.6819, 7.4975,
    6.0329, 6.0626, 7.0746, 6.6454, 5.9591, 7.9092, 3.6400, 6.0444, 9.6704, 6.0112,
    5.1497, 4.9988, 8.2262, 7.1714, 5.2779, 6.7215, 3.8210, 7.9039, 8.1141, 8.8380,
  ]

### values/Q_min
  Total points: 100
  Min: -12.3107, Max: 4.7259, Mean: -7.5855
  Data: [
    4.6707, 4.6578, 4.6688, 4.6823, 4.7008, 4.6633, 4.6239, 4.7259, 4.6436, 4.2756,
    0.3181, -1.3978, -2.4266, -2.5438, -2.4275, -2.2442, -2.1157, -3.2743, -3.0463, -2.9553,
    -4.8621, -4.5470, -5.3420, -7.6057, -7.8487, -4.0727, -6.8939, -10.2226, -10.6833, -5.6416,
    -9.4562, -10.8892, -11.7002, -11.5675, -8.5335, -10.2094, -12.3107, -7.7856, -11.9208, -10.2683,
    -11.2205, -10.9998, -10.4190, -9.4164, -11.5335, -9.9530, -8.2328, -11.1133, -9.9263, -9.6448,
    -8.5012, -9.2312, -10.6888, -11.8397, -10.0665, -9.8449, -10.1816, -9.1664, -10.3815, -10.3327,
    -10.1692, -10.4472, -9.7166, -11.5363, -12.0412, -10.3717, -9.2939, -9.7989, -11.2741, -11.2714,
    -9.2647, -10.9788, -10.2115, -9.9740, -9.8339, -9.7986, -10.5460, -8.1522, -9.1378, -11.8805,
    -9.5319, -9.8761, -10.8836, -9.2129, -8.4761, -10.4147, -11.2585, -9.5847, -10.2061, -7.7353,
    -11.1608, -7.8409, -10.8430, -10.3754, -10.7962, -10.6614, -10.1554, -11.8312, -10.7572, -10.3907,
  ]

### values/Q_std
  Total points: 100
  Min: 0.1046, Max: 4.0898, Mean: 2.3587
  Data: [
    0.1281, 0.1155, 0.1091, 0.1094, 0.1046, 0.1209, 0.1112, 0.1080, 0.1209, 0.1789,
    0.9439, 1.8963, 1.7187, 1.8057, 1.5144, 1.5869, 1.6187, 1.4636, 1.4988, 1.4615,
    1.5663, 1.7576, 1.7419, 2.2966, 2.1446, 1.7768, 2.4156, 2.4108, 2.3288, 1.9731,
    2.4475, 2.4747, 3.1594, 3.0870, 2.6051, 2.4587, 2.8233, 2.6460, 3.6591, 3.3174,
    2.8384, 3.2893, 3.3580, 2.4697, 3.1883, 4.0898, 3.0144, 3.3466, 2.8379, 2.9247,
    2.9864, 3.2747, 2.9684, 2.8286, 3.0949, 3.1527, 3.2972, 2.9573, 3.3641, 2.5224,
    2.6246, 2.8995, 2.8446, 2.5352, 3.0125, 3.0275, 2.7240, 2.6091, 2.7858, 2.8584,
    2.4246, 3.1928, 3.1291, 2.6281, 2.5299, 2.5513, 2.8827, 2.5280, 2.7978, 3.2209,
    2.6459, 2.7536, 3.0906, 2.4413, 2.3400, 2.6358, 2.5874, 2.6047, 2.7949, 2.3918,
    2.9008, 2.1974, 2.7017, 2.7065, 2.6485, 2.7726, 2.4643, 2.9447, 2.4713, 2.3654,
  ]
