================================================================================
W&B RUN DATA: faster-p0.5r1.0TD3-Hockey-NORMAL-weak-lr0.0003-seed102
================================================================================

## RUN METADATA
Run ID: ou6f98ec
Created: 2026-01-11T18:31:05Z
State: running
Duration: 8006.673303665 seconds

## CONFIGURATION
  algorithm: TD3
  mode: NORMAL
  opponent: weak
  learning_rate_actor: 0.0003
  learning_rate_critic: 0.0003
  batch_size: 1024
  buffer_size: 1000000
  max_episodes: 100000
  random_seed: 102
  self_play_start: 0
  self_play_pool_size: 25
  gamma: 0.99
  tau: 0.005

## FINAL SUMMARY

## NOTE: Data discretized to fit 100000 char limit
  Showing ~50 points per metric (of 383 total)

## METRICS DATA

### behavior/action_magnitude_avg
  Total points: 100
  Min: 0.5645, Max: 1.1983, Mean: 0.9758
  Data: [
    0.8133, 0.7776, 0.8563, 0.8231, 0.7377, 0.6877, 0.8264, 0.8174, 0.7491, 0.7882,
    0.6354, 0.8485, 0.9362, 0.7689, 0.7990, 0.7468, 0.7480, 0.6216, 0.7570, 0.8476,
    0.8054, 0.5960, 0.9006, 0.8312, 0.7924, 0.7192, 0.7451, 0.7475, 0.5645, 0.6117,
    0.7279, 0.7825, 0.7030, 0.7045, 0.7586, 0.7660, 0.8075, 0.7675, 0.8176, 0.7715,
    1.0573, 1.0706, 0.9893, 1.0335, 1.0852, 1.1380, 1.0406, 1.1032, 1.0643, 1.0997,
    1.1261, 1.1692, 1.1312, 1.0838, 1.0952, 1.1003, 1.1092, 1.1442, 1.1002, 1.1262,
    1.1265, 1.1139, 1.1100, 1.1190, 1.1212, 1.0785, 1.0910, 1.0756, 1.1358, 1.1249,
    1.0819, 1.1681, 1.1710, 1.1439, 1.1254, 1.0659, 1.1462, 1.1303, 1.1266, 1.1304,
    1.1083, 1.1531, 1.1983, 1.1637, 1.1202, 1.1149, 1.1593, 1.1390, 1.1660, 1.0966,
    1.1525, 1.1918, 1.1444, 1.1652, 1.1490, 1.1385, 1.1096, 1.1402, 1.0709, 1.1375,
  ]

### behavior/action_magnitude_max
  Total points: 100
  Min: 1.0830, Max: 1.4142, Mean: 1.3533
  Data: [
    1.3390, 1.2756, 1.2678, 1.3058, 1.3300, 1.2497, 1.2855, 1.3654, 1.1772, 1.2971,
    1.1766, 1.3213, 1.3708, 1.2330, 1.3529, 1.2248, 1.2857, 1.1428, 1.3267, 1.2694,
    1.3140, 1.0830, 1.3406, 1.3274, 1.2280, 1.3250, 1.2618, 1.2497, 1.1509, 1.1874,
    1.2264, 1.2741, 1.2191, 1.2671, 1.3340, 1.2903, 1.3191, 1.3600, 1.2643, 1.2811,
    1.3711, 1.4142, 1.3930, 1.3937, 1.3992, 1.4142, 1.3973, 1.4142, 1.4142, 1.3860,
    1.4142, 1.4136, 1.4043, 1.4120, 1.4040, 1.4059, 1.4142, 1.4142, 1.4027, 1.4024,
    1.4142, 1.4142, 1.4142, 1.4025, 1.4058, 1.4062, 1.4074, 1.3981, 1.4129, 1.4142,
    1.4083, 1.4066, 1.4109, 1.3964, 1.4024, 1.4070, 1.4142, 1.4142, 1.4142, 1.4091,
    1.4033, 1.4020, 1.4142, 1.4025, 1.4142, 1.4139, 1.4062, 1.4142, 1.4072, 1.4117,
    1.4139, 1.4142, 1.4142, 1.4059, 1.4029, 1.4119, 1.3798, 1.4142, 1.4099, 1.4142,
  ]

### behavior/dist_to_puck_avg
  Total points: 100
  Min: 2.1763, Max: 4.1535, Mean: 2.9030
  Data: [
    3.4352, 3.4246, 3.3499, 3.5610, 3.8885, 2.9849, 3.3948, 3.0058, 3.4125, 3.2374,
    3.2166, 3.1052, 4.1535, 3.4884, 3.5262, 4.0625, 2.9370, 3.3089, 3.6739, 3.2073,
    3.2316, 3.2116, 3.6192, 3.3599, 3.4680, 3.5090, 3.4826, 3.2685, 3.0088, 3.2984,
    3.3431, 3.7872, 3.0728, 3.1293, 3.4150, 3.3098, 3.2615, 3.1005, 3.3658, 3.5160,
    2.7643, 2.8991, 2.9690, 2.8304, 2.7779, 3.0004, 2.8884, 3.2549, 2.4277, 2.8859,
    2.5110, 2.6544, 2.4731, 2.5520, 2.4631, 2.8798, 2.7424, 2.4511, 2.5306, 2.6472,
    2.4192, 2.7495, 2.7761, 2.7249, 2.5731, 2.7663, 2.8071, 2.4267, 2.6107, 2.4957,
    2.5063, 2.5381, 2.4683, 2.4824, 2.6030, 2.7856, 2.5337, 2.6063, 2.4366, 2.5893,
    2.3712, 2.4580, 2.6694, 2.4571, 2.3512, 2.3806, 2.4717, 2.3914, 2.4241, 2.4954,
    2.4904, 2.7813, 2.3460, 2.3724, 2.5115, 2.4203, 2.1763, 2.3741, 2.3908, 2.3336,
  ]

### behavior/dist_to_puck_min
  Total points: 100
  Min: 0.2285, Max: 1.8457, Mean: 0.6904
  Data: [
    1.6242, 1.1345, 1.4208, 0.9186, 1.3678, 1.1466, 0.8460, 0.8696, 1.5974, 1.2340,
    1.4222, 0.9945, 1.5171, 1.4186, 0.6300, 1.5488, 0.6426, 1.6132, 1.8277, 0.7949,
    0.6499, 1.2958, 1.8457, 0.8695, 1.0445, 1.0722, 0.5291, 1.5873, 0.7596, 1.2839,
    0.9883, 1.5759, 1.0504, 0.7884, 0.7381, 0.9860, 1.6528, 0.8887, 1.1748, 1.4195,
    0.9464, 0.4933, 0.6099, 0.5298, 0.4864, 0.6246, 0.4531, 0.4353, 0.5865, 0.8502,
    0.2508, 0.3618, 0.4700, 0.3425, 0.3977, 0.4306, 0.3730, 0.4673, 0.3692, 0.3585,
    0.2785, 0.3958, 0.3081, 0.3193, 0.5029, 0.3077, 0.3643, 0.2967, 0.2916, 0.3142,
    0.2950, 0.3355, 0.2816, 0.3314, 0.3074, 0.3328, 0.3086, 0.2330, 0.2853, 0.3010,
    0.2592, 0.2901, 0.2868, 0.3657, 0.2632, 0.2929, 0.2728, 0.2411, 0.2697, 0.3269,
    0.3987, 0.2784, 0.2826, 0.2285, 0.3919, 0.2658, 0.3176, 0.3242, 0.4138, 0.2730,
  ]

### behavior/distance_traveled
  Total points: 100
  Min: 5.0515, Max: 14.0356, Mean: 8.5142
  Data: [
    8.5799, 6.9038, 7.6247, 6.9019, 7.7562, 8.9343, 6.3780, 7.9155, 5.9261, 7.4001,
    7.5697, 6.4431, 6.8230, 5.0515, 8.1555, 7.6353, 6.6354, 6.6763, 6.4490, 7.8323,
    8.8603, 7.1466, 7.1712, 7.0170, 6.9516, 7.3221, 7.5936, 8.3940, 5.8169, 6.0316,
    8.5828, 6.8090, 8.5271, 6.6141, 8.6888, 6.0238, 8.1661, 8.9928, 5.5231, 6.5956,
    6.0276, 9.3536, 7.2809, 9.3114, 7.9623, 7.6035, 7.4501, 7.3555, 5.7174, 5.6568,
    13.0547, 11.2756, 8.3681, 6.8349, 7.9355, 9.8941, 11.2173, 8.5287, 11.4711, 7.1237,
    7.9923, 9.8372, 11.5369, 8.9588, 8.1514, 12.4657, 13.2928, 6.9932, 13.8697, 14.0356,
    8.0426, 9.6203, 7.1784, 7.5848, 9.7267, 9.8635, 10.6130, 6.4531, 11.9039, 7.9100,
    9.5562, 6.4261, 12.4800, 7.5317, 12.2382, 11.3452, 10.5267, 8.8877, 7.8575, 8.9726,
    9.9098, 10.3029, 9.2230, 10.9013, 8.0749, 12.0848, 6.4728, 10.8869, 11.3095, 10.5593,
  ]

### behavior/lazy_action_ratio
  Total points: 100
  Min: 0.0000, Max: 0.0342, Mean: 0.0078
  Data: [
    0.0277, 0.0255, 0.0048, 0.0051, 0.0280, 0.0222, 0.0127, 0.0341, 0.0205, 0.0216,
    0.0218, 0.0106, 0.0132, 0.0126, 0.0191, 0.0215, 0.0127, 0.0264, 0.0333, 0.0165,
    0.0189, 0.0255, 0.0196, 0.0068, 0.0201, 0.0342, 0.0114, 0.0150, 0.0139, 0.0279,
    0.0272, 0.0028, 0.0175, 0.0140, 0.0159, 0.0307, 0.0092, 0.0189, 0.0128, 0.0158,
    0.0012, 0.0024, 0.0010, 0.0060, 0.0007, 0.0008, 0.0026, 0.0029, 0.0004, 0.0008,
    0.0000, 0.0000, 0.0000, 0.0000, 0.0004, 0.0000, 0.0004, 0.0000, 0.0004, 0.0000,
    0.0000, 0.0016, 0.0011, 0.0000, 0.0000, 0.0008, 0.0008, 0.0000, 0.0000, 0.0004,
    0.0004, 0.0004, 0.0004, 0.0000, 0.0000, 0.0012, 0.0000, 0.0000, 0.0011, 0.0000,
    0.0000, 0.0006, 0.0000, 0.0000, 0.0000, 0.0004, 0.0014, 0.0000, 0.0000, 0.0000,
    0.0000, 0.0000, 0.0000, 0.0010, 0.0000, 0.0000, 0.0009, 0.0000, 0.0004, 0.0000,
  ]

### behavior/puck_touches
  Total points: 100
  Min: 0.0000, Max: 4.1000, Mean: 1.4770
  Data: [
    0.7000, 0.5000, 0.6000, 1.1000, 0.6000, 0.5000, 1.2000, 0.7000, 0.0000, 0.5000,
    0.1000, 1.2000, 0.9000, 0.6000, 0.8000, 0.7000, 1.3000, 0.3000, 0.1000, 0.4000,
    1.4000, 0.2000, 0.2000, 1.1000, 0.6000, 0.9000, 1.5000, 0.1000, 0.7000, 0.4000,
    0.8000, 0.1000, 0.6000, 1.0000, 0.6000, 0.9000, 0.2000, 0.8000, 0.2000, 0.1000,
    0.6000, 1.3000, 1.0000, 1.3000, 1.6000, 1.2000, 1.1000, 1.2000, 1.0000, 0.5000,
    3.9000, 1.4000, 1.3000, 1.4000, 1.4000, 1.6000, 1.7000, 1.4000, 1.9000, 2.0000,
    3.1000, 1.9000, 2.8000, 1.4000, 1.0000, 2.6000, 2.0000, 1.7000, 3.2000, 3.3000,
    2.6000, 2.2000, 2.2000, 1.8000, 2.2000, 2.2000, 2.6000, 2.1000, 2.6000, 1.9000,
    2.8000, 2.2000, 2.7000, 2.0000, 2.3000, 2.5000, 4.1000, 2.3000, 2.2000, 2.4000,
    2.4000, 2.0000, 3.1000, 2.4000, 1.8000, 2.9000, 1.4000, 2.2000, 2.3000, 2.3000,
  ]

### behavior/time_near_puck
  Total points: 100
  Min: 0.0000, Max: 14.8000, Mean: 6.5680
  Data: [
    5.6000, 5.3000, 4.5000, 10.3000, 5.5000, 5.6000, 10.4000, 4.6000, 0.0000, 4.0000,
    0.8000, 7.1000, 8.1000, 6.8000, 8.7000, 5.8000, 12.4000, 1.6000, 1.3000, 3.0000,
    12.9000, 2.2000, 1.4000, 7.9000, 6.5000, 6.8000, 9.9000, 0.0000, 7.4000, 5.6000,
    6.0000, 1.4000, 3.3000, 5.4000, 4.7000, 5.9000, 2.6000, 8.5000, 3.1000, 1.3000,
    2.2000, 2.4000, 2.7000, 1.0000, 5.4000, 2.8000, 1.3000, 3.2000, 5.5000, 5.2000,
    10.6000, 3.4000, 2.9000, 2.2000, 2.1000, 4.3000, 4.4000, 6.8000, 6.2000, 7.6000,
    12.8000, 4.2000, 12.0000, 3.7000, 2.1000, 12.0000, 3.9000, 5.1000, 12.1000, 13.1000,
    10.3000, 8.9000, 8.7000, 6.3000, 6.1000, 8.7000, 13.6000, 7.7000, 7.7000, 4.7000,
    10.3000, 8.4000, 13.7000, 6.0000, 10.4000, 9.1000, 14.2000, 6.1000, 5.7000, 10.1000,
    4.7000, 4.9000, 13.2000, 14.2000, 5.7000, 14.8000, 7.4000, 11.4000, 13.1000, 13.3000,
  ]

### behavior/velocity_avg
  Total points: 100
  Min: 0.0464, Max: 0.1037, Mean: 0.0767
  Data: [
    0.0638, 0.0592, 0.0562, 0.0593, 0.0550, 0.0687, 0.0592, 0.0651, 0.0552, 0.0511,
    0.0618, 0.0629, 0.0477, 0.0688, 0.0592, 0.0506, 0.0571, 0.0724, 0.0507, 0.0512,
    0.0533, 0.0644, 0.0533, 0.0471, 0.0642, 0.0542, 0.0564, 0.0632, 0.0736, 0.0745,
    0.0464, 0.0503, 0.0561, 0.0672, 0.0498, 0.0523, 0.0623, 0.0483, 0.0572, 0.0564,
    0.0807, 0.0566, 0.0670, 0.0773, 0.0797, 0.0769, 0.0641, 0.0706, 0.0821, 0.0981,
    0.0855, 0.1005, 0.0967, 0.1026, 0.0929, 0.0912, 0.0889, 0.1012, 0.1037, 0.0979,
    0.0812, 0.0885, 0.0784, 0.0919, 0.1010, 0.0895, 0.0952, 0.0825, 0.0973, 0.0853,
    0.0808, 0.0892, 0.0922, 0.0989, 0.0900, 0.0842, 0.0821, 0.0888, 0.1028, 0.0969,
    0.0964, 0.0963, 0.0954, 0.1017, 0.0848, 0.0697, 0.0845, 0.0940, 0.1031, 0.0929,
    0.0904, 0.0967, 0.0856, 0.0879, 0.0925, 0.0908, 0.1016, 0.0991, 0.0813, 0.0900,
  ]

### behavior/velocity_max
  Total points: 100
  Min: 0.1722, Max: 0.2291, Mean: 0.2106
  Data: [
    0.2081, 0.1812, 0.2013, 0.1787, 0.1963, 0.2015, 0.1953, 0.2016, 0.1903, 0.1981,
    0.1888, 0.1889, 0.2099, 0.1885, 0.2053, 0.1875, 0.1861, 0.1909, 0.1887, 0.2001,
    0.1927, 0.1722, 0.2044, 0.1723, 0.2013, 0.1913, 0.1920, 0.1958, 0.1966, 0.1980,
    0.1812, 0.1825, 0.1900, 0.1932, 0.1933, 0.1848, 0.2001, 0.1969, 0.2043, 0.2078,
    0.2169, 0.2197, 0.2129, 0.2197, 0.2171, 0.2135, 0.2107, 0.2146, 0.2106, 0.2219,
    0.2236, 0.2246, 0.2257, 0.2225, 0.2227, 0.2283, 0.2227, 0.2184, 0.2216, 0.2248,
    0.2211, 0.2288, 0.2281, 0.2207, 0.2239, 0.2253, 0.2226, 0.2239, 0.2232, 0.2258,
    0.2256, 0.2200, 0.2214, 0.2253, 0.2245, 0.2227, 0.2222, 0.2207, 0.2246, 0.2214,
    0.2183, 0.2178, 0.2291, 0.2199, 0.2231, 0.2189, 0.2236, 0.2226, 0.2285, 0.2225,
    0.2250, 0.2238, 0.2250, 0.2164, 0.2235, 0.2246, 0.2203, 0.2271, 0.2215, 0.2215,
  ]

### eval/strong/avg_reward
  Total points: 38
  Min: -18.2767, Max: -1.2776, Mean: -6.6318
  Data: [
    -18.2767, -13.0658, -16.1779, -13.5386, -7.8528, -6.1593, -7.9720, -3.5908, -4.5705, -5.7704,
    -4.9734, -4.3944, -7.1832, -6.0424, -7.2302, -6.3068, -5.7204, -5.9732, -7.4483, -5.4514,
    -5.5259, -9.4115, -5.4782, -5.4578, -1.2776, -2.0825, -3.6910, -5.1406, -4.5382, -7.2599,
    -9.4668, -6.5224, -4.8806, -4.2647, -4.7107, -7.2287, -5.5733, -1.7989,
  ]

### eval/strong/loss_rate
  Total points: 38
  Min: 0.3200, Max: 0.7200, Mean: 0.4968
  Data: [
    0.4800, 0.3200, 0.3600, 0.3600, 0.4800, 0.4800, 0.5600, 0.3600, 0.4800, 0.5600,
    0.4000, 0.4400, 0.5600, 0.5200, 0.6000, 0.5200, 0.4800, 0.5200, 0.6800, 0.5200,
    0.4800, 0.7200, 0.5200, 0.3600, 0.3200, 0.3200, 0.4000, 0.5600, 0.5200, 0.6000,
    0.6400, 0.6400, 0.5600, 0.4800, 0.5200, 0.6400, 0.5600, 0.3600,
  ]

### eval/strong/losses
  Total points: 38
  Min: 8.0000, Max: 18.0000, Mean: 12.4211
  Data: [
    12.0000, 8.0000, 9.0000, 9.0000, 12.0000, 12.0000, 14.0000, 9.0000, 12.0000, 14.0000,
    10.0000, 11.0000, 14.0000, 13.0000, 15.0000, 13.0000, 12.0000, 13.0000, 17.0000, 13.0000,
    12.0000, 18.0000, 13.0000, 9.0000, 8.0000, 8.0000, 10.0000, 14.0000, 13.0000, 15.0000,
    16.0000, 16.0000, 14.0000, 12.0000, 13.0000, 16.0000, 14.0000, 9.0000,
  ]

### eval/strong/tie_rate
  Total points: 38
  Min: 0.0800, Max: 0.5200, Mean: 0.2484
  Data: [
    0.4400, 0.4400, 0.4800, 0.5200, 0.4000, 0.2400, 0.2400, 0.2800, 0.1200, 0.1600,
    0.3600, 0.2400, 0.2400, 0.2000, 0.2400, 0.2400, 0.3200, 0.2000, 0.0800, 0.2000,
    0.2400, 0.2000, 0.2400, 0.4000, 0.2000, 0.2800, 0.2800, 0.1200, 0.1600, 0.2400,
    0.3200, 0.1200, 0.1200, 0.2000, 0.2000, 0.1600, 0.1200, 0.2000,
  ]

### eval/strong/ties
  Total points: 38
  Min: 2.0000, Max: 13.0000, Mean: 6.2105
  Data: [
    11.0000, 11.0000, 12.0000, 13.0000, 10.0000, 6.0000, 6.0000, 7.0000, 3.0000, 4.0000,
    9.0000, 6.0000, 6.0000, 5.0000, 6.0000, 6.0000, 8.0000, 5.0000, 2.0000, 5.0000,
    6.0000, 5.0000, 6.0000, 10.0000, 5.0000, 7.0000, 7.0000, 3.0000, 4.0000, 6.0000,
    8.0000, 3.0000, 3.0000, 5.0000, 5.0000, 4.0000, 3.0000, 5.0000,
  ]

### eval/strong/win_rate
  Total points: 38
  Min: 0.0400, Max: 0.4800, Mean: 0.2547
  Data: [
    0.0800, 0.2400, 0.1600, 0.1200, 0.1200, 0.2800, 0.2000, 0.3600, 0.4000, 0.2800,
    0.2400, 0.3200, 0.2000, 0.2800, 0.1600, 0.2400, 0.2000, 0.2800, 0.2400, 0.2800,
    0.2800, 0.0800, 0.2400, 0.2400, 0.4800, 0.4000, 0.3200, 0.3200, 0.3200, 0.1600,
    0.0400, 0.2400, 0.3200, 0.3200, 0.2800, 0.2000, 0.3200, 0.4400,
  ]

### eval/strong/win_rate_decisive
  Total points: 38
  Min: 0.0588, Max: 0.6000, Mean: 0.3362
  Data: [
    0.1429, 0.4286, 0.3077, 0.2500, 0.2000, 0.3684, 0.2632, 0.5000, 0.4545, 0.3333,
    0.3750, 0.4211, 0.2632, 0.3500, 0.2105, 0.3158, 0.2941, 0.3500, 0.2609, 0.3500,
    0.3684, 0.1000, 0.3158, 0.4000, 0.6000, 0.5556, 0.4444, 0.3636, 0.3810, 0.2105,
    0.0588, 0.2727, 0.3636, 0.4000, 0.3500, 0.2381, 0.3636, 0.5500,
  ]

### eval/strong/wins
  Total points: 38
  Min: 1.0000, Max: 12.0000, Mean: 6.3684
  Data: [
    2.0000, 6.0000, 4.0000, 3.0000, 3.0000, 7.0000, 5.0000, 9.0000, 10.0000, 7.0000,
    6.0000, 8.0000, 5.0000, 7.0000, 4.0000, 6.0000, 5.0000, 7.0000, 6.0000, 7.0000,
    7.0000, 2.0000, 6.0000, 6.0000, 12.0000, 10.0000, 8.0000, 8.0000, 8.0000, 4.0000,
    1.0000, 6.0000, 8.0000, 8.0000, 7.0000, 5.0000, 8.0000, 11.0000,
  ]

### eval/weak/avg_reward
  Total points: 38
  Min: -13.6670, Max: 1.4314, Mean: -4.3697
  Data: [
    -13.6670, -12.1309, -12.3312, -10.9878, -9.9062, -2.5258, -1.7546, -6.1331, -2.5676, -2.3825,
    -6.4723, -6.1850, -2.4945, -4.8157, -1.4953, -3.2815, 0.0694, -1.4458, -5.0148, -3.3013,
    -4.4996, -2.7123, -3.9346, -5.9516, -0.5637, 1.0580, -7.1780, -4.4128, -1.8371, 1.4314,
    -0.7326, -0.6553, -6.2795, -6.0609, -5.1607, -4.1302, -5.4595, -0.1449,
  ]

### eval/weak/loss_rate
  Total points: 38
  Min: 0.2000, Max: 0.7200, Mean: 0.4695
  Data: [
    0.4800, 0.5200, 0.4000, 0.5600, 0.6800, 0.4000, 0.3600, 0.6400, 0.5200, 0.4000,
    0.6000, 0.6000, 0.3600, 0.5600, 0.4000, 0.4400, 0.3600, 0.4000, 0.5200, 0.4000,
    0.5600, 0.3200, 0.4400, 0.4400, 0.4000, 0.2000, 0.7200, 0.5600, 0.4000, 0.2400,
    0.3200, 0.4000, 0.6800, 0.6000, 0.6000, 0.5200, 0.5200, 0.3200,
  ]

### eval/weak/losses
  Total points: 38
  Min: 5.0000, Max: 18.0000, Mean: 11.7368
  Data: [
    12.0000, 13.0000, 10.0000, 14.0000, 17.0000, 10.0000, 9.0000, 16.0000, 13.0000, 10.0000,
    15.0000, 15.0000, 9.0000, 14.0000, 10.0000, 11.0000, 9.0000, 10.0000, 13.0000, 10.0000,
    14.0000, 8.0000, 11.0000, 11.0000, 10.0000, 5.0000, 18.0000, 14.0000, 10.0000, 6.0000,
    8.0000, 10.0000, 17.0000, 15.0000, 15.0000, 13.0000, 13.0000, 8.0000,
  ]

### eval/weak/tie_rate
  Total points: 38
  Min: 0.0800, Max: 0.4400, Mean: 0.2253
  Data: [
    0.4000, 0.3200, 0.4400, 0.2800, 0.2400, 0.2400, 0.2400, 0.1600, 0.0800, 0.2400,
    0.2000, 0.2000, 0.3200, 0.2000, 0.2000, 0.2400, 0.1200, 0.1600, 0.2400, 0.3200,
    0.1600, 0.4000, 0.2800, 0.3600, 0.1200, 0.3200, 0.0800, 0.1600, 0.2000, 0.2000,
    0.2800, 0.1200, 0.0800, 0.2000, 0.1200, 0.1600, 0.2800, 0.2000,
  ]

### eval/weak/ties
  Total points: 38
  Min: 2.0000, Max: 11.0000, Mean: 5.6316
  Data: [
    10.0000, 8.0000, 11.0000, 7.0000, 6.0000, 6.0000, 6.0000, 4.0000, 2.0000, 6.0000,
    5.0000, 5.0000, 8.0000, 5.0000, 5.0000, 6.0000, 3.0000, 4.0000, 6.0000, 8.0000,
    4.0000, 10.0000, 7.0000, 9.0000, 3.0000, 8.0000, 2.0000, 4.0000, 5.0000, 5.0000,
    7.0000, 3.0000, 2.0000, 5.0000, 3.0000, 4.0000, 7.0000, 5.0000,
  ]

### eval/weak/win_rate
  Total points: 38
  Min: 0.0800, Max: 0.5600, Mean: 0.3053
  Data: [
    0.1200, 0.1600, 0.1600, 0.1600, 0.0800, 0.3600, 0.4000, 0.2000, 0.4000, 0.3600,
    0.2000, 0.2000, 0.3200, 0.2400, 0.4000, 0.3200, 0.5200, 0.4400, 0.2400, 0.2800,
    0.2800, 0.2800, 0.2800, 0.2000, 0.4800, 0.4800, 0.2000, 0.2800, 0.4000, 0.5600,
    0.4000, 0.4800, 0.2400, 0.2000, 0.2800, 0.3200, 0.2000, 0.4800,
  ]

### eval/weak/win_rate_decisive
  Total points: 38
  Min: 0.1053, Max: 0.7059, Mean: 0.3927
  Data: [
    0.2000, 0.2353, 0.2857, 0.2222, 0.1053, 0.4737, 0.5263, 0.2381, 0.4348, 0.4737,
    0.2500, 0.2500, 0.4706, 0.3000, 0.5000, 0.4211, 0.5909, 0.5238, 0.3158, 0.4118,
    0.3333, 0.4667, 0.3889, 0.3125, 0.5455, 0.7059, 0.2174, 0.3333, 0.5000, 0.7000,
    0.5556, 0.5455, 0.2609, 0.2500, 0.3182, 0.3810, 0.2778, 0.6000,
  ]

### eval/weak/wins
  Total points: 38
  Min: 2.0000, Max: 14.0000, Mean: 7.6316
  Data: [
    3.0000, 4.0000, 4.0000, 4.0000, 2.0000, 9.0000, 10.0000, 5.0000, 10.0000, 9.0000,
    5.0000, 5.0000, 8.0000, 6.0000, 10.0000, 8.0000, 13.0000, 11.0000, 6.0000, 7.0000,
    7.0000, 7.0000, 7.0000, 5.0000, 12.0000, 12.0000, 5.0000, 7.0000, 10.0000, 14.0000,
    10.0000, 12.0000, 6.0000, 5.0000, 7.0000, 8.0000, 5.0000, 12.0000,
  ]

### losses/actor_loss
  Total points: 100
  Min: -4.6856, Max: 1.8104, Mean: 0.3609
  Data: [
    0.0000, 0.0000, 0.0000, 0.0000, 0.0000, 0.0000, 0.0000, 0.0000, 0.0000, 0.0000,
    0.0000, 0.0000, 0.0000, 0.0000, 0.0000, 0.0000, 0.0000, 0.0000, 0.0000, 0.0000,
    0.0000, 0.0000, 0.0000, 0.0000, 0.0000, 0.0000, 0.0000, 0.0000, 0.0000, 0.0000,
    0.0000, 0.0000, 0.0000, 0.0000, 0.0000, 0.0000, 0.0000, 0.0000, 0.0000, -4.6856,
    -4.4590, -4.3001, -4.1874, -4.0587, -3.9536, -3.8233, -3.6968, -3.6013, -3.4776, -3.3789,
    1.4067, 1.3835, 1.4609, 1.4377, 1.4688, 1.4166, 1.4339, 1.4908, 1.4521, 1.5109,
    1.5574, 1.4268, 1.4871, 1.4793, 1.5657, 1.5157, 1.5070, 1.5696, 1.5514, 1.5320,
    1.5747, 1.6181, 1.5479, 1.5548, 1.5918, 1.6313, 1.5650, 1.6539, 1.6290, 1.5915,
    1.6715, 1.6201, 1.6153, 1.6413, 1.6679, 1.7087, 1.6892, 1.6543, 1.7113, 1.7371,
    1.7116, 1.7304, 1.7296, 1.7736, 1.7493, 1.7002, 1.6919, 1.7428, 1.7422, 1.8104,
  ]

### losses/critic_loss
  Total points: 100
  Min: 0.0000, Max: 0.1336, Mean: 0.0667
  Data: [
    0.0000, 0.0000, 0.0000, 0.0000, 0.0000, 0.0000, 0.0000, 0.0000, 0.0000, 0.0000,
    0.0000, 0.0000, 0.0000, 0.0000, 0.0000, 0.0000, 0.0000, 0.0000, 0.0000, 0.0000,
    0.0000, 0.0000, 0.0000, 0.0000, 0.0000, 0.0000, 0.0000, 0.0000, 0.0000, 0.0000,
    0.0000, 0.0000, 0.0000, 0.0000, 0.0000, 0.0000, 0.0000, 0.0000, 0.0000, 0.0949,
    0.0316, 0.0264, 0.0425, 0.0530, 0.0437, 0.0415, 0.0358, 0.0576, 0.0360, 0.0483,
    0.1234, 0.1192, 0.1247, 0.1281, 0.1163, 0.1153, 0.1336, 0.1215, 0.1189, 0.1185,
    0.1303, 0.1257, 0.1274, 0.1255, 0.1311, 0.1239, 0.1247, 0.1234, 0.1152, 0.1293,
    0.1147, 0.1112, 0.1262, 0.1137, 0.1309, 0.1274, 0.1233, 0.1184, 0.1219, 0.1269,
    0.1237, 0.1274, 0.1244, 0.1248, 0.1244, 0.1225, 0.1227, 0.1259, 0.1143, 0.1313,
    0.1247, 0.1127, 0.1169, 0.1294, 0.1209, 0.1281, 0.1281, 0.1162, 0.1200, 0.1289,
  ]

### pbrs/avg_per_episode
  Total points: 100
  Min: 0.0122, Max: 0.0263, Mean: 0.0215
  Data: [
    0.0122, 0.0145, 0.0144, 0.0143, 0.0147, 0.0154, 0.0163, 0.0165, 0.0167, 0.0171,
    0.0168, 0.0170, 0.0166, 0.0170, 0.0169, 0.0170, 0.0172, 0.0173, 0.0172, 0.0172,
    0.0171, 0.0172, 0.0170, 0.0169, 0.0169, 0.0170, 0.0168, 0.0167, 0.0168, 0.0170,
    0.0168, 0.0166, 0.0166, 0.0169, 0.0170, 0.0169, 0.0169, 0.0169, 0.0169, 0.0170,
    0.0170, 0.0171, 0.0173, 0.0175, 0.0177, 0.0178, 0.0180, 0.0182, 0.0183, 0.0185,
    0.0261, 0.0261, 0.0261, 0.0261, 0.0261, 0.0261, 0.0261, 0.0261, 0.0261, 0.0261,
    0.0261, 0.0261, 0.0261, 0.0261, 0.0262, 0.0261, 0.0261, 0.0262, 0.0262, 0.0261,
    0.0262, 0.0262, 0.0262, 0.0262, 0.0262, 0.0262, 0.0262, 0.0262, 0.0262, 0.0262,
    0.0262, 0.0262, 0.0262, 0.0262, 0.0262, 0.0262, 0.0262, 0.0262, 0.0262, 0.0263,
    0.0262, 0.0263, 0.0263, 0.0263, 0.0263, 0.0263, 0.0263, 0.0263, 0.0263, 0.0263,
  ]

### performance/cumulative_win_rate
  Total points: 100
  Min: 0.0000, Max: 0.2595, Mean: 0.1562
  Data: [
    0.0000, 0.0200, 0.0133, 0.0400, 0.0400, 0.0467, 0.0514, 0.0600, 0.0578, 0.0560,
    0.0509, 0.0533, 0.0492, 0.0543, 0.0533, 0.0525, 0.0541, 0.0578, 0.0568, 0.0560,
    0.0571, 0.0582, 0.0574, 0.0567, 0.0576, 0.0585, 0.0578, 0.0571, 0.0552, 0.0547,
    0.0542, 0.0537, 0.0521, 0.0588, 0.0594, 0.0589, 0.0595, 0.0611, 0.0626, 0.0610,
    0.0615, 0.0629, 0.0651, 0.0682, 0.0729, 0.0739, 0.0740, 0.0742, 0.0751, 0.0784,
    0.2554, 0.2558, 0.2560, 0.2557, 0.2554, 0.2549, 0.2548, 0.2549, 0.2551, 0.2549,
    0.2549, 0.2554, 0.2550, 0.2549, 0.2553, 0.2551, 0.2551, 0.2548, 0.2552, 0.2550,
    0.2554, 0.2555, 0.2562, 0.2564, 0.2564, 0.2565, 0.2564, 0.2562, 0.2566, 0.2566,
    0.2573, 0.2578, 0.2581, 0.2583, 0.2583, 0.2582, 0.2581, 0.2583, 0.2584, 0.2587,
    0.2584, 0.2587, 0.2585, 0.2587, 0.2589, 0.2591, 0.2592, 0.2595, 0.2594, 0.2593,
  ]

### performance/losses
  Total points: 100
  Min: 11.0000, Max: 4953.0000, Mean: 2470.5300
  Data: [
    11.0000, 24.0000, 35.0000, 44.0000, 56.0000, 69.0000, 83.0000, 94.0000, 107.0000, 121.0000,
    132.0000, 145.0000, 154.0000, 167.0000, 180.0000, 194.0000, 207.0000, 221.0000, 232.0000, 244.0000,
    252.0000, 265.0000, 274.0000, 285.0000, 295.0000, 308.0000, 315.0000, 328.0000, 343.0000, 361.0000,
    369.0000, 377.0000, 390.0000, 402.0000, 414.0000, 425.0000, 435.0000, 444.0000, 456.0000, 470.0000,
    481.0000, 493.0000, 508.0000, 522.0000, 536.0000, 550.0000, 566.0000, 585.0000, 600.0000, 613.0000,
    4302.0000, 4313.0000, 4326.0000, 4345.0000, 4364.0000, 4377.0000, 4389.0000, 4405.0000, 4417.0000, 4436.0000,
    4452.0000, 4461.0000, 4479.0000, 4495.0000, 4507.0000, 4519.0000, 4532.0000, 4549.0000, 4559.0000, 4573.0000,
    4585.0000, 4598.0000, 4608.0000, 4622.0000, 4637.0000, 4649.0000, 4661.0000, 4678.0000, 4688.0000, 4702.0000,
    4710.0000, 4723.0000, 4733.0000, 4744.0000, 4758.0000, 4771.0000, 4788.0000, 4799.0000, 4816.0000, 4829.0000,
    4841.0000, 4854.0000, 4869.0000, 4882.0000, 4894.0000, 4902.0000, 4915.0000, 4925.0000, 4937.0000, 4953.0000,
  ]

### performance/ties
  Total points: 100
  Min: 14.0000, Max: 2139.0000, Mean: 1159.0700
  Data: [
    14.0000, 25.0000, 39.0000, 52.0000, 64.0000, 74.0000, 83.0000, 94.0000, 105.0000, 115.0000,
    129.0000, 139.0000, 155.0000, 164.0000, 175.0000, 185.0000, 195.0000, 203.0000, 216.0000, 228.0000,
    243.0000, 253.0000, 268.0000, 281.0000, 294.0000, 304.0000, 321.0000, 332.0000, 342.0000, 348.0000,
    364.0000, 380.0000, 392.0000, 398.0000, 409.0000, 422.0000, 435.0000, 448.0000, 458.0000, 469.0000,
    481.0000, 491.0000, 497.0000, 503.0000, 507.0000, 515.0000, 522.0000, 526.0000, 533.0000, 539.0000,
    1915.0000, 1920.0000, 1924.0000, 1926.0000, 1928.0000, 1938.0000, 1945.0000, 1947.0000, 1952.0000, 1953.0000,
    1956.0000, 1961.0000, 1965.0000, 1969.0000, 1972.0000, 1980.0000, 1986.0000, 1990.0000, 1995.0000, 2002.0000,
    2005.0000, 2009.0000, 2012.0000, 2015.0000, 2018.0000, 2024.0000, 2031.0000, 2035.0000, 2040.0000, 2044.0000,
    2049.0000, 2050.0000, 2055.0000, 2061.0000, 2066.0000, 2072.0000, 2075.0000, 2080.0000, 2081.0000, 2084.0000,
    2093.0000, 2096.0000, 2101.0000, 2105.0000, 2109.0000, 2118.0000, 2123.0000, 2128.0000, 2136.0000, 2139.0000,
  ]

### performance/wins
  Total points: 100
  Min: 0.0000, Max: 2483.0000, Mean: 1170.4000
  Data: [
    0.0000, 1.0000, 1.0000, 4.0000, 5.0000, 7.0000, 9.0000, 12.0000, 13.0000, 14.0000,
    14.0000, 16.0000, 16.0000, 19.0000, 20.0000, 21.0000, 23.0000, 26.0000, 27.0000, 28.0000,
    30.0000, 32.0000, 33.0000, 34.0000, 36.0000, 38.0000, 39.0000, 40.0000, 40.0000, 41.0000,
    42.0000, 43.0000, 43.0000, 50.0000, 52.0000, 53.0000, 55.0000, 58.0000, 61.0000, 61.0000,
    63.0000, 66.0000, 70.0000, 75.0000, 82.0000, 85.0000, 87.0000, 89.0000, 92.0000, 98.0000,
    2133.0000, 2142.0000, 2150.0000, 2154.0000, 2158.0000, 2160.0000, 2166.0000, 2173.0000, 2181.0000, 2186.0000,
    2192.0000, 2203.0000, 2206.0000, 2211.0000, 2221.0000, 2226.0000, 2232.0000, 2236.0000, 2246.0000, 2250.0000,
    2260.0000, 2268.0000, 2280.0000, 2288.0000, 2295.0000, 2302.0000, 2308.0000, 2312.0000, 2322.0000, 2329.0000,
    2341.0000, 2352.0000, 2362.0000, 2370.0000, 2376.0000, 2382.0000, 2387.0000, 2396.0000, 2403.0000, 2412.0000,
    2416.0000, 2425.0000, 2430.0000, 2438.0000, 2447.0000, 2455.0000, 2462.0000, 2472.0000, 2477.0000, 2483.0000,
  ]

### rewards/p1
  Total points: 100
  Min: -28.6785, Max: 2.2191, Mean: -11.7826
  Data: [
    -20.1267, -17.1385, -22.0679, -16.6584, -24.6981, -17.8145, -8.7721, -17.7461, -26.2038, -23.7128,
    -24.1356, -16.8809, -25.4353, -11.3440, -19.6209, -23.9770, -15.1867, -16.7300, -22.0490, -22.8511,
    -13.8542, -18.6253, -28.3729, -19.4643, -16.7482, -20.1329, -15.3427, -22.8656, -15.5683, -15.7374,
    -24.7361, -28.6785, -24.8671, -12.2354, -22.7856, -22.9785, -22.8986, -25.9514, -19.5092, -25.3119,
    -12.1113, -10.9117, -10.4325, -12.4204, -0.6649, -10.0291, -13.3063, -14.1853, -9.8788, -7.6955,
    -8.3101, -3.9587, -9.2642, -6.1861, -7.3993, -4.7918, -8.7432, -9.3133, -3.8456, -5.7706,
    -9.1222, -3.1821, -11.1569, -7.2361, -9.1369, -6.0020, -3.3470, -6.6823, -4.3891, -6.8187,
    -2.9926, -3.5438, -1.1704, -3.7001, -6.3734, -5.3626, -1.3976, -5.8689, -1.6714, -2.8034,
    2.2191, 0.8379, -0.4226, -5.8672, -8.6514, -2.7316, -7.7622, -5.2772, -5.9785, -7.0369,
    -8.8259, -4.4193, -9.7407, -4.8258, -3.3844, -2.1049, -7.8634, -4.3857, -6.3984, -4.6493,
  ]

### rewards/p2
  Total points: 100
  Min: -2.3569, Max: 27.6368, Mean: 11.3308
  Data: [
    19.3790, 16.3882, 21.1804, 16.0619, 23.9544, 17.2270, 8.4788, 17.1569, 25.4646, 22.9717,
    23.5500, 16.1358, 24.3966, 10.8943, 19.0242, 23.0881, 14.7447, 16.2823, 21.3110, 21.9640,
    12.9679, 18.1821, 27.4867, 18.5762, 16.1583, 19.5443, 14.4532, 21.9804, 15.4179, 15.2903,
    23.7009, 27.6368, 24.1320, 11.9498, 22.0578, 22.2362, 22.0079, 24.9103, 18.9164, 24.7247,
    11.5240, 10.1943, 10.0058, 11.9910, 0.3873, 9.2986, 13.0298, 13.7580, 9.7369, 7.3960,
    7.8827, 3.5196, 9.1243, 6.1971, 7.2659, 4.3584, 8.1642, 9.1734, 3.4134, 5.7819,
    8.9936, 2.7526, 10.8855, 7.1058, 8.9976, 5.4187, 2.9159, 6.5482, 3.9620, 6.3857,
    2.8530, 3.1013, 1.0282, 3.7108, 6.0870, 4.9305, 0.9638, 5.8794, 1.5414, 2.6614,
    -2.3569, -0.8315, -0.1536, 5.8804, 8.0704, 2.0035, 7.6373, 5.1391, 5.9896, 6.7510,
    8.5400, 4.1387, 9.6109, 4.5442, 3.2483, 1.6657, 7.8685, 4.0987, 5.9614, 4.3675,
  ]

### rewards/sparse_only
  Total points: 100
  Min: -27.6368, Max: 2.3569, Mean: -11.3308
  Data: [
    -19.3790, -16.3882, -21.1804, -16.0619, -23.9544, -17.2270, -8.4788, -17.1569, -25.4646, -22.9717,
    -23.5500, -16.1358, -24.3966, -10.8943, -19.0242, -23.0881, -14.7447, -16.2823, -21.3110, -21.9640,
    -12.9679, -18.1821, -27.4867, -18.5762, -16.1583, -19.5443, -14.4532, -21.9804, -15.4179, -15.2903,
    -23.7009, -27.6368, -24.1320, -11.9498, -22.0578, -22.2362, -22.0079, -24.9103, -18.9164, -24.7247,
    -11.5240, -10.1943, -10.0058, -11.9910, -0.3873, -9.2986, -13.0298, -13.7580, -9.7369, -7.3960,
    -7.8827, -3.5196, -9.1243, -6.1971, -7.2659, -4.3584, -8.1642, -9.1734, -3.4134, -5.7819,
    -8.9936, -2.7526, -10.8855, -7.1058, -8.9976, -5.4187, -2.9159, -6.5482, -3.9620, -6.3857,
    -2.8530, -3.1013, -1.0282, -3.7108, -6.0870, -4.9305, -0.9638, -5.8794, -1.5414, -2.6614,
    2.3569, 0.8315, 0.1536, -5.8804, -8.0704, -2.0035, -7.6373, -5.1391, -5.9896, -6.7510,
    -8.5400, -4.1387, -9.6109, -4.5442, -3.2483, -1.6657, -7.8685, -4.0987, -5.9614, -4.3675,
  ]

### rewards/sparse_ratio
  Total points: 100
  Min: -0.3635, Max: 1.0621, Mean: 0.9356
  Data: [
    0.9629, 0.9562, 0.9598, 0.9642, 0.9699, 0.9670, 0.9666, 0.9668, 0.9718, 0.9688,
    0.9757, 0.9559, 0.9592, 0.9604, 0.9696, 0.9629, 0.9709, 0.9732, 0.9665, 0.9612,
    0.9360, 0.9762, 0.9688, 0.9544, 0.9648, 0.9708, 0.9420, 0.9613, 0.9903, 0.9716,
    0.9582, 0.9637, 0.9704, 0.9767, 0.9681, 0.9677, 0.9611, 0.9599, 0.9696, 0.9768,
    0.9515, 0.9343, 0.9591, 0.9654, 0.5825, 0.9272, 0.9792, 0.9699, 0.9856, 0.9611,
    0.9486, 0.8891, 0.9849, 1.0018, 0.9820, 0.9096, 0.9338, 0.9850, 0.8876, 1.0020,
    0.9859, 0.8650, 0.9757, 0.9820, 0.9848, 0.9028, 0.8712, 0.9799, 0.9027, 0.9365,
    0.9534, 0.8751, 0.8785, 1.0029, 0.9551, 0.9194, 0.6896, 1.0018, 0.9222, 0.9494,
    1.0621, 0.9923, -0.3635, 1.0022, 0.9328, 0.7334, 0.9839, 0.9738, 1.0019, 0.9594,
    0.9676, 0.9365, 0.9867, 0.9416, 0.9598, 0.7913, 1.0007, 0.9346, 0.9317, 0.9394,
  ]

### scoring/goals_conceded
  Total points: 100
  Min: 11.0000, Max: 4953.0000, Mean: 2470.5300
  Data: [
    11.0000, 24.0000, 35.0000, 44.0000, 56.0000, 69.0000, 83.0000, 94.0000, 107.0000, 121.0000,
    132.0000, 145.0000, 154.0000, 167.0000, 180.0000, 194.0000, 207.0000, 221.0000, 232.0000, 244.0000,
    252.0000, 265.0000, 274.0000, 285.0000, 295.0000, 308.0000, 315.0000, 328.0000, 343.0000, 361.0000,
    369.0000, 377.0000, 390.0000, 402.0000, 414.0000, 425.0000, 435.0000, 444.0000, 456.0000, 470.0000,
    481.0000, 493.0000, 508.0000, 522.0000, 536.0000, 550.0000, 566.0000, 585.0000, 600.0000, 613.0000,
    4302.0000, 4313.0000, 4326.0000, 4345.0000, 4364.0000, 4377.0000, 4389.0000, 4405.0000, 4417.0000, 4436.0000,
    4452.0000, 4461.0000, 4479.0000, 4495.0000, 4507.0000, 4519.0000, 4532.0000, 4549.0000, 4559.0000, 4573.0000,
    4585.0000, 4598.0000, 4608.0000, 4622.0000, 4637.0000, 4649.0000, 4661.0000, 4678.0000, 4688.0000, 4702.0000,
    4710.0000, 4723.0000, 4733.0000, 4744.0000, 4758.0000, 4771.0000, 4788.0000, 4799.0000, 4816.0000, 4829.0000,
    4841.0000, 4854.0000, 4869.0000, 4882.0000, 4894.0000, 4902.0000, 4915.0000, 4925.0000, 4937.0000, 4953.0000,
  ]

### scoring/goals_scored
  Total points: 100
  Min: 0.0000, Max: 2483.0000, Mean: 1170.4000
  Data: [
    0.0000, 1.0000, 1.0000, 4.0000, 5.0000, 7.0000, 9.0000, 12.0000, 13.0000, 14.0000,
    14.0000, 16.0000, 16.0000, 19.0000, 20.0000, 21.0000, 23.0000, 26.0000, 27.0000, 28.0000,
    30.0000, 32.0000, 33.0000, 34.0000, 36.0000, 38.0000, 39.0000, 40.0000, 40.0000, 41.0000,
    42.0000, 43.0000, 43.0000, 50.0000, 52.0000, 53.0000, 55.0000, 58.0000, 61.0000, 61.0000,
    63.0000, 66.0000, 70.0000, 75.0000, 82.0000, 85.0000, 87.0000, 89.0000, 92.0000, 98.0000,
    2133.0000, 2142.0000, 2150.0000, 2154.0000, 2158.0000, 2160.0000, 2166.0000, 2173.0000, 2181.0000, 2186.0000,
    2192.0000, 2203.0000, 2206.0000, 2211.0000, 2221.0000, 2226.0000, 2232.0000, 2236.0000, 2246.0000, 2250.0000,
    2260.0000, 2268.0000, 2280.0000, 2288.0000, 2295.0000, 2302.0000, 2308.0000, 2312.0000, 2322.0000, 2329.0000,
    2341.0000, 2352.0000, 2362.0000, 2370.0000, 2376.0000, 2382.0000, 2387.0000, 2396.0000, 2403.0000, 2412.0000,
    2416.0000, 2425.0000, 2430.0000, 2438.0000, 2447.0000, 2455.0000, 2462.0000, 2472.0000, 2477.0000, 2483.0000,
  ]

### selfplay/active
  Total points: 100
  Min: 0.0000, Max: 0.0000, Mean: 0.0000
  Data: [
    0.0000, 0.0000, 0.0000, 0.0000, 0.0000, 0.0000, 0.0000, 0.0000, 0.0000, 0.0000,
    0.0000, 0.0000, 0.0000, 0.0000, 0.0000, 0.0000, 0.0000, 0.0000, 0.0000, 0.0000,
    0.0000, 0.0000, 0.0000, 0.0000, 0.0000, 0.0000, 0.0000, 0.0000, 0.0000, 0.0000,
    0.0000, 0.0000, 0.0000, 0.0000, 0.0000, 0.0000, 0.0000, 0.0000, 0.0000, 0.0000,
    0.0000, 0.0000, 0.0000, 0.0000, 0.0000, 0.0000, 0.0000, 0.0000, 0.0000, 0.0000,
    0.0000, 0.0000, 0.0000, 0.0000, 0.0000, 0.0000, 0.0000, 0.0000, 0.0000, 0.0000,
    0.0000, 0.0000, 0.0000, 0.0000, 0.0000, 0.0000, 0.0000, 0.0000, 0.0000, 0.0000,
    0.0000, 0.0000, 0.0000, 0.0000, 0.0000, 0.0000, 0.0000, 0.0000, 0.0000, 0.0000,
    0.0000, 0.0000, 0.0000, 0.0000, 0.0000, 0.0000, 0.0000, 0.0000, 0.0000, 0.0000,
    0.0000, 0.0000, 0.0000, 0.0000, 0.0000, 0.0000, 0.0000, 0.0000, 0.0000, 0.0000,
  ]

### selfplay/episode_opponent_type_selfplay
  Total points: 100
  Min: 0.0000, Max: 0.0000, Mean: 0.0000
  Data: [
    0.0000, 0.0000, 0.0000, 0.0000, 0.0000, 0.0000, 0.0000, 0.0000, 0.0000, 0.0000,
    0.0000, 0.0000, 0.0000, 0.0000, 0.0000, 0.0000, 0.0000, 0.0000, 0.0000, 0.0000,
    0.0000, 0.0000, 0.0000, 0.0000, 0.0000, 0.0000, 0.0000, 0.0000, 0.0000, 0.0000,
    0.0000, 0.0000, 0.0000, 0.0000, 0.0000, 0.0000, 0.0000, 0.0000, 0.0000, 0.0000,
    0.0000, 0.0000, 0.0000, 0.0000, 0.0000, 0.0000, 0.0000, 0.0000, 0.0000, 0.0000,
    0.0000, 0.0000, 0.0000, 0.0000, 0.0000, 0.0000, 0.0000, 0.0000, 0.0000, 0.0000,
    0.0000, 0.0000, 0.0000, 0.0000, 0.0000, 0.0000, 0.0000, 0.0000, 0.0000, 0.0000,
    0.0000, 0.0000, 0.0000, 0.0000, 0.0000, 0.0000, 0.0000, 0.0000, 0.0000, 0.0000,
    0.0000, 0.0000, 0.0000, 0.0000, 0.0000, 0.0000, 0.0000, 0.0000, 0.0000, 0.0000,
    0.0000, 0.0000, 0.0000, 0.0000, 0.0000, 0.0000, 0.0000, 0.0000, 0.0000, 0.0000,
  ]

### selfplay/episode_opponent_type_strong
  Total points: 100
  Min: 0.0000, Max: 0.0000, Mean: 0.0000
  Data: [
    0.0000, 0.0000, 0.0000, 0.0000, 0.0000, 0.0000, 0.0000, 0.0000, 0.0000, 0.0000,
    0.0000, 0.0000, 0.0000, 0.0000, 0.0000, 0.0000, 0.0000, 0.0000, 0.0000, 0.0000,
    0.0000, 0.0000, 0.0000, 0.0000, 0.0000, 0.0000, 0.0000, 0.0000, 0.0000, 0.0000,
    0.0000, 0.0000, 0.0000, 0.0000, 0.0000, 0.0000, 0.0000, 0.0000, 0.0000, 0.0000,
    0.0000, 0.0000, 0.0000, 0.0000, 0.0000, 0.0000, 0.0000, 0.0000, 0.0000, 0.0000,
    0.0000, 0.0000, 0.0000, 0.0000, 0.0000, 0.0000, 0.0000, 0.0000, 0.0000, 0.0000,
    0.0000, 0.0000, 0.0000, 0.0000, 0.0000, 0.0000, 0.0000, 0.0000, 0.0000, 0.0000,
    0.0000, 0.0000, 0.0000, 0.0000, 0.0000, 0.0000, 0.0000, 0.0000, 0.0000, 0.0000,
    0.0000, 0.0000, 0.0000, 0.0000, 0.0000, 0.0000, 0.0000, 0.0000, 0.0000, 0.0000,
    0.0000, 0.0000, 0.0000, 0.0000, 0.0000, 0.0000, 0.0000, 0.0000, 0.0000, 0.0000,
  ]

### selfplay/episode_opponent_type_weak
  Total points: 100
  Min: 1.0000, Max: 1.0000, Mean: 1.0000
  Data: [
    1.0000, 1.0000, 1.0000, 1.0000, 1.0000, 1.0000, 1.0000, 1.0000, 1.0000, 1.0000,
    1.0000, 1.0000, 1.0000, 1.0000, 1.0000, 1.0000, 1.0000, 1.0000, 1.0000, 1.0000,
    1.0000, 1.0000, 1.0000, 1.0000, 1.0000, 1.0000, 1.0000, 1.0000, 1.0000, 1.0000,
    1.0000, 1.0000, 1.0000, 1.0000, 1.0000, 1.0000, 1.0000, 1.0000, 1.0000, 1.0000,
    1.0000, 1.0000, 1.0000, 1.0000, 1.0000, 1.0000, 1.0000, 1.0000, 1.0000, 1.0000,
    1.0000, 1.0000, 1.0000, 1.0000, 1.0000, 1.0000, 1.0000, 1.0000, 1.0000, 1.0000,
    1.0000, 1.0000, 1.0000, 1.0000, 1.0000, 1.0000, 1.0000, 1.0000, 1.0000, 1.0000,
    1.0000, 1.0000, 1.0000, 1.0000, 1.0000, 1.0000, 1.0000, 1.0000, 1.0000, 1.0000,
    1.0000, 1.0000, 1.0000, 1.0000, 1.0000, 1.0000, 1.0000, 1.0000, 1.0000, 1.0000,
    1.0000, 1.0000, 1.0000, 1.0000, 1.0000, 1.0000, 1.0000, 1.0000, 1.0000, 1.0000,
  ]

### selfplay/pool_size
  Total points: 100
  Min: 0.0000, Max: 0.0000, Mean: 0.0000
  Data: [
    0.0000, 0.0000, 0.0000, 0.0000, 0.0000, 0.0000, 0.0000, 0.0000, 0.0000, 0.0000,
    0.0000, 0.0000, 0.0000, 0.0000, 0.0000, 0.0000, 0.0000, 0.0000, 0.0000, 0.0000,
    0.0000, 0.0000, 0.0000, 0.0000, 0.0000, 0.0000, 0.0000, 0.0000, 0.0000, 0.0000,
    0.0000, 0.0000, 0.0000, 0.0000, 0.0000, 0.0000, 0.0000, 0.0000, 0.0000, 0.0000,
    0.0000, 0.0000, 0.0000, 0.0000, 0.0000, 0.0000, 0.0000, 0.0000, 0.0000, 0.0000,
    0.0000, 0.0000, 0.0000, 0.0000, 0.0000, 0.0000, 0.0000, 0.0000, 0.0000, 0.0000,
    0.0000, 0.0000, 0.0000, 0.0000, 0.0000, 0.0000, 0.0000, 0.0000, 0.0000, 0.0000,
    0.0000, 0.0000, 0.0000, 0.0000, 0.0000, 0.0000, 0.0000, 0.0000, 0.0000, 0.0000,
    0.0000, 0.0000, 0.0000, 0.0000, 0.0000, 0.0000, 0.0000, 0.0000, 0.0000, 0.0000,
    0.0000, 0.0000, 0.0000, 0.0000, 0.0000, 0.0000, 0.0000, 0.0000, 0.0000, 0.0000,
  ]

### selfplay/weak_ratio_target
  Total points: 100
  Min: 0.5000, Max: 0.5000, Mean: 0.5000
  Data: [
    0.5000, 0.5000, 0.5000, 0.5000, 0.5000, 0.5000, 0.5000, 0.5000, 0.5000, 0.5000,
    0.5000, 0.5000, 0.5000, 0.5000, 0.5000, 0.5000, 0.5000, 0.5000, 0.5000, 0.5000,
    0.5000, 0.5000, 0.5000, 0.5000, 0.5000, 0.5000, 0.5000, 0.5000, 0.5000, 0.5000,
    0.5000, 0.5000, 0.5000, 0.5000, 0.5000, 0.5000, 0.5000, 0.5000, 0.5000, 0.5000,
    0.5000, 0.5000, 0.5000, 0.5000, 0.5000, 0.5000, 0.5000, 0.5000, 0.5000, 0.5000,
    0.5000, 0.5000, 0.5000, 0.5000, 0.5000, 0.5000, 0.5000, 0.5000, 0.5000, 0.5000,
    0.5000, 0.5000, 0.5000, 0.5000, 0.5000, 0.5000, 0.5000, 0.5000, 0.5000, 0.5000,
    0.5000, 0.5000, 0.5000, 0.5000, 0.5000, 0.5000, 0.5000, 0.5000, 0.5000, 0.5000,
    0.5000, 0.5000, 0.5000, 0.5000, 0.5000, 0.5000, 0.5000, 0.5000, 0.5000, 0.5000,
    0.5000, 0.5000, 0.5000, 0.5000, 0.5000, 0.5000, 0.5000, 0.5000, 0.5000, 0.5000,
  ]

### strategic/attack_diversity_bonus
  Total points: 100
  Min: 0.0000, Max: 0.0000, Mean: 0.0000
  Data: [
    0.0000, 0.0000, 0.0000, 0.0000, 0.0000, 0.0000, 0.0000, 0.0000, 0.0000, 0.0000,
    0.0000, 0.0000, 0.0000, 0.0000, 0.0000, 0.0000, 0.0000, 0.0000, 0.0000, 0.0000,
    0.0000, 0.0000, 0.0000, 0.0000, 0.0000, 0.0000, 0.0000, 0.0000, 0.0000, 0.0000,
    0.0000, 0.0000, 0.0000, 0.0000, 0.0000, 0.0000, 0.0000, 0.0000, 0.0000, 0.0000,
    0.0000, 0.0000, 0.0000, 0.0000, 0.0000, 0.0000, 0.0000, 0.0000, 0.0000, 0.0000,
    0.0000, 0.0000, 0.0000, 0.0000, 0.0000, 0.0000, 0.0000, 0.0000, 0.0000, 0.0000,
    0.0000, 0.0000, 0.0000, 0.0000, 0.0000, 0.0000, 0.0000, 0.0000, 0.0000, 0.0000,
    0.0000, 0.0000, 0.0000, 0.0000, 0.0000, 0.0000, 0.0000, 0.0000, 0.0000, 0.0000,
    0.0000, 0.0000, 0.0000, 0.0000, 0.0000, 0.0000, 0.0000, 0.0000, 0.0000, 0.0000,
    0.0000, 0.0000, 0.0000, 0.0000, 0.0000, 0.0000, 0.0000, 0.0000, 0.0000, 0.0000,
  ]

### strategic/attack_sides_unique
  Total points: 100
  Min: 0.0000, Max: 0.0000, Mean: 0.0000
  Data: [
    0.0000, 0.0000, 0.0000, 0.0000, 0.0000, 0.0000, 0.0000, 0.0000, 0.0000, 0.0000,
    0.0000, 0.0000, 0.0000, 0.0000, 0.0000, 0.0000, 0.0000, 0.0000, 0.0000, 0.0000,
    0.0000, 0.0000, 0.0000, 0.0000, 0.0000, 0.0000, 0.0000, 0.0000, 0.0000, 0.0000,
    0.0000, 0.0000, 0.0000, 0.0000, 0.0000, 0.0000, 0.0000, 0.0000, 0.0000, 0.0000,
    0.0000, 0.0000, 0.0000, 0.0000, 0.0000, 0.0000, 0.0000, 0.0000, 0.0000, 0.0000,
    0.0000, 0.0000, 0.0000, 0.0000, 0.0000, 0.0000, 0.0000, 0.0000, 0.0000, 0.0000,
    0.0000, 0.0000, 0.0000, 0.0000, 0.0000, 0.0000, 0.0000, 0.0000, 0.0000, 0.0000,
    0.0000, 0.0000, 0.0000, 0.0000, 0.0000, 0.0000, 0.0000, 0.0000, 0.0000, 0.0000,
    0.0000, 0.0000, 0.0000, 0.0000, 0.0000, 0.0000, 0.0000, 0.0000, 0.0000, 0.0000,
    0.0000, 0.0000, 0.0000, 0.0000, 0.0000, 0.0000, 0.0000, 0.0000, 0.0000, 0.0000,
  ]

### strategic/forcing_bonus
  Total points: 100
  Min: 0.0000, Max: 0.0000, Mean: 0.0000
  Data: [
    0.0000, 0.0000, 0.0000, 0.0000, 0.0000, 0.0000, 0.0000, 0.0000, 0.0000, 0.0000,
    0.0000, 0.0000, 0.0000, 0.0000, 0.0000, 0.0000, 0.0000, 0.0000, 0.0000, 0.0000,
    0.0000, 0.0000, 0.0000, 0.0000, 0.0000, 0.0000, 0.0000, 0.0000, 0.0000, 0.0000,
    0.0000, 0.0000, 0.0000, 0.0000, 0.0000, 0.0000, 0.0000, 0.0000, 0.0000, 0.0000,
    0.0000, 0.0000, 0.0000, 0.0000, 0.0000, 0.0000, 0.0000, 0.0000, 0.0000, 0.0000,
    0.0000, 0.0000, 0.0000, 0.0000, 0.0000, 0.0000, 0.0000, 0.0000, 0.0000, 0.0000,
    0.0000, 0.0000, 0.0000, 0.0000, 0.0000, 0.0000, 0.0000, 0.0000, 0.0000, 0.0000,
    0.0000, 0.0000, 0.0000, 0.0000, 0.0000, 0.0000, 0.0000, 0.0000, 0.0000, 0.0000,
    0.0000, 0.0000, 0.0000, 0.0000, 0.0000, 0.0000, 0.0000, 0.0000, 0.0000, 0.0000,
    0.0000, 0.0000, 0.0000, 0.0000, 0.0000, 0.0000, 0.0000, 0.0000, 0.0000, 0.0000,
  ]

### strategic/opponent_avg_movement
  Total points: 100
  Min: 0.0000, Max: 0.0000, Mean: 0.0000
  Data: [
    0.0000, 0.0000, 0.0000, 0.0000, 0.0000, 0.0000, 0.0000, 0.0000, 0.0000, 0.0000,
    0.0000, 0.0000, 0.0000, 0.0000, 0.0000, 0.0000, 0.0000, 0.0000, 0.0000, 0.0000,
    0.0000, 0.0000, 0.0000, 0.0000, 0.0000, 0.0000, 0.0000, 0.0000, 0.0000, 0.0000,
    0.0000, 0.0000, 0.0000, 0.0000, 0.0000, 0.0000, 0.0000, 0.0000, 0.0000, 0.0000,
    0.0000, 0.0000, 0.0000, 0.0000, 0.0000, 0.0000, 0.0000, 0.0000, 0.0000, 0.0000,
    0.0000, 0.0000, 0.0000, 0.0000, 0.0000, 0.0000, 0.0000, 0.0000, 0.0000, 0.0000,
    0.0000, 0.0000, 0.0000, 0.0000, 0.0000, 0.0000, 0.0000, 0.0000, 0.0000, 0.0000,
    0.0000, 0.0000, 0.0000, 0.0000, 0.0000, 0.0000, 0.0000, 0.0000, 0.0000, 0.0000,
    0.0000, 0.0000, 0.0000, 0.0000, 0.0000, 0.0000, 0.0000, 0.0000, 0.0000, 0.0000,
    0.0000, 0.0000, 0.0000, 0.0000, 0.0000, 0.0000, 0.0000, 0.0000, 0.0000, 0.0000,
  ]

### strategic/opponent_total_movement
  Total points: 100
  Min: 0.0000, Max: 0.0000, Mean: 0.0000
  Data: [
    0.0000, 0.0000, 0.0000, 0.0000, 0.0000, 0.0000, 0.0000, 0.0000, 0.0000, 0.0000,
    0.0000, 0.0000, 0.0000, 0.0000, 0.0000, 0.0000, 0.0000, 0.0000, 0.0000, 0.0000,
    0.0000, 0.0000, 0.0000, 0.0000, 0.0000, 0.0000, 0.0000, 0.0000, 0.0000, 0.0000,
    0.0000, 0.0000, 0.0000, 0.0000, 0.0000, 0.0000, 0.0000, 0.0000, 0.0000, 0.0000,
    0.0000, 0.0000, 0.0000, 0.0000, 0.0000, 0.0000, 0.0000, 0.0000, 0.0000, 0.0000,
    0.0000, 0.0000, 0.0000, 0.0000, 0.0000, 0.0000, 0.0000, 0.0000, 0.0000, 0.0000,
    0.0000, 0.0000, 0.0000, 0.0000, 0.0000, 0.0000, 0.0000, 0.0000, 0.0000, 0.0000,
    0.0000, 0.0000, 0.0000, 0.0000, 0.0000, 0.0000, 0.0000, 0.0000, 0.0000, 0.0000,
    0.0000, 0.0000, 0.0000, 0.0000, 0.0000, 0.0000, 0.0000, 0.0000, 0.0000, 0.0000,
    0.0000, 0.0000, 0.0000, 0.0000, 0.0000, 0.0000, 0.0000, 0.0000, 0.0000, 0.0000,
  ]

### strategic/shot_quality_ratio
  Total points: 100
  Min: 0.0000, Max: 0.0000, Mean: 0.0000
  Data: [
    0.0000, 0.0000, 0.0000, 0.0000, 0.0000, 0.0000, 0.0000, 0.0000, 0.0000, 0.0000,
    0.0000, 0.0000, 0.0000, 0.0000, 0.0000, 0.0000, 0.0000, 0.0000, 0.0000, 0.0000,
    0.0000, 0.0000, 0.0000, 0.0000, 0.0000, 0.0000, 0.0000, 0.0000, 0.0000, 0.0000,
    0.0000, 0.0000, 0.0000, 0.0000, 0.0000, 0.0000, 0.0000, 0.0000, 0.0000, 0.0000,
    0.0000, 0.0000, 0.0000, 0.0000, 0.0000, 0.0000, 0.0000, 0.0000, 0.0000, 0.0000,
    0.0000, 0.0000, 0.0000, 0.0000, 0.0000, 0.0000, 0.0000, 0.0000, 0.0000, 0.0000,
    0.0000, 0.0000, 0.0000, 0.0000, 0.0000, 0.0000, 0.0000, 0.0000, 0.0000, 0.0000,
    0.0000, 0.0000, 0.0000, 0.0000, 0.0000, 0.0000, 0.0000, 0.0000, 0.0000, 0.0000,
    0.0000, 0.0000, 0.0000, 0.0000, 0.0000, 0.0000, 0.0000, 0.0000, 0.0000, 0.0000,
    0.0000, 0.0000, 0.0000, 0.0000, 0.0000, 0.0000, 0.0000, 0.0000, 0.0000, 0.0000,
  ]

### strategic/shots_blocked
  Total points: 100
  Min: 0.0000, Max: 0.0000, Mean: 0.0000
  Data: [
    0.0000, 0.0000, 0.0000, 0.0000, 0.0000, 0.0000, 0.0000, 0.0000, 0.0000, 0.0000,
    0.0000, 0.0000, 0.0000, 0.0000, 0.0000, 0.0000, 0.0000, 0.0000, 0.0000, 0.0000,
    0.0000, 0.0000, 0.0000, 0.0000, 0.0000, 0.0000, 0.0000, 0.0000, 0.0000, 0.0000,
    0.0000, 0.0000, 0.0000, 0.0000, 0.0000, 0.0000, 0.0000, 0.0000, 0.0000, 0.0000,
    0.0000, 0.0000, 0.0000, 0.0000, 0.0000, 0.0000, 0.0000, 0.0000, 0.0000, 0.0000,
    0.0000, 0.0000, 0.0000, 0.0000, 0.0000, 0.0000, 0.0000, 0.0000, 0.0000, 0.0000,
    0.0000, 0.0000, 0.0000, 0.0000, 0.0000, 0.0000, 0.0000, 0.0000, 0.0000, 0.0000,
    0.0000, 0.0000, 0.0000, 0.0000, 0.0000, 0.0000, 0.0000, 0.0000, 0.0000, 0.0000,
    0.0000, 0.0000, 0.0000, 0.0000, 0.0000, 0.0000, 0.0000, 0.0000, 0.0000, 0.0000,
    0.0000, 0.0000, 0.0000, 0.0000, 0.0000, 0.0000, 0.0000, 0.0000, 0.0000, 0.0000,
  ]

### strategic/shots_clear
  Total points: 100
  Min: 0.0000, Max: 0.0000, Mean: 0.0000
  Data: [
    0.0000, 0.0000, 0.0000, 0.0000, 0.0000, 0.0000, 0.0000, 0.0000, 0.0000, 0.0000,
    0.0000, 0.0000, 0.0000, 0.0000, 0.0000, 0.0000, 0.0000, 0.0000, 0.0000, 0.0000,
    0.0000, 0.0000, 0.0000, 0.0000, 0.0000, 0.0000, 0.0000, 0.0000, 0.0000, 0.0000,
    0.0000, 0.0000, 0.0000, 0.0000, 0.0000, 0.0000, 0.0000, 0.0000, 0.0000, 0.0000,
    0.0000, 0.0000, 0.0000, 0.0000, 0.0000, 0.0000, 0.0000, 0.0000, 0.0000, 0.0000,
    0.0000, 0.0000, 0.0000, 0.0000, 0.0000, 0.0000, 0.0000, 0.0000, 0.0000, 0.0000,
    0.0000, 0.0000, 0.0000, 0.0000, 0.0000, 0.0000, 0.0000, 0.0000, 0.0000, 0.0000,
    0.0000, 0.0000, 0.0000, 0.0000, 0.0000, 0.0000, 0.0000, 0.0000, 0.0000, 0.0000,
    0.0000, 0.0000, 0.0000, 0.0000, 0.0000, 0.0000, 0.0000, 0.0000, 0.0000, 0.0000,
    0.0000, 0.0000, 0.0000, 0.0000, 0.0000, 0.0000, 0.0000, 0.0000, 0.0000, 0.0000,
  ]

### training/avg_episode_length
  Total points: 100
  Min: 71.9000, Max: 207.4000, Mean: 134.5360
  Data: [
    157.2000, 149.3000, 172.3000, 137.7000, 166.8000, 144.9000, 123.3000, 143.6000, 146.5000, 177.6000,
    146.5000, 145.2000, 193.3000, 110.6000, 164.1000, 179.0000, 139.4000, 108.7000, 153.9000, 180.3000,
    187.1000, 124.5000, 172.9000, 178.9000, 149.2000, 156.9000, 172.0000, 168.7000, 85.4000, 110.1000,
    187.3000, 186.7000, 178.2000, 130.5000, 193.9000, 152.9000, 168.1000, 207.4000, 137.1000, 155.4000,
    128.6000, 178.8000, 136.9000, 138.1000, 122.6000, 151.9000, 136.8000, 133.7000, 80.0000, 93.3000,
    157.7000, 123.2000, 89.5000, 75.6000, 96.4000, 124.8000, 140.9000, 96.5000, 123.1000, 84.5000,
    115.9000, 133.8000, 154.6000, 111.6000, 87.9000, 154.8000, 143.0000, 97.3000, 155.2000, 166.6000,
    102.4000, 123.3000, 89.7000, 84.3000, 115.2000, 124.2000, 135.5000, 80.6000, 126.5000, 87.2000,
    109.5000, 76.7000, 159.8000, 88.8000, 160.4000, 163.6000, 142.0000, 97.7000, 84.6000, 112.1000,
    111.1000, 121.3000, 125.0000, 137.6000, 100.7000, 144.8000, 71.9000, 132.0000, 134.9000, 133.2000,
  ]

### training/calls_per_episode
  Total points: 100
  Min: 0.0000, Max: 0.0000, Mean: 0.0000
  Data: [
    0.0000, 0.0000, 0.0000, 0.0000, 0.0000, 0.0000, 0.0000, 0.0000, 0.0000, 0.0000,
    0.0000, 0.0000, 0.0000, 0.0000, 0.0000, 0.0000, 0.0000, 0.0000, 0.0000, 0.0000,
    0.0000, 0.0000, 0.0000, 0.0000, 0.0000, 0.0000, 0.0000, 0.0000, 0.0000, 0.0000,
    0.0000, 0.0000, 0.0000, 0.0000, 0.0000, 0.0000, 0.0000, 0.0000, 0.0000, 0.0000,
    0.0000, 0.0000, 0.0000, 0.0000, 0.0000, 0.0000, 0.0000, 0.0000, 0.0000, 0.0000,
    0.0000, 0.0000, 0.0000, 0.0000, 0.0000, 0.0000, 0.0000, 0.0000, 0.0000, 0.0000,
    0.0000, 0.0000, 0.0000, 0.0000, 0.0000, 0.0000, 0.0000, 0.0000, 0.0000, 0.0000,
    0.0000, 0.0000, 0.0000, 0.0000, 0.0000, 0.0000, 0.0000, 0.0000, 0.0000, 0.0000,
    0.0000, 0.0000, 0.0000, 0.0000, 0.0000, 0.0000, 0.0000, 0.0000, 0.0000, 0.0000,
    0.0000, 0.0000, 0.0000, 0.0000, 0.0000, 0.0000, 0.0000, 0.0000, 0.0000, 0.0000,
  ]

### training/episode
  Total points: 100
  Min: 25.0000, Max: 9575.0000, Mean: 4800.0000
  Data: [
    25.0000, 50.0000, 75.0000, 100.0000, 125.0000, 150.0000, 175.0000, 200.0000, 225.0000, 250.0000,
    275.0000, 300.0000, 325.0000, 350.0000, 375.0000, 400.0000, 425.0000, 450.0000, 475.0000, 500.0000,
    525.0000, 550.0000, 575.0000, 600.0000, 625.0000, 650.0000, 675.0000, 700.0000, 725.0000, 750.0000,
    775.0000, 800.0000, 825.0000, 850.0000, 875.0000, 900.0000, 925.0000, 950.0000, 975.0000, 1000.0000,
    1025.0000, 1050.0000, 1075.0000, 1100.0000, 1125.0000, 1150.0000, 1175.0000, 1200.0000, 1225.0000, 1250.0000,
    8350.0000, 8375.0000, 8400.0000, 8425.0000, 8450.0000, 8475.0000, 8500.0000, 8525.0000, 8550.0000, 8575.0000,
    8600.0000, 8625.0000, 8650.0000, 8675.0000, 8700.0000, 8725.0000, 8750.0000, 8775.0000, 8800.0000, 8825.0000,
    8850.0000, 8875.0000, 8900.0000, 8925.0000, 8950.0000, 8975.0000, 9000.0000, 9025.0000, 9050.0000, 9075.0000,
    9100.0000, 9125.0000, 9150.0000, 9175.0000, 9200.0000, 9225.0000, 9250.0000, 9275.0000, 9300.0000, 9325.0000,
    9350.0000, 9375.0000, 9400.0000, 9425.0000, 9450.0000, 9475.0000, 9500.0000, 9525.0000, 9550.0000, 9575.0000,
  ]

### training/eps_per_sec
  Total points: 100
  Min: 0.2772, Max: 7.1422, Mean: 2.8738
  Data: [
    3.8549, 5.7655, 4.9294, 5.1467, 4.8107, 6.1290, 5.3875, 5.9150, 5.3495, 5.9008,
    0.4232, 6.0220, 4.5255, 6.4033, 5.4188, 5.5980, 5.8748, 6.4978, 5.3059, 4.9242,
    0.4820, 5.6602, 4.6380, 4.7751, 4.8915, 5.8056, 4.5125, 5.8093, 5.4371, 6.7578,
    0.4117, 4.5342, 4.6454, 7.1422, 4.8954, 5.4206, 5.0306, 5.0355, 5.5431, 2.8620,
    0.2772, 1.2346, 1.5967, 1.4672, 1.6582, 1.3404, 1.3329, 1.8193, 1.4610, 1.6097,
    1.3851, 1.7989, 1.7106, 1.9490, 1.7827, 1.3258, 1.3433, 0.6951, 1.6731, 2.0066,
    1.6539, 1.7193, 1.3389, 1.6664, 2.2761, 1.3340, 1.4830, 0.3951, 1.5023, 1.3315,
    1.9293, 1.5626, 2.2439, 1.8507, 1.8734, 1.6158, 1.4829, 0.3229, 1.4988, 1.5345,
    1.6392, 1.7090, 1.5763, 1.4832, 1.6586, 1.5359, 1.3916, 0.3817, 1.6805, 2.0422,
    1.2891, 1.7570, 1.4779, 1.4410, 1.5928, 1.2349, 1.5781, 0.4051, 1.2656, 1.6850,
  ]

### training/epsilon
  Total points: 100
  Min: 0.4649, Max: 0.9980, Mean: 0.7195
  Data: [
    0.9980, 0.9960, 0.9940, 0.9920, 0.9900, 0.9881, 0.9861, 0.9841, 0.9822, 0.9802,
    0.9782, 0.9763, 0.9743, 0.9724, 0.9704, 0.9685, 0.9666, 0.9646, 0.9627, 0.9608,
    0.9589, 0.9570, 0.9550, 0.9531, 0.9512, 0.9493, 0.9474, 0.9455, 0.9436, 0.9418,
    0.9399, 0.9380, 0.9361, 0.9343, 0.9324, 0.9305, 0.9287, 0.9268, 0.9250, 0.9231,
    0.9213, 0.9194, 0.9176, 0.9158, 0.9139, 0.9121, 0.9103, 0.9085, 0.9066, 0.9048,
    0.5127, 0.5117, 0.5107, 0.5097, 0.5086, 0.5076, 0.5066, 0.5056, 0.5046, 0.5036,
    0.5026, 0.5016, 0.5006, 0.4996, 0.4986, 0.4976, 0.4966, 0.4956, 0.4946, 0.4936,
    0.4926, 0.4916, 0.4906, 0.4897, 0.4887, 0.4877, 0.4867, 0.4858, 0.4848, 0.4838,
    0.4829, 0.4819, 0.4809, 0.4800, 0.4790, 0.4781, 0.4771, 0.4761, 0.4752, 0.4742,
    0.4733, 0.4724, 0.4714, 0.4705, 0.4695, 0.4686, 0.4677, 0.4667, 0.4658, 0.4649,
  ]

### training/pbrs_enabled
  Total points: 100
  Min: 1.0000, Max: 1.0000, Mean: 1.0000
  Data: [
    1.0000, 1.0000, 1.0000, 1.0000, 1.0000, 1.0000, 1.0000, 1.0000, 1.0000, 1.0000,
    1.0000, 1.0000, 1.0000, 1.0000, 1.0000, 1.0000, 1.0000, 1.0000, 1.0000, 1.0000,
    1.0000, 1.0000, 1.0000, 1.0000, 1.0000, 1.0000, 1.0000, 1.0000, 1.0000, 1.0000,
    1.0000, 1.0000, 1.0000, 1.0000, 1.0000, 1.0000, 1.0000, 1.0000, 1.0000, 1.0000,
    1.0000, 1.0000, 1.0000, 1.0000, 1.0000, 1.0000, 1.0000, 1.0000, 1.0000, 1.0000,
    1.0000, 1.0000, 1.0000, 1.0000, 1.0000, 1.0000, 1.0000, 1.0000, 1.0000, 1.0000,
    1.0000, 1.0000, 1.0000, 1.0000, 1.0000, 1.0000, 1.0000, 1.0000, 1.0000, 1.0000,
    1.0000, 1.0000, 1.0000, 1.0000, 1.0000, 1.0000, 1.0000, 1.0000, 1.0000, 1.0000,
    1.0000, 1.0000, 1.0000, 1.0000, 1.0000, 1.0000, 1.0000, 1.0000, 1.0000, 1.0000,
    1.0000, 1.0000, 1.0000, 1.0000, 1.0000, 1.0000, 1.0000, 1.0000, 1.0000, 1.0000,
  ]

### training/tie_penalty
  Total points: 100
  Min: -1.5000, Max: 0.0000, Mean: -0.3900
  Data: [
    -1.5000, 0.0000, -1.5000, 0.0000, -1.5000, 0.0000, 0.0000, 0.0000, -1.5000, 0.0000,
    -1.5000, 0.0000, -1.5000, 0.0000, 0.0000, -1.5000, 0.0000, 0.0000, -1.5000, 0.0000,
    -1.5000, 0.0000, -1.5000, 0.0000, 0.0000, -1.5000, 0.0000, -1.5000, 0.0000, 0.0000,
    -1.5000, -1.5000, -1.5000, 0.0000, -1.5000, 0.0000, -1.5000, -1.5000, -1.5000, 0.0000,
    -1.5000, 0.0000, 0.0000, 0.0000, 0.0000, 0.0000, 0.0000, 0.0000, 0.0000, -1.5000,
    0.0000, 0.0000, -1.5000, 0.0000, 0.0000, 0.0000, 0.0000, 0.0000, 0.0000, 0.0000,
    0.0000, -1.5000, 0.0000, 0.0000, 0.0000, 0.0000, 0.0000, 0.0000, 0.0000, 0.0000,
    0.0000, 0.0000, 0.0000, 0.0000, 0.0000, 0.0000, 0.0000, 0.0000, 0.0000, 0.0000,
    0.0000, 0.0000, 0.0000, 0.0000, -1.5000, 0.0000, 0.0000, 0.0000, 0.0000, 0.0000,
    0.0000, 0.0000, 0.0000, 0.0000, 0.0000, 0.0000, 0.0000, -1.5000, 0.0000, -1.5000,
  ]

### values/Q_avg
  Total points: 50
  Min: -1.8727, Max: 4.9038, Mean: 0.7451
  Data: [
    4.8779, 4.8925, 4.8923, 4.8898, 4.8901, 4.8887, 4.9038, 4.8713, 4.8942, 4.6404,
    4.0223, 3.6596, 3.2845, 2.6820, 2.4064, 2.0764, 1.8292, 1.4450, 1.0830, 0.7263,
    0.2688, 0.3115, 0.3500, 0.4499, -1.4017, -0.8424, -0.8579, -1.1802, -0.0377, -1.0238,
    -1.5364, -0.8524, -1.4158, -1.4385, -1.4825, -1.7285, -1.6532, -1.7033, -1.6370, -1.5907,
    -1.5163, -1.0420, -1.8223, -1.2774, -1.6894, -1.8727, -1.3299, -1.8451, -1.6248, -1.5786,
  ]

### values/Q_max
  Total points: 50
  Min: 2.8702, Max: 9.6778, Mean: 6.1257
  Data: [
    5.1139, 5.1152, 5.1261, 5.0955, 5.1129, 5.0887, 5.1222, 5.0776, 5.1118, 5.1173,
    4.6880, 4.4599, 4.3115, 3.9085, 4.3351, 3.5127, 3.5603, 4.0040, 3.6249, 3.1127,
    3.2100, 2.8702, 3.1916, 3.4632, 6.8008, 6.7827, 9.6778, 8.7266, 9.0907, 9.0479,
    8.3023, 9.1142, 8.9576, 9.3345, 9.5993, 7.0466, 7.4378, 8.6687, 8.6645, 5.3775,
    7.5161, 7.6245, 5.6634, 7.3889, 7.6098, 6.8321, 7.0182, 7.5885, 7.0713, 6.0103,
  ]

### values/Q_min
  Total points: 50
  Min: -9.5836, Max: 4.6200, Mean: -4.7739
  Data: [
    4.5271, 4.5548, 4.5202, 4.5395, 4.6200, 4.5036, 4.5460, 4.5774, 4.6076, 4.3619,
    3.3529, 1.7838, 2.0552, -0.0525, -1.0238, -0.5990, -4.0662, -4.6506, -8.0495, -8.4246,
    -9.0321, -7.6528, -9.5836, -8.3272, -8.9868, -8.5339, -7.9476, -8.3493, -9.2339, -9.3492,
    -9.4986, -7.8448, -9.0488, -8.5674, -9.5128, -8.7242, -8.6928, -8.6016, -9.5791, -8.9003,
    -8.7139, -9.2412, -9.4359, -8.8544, -9.2318, -9.1725, -8.8133, -8.6843, -7.4459, -8.8168,
  ]

### values/Q_std
  Total points: 50
  Min: 0.1011, Max: 3.9505, Mean: 2.0673
  Data: [
    0.1172, 0.1081, 0.1011, 0.1120, 0.1016, 0.1101, 0.1164, 0.1224, 0.1017, 0.1862,
    0.2753, 0.4852, 0.5920, 0.8817, 1.0486, 1.0662, 1.4092, 1.6184, 2.0752, 2.0949,
    2.3277, 1.9275, 2.4057, 2.1669, 3.3837, 3.1448, 3.4616, 3.1945, 3.3580, 3.2882,
    3.0669, 3.4781, 3.0824, 2.9322, 3.9505, 3.0894, 3.0668, 3.4031, 3.4554, 2.8930,
    3.1822, 2.8524, 2.7648, 2.9849, 2.9649, 3.0636, 3.0210, 3.0311, 2.9478, 2.7520,
  ]
