================================================================================
W&B RUN DATA: Opus-TD3-Hockey-NORMAL-weak-lr0.0003-seed42
================================================================================

## RUN METADATA
Run ID: 96sjpgna
Created: 2026-01-11T22:18:39Z
State: running
Duration: 2954.385987155 seconds

## CONFIGURATION
  algorithm: TD3
  mode: NORMAL
  opponent: weak
  learning_rate_actor: 0.0003
  learning_rate_critic: 0.0003
  batch_size: 1024
  buffer_size: 1000000
  max_episodes: 100000
  random_seed: 42
  self_play_start: 0
  self_play_pool_size: 25
  gamma: 0.95
  tau: 0.005

## FINAL SUMMARY

## NOTE: Data discretized to fit 100000 char limit
  Showing ~100 points per metric (of 112 total)

## METRICS DATA

### behavior/action_magnitude_avg
  Total points: 100
  Min: 0.6384, Max: 1.1039, Mean: 0.8786
  Data: [
    0.8477, 0.7860, 0.8357, 1.0038, 0.6875, 0.7897, 0.8742, 0.6948, 0.6994, 0.8062,
    0.7111, 0.7760, 0.8271, 0.7510, 0.7877, 0.7578, 0.6985, 0.6936, 0.7569, 0.8737,
    0.7150, 0.8095, 0.8291, 0.7048, 0.7898, 0.8633, 0.7676, 0.6384, 0.7640, 0.6684,
    0.8839, 0.6995, 0.6860, 0.7902, 0.7274, 0.7302, 0.7339, 0.7771, 1.0709, 1.1039,
    1.0531, 0.8127, 0.7501, 0.8914, 0.8484, 0.8493, 0.8848, 0.8908, 0.9231, 0.9575,
    0.9249, 0.9779, 0.9455, 0.9480, 0.9072, 0.9430, 0.8871, 0.9478, 0.9180, 0.9098,
    0.9663, 0.8830, 0.9712, 0.9404, 0.9427, 0.9704, 0.9157, 1.0261, 0.9414, 0.9581,
    0.9516, 0.9514, 0.8931, 0.9517, 0.8947, 0.8829, 0.9703, 1.0034, 0.9633, 0.9628,
    0.8788, 1.0284, 0.9959, 0.9725, 0.9379, 1.0189, 0.9479, 0.9682, 0.8607, 0.9652,
    0.9869, 0.9568, 1.0096, 1.0336, 0.9681, 0.9643, 0.9704, 0.9426, 1.0117, 0.9193,
  ]

### behavior/action_magnitude_max
  Total points: 100
  Min: 1.0429, Max: 1.4142, Mean: 1.3477
  Data: [
    1.3115, 1.2944, 1.2757, 1.3847, 1.2264, 1.3209, 1.2656, 1.2153, 1.2004, 1.2371,
    1.2673, 1.2592, 1.3454, 1.2997, 1.2619, 1.2374, 1.2226, 1.1769, 1.2510, 1.2803,
    1.2332, 1.3207, 1.2606, 1.2391, 1.2621, 1.3355, 1.3121, 1.0429, 1.1960, 1.2356,
    1.3500, 1.1376, 1.1880, 1.1961, 1.2433, 1.2165, 1.2473, 1.2564, 1.4105, 1.4038,
    1.4105, 1.3691, 1.3647, 1.4142, 1.4017, 1.4024, 1.4084, 1.3999, 1.4012, 1.4142,
    1.4142, 1.4117, 1.4142, 1.4114, 1.4128, 1.4142, 1.3986, 1.4142, 1.4084, 1.3917,
    1.4117, 1.3882, 1.4073, 1.3882, 1.4131, 1.4125, 1.3861, 1.4014, 1.4142, 1.4045,
    1.4142, 1.4142, 1.4069, 1.4112, 1.3984, 1.4131, 1.4142, 1.4141, 1.4030, 1.4042,
    1.4124, 1.4142, 1.4142, 1.4075, 1.3994, 1.4077, 1.4142, 1.4070, 1.4024, 1.4142,
    1.4077, 1.4036, 1.4002, 1.4106, 1.4097, 1.3947, 1.4124, 1.4043, 1.4053, 1.4122,
  ]

### behavior/dist_to_puck_avg
  Total points: 100
  Min: 2.5040, Max: 4.1134, Mean: 3.2368
  Data: [
    3.5201, 3.5453, 3.3537, 3.8747, 3.6876, 3.7563, 3.7261, 3.5532, 3.4273, 3.6323,
    3.5801, 3.8470, 3.7902, 3.4951, 3.7846, 3.7263, 3.5684, 3.6317, 3.9136, 3.7797,
    3.3766, 3.7317, 3.6957, 3.3350, 4.1134, 3.1063, 3.2997, 3.2723, 3.6847, 3.1413,
    3.9835, 3.6707, 3.7178, 3.8033, 3.3077, 3.5070, 3.8862, 3.6841, 4.1101, 3.7974,
    3.9329, 3.0044, 2.7194, 3.0355, 2.6269, 2.8924, 2.8618, 3.2466, 2.9094, 3.0936,
    2.8859, 3.0200, 2.6139, 3.1573, 2.7396, 2.6965, 3.3498, 3.2143, 3.1173, 3.1496,
    2.8062, 2.8781, 3.0097, 3.0166, 3.3331, 3.0591, 3.0132, 3.0434, 3.2946, 2.8412,
    2.8370, 2.8826, 2.9201, 2.9078, 2.8542, 2.6159, 3.3036, 2.6734, 3.1847, 3.2829,
    2.7117, 3.1588, 3.1393, 2.9252, 3.0941, 3.1539, 3.2204, 2.7406, 2.7898, 3.0144,
    2.8225, 2.9885, 2.8492, 2.5682, 2.7142, 2.9489, 2.5040, 2.9571, 2.8721, 3.0661,
  ]

### behavior/dist_to_puck_min
  Total points: 100
  Min: 0.2436, Max: 2.2448, Mean: 0.8502
  Data: [
    1.4005, 1.3253, 1.4443, 1.0946, 1.6358, 1.3108, 1.2194, 1.0733, 1.4109, 1.7757,
    1.1407, 1.6491, 1.2978, 1.1222, 1.9422, 1.5701, 1.1000, 1.1013, 1.2485, 1.7659,
    0.8687, 1.5713, 1.4499, 1.1771, 1.6970, 0.9780, 0.8441, 1.2378, 1.4426, 0.7960,
    1.4186, 1.4801, 1.4691, 1.1469, 1.1464, 1.6466, 1.5368, 1.1247, 1.7837, 2.2448,
    1.9962, 1.2153, 0.8669, 0.7929, 0.9644, 0.8648, 0.6168, 0.9250, 0.3872, 0.4961,
    0.3360, 0.6459, 0.5753, 0.8974, 0.6107, 0.2436, 0.6766, 0.4478, 0.5606, 0.6753,
    0.5317, 0.4518, 0.3848, 0.8329, 0.3873, 0.4266, 0.4428, 0.4050, 0.3713, 0.3547,
    0.4017, 0.2826, 0.3546, 0.3803, 0.3093, 0.3417, 0.3102, 0.3008, 0.3835, 0.4142,
    0.4338, 0.3154, 0.3567, 0.4550, 0.2892, 0.5237, 0.3190, 0.3856, 0.4283, 0.3625,
    0.2519, 0.3805, 0.5124, 0.4911, 0.3074, 0.2870, 0.3241, 0.2751, 0.4067, 0.3679,
  ]

### behavior/distance_traveled
  Total points: 100
  Min: 5.4513, Max: 24.3610, Mean: 12.4494
  Data: [
    8.9706, 7.6991, 8.7583, 8.0343, 9.3753, 12.1891, 8.0053, 7.0912, 8.7659, 8.4995,
    10.0107, 7.9028, 8.8986, 8.7258, 8.0120, 6.2396, 10.0796, 7.6495, 7.8553, 6.8582,
    8.5349, 7.9952, 6.3845, 6.5302, 8.1118, 10.3101, 10.3027, 5.9602, 7.2914, 7.0049,
    7.6219, 5.4590, 6.9808, 7.0192, 8.4340, 8.3768, 9.1083, 7.8108, 8.4571, 5.4513,
    7.9134, 7.8436, 10.0022, 11.1950, 12.2618, 11.5732, 12.7649, 10.1874, 11.3751, 15.6490,
    19.7908, 9.8316, 12.8300, 12.1833, 11.3408, 13.3930, 11.7935, 11.9139, 14.9807, 10.1966,
    13.2216, 11.3906, 13.6714, 9.3142, 16.5455, 17.8725, 11.3882, 13.3221, 15.5771, 9.3667,
    16.6365, 21.6310, 20.0789, 19.0877, 14.8481, 18.5562, 19.9609, 18.6931, 11.4274, 21.0648,
    14.4471, 21.5695, 20.5542, 17.5732, 23.6134, 14.2446, 17.3133, 16.4235, 16.0801, 24.1914,
    24.3610, 19.0463, 14.5879, 9.6363, 11.9989, 24.2747, 17.9732, 22.7021, 16.2360, 22.6773,
  ]

### behavior/lazy_action_ratio
  Total points: 100
  Min: 0.0004, Max: 0.0406, Mean: 0.0107
  Data: [
    0.0248, 0.0206, 0.0062, 0.0057, 0.0141, 0.0149, 0.0071, 0.0129, 0.0231, 0.0090,
    0.0352, 0.0275, 0.0081, 0.0170, 0.0182, 0.0147, 0.0202, 0.0286, 0.0190, 0.0108,
    0.0232, 0.0110, 0.0239, 0.0079, 0.0126, 0.0048, 0.0103, 0.0406, 0.0198, 0.0366,
    0.0114, 0.0244, 0.0257, 0.0070, 0.0137, 0.0130, 0.0405, 0.0229, 0.0040, 0.0008,
    0.0008, 0.0087, 0.0180, 0.0085, 0.0139, 0.0097, 0.0092, 0.0092, 0.0033, 0.0065,
    0.0050, 0.0022, 0.0089, 0.0043, 0.0108, 0.0026, 0.0089, 0.0019, 0.0056, 0.0106,
    0.0043, 0.0163, 0.0033, 0.0049, 0.0044, 0.0023, 0.0097, 0.0034, 0.0044, 0.0042,
    0.0122, 0.0059, 0.0185, 0.0047, 0.0061, 0.0060, 0.0028, 0.0062, 0.0041, 0.0022,
    0.0083, 0.0038, 0.0014, 0.0028, 0.0090, 0.0047, 0.0026, 0.0055, 0.0221, 0.0021,
    0.0055, 0.0020, 0.0015, 0.0016, 0.0071, 0.0040, 0.0042, 0.0027, 0.0004, 0.0084,
  ]

### behavior/puck_touches
  Total points: 100
  Min: 0.0000, Max: 4.4000, Mean: 1.3540
  Data: [
    0.6000, 0.3000, 0.6000, 0.9000, 0.5000, 0.5000, 0.6000, 0.4000, 0.1000, 0.0000,
    0.5000, 0.3000, 1.0000, 0.7000, 0.0000, 0.2000, 0.5000, 0.3000, 0.8000, 0.4000,
    0.9000, 0.5000, 0.6000, 0.7000, 0.5000, 4.4000, 1.5000, 0.2000, 0.3000, 0.5000,
    1.0000, 0.3000, 0.3000, 0.8000, 0.1000, 0.1000, 0.1000, 0.5000, 0.9000, 0.0000,
    1.4000, 0.2000, 0.4000, 0.7000, 2.3000, 0.5000, 1.4000, 1.7000, 1.2000, 2.0000,
    3.4000, 0.7000, 2.2000, 0.9000, 2.0000, 4.1000, 1.7000, 1.2000, 1.7000, 1.3000,
    1.6000, 2.1000, 1.7000, 1.1000, 1.8000, 1.7000, 0.8000, 3.0000, 1.1000, 1.4000,
    2.0000, 2.0000, 3.2000, 2.0000, 2.1000, 1.3000, 1.5000, 2.1000, 1.0000, 1.3000,
    0.9000, 2.9000, 1.6000, 1.5000, 3.8000, 1.4000, 2.2000, 1.4000, 1.3000, 2.8000,
    3.3000, 3.5000, 1.8000, 1.6000, 3.2000, 3.6000, 2.5000, 3.9000, 1.3000, 1.7000,
  ]

### behavior/time_near_puck
  Total points: 100
  Min: 0.0000, Max: 33.6000, Mean: 11.6720
  Data: [
    4.1000, 3.2000, 2.6000, 5.6000, 3.6000, 1.3000, 4.5000, 3.2000, 1.8000, 0.0000,
    0.8000, 2.8000, 4.7000, 3.2000, 0.0000, 2.6000, 5.7000, 3.1000, 4.8000, 4.7000,
    9.8000, 2.4000, 4.5000, 4.8000, 3.0000, 7.3000, 7.5000, 0.1000, 1.5000, 4.4000,
    5.3000, 2.8000, 3.0000, 1.7000, 0.1000, 1.5000, 1.3000, 4.5000, 5.6000, 0.0000,
    4.2000, 2.6000, 2.8000, 9.6000, 10.4000, 5.3000, 11.8000, 9.6000, 11.7000, 19.4000,
    19.8000, 8.5000, 16.2000, 9.3000, 17.3000, 22.0000, 16.3000, 14.5000, 20.0000, 10.3000,
    17.7000, 15.0000, 19.2000, 11.8000, 20.4000, 20.9000, 11.5000, 23.3000, 13.7000, 17.5000,
    23.1000, 20.0000, 28.2000, 19.9000, 22.4000, 15.3000, 18.6000, 20.6000, 10.7000, 18.1000,
    12.2000, 25.5000, 18.1000, 17.8000, 27.7000, 14.7000, 21.4000, 18.2000, 14.9000, 21.5000,
    33.6000, 25.7000, 18.7000, 12.1000, 22.0000, 30.6000, 25.3000, 28.4000, 15.0000, 20.9000,
  ]

### behavior/velocity_avg
  Total points: 100
  Min: 0.0418, Max: 0.1282, Mean: 0.0878
  Data: [
    0.0521, 0.0531, 0.0625, 0.0511, 0.0682, 0.0556, 0.0591, 0.0622, 0.0731, 0.0659,
    0.0653, 0.0605, 0.0439, 0.0464, 0.0681, 0.0595, 0.0614, 0.0575, 0.0502, 0.0586,
    0.0665, 0.0483, 0.0488, 0.0569, 0.0572, 0.0578, 0.0630, 0.0501, 0.0514, 0.0549,
    0.0443, 0.0584, 0.0498, 0.0502, 0.0570, 0.0642, 0.0576, 0.0418, 0.0454, 0.0641,
    0.0618, 0.0775, 0.0764, 0.0910, 0.0957, 0.0880, 0.0862, 0.0949, 0.1082, 0.1077,
    0.1026, 0.1059, 0.1020, 0.1068, 0.0874, 0.1001, 0.0796, 0.1073, 0.1010, 0.1110,
    0.1058, 0.0942, 0.1099, 0.1071, 0.1144, 0.1153, 0.1118, 0.1178, 0.1109, 0.1135,
    0.1114, 0.1168, 0.1040, 0.1176, 0.1027, 0.1086, 0.1207, 0.1221, 0.1140, 0.1151,
    0.1018, 0.1258, 0.1220, 0.1197, 0.1193, 0.1259, 0.1147, 0.1151, 0.1065, 0.1272,
    0.1227, 0.1136, 0.1277, 0.1282, 0.1161, 0.1268, 0.1191, 0.1202, 0.1262, 0.1149,
  ]

### behavior/velocity_max
  Total points: 100
  Min: 0.1797, Max: 0.2346, Mean: 0.2131
  Data: [
    0.2074, 0.1983, 0.2012, 0.2118, 0.2081, 0.2164, 0.1990, 0.1978, 0.1948, 0.2067,
    0.2036, 0.2064, 0.2043, 0.2037, 0.2150, 0.1989, 0.2023, 0.1910, 0.1983, 0.1979,
    0.1988, 0.2092, 0.1938, 0.2021, 0.1983, 0.2071, 0.2137, 0.1820, 0.2020, 0.1894,
    0.2098, 0.1797, 0.1928, 0.1898, 0.1980, 0.1859, 0.2004, 0.1875, 0.2254, 0.2206,
    0.2203, 0.1958, 0.2043, 0.2193, 0.2174, 0.2104, 0.2067, 0.2199, 0.2076, 0.2320,
    0.2346, 0.2183, 0.2184, 0.2210, 0.2154, 0.2209, 0.2115, 0.2279, 0.2168, 0.2154,
    0.2205, 0.2143, 0.2212, 0.2169, 0.2245, 0.2266, 0.2099, 0.2227, 0.2187, 0.2263,
    0.2259, 0.2265, 0.2151, 0.2191, 0.2170, 0.2228, 0.2244, 0.2324, 0.2193, 0.2205,
    0.2183, 0.2253, 0.2269, 0.2241, 0.2298, 0.2193, 0.2269, 0.2212, 0.2270, 0.2278,
    0.2296, 0.2185, 0.2258, 0.2257, 0.2292, 0.2264, 0.2299, 0.2247, 0.2229, 0.2253,
  ]

### eval/strong/avg_reward
  Total points: 11
  Min: -27.4412, Max: -4.5245, Mean: -13.5274
  Data: [
    -25.5820, -24.7329, -24.8812, -27.4412, -6.8743, -8.3808, -5.8854, -8.3246, -6.9512, -4.5245,
    -5.2236,
  ]

### eval/strong/loss_rate
  Total points: 11
  Min: 0.2000, Max: 0.4800, Mean: 0.3691
  Data: [
    0.2800, 0.2000, 0.3200, 0.3400, 0.4800, 0.4400, 0.4600, 0.4800, 0.4200, 0.3400,
    0.3000,
  ]

### eval/strong/losses
  Total points: 11
  Min: 10.0000, Max: 24.0000, Mean: 18.4545
  Data: [
    14.0000, 10.0000, 16.0000, 17.0000, 24.0000, 22.0000, 23.0000, 24.0000, 21.0000, 17.0000,
    15.0000,
  ]

### eval/strong/tie_rate
  Total points: 11
  Min: 0.2200, Max: 0.7600, Mean: 0.4764
  Data: [
    0.6800, 0.7600, 0.6400, 0.6200, 0.2800, 0.3400, 0.2200, 0.3400, 0.4000, 0.4200,
    0.5400,
  ]

### eval/strong/ties
  Total points: 11
  Min: 11.0000, Max: 38.0000, Mean: 23.8182
  Data: [
    34.0000, 38.0000, 32.0000, 31.0000, 14.0000, 17.0000, 11.0000, 17.0000, 20.0000, 21.0000,
    27.0000,
  ]

### eval/strong/win_rate
  Total points: 11
  Min: 0.0400, Max: 0.3200, Mean: 0.1545
  Data: [
    0.0400, 0.0400, 0.0400, 0.0400, 0.2400, 0.2200, 0.3200, 0.1800, 0.1800, 0.2400,
    0.1600,
  ]

### eval/strong/win_rate_decisive
  Total points: 11
  Min: 0.1053, Max: 0.4138, Mean: 0.2654
  Data: [
    0.1250, 0.1667, 0.1111, 0.1053, 0.3333, 0.3333, 0.4103, 0.2727, 0.3000, 0.4138,
    0.3478,
  ]

### eval/strong/wins
  Total points: 11
  Min: 2.0000, Max: 16.0000, Mean: 7.7273
  Data: [
    2.0000, 2.0000, 2.0000, 2.0000, 12.0000, 11.0000, 16.0000, 9.0000, 9.0000, 12.0000,
    8.0000,
  ]

### eval/weak/avg_reward
  Total points: 11
  Min: -26.0470, Max: -3.3521, Mean: -14.0926
  Data: [
    -25.6843, -25.2427, -25.8886, -26.0470, -9.7258, -7.8646, -8.9165, -9.0321, -6.6312, -3.3521,
    -6.6338,
  ]

### eval/weak/loss_rate
  Total points: 11
  Min: 0.3000, Max: 0.6600, Mean: 0.4618
  Data: [
    0.3600, 0.4000, 0.4200, 0.4000, 0.6600, 0.6000, 0.6000, 0.6600, 0.3800, 0.3000,
    0.3000,
  ]

### eval/weak/losses
  Total points: 11
  Min: 15.0000, Max: 33.0000, Mean: 23.0909
  Data: [
    18.0000, 20.0000, 21.0000, 20.0000, 33.0000, 30.0000, 30.0000, 33.0000, 19.0000, 15.0000,
    15.0000,
  ]

### eval/weak/tie_rate
  Total points: 11
  Min: 0.1400, Max: 0.6400, Mean: 0.4327
  Data: [
    0.6400, 0.6000, 0.5800, 0.5200, 0.1400, 0.2600, 0.2600, 0.2400, 0.4600, 0.4600,
    0.6000,
  ]

### eval/weak/ties
  Total points: 11
  Min: 7.0000, Max: 32.0000, Mean: 21.6364
  Data: [
    32.0000, 30.0000, 29.0000, 26.0000, 7.0000, 13.0000, 13.0000, 12.0000, 23.0000, 23.0000,
    30.0000,
  ]

### eval/weak/win_rate
  Total points: 11
  Min: 0.0000, Max: 0.2400, Mean: 0.1055
  Data: [
    0.0000, 0.0000, 0.0000, 0.0800, 0.2000, 0.1400, 0.1400, 0.1000, 0.1600, 0.2400,
    0.1000,
  ]

### eval/weak/win_rate_decisive
  Total points: 11
  Min: 0.0000, Max: 0.4444, Mean: 0.1727
  Data: [
    0.0000, 0.0000, 0.0000, 0.1667, 0.2326, 0.1892, 0.1892, 0.1316, 0.2963, 0.4444,
    0.2500,
  ]

### eval/weak/wins
  Total points: 11
  Min: 0.0000, Max: 12.0000, Mean: 5.2727
  Data: [
    0.0000, 0.0000, 0.0000, 4.0000, 10.0000, 7.0000, 7.0000, 5.0000, 8.0000, 12.0000,
    5.0000,
  ]

### losses/actor_loss
  Total points: 100
  Min: -4.6113, Max: 0.0000, Mean: -1.1909
  Data: [
    0.0000, 0.0000, 0.0000, 0.0000, 0.0000, 0.0000, 0.0000, 0.0000, 0.0000, 0.0000,
    0.0000, 0.0000, 0.0000, 0.0000, 0.0000, 0.0000, 0.0000, 0.0000, 0.0000, 0.0000,
    0.0000, 0.0000, 0.0000, 0.0000, 0.0000, 0.0000, 0.0000, 0.0000, 0.0000, 0.0000,
    0.0000, 0.0000, 0.0000, 0.0000, 0.0000, 0.0000, 0.0000, -4.6113, -4.3772, -3.9668,
    -3.7674, -3.6299, -3.4999, -3.3166, -3.2575, -3.1847, -2.9941, -2.9374, -2.8421, -2.7874,
    -2.6822, -2.6544, -2.5792, -2.5185, -2.4730, -2.4087, -2.3139, -2.2407, -2.2119, -2.1178,
    -2.1465, -2.0436, -2.0139, -1.9329, -1.8658, -1.8203, -1.7759, -1.7487, -1.6233, -1.6193,
    -1.5707, -1.4217, -1.3841, -1.3057, -1.2767, -1.2982, -1.2813, -1.2350, -1.1915, -1.1448,
    -1.1258, -1.1160, -1.0959, -1.0481, -0.9927, -1.0500, -0.9667, -0.9014, -0.9138, -0.8656,
    -0.8558, -0.8655, -0.8482, -0.7952, -0.8134, -0.7880, -0.7042, -0.7915, -0.7534, -0.7235,
  ]

### losses/critic_loss
  Total points: 100
  Min: 0.0000, Max: 0.1414, Mean: 0.0237
  Data: [
    0.0000, 0.0000, 0.0000, 0.0000, 0.0000, 0.0000, 0.0000, 0.0000, 0.0000, 0.0000,
    0.0000, 0.0000, 0.0000, 0.0000, 0.0000, 0.0000, 0.0000, 0.0000, 0.0000, 0.0000,
    0.0000, 0.0000, 0.0000, 0.0000, 0.0000, 0.0000, 0.0000, 0.0000, 0.0000, 0.0000,
    0.0000, 0.0000, 0.0000, 0.0000, 0.0000, 0.0000, 0.0000, 0.1414, 0.1103, 0.0890,
    0.0822, 0.0789, 0.0784, 0.0688, 0.0770, 0.0689, 0.0627, 0.0650, 0.0680, 0.0643,
    0.0503, 0.0546, 0.0582, 0.0499, 0.0473, 0.0425, 0.0401, 0.0360, 0.0441, 0.0417,
    0.0385, 0.0397, 0.0404, 0.0354, 0.0349, 0.0333, 0.0346, 0.0293, 0.0295, 0.0331,
    0.0312, 0.0298, 0.0283, 0.0260, 0.0235, 0.0234, 0.0213, 0.0206, 0.0192, 0.0204,
    0.0180, 0.0167, 0.0172, 0.0146, 0.0143, 0.0140, 0.0144, 0.0140, 0.0139, 0.0113,
    0.0121, 0.0113, 0.0116, 0.0124, 0.0114, 0.0113, 0.0109, 0.0094, 0.0104, 0.0086,
  ]

### pbrs/avg_per_episode
  Total points: 100
  Min: 2.8077, Max: 3.2527, Mean: 2.9557
  Data: [
    3.2527, 2.8532, 2.9716, 3.0871, 3.0146, 3.0061, 3.0411, 3.0394, 3.0440, 3.0491,
    3.0611, 3.0799, 3.0489, 3.0118, 2.9977, 2.9897, 3.0041, 3.0406, 3.0086, 2.9979,
    2.9956, 2.9816, 2.9556, 2.9247, 2.9275, 2.8988, 2.9046, 2.9297, 2.9151, 2.9332,
    2.9196, 2.9356, 2.9203, 2.8996, 2.8857, 2.8922, 2.8577, 2.8363, 2.8326, 2.8179,
    2.8098, 2.8099, 2.8077, 2.8367, 2.8395, 2.8421, 2.8489, 2.8705, 2.8941, 2.9210,
    2.9378, 2.9337, 2.9430, 2.9456, 2.9729, 2.9665, 2.9820, 2.9925, 3.0085, 3.0347,
    3.0239, 3.0045, 3.0338, 3.0535, 3.0541, 3.0479, 3.0512, 3.0365, 3.0497, 3.0386,
    3.0326, 3.0015, 2.9971, 2.9806, 2.9819, 2.9556, 2.9609, 2.9592, 2.9699, 2.9678,
    2.9699, 2.9703, 2.9504, 2.9531, 2.9419, 2.9295, 2.9239, 2.9152, 2.9007, 2.9004,
    2.8940, 2.8877, 2.8922, 2.9043, 2.9072, 2.9041, 2.9092, 2.9185, 2.9217, 2.9190,
  ]

### performance/cumulative_win_rate
  Total points: 100
  Min: 0.0200, Max: 0.1052, Mean: 0.0585
  Data: [
    0.0400, 0.0400, 0.0267, 0.0200, 0.0240, 0.0267, 0.0229, 0.0250, 0.0267, 0.0280,
    0.0255, 0.0267, 0.0246, 0.0257, 0.0267, 0.0300, 0.0282, 0.0267, 0.0253, 0.0300,
    0.0343, 0.0327, 0.0348, 0.0400, 0.0400, 0.0385, 0.0385, 0.0386, 0.0386, 0.0373,
    0.0374, 0.0375, 0.0388, 0.0377, 0.0378, 0.0368, 0.0349, 0.0350, 0.0341, 0.0335,
    0.0327, 0.0338, 0.0339, 0.0342, 0.0351, 0.0368, 0.0392, 0.0415, 0.0415, 0.0429,
    0.0428, 0.0462, 0.0468, 0.0480, 0.0503, 0.0540, 0.0537, 0.0582, 0.0597, 0.0606,
    0.0632, 0.0693, 0.0689, 0.0690, 0.0731, 0.0747, 0.0758, 0.0785, 0.0795, 0.0830,
    0.0849, 0.0886, 0.0894, 0.0912, 0.0920, 0.0932, 0.0930, 0.0942, 0.0945, 0.0943,
    0.0946, 0.0945, 0.0964, 0.0971, 0.0965, 0.0984, 0.0990, 0.1004, 0.1022, 0.1020,
    0.1025, 0.1031, 0.1036, 0.1038, 0.1050, 0.1048, 0.1050, 0.1047, 0.1052, 0.1050,
  ]

### performance/losses
  Total points: 100
  Min: 13.0000, Max: 1406.0000, Mean: 682.6700
  Data: [
    13.0000, 23.0000, 35.0000, 48.0000, 59.0000, 69.0000, 81.0000, 94.0000, 106.0000, 118.0000,
    130.0000, 142.0000, 152.0000, 162.0000, 173.0000, 185.0000, 197.0000, 211.0000, 220.0000, 231.0000,
    243.0000, 253.0000, 263.0000, 273.0000, 285.0000, 293.0000, 305.0000, 319.0000, 329.0000, 342.0000,
    353.0000, 367.0000, 388.0000, 395.0000, 405.0000, 417.0000, 435.0000, 443.0000, 453.0000, 472.0000,
    481.0000, 492.0000, 503.0000, 530.0000, 542.0000, 554.0000, 579.0000, 596.0000, 612.0000, 630.0000,
    658.0000, 671.0000, 685.0000, 699.0000, 731.0000, 745.0000, 761.0000, 791.0000, 809.0000, 829.0000,
    842.0000, 869.0000, 889.0000, 907.0000, 936.0000, 948.0000, 962.0000, 974.0000, 1006.0000, 1020.0000,
    1033.0000, 1053.0000, 1065.0000, 1073.0000, 1087.0000, 1094.0000, 1109.0000, 1123.0000, 1140.0000, 1152.0000,
    1166.0000, 1179.0000, 1188.0000, 1203.0000, 1212.0000, 1223.0000, 1235.0000, 1246.0000, 1256.0000, 1267.0000,
    1278.0000, 1289.0000, 1305.0000, 1323.0000, 1338.0000, 1350.0000, 1365.0000, 1381.0000, 1395.0000, 1406.0000,
  ]

### performance/ties
  Total points: 100
  Min: 11.0000, Max: 1100.0000, Mean: 618.7900
  Data: [
    11.0000, 25.0000, 38.0000, 50.0000, 63.0000, 77.0000, 90.0000, 101.0000, 113.0000, 125.0000,
    138.0000, 150.0000, 165.0000, 179.0000, 192.0000, 203.0000, 216.0000, 227.0000, 243.0000, 254.0000,
    264.0000, 279.0000, 292.0000, 303.0000, 315.0000, 332.0000, 344.0000, 354.0000, 368.0000, 380.0000,
    393.0000, 403.0000, 429.0000, 447.0000, 461.0000, 474.0000, 506.0000, 522.0000, 537.0000, 567.0000,
    583.0000, 595.0000, 608.0000, 629.0000, 640.0000, 650.0000, 670.0000, 674.0000, 682.0000, 686.0000,
    706.0000, 712.0000, 721.0000, 729.0000, 741.0000, 745.0000, 753.0000, 763.0000, 766.0000, 768.0000,
    774.0000, 783.0000, 787.0000, 792.0000, 802.0000, 810.0000, 817.0000, 823.0000, 835.0000, 837.0000,
    843.0000, 861.0000, 870.0000, 881.0000, 888.0000, 901.0000, 909.0000, 915.0000, 920.0000, 931.0000,
    939.0000, 949.0000, 958.0000, 964.0000, 979.0000, 986.0000, 995.0000, 1003.0000, 1011.0000, 1023.0000,
    1033.0000, 1043.0000, 1048.0000, 1052.0000, 1056.0000, 1067.0000, 1074.0000, 1081.0000, 1088.0000, 1100.0000,
  ]

### performance/wins
  Total points: 100
  Min: 1.0000, Max: 294.0000, Mean: 105.7900
  Data: [
    1.0000, 2.0000, 2.0000, 2.0000, 3.0000, 4.0000, 4.0000, 5.0000, 6.0000, 7.0000,
    7.0000, 8.0000, 8.0000, 9.0000, 10.0000, 12.0000, 12.0000, 12.0000, 12.0000, 15.0000,
    18.0000, 18.0000, 20.0000, 24.0000, 25.0000, 25.0000, 26.0000, 27.0000, 28.0000, 28.0000,
    29.0000, 30.0000, 33.0000, 33.0000, 34.0000, 34.0000, 34.0000, 35.0000, 35.0000, 36.0000,
    36.0000, 38.0000, 39.0000, 41.0000, 43.0000, 46.0000, 51.0000, 55.0000, 56.0000, 59.0000,
    61.0000, 67.0000, 69.0000, 72.0000, 78.0000, 85.0000, 86.0000, 96.0000, 100.0000, 103.0000,
    109.0000, 123.0000, 124.0000, 126.0000, 137.0000, 142.0000, 146.0000, 153.0000, 159.0000, 168.0000,
    174.0000, 186.0000, 190.0000, 196.0000, 200.0000, 205.0000, 207.0000, 212.0000, 215.0000, 217.0000,
    220.0000, 222.0000, 229.0000, 233.0000, 234.0000, 241.0000, 245.0000, 251.0000, 258.0000, 260.0000,
    264.0000, 268.0000, 272.0000, 275.0000, 281.0000, 283.0000, 286.0000, 288.0000, 292.0000, 294.0000,
  ]

### rewards/p1
  Total points: 100
  Min: -9.6291, Max: 13.1829, Mean: 1.6747
  Data: [
    8.5462, 9.8117, 5.6793, 6.9864, 6.8370, 10.5660, 9.4579, 4.6918, 5.5753, 6.2457,
    8.0633, 5.5813, 11.5199, 8.1715, 6.0980, 5.4475, 7.9131, 4.5218, 6.8345, 7.6340,
    3.7678, 9.2431, 6.8253, 6.6916, 7.7534, 13.1829, 7.0495, 7.6011, 6.1379, 5.5827,
    8.3142, 4.0921, 7.0566, 10.1532, 6.3914, 6.0081, 9.4179, 7.8953, 11.2893, 8.6124,
    9.2687, 5.7818, 6.8819, 0.8272, 1.1848, 3.0422, 0.8113, 1.5735, 0.2217, -1.8388,
    -0.2425, -0.4019, -1.7975, -1.9312, -0.0466, -1.7413, 0.1849, -1.5629, -1.4295, -0.7204,
    -6.1192, -3.2957, -1.0432, -2.4262, -2.8027, -2.0362, -0.3676, -5.6597, -3.0557, -4.0976,
    -3.7115, -4.2015, -4.8724, -5.1739, -5.8338, -3.9054, -6.2723, -4.3501, -4.4039, -9.6291,
    -3.8767, -6.8429, -5.6788, -3.5232, -3.7272, -4.4376, -6.7286, 1.1969, -7.7766, -3.6213,
    0.0577, -3.0664, -1.2161, -0.6536, -1.4684, -2.0045, -1.6414, -4.6119, -2.7489, -4.2156,
  ]

### rewards/p2
  Total points: 100
  Min: 0.2928, Max: 3.1473, Mean: 1.5177
  Data: [
    2.7951, 2.3533, 2.2855, 2.2825, 2.0164, 2.4563, 2.1003, 1.7794, 2.4203, 2.6546,
    1.9873, 2.8984, 3.1382, 2.3765, 2.7573, 2.3249, 2.3352, 2.2702, 2.6010, 2.3816,
    1.6806, 2.5536, 2.7926, 2.1350, 2.9675, 2.3095, 2.0532, 2.4867, 2.6220, 2.2522,
    2.3271, 2.1295, 2.4595, 2.3700, 2.5570, 2.7266, 2.8334, 2.1133, 2.9002, 2.7934,
    3.1473, 2.0839, 1.9701, 1.1917, 1.4939, 1.2892, 1.2791, 0.8169, 0.9909, 1.0283,
    0.9859, 0.8592, 0.7850, 0.9563, 1.1107, 0.3235, 1.4376, 0.9734, 1.3124, 1.2108,
    0.3121, 1.1066, 1.2097, 1.0146, 0.5422, 0.2933, 0.8948, 0.3163, 1.0939, 0.3465,
    0.4883, 0.9933, 0.7864, 0.6190, 0.7857, 0.6718, 0.7932, 0.8568, 0.9888, 0.6831,
    1.1343, 0.7788, 0.2928, 0.8109, 0.8094, 0.3547, 0.7245, 1.0841, 0.5742, 0.6406,
    0.4884, 0.6820, 0.8266, 0.9810, 0.5925, 0.6372, 0.7646, 1.0518, 0.4677, 0.7519,
  ]

### rewards/sparse_only
  Total points: 100
  Min: -3.1473, Max: -0.2928, Mean: -1.5177
  Data: [
    -2.7951, -2.3533, -2.2855, -2.2825, -2.0164, -2.4563, -2.1003, -1.7794, -2.4203, -2.6546,
    -1.9873, -2.8984, -3.1382, -2.3765, -2.7573, -2.3249, -2.3352, -2.2702, -2.6010, -2.3816,
    -1.6806, -2.5536, -2.7926, -2.1350, -2.9675, -2.3095, -2.0532, -2.4867, -2.6220, -2.2522,
    -2.3271, -2.1295, -2.4595, -2.3700, -2.5570, -2.7266, -2.8334, -2.1133, -2.9002, -2.7934,
    -3.1473, -2.0839, -1.9701, -1.1917, -1.4939, -1.2892, -1.2791, -0.8169, -0.9909, -1.0283,
    -0.9859, -0.8592, -0.7850, -0.9563, -1.1107, -0.3235, -1.4376, -0.9734, -1.3124, -1.2108,
    -0.3121, -1.1066, -1.2097, -1.0146, -0.5422, -0.2933, -0.8948, -0.3163, -1.0939, -0.3465,
    -0.4883, -0.9933, -0.7864, -0.6190, -0.7857, -0.6718, -0.7932, -0.8568, -0.9888, -0.6831,
    -1.1343, -0.7788, -0.2928, -0.8109, -0.8094, -0.3547, -0.7245, -1.0841, -0.5742, -0.6406,
    -0.4884, -0.6820, -0.8266, -0.9810, -0.5925, -0.6372, -0.7646, -1.0518, -0.4677, -0.7519,
  ]

### rewards/sparse_ratio
  Total points: 100
  Min: -8.4643, Max: 23.8223, Mean: 0.0560
  Data: [
    -0.3271, -0.2398, -0.4024, -0.3267, -0.2949, -0.2325, -0.2221, -0.3793, -0.4341, -0.4250,
    -0.2465, -0.5193, -0.2724, -0.2908, -0.4522, -0.4268, -0.2951, -0.5021, -0.3806, -0.3120,
    -0.4460, -0.2763, -0.4092, -0.3191, -0.3827, -0.1752, -0.2912, -0.3271, -0.4272, -0.4034,
    -0.2799, -0.5204, -0.3485, -0.2334, -0.4001, -0.4538, -0.3009, -0.2677, -0.2569, -0.3244,
    -0.3396, -0.3604, -0.2863, -1.4406, -1.2608, -0.4238, -1.5765, -0.5191, -4.4693, 0.5592,
    4.0653, 2.1377, 0.4367, 0.4952, 23.8223, 0.1858, -7.7753, 0.6228, 0.9181, 1.6808,
    0.0510, 0.3358, 1.1596, 0.4182, 0.1935, 0.1440, 2.4340, 0.0559, 0.3580, 0.0846,
    0.1316, 0.2364, 0.1614, 0.1196, 0.1347, 0.1720, 0.1265, 0.1970, 0.2245, 0.0709,
    0.2926, 0.1138, 0.0516, 0.2302, 0.2171, 0.0799, 0.1077, -0.9058, 0.0738, 0.1769,
    -8.4643, 0.2224, 0.6797, 1.5008, 0.4035, 0.3179, 0.4658, 0.2281, 0.1702, 0.1784,
  ]

### scoring/goals_conceded
  Total points: 100
  Min: 13.0000, Max: 1406.0000, Mean: 682.6700
  Data: [
    13.0000, 23.0000, 35.0000, 48.0000, 59.0000, 69.0000, 81.0000, 94.0000, 106.0000, 118.0000,
    130.0000, 142.0000, 152.0000, 162.0000, 173.0000, 185.0000, 197.0000, 211.0000, 220.0000, 231.0000,
    243.0000, 253.0000, 263.0000, 273.0000, 285.0000, 293.0000, 305.0000, 319.0000, 329.0000, 342.0000,
    353.0000, 367.0000, 388.0000, 395.0000, 405.0000, 417.0000, 435.0000, 443.0000, 453.0000, 472.0000,
    481.0000, 492.0000, 503.0000, 530.0000, 542.0000, 554.0000, 579.0000, 596.0000, 612.0000, 630.0000,
    658.0000, 671.0000, 685.0000, 699.0000, 731.0000, 745.0000, 761.0000, 791.0000, 809.0000, 829.0000,
    842.0000, 869.0000, 889.0000, 907.0000, 936.0000, 948.0000, 962.0000, 974.0000, 1006.0000, 1020.0000,
    1033.0000, 1053.0000, 1065.0000, 1073.0000, 1087.0000, 1094.0000, 1109.0000, 1123.0000, 1140.0000, 1152.0000,
    1166.0000, 1179.0000, 1188.0000, 1203.0000, 1212.0000, 1223.0000, 1235.0000, 1246.0000, 1256.0000, 1267.0000,
    1278.0000, 1289.0000, 1305.0000, 1323.0000, 1338.0000, 1350.0000, 1365.0000, 1381.0000, 1395.0000, 1406.0000,
  ]

### scoring/goals_scored
  Total points: 100
  Min: 1.0000, Max: 294.0000, Mean: 105.7900
  Data: [
    1.0000, 2.0000, 2.0000, 2.0000, 3.0000, 4.0000, 4.0000, 5.0000, 6.0000, 7.0000,
    7.0000, 8.0000, 8.0000, 9.0000, 10.0000, 12.0000, 12.0000, 12.0000, 12.0000, 15.0000,
    18.0000, 18.0000, 20.0000, 24.0000, 25.0000, 25.0000, 26.0000, 27.0000, 28.0000, 28.0000,
    29.0000, 30.0000, 33.0000, 33.0000, 34.0000, 34.0000, 34.0000, 35.0000, 35.0000, 36.0000,
    36.0000, 38.0000, 39.0000, 41.0000, 43.0000, 46.0000, 51.0000, 55.0000, 56.0000, 59.0000,
    61.0000, 67.0000, 69.0000, 72.0000, 78.0000, 85.0000, 86.0000, 96.0000, 100.0000, 103.0000,
    109.0000, 123.0000, 124.0000, 126.0000, 137.0000, 142.0000, 146.0000, 153.0000, 159.0000, 168.0000,
    174.0000, 186.0000, 190.0000, 196.0000, 200.0000, 205.0000, 207.0000, 212.0000, 215.0000, 217.0000,
    220.0000, 222.0000, 229.0000, 233.0000, 234.0000, 241.0000, 245.0000, 251.0000, 258.0000, 260.0000,
    264.0000, 268.0000, 272.0000, 275.0000, 281.0000, 283.0000, 286.0000, 288.0000, 292.0000, 294.0000,
  ]

### selfplay/active
  Total points: 100
  Min: 0.0000, Max: 0.0000, Mean: 0.0000
  Data: [
    0.0000, 0.0000, 0.0000, 0.0000, 0.0000, 0.0000, 0.0000, 0.0000, 0.0000, 0.0000,
    0.0000, 0.0000, 0.0000, 0.0000, 0.0000, 0.0000, 0.0000, 0.0000, 0.0000, 0.0000,
    0.0000, 0.0000, 0.0000, 0.0000, 0.0000, 0.0000, 0.0000, 0.0000, 0.0000, 0.0000,
    0.0000, 0.0000, 0.0000, 0.0000, 0.0000, 0.0000, 0.0000, 0.0000, 0.0000, 0.0000,
    0.0000, 0.0000, 0.0000, 0.0000, 0.0000, 0.0000, 0.0000, 0.0000, 0.0000, 0.0000,
    0.0000, 0.0000, 0.0000, 0.0000, 0.0000, 0.0000, 0.0000, 0.0000, 0.0000, 0.0000,
    0.0000, 0.0000, 0.0000, 0.0000, 0.0000, 0.0000, 0.0000, 0.0000, 0.0000, 0.0000,
    0.0000, 0.0000, 0.0000, 0.0000, 0.0000, 0.0000, 0.0000, 0.0000, 0.0000, 0.0000,
    0.0000, 0.0000, 0.0000, 0.0000, 0.0000, 0.0000, 0.0000, 0.0000, 0.0000, 0.0000,
    0.0000, 0.0000, 0.0000, 0.0000, 0.0000, 0.0000, 0.0000, 0.0000, 0.0000, 0.0000,
  ]

### selfplay/episode_opponent_type_selfplay
  Total points: 100
  Min: 0.0000, Max: 0.0000, Mean: 0.0000
  Data: [
    0.0000, 0.0000, 0.0000, 0.0000, 0.0000, 0.0000, 0.0000, 0.0000, 0.0000, 0.0000,
    0.0000, 0.0000, 0.0000, 0.0000, 0.0000, 0.0000, 0.0000, 0.0000, 0.0000, 0.0000,
    0.0000, 0.0000, 0.0000, 0.0000, 0.0000, 0.0000, 0.0000, 0.0000, 0.0000, 0.0000,
    0.0000, 0.0000, 0.0000, 0.0000, 0.0000, 0.0000, 0.0000, 0.0000, 0.0000, 0.0000,
    0.0000, 0.0000, 0.0000, 0.0000, 0.0000, 0.0000, 0.0000, 0.0000, 0.0000, 0.0000,
    0.0000, 0.0000, 0.0000, 0.0000, 0.0000, 0.0000, 0.0000, 0.0000, 0.0000, 0.0000,
    0.0000, 0.0000, 0.0000, 0.0000, 0.0000, 0.0000, 0.0000, 0.0000, 0.0000, 0.0000,
    0.0000, 0.0000, 0.0000, 0.0000, 0.0000, 0.0000, 0.0000, 0.0000, 0.0000, 0.0000,
    0.0000, 0.0000, 0.0000, 0.0000, 0.0000, 0.0000, 0.0000, 0.0000, 0.0000, 0.0000,
    0.0000, 0.0000, 0.0000, 0.0000, 0.0000, 0.0000, 0.0000, 0.0000, 0.0000, 0.0000,
  ]

### selfplay/episode_opponent_type_strong
  Total points: 100
  Min: 0.0000, Max: 0.0000, Mean: 0.0000
  Data: [
    0.0000, 0.0000, 0.0000, 0.0000, 0.0000, 0.0000, 0.0000, 0.0000, 0.0000, 0.0000,
    0.0000, 0.0000, 0.0000, 0.0000, 0.0000, 0.0000, 0.0000, 0.0000, 0.0000, 0.0000,
    0.0000, 0.0000, 0.0000, 0.0000, 0.0000, 0.0000, 0.0000, 0.0000, 0.0000, 0.0000,
    0.0000, 0.0000, 0.0000, 0.0000, 0.0000, 0.0000, 0.0000, 0.0000, 0.0000, 0.0000,
    0.0000, 0.0000, 0.0000, 0.0000, 0.0000, 0.0000, 0.0000, 0.0000, 0.0000, 0.0000,
    0.0000, 0.0000, 0.0000, 0.0000, 0.0000, 0.0000, 0.0000, 0.0000, 0.0000, 0.0000,
    0.0000, 0.0000, 0.0000, 0.0000, 0.0000, 0.0000, 0.0000, 0.0000, 0.0000, 0.0000,
    0.0000, 0.0000, 0.0000, 0.0000, 0.0000, 0.0000, 0.0000, 0.0000, 0.0000, 0.0000,
    0.0000, 0.0000, 0.0000, 0.0000, 0.0000, 0.0000, 0.0000, 0.0000, 0.0000, 0.0000,
    0.0000, 0.0000, 0.0000, 0.0000, 0.0000, 0.0000, 0.0000, 0.0000, 0.0000, 0.0000,
  ]

### selfplay/episode_opponent_type_weak
  Total points: 100
  Min: 1.0000, Max: 1.0000, Mean: 1.0000
  Data: [
    1.0000, 1.0000, 1.0000, 1.0000, 1.0000, 1.0000, 1.0000, 1.0000, 1.0000, 1.0000,
    1.0000, 1.0000, 1.0000, 1.0000, 1.0000, 1.0000, 1.0000, 1.0000, 1.0000, 1.0000,
    1.0000, 1.0000, 1.0000, 1.0000, 1.0000, 1.0000, 1.0000, 1.0000, 1.0000, 1.0000,
    1.0000, 1.0000, 1.0000, 1.0000, 1.0000, 1.0000, 1.0000, 1.0000, 1.0000, 1.0000,
    1.0000, 1.0000, 1.0000, 1.0000, 1.0000, 1.0000, 1.0000, 1.0000, 1.0000, 1.0000,
    1.0000, 1.0000, 1.0000, 1.0000, 1.0000, 1.0000, 1.0000, 1.0000, 1.0000, 1.0000,
    1.0000, 1.0000, 1.0000, 1.0000, 1.0000, 1.0000, 1.0000, 1.0000, 1.0000, 1.0000,
    1.0000, 1.0000, 1.0000, 1.0000, 1.0000, 1.0000, 1.0000, 1.0000, 1.0000, 1.0000,
    1.0000, 1.0000, 1.0000, 1.0000, 1.0000, 1.0000, 1.0000, 1.0000, 1.0000, 1.0000,
    1.0000, 1.0000, 1.0000, 1.0000, 1.0000, 1.0000, 1.0000, 1.0000, 1.0000, 1.0000,
  ]

### selfplay/pool_size
  Total points: 100
  Min: 0.0000, Max: 0.0000, Mean: 0.0000
  Data: [
    0.0000, 0.0000, 0.0000, 0.0000, 0.0000, 0.0000, 0.0000, 0.0000, 0.0000, 0.0000,
    0.0000, 0.0000, 0.0000, 0.0000, 0.0000, 0.0000, 0.0000, 0.0000, 0.0000, 0.0000,
    0.0000, 0.0000, 0.0000, 0.0000, 0.0000, 0.0000, 0.0000, 0.0000, 0.0000, 0.0000,
    0.0000, 0.0000, 0.0000, 0.0000, 0.0000, 0.0000, 0.0000, 0.0000, 0.0000, 0.0000,
    0.0000, 0.0000, 0.0000, 0.0000, 0.0000, 0.0000, 0.0000, 0.0000, 0.0000, 0.0000,
    0.0000, 0.0000, 0.0000, 0.0000, 0.0000, 0.0000, 0.0000, 0.0000, 0.0000, 0.0000,
    0.0000, 0.0000, 0.0000, 0.0000, 0.0000, 0.0000, 0.0000, 0.0000, 0.0000, 0.0000,
    0.0000, 0.0000, 0.0000, 0.0000, 0.0000, 0.0000, 0.0000, 0.0000, 0.0000, 0.0000,
    0.0000, 0.0000, 0.0000, 0.0000, 0.0000, 0.0000, 0.0000, 0.0000, 0.0000, 0.0000,
    0.0000, 0.0000, 0.0000, 0.0000, 0.0000, 0.0000, 0.0000, 0.0000, 0.0000, 0.0000,
  ]

### selfplay/weak_ratio_target
  Total points: 100
  Min: 0.5000, Max: 0.5000, Mean: 0.5000
  Data: [
    0.5000, 0.5000, 0.5000, 0.5000, 0.5000, 0.5000, 0.5000, 0.5000, 0.5000, 0.5000,
    0.5000, 0.5000, 0.5000, 0.5000, 0.5000, 0.5000, 0.5000, 0.5000, 0.5000, 0.5000,
    0.5000, 0.5000, 0.5000, 0.5000, 0.5000, 0.5000, 0.5000, 0.5000, 0.5000, 0.5000,
    0.5000, 0.5000, 0.5000, 0.5000, 0.5000, 0.5000, 0.5000, 0.5000, 0.5000, 0.5000,
    0.5000, 0.5000, 0.5000, 0.5000, 0.5000, 0.5000, 0.5000, 0.5000, 0.5000, 0.5000,
    0.5000, 0.5000, 0.5000, 0.5000, 0.5000, 0.5000, 0.5000, 0.5000, 0.5000, 0.5000,
    0.5000, 0.5000, 0.5000, 0.5000, 0.5000, 0.5000, 0.5000, 0.5000, 0.5000, 0.5000,
    0.5000, 0.5000, 0.5000, 0.5000, 0.5000, 0.5000, 0.5000, 0.5000, 0.5000, 0.5000,
    0.5000, 0.5000, 0.5000, 0.5000, 0.5000, 0.5000, 0.5000, 0.5000, 0.5000, 0.5000,
    0.5000, 0.5000, 0.5000, 0.5000, 0.5000, 0.5000, 0.5000, 0.5000, 0.5000, 0.5000,
  ]

### strategic/attack_diversity_bonus
  Total points: 100
  Min: 0.0000, Max: 0.0000, Mean: 0.0000
  Data: [
    0.0000, 0.0000, 0.0000, 0.0000, 0.0000, 0.0000, 0.0000, 0.0000, 0.0000, 0.0000,
    0.0000, 0.0000, 0.0000, 0.0000, 0.0000, 0.0000, 0.0000, 0.0000, 0.0000, 0.0000,
    0.0000, 0.0000, 0.0000, 0.0000, 0.0000, 0.0000, 0.0000, 0.0000, 0.0000, 0.0000,
    0.0000, 0.0000, 0.0000, 0.0000, 0.0000, 0.0000, 0.0000, 0.0000, 0.0000, 0.0000,
    0.0000, 0.0000, 0.0000, 0.0000, 0.0000, 0.0000, 0.0000, 0.0000, 0.0000, 0.0000,
    0.0000, 0.0000, 0.0000, 0.0000, 0.0000, 0.0000, 0.0000, 0.0000, 0.0000, 0.0000,
    0.0000, 0.0000, 0.0000, 0.0000, 0.0000, 0.0000, 0.0000, 0.0000, 0.0000, 0.0000,
    0.0000, 0.0000, 0.0000, 0.0000, 0.0000, 0.0000, 0.0000, 0.0000, 0.0000, 0.0000,
    0.0000, 0.0000, 0.0000, 0.0000, 0.0000, 0.0000, 0.0000, 0.0000, 0.0000, 0.0000,
    0.0000, 0.0000, 0.0000, 0.0000, 0.0000, 0.0000, 0.0000, 0.0000, 0.0000, 0.0000,
  ]

### strategic/attack_sides_unique
  Total points: 100
  Min: 0.0000, Max: 0.0000, Mean: 0.0000
  Data: [
    0.0000, 0.0000, 0.0000, 0.0000, 0.0000, 0.0000, 0.0000, 0.0000, 0.0000, 0.0000,
    0.0000, 0.0000, 0.0000, 0.0000, 0.0000, 0.0000, 0.0000, 0.0000, 0.0000, 0.0000,
    0.0000, 0.0000, 0.0000, 0.0000, 0.0000, 0.0000, 0.0000, 0.0000, 0.0000, 0.0000,
    0.0000, 0.0000, 0.0000, 0.0000, 0.0000, 0.0000, 0.0000, 0.0000, 0.0000, 0.0000,
    0.0000, 0.0000, 0.0000, 0.0000, 0.0000, 0.0000, 0.0000, 0.0000, 0.0000, 0.0000,
    0.0000, 0.0000, 0.0000, 0.0000, 0.0000, 0.0000, 0.0000, 0.0000, 0.0000, 0.0000,
    0.0000, 0.0000, 0.0000, 0.0000, 0.0000, 0.0000, 0.0000, 0.0000, 0.0000, 0.0000,
    0.0000, 0.0000, 0.0000, 0.0000, 0.0000, 0.0000, 0.0000, 0.0000, 0.0000, 0.0000,
    0.0000, 0.0000, 0.0000, 0.0000, 0.0000, 0.0000, 0.0000, 0.0000, 0.0000, 0.0000,
    0.0000, 0.0000, 0.0000, 0.0000, 0.0000, 0.0000, 0.0000, 0.0000, 0.0000, 0.0000,
  ]

### strategic/forcing_bonus
  Total points: 100
  Min: 0.0000, Max: 0.0000, Mean: 0.0000
  Data: [
    0.0000, 0.0000, 0.0000, 0.0000, 0.0000, 0.0000, 0.0000, 0.0000, 0.0000, 0.0000,
    0.0000, 0.0000, 0.0000, 0.0000, 0.0000, 0.0000, 0.0000, 0.0000, 0.0000, 0.0000,
    0.0000, 0.0000, 0.0000, 0.0000, 0.0000, 0.0000, 0.0000, 0.0000, 0.0000, 0.0000,
    0.0000, 0.0000, 0.0000, 0.0000, 0.0000, 0.0000, 0.0000, 0.0000, 0.0000, 0.0000,
    0.0000, 0.0000, 0.0000, 0.0000, 0.0000, 0.0000, 0.0000, 0.0000, 0.0000, 0.0000,
    0.0000, 0.0000, 0.0000, 0.0000, 0.0000, 0.0000, 0.0000, 0.0000, 0.0000, 0.0000,
    0.0000, 0.0000, 0.0000, 0.0000, 0.0000, 0.0000, 0.0000, 0.0000, 0.0000, 0.0000,
    0.0000, 0.0000, 0.0000, 0.0000, 0.0000, 0.0000, 0.0000, 0.0000, 0.0000, 0.0000,
    0.0000, 0.0000, 0.0000, 0.0000, 0.0000, 0.0000, 0.0000, 0.0000, 0.0000, 0.0000,
    0.0000, 0.0000, 0.0000, 0.0000, 0.0000, 0.0000, 0.0000, 0.0000, 0.0000, 0.0000,
  ]

### strategic/opponent_avg_movement
  Total points: 100
  Min: 0.0000, Max: 0.0000, Mean: 0.0000
  Data: [
    0.0000, 0.0000, 0.0000, 0.0000, 0.0000, 0.0000, 0.0000, 0.0000, 0.0000, 0.0000,
    0.0000, 0.0000, 0.0000, 0.0000, 0.0000, 0.0000, 0.0000, 0.0000, 0.0000, 0.0000,
    0.0000, 0.0000, 0.0000, 0.0000, 0.0000, 0.0000, 0.0000, 0.0000, 0.0000, 0.0000,
    0.0000, 0.0000, 0.0000, 0.0000, 0.0000, 0.0000, 0.0000, 0.0000, 0.0000, 0.0000,
    0.0000, 0.0000, 0.0000, 0.0000, 0.0000, 0.0000, 0.0000, 0.0000, 0.0000, 0.0000,
    0.0000, 0.0000, 0.0000, 0.0000, 0.0000, 0.0000, 0.0000, 0.0000, 0.0000, 0.0000,
    0.0000, 0.0000, 0.0000, 0.0000, 0.0000, 0.0000, 0.0000, 0.0000, 0.0000, 0.0000,
    0.0000, 0.0000, 0.0000, 0.0000, 0.0000, 0.0000, 0.0000, 0.0000, 0.0000, 0.0000,
    0.0000, 0.0000, 0.0000, 0.0000, 0.0000, 0.0000, 0.0000, 0.0000, 0.0000, 0.0000,
    0.0000, 0.0000, 0.0000, 0.0000, 0.0000, 0.0000, 0.0000, 0.0000, 0.0000, 0.0000,
  ]

### strategic/opponent_total_movement
  Total points: 100
  Min: 0.0000, Max: 0.0000, Mean: 0.0000
  Data: [
    0.0000, 0.0000, 0.0000, 0.0000, 0.0000, 0.0000, 0.0000, 0.0000, 0.0000, 0.0000,
    0.0000, 0.0000, 0.0000, 0.0000, 0.0000, 0.0000, 0.0000, 0.0000, 0.0000, 0.0000,
    0.0000, 0.0000, 0.0000, 0.0000, 0.0000, 0.0000, 0.0000, 0.0000, 0.0000, 0.0000,
    0.0000, 0.0000, 0.0000, 0.0000, 0.0000, 0.0000, 0.0000, 0.0000, 0.0000, 0.0000,
    0.0000, 0.0000, 0.0000, 0.0000, 0.0000, 0.0000, 0.0000, 0.0000, 0.0000, 0.0000,
    0.0000, 0.0000, 0.0000, 0.0000, 0.0000, 0.0000, 0.0000, 0.0000, 0.0000, 0.0000,
    0.0000, 0.0000, 0.0000, 0.0000, 0.0000, 0.0000, 0.0000, 0.0000, 0.0000, 0.0000,
    0.0000, 0.0000, 0.0000, 0.0000, 0.0000, 0.0000, 0.0000, 0.0000, 0.0000, 0.0000,
    0.0000, 0.0000, 0.0000, 0.0000, 0.0000, 0.0000, 0.0000, 0.0000, 0.0000, 0.0000,
    0.0000, 0.0000, 0.0000, 0.0000, 0.0000, 0.0000, 0.0000, 0.0000, 0.0000, 0.0000,
  ]

### strategic/shot_quality_ratio
  Total points: 100
  Min: 0.0000, Max: 0.0000, Mean: 0.0000
  Data: [
    0.0000, 0.0000, 0.0000, 0.0000, 0.0000, 0.0000, 0.0000, 0.0000, 0.0000, 0.0000,
    0.0000, 0.0000, 0.0000, 0.0000, 0.0000, 0.0000, 0.0000, 0.0000, 0.0000, 0.0000,
    0.0000, 0.0000, 0.0000, 0.0000, 0.0000, 0.0000, 0.0000, 0.0000, 0.0000, 0.0000,
    0.0000, 0.0000, 0.0000, 0.0000, 0.0000, 0.0000, 0.0000, 0.0000, 0.0000, 0.0000,
    0.0000, 0.0000, 0.0000, 0.0000, 0.0000, 0.0000, 0.0000, 0.0000, 0.0000, 0.0000,
    0.0000, 0.0000, 0.0000, 0.0000, 0.0000, 0.0000, 0.0000, 0.0000, 0.0000, 0.0000,
    0.0000, 0.0000, 0.0000, 0.0000, 0.0000, 0.0000, 0.0000, 0.0000, 0.0000, 0.0000,
    0.0000, 0.0000, 0.0000, 0.0000, 0.0000, 0.0000, 0.0000, 0.0000, 0.0000, 0.0000,
    0.0000, 0.0000, 0.0000, 0.0000, 0.0000, 0.0000, 0.0000, 0.0000, 0.0000, 0.0000,
    0.0000, 0.0000, 0.0000, 0.0000, 0.0000, 0.0000, 0.0000, 0.0000, 0.0000, 0.0000,
  ]

### strategic/shots_blocked
  Total points: 100
  Min: 0.0000, Max: 0.0000, Mean: 0.0000
  Data: [
    0.0000, 0.0000, 0.0000, 0.0000, 0.0000, 0.0000, 0.0000, 0.0000, 0.0000, 0.0000,
    0.0000, 0.0000, 0.0000, 0.0000, 0.0000, 0.0000, 0.0000, 0.0000, 0.0000, 0.0000,
    0.0000, 0.0000, 0.0000, 0.0000, 0.0000, 0.0000, 0.0000, 0.0000, 0.0000, 0.0000,
    0.0000, 0.0000, 0.0000, 0.0000, 0.0000, 0.0000, 0.0000, 0.0000, 0.0000, 0.0000,
    0.0000, 0.0000, 0.0000, 0.0000, 0.0000, 0.0000, 0.0000, 0.0000, 0.0000, 0.0000,
    0.0000, 0.0000, 0.0000, 0.0000, 0.0000, 0.0000, 0.0000, 0.0000, 0.0000, 0.0000,
    0.0000, 0.0000, 0.0000, 0.0000, 0.0000, 0.0000, 0.0000, 0.0000, 0.0000, 0.0000,
    0.0000, 0.0000, 0.0000, 0.0000, 0.0000, 0.0000, 0.0000, 0.0000, 0.0000, 0.0000,
    0.0000, 0.0000, 0.0000, 0.0000, 0.0000, 0.0000, 0.0000, 0.0000, 0.0000, 0.0000,
    0.0000, 0.0000, 0.0000, 0.0000, 0.0000, 0.0000, 0.0000, 0.0000, 0.0000, 0.0000,
  ]

### strategic/shots_clear
  Total points: 100
  Min: 0.0000, Max: 0.0000, Mean: 0.0000
  Data: [
    0.0000, 0.0000, 0.0000, 0.0000, 0.0000, 0.0000, 0.0000, 0.0000, 0.0000, 0.0000,
    0.0000, 0.0000, 0.0000, 0.0000, 0.0000, 0.0000, 0.0000, 0.0000, 0.0000, 0.0000,
    0.0000, 0.0000, 0.0000, 0.0000, 0.0000, 0.0000, 0.0000, 0.0000, 0.0000, 0.0000,
    0.0000, 0.0000, 0.0000, 0.0000, 0.0000, 0.0000, 0.0000, 0.0000, 0.0000, 0.0000,
    0.0000, 0.0000, 0.0000, 0.0000, 0.0000, 0.0000, 0.0000, 0.0000, 0.0000, 0.0000,
    0.0000, 0.0000, 0.0000, 0.0000, 0.0000, 0.0000, 0.0000, 0.0000, 0.0000, 0.0000,
    0.0000, 0.0000, 0.0000, 0.0000, 0.0000, 0.0000, 0.0000, 0.0000, 0.0000, 0.0000,
    0.0000, 0.0000, 0.0000, 0.0000, 0.0000, 0.0000, 0.0000, 0.0000, 0.0000, 0.0000,
    0.0000, 0.0000, 0.0000, 0.0000, 0.0000, 0.0000, 0.0000, 0.0000, 0.0000, 0.0000,
    0.0000, 0.0000, 0.0000, 0.0000, 0.0000, 0.0000, 0.0000, 0.0000, 0.0000, 0.0000,
  ]

### training/avg_episode_length
  Total points: 100
  Min: 78.2000, Max: 224.1000, Mean: 156.8250
  Data: [
    184.8000, 169.5000, 164.0000, 188.3000, 160.4000, 224.1000, 168.4000, 142.2000, 141.8000, 169.9000,
    168.9000, 161.5000, 214.0000, 199.6000, 147.6000, 143.3000, 191.5000, 149.3000, 183.1000, 166.9000,
    142.7000, 194.8000, 171.6000, 151.4000, 177.8000, 209.1000, 190.2000, 152.8000, 170.5000, 147.7000,
    205.8000, 128.6000, 165.7000, 174.2000, 186.2000, 150.6000, 186.2000, 207.7000, 218.9000, 165.1000,
    188.0000, 141.9000, 168.2000, 140.6000, 137.6000, 146.7000, 171.4000, 119.1000, 105.1000, 146.0000,
    201.0000, 106.1000, 136.8000, 121.0000, 136.4000, 132.0000, 161.9000, 110.4000, 141.5000, 101.6000,
    131.6000, 131.0000, 126.8000, 81.9000, 142.4000, 156.5000, 95.3000, 111.3000, 142.2000, 83.3000,
    151.4000, 191.3000, 191.4000, 164.5000, 146.7000, 182.9000, 170.9000, 150.0000, 96.5000, 176.9000,
    145.5000, 170.4000, 166.6000, 144.3000, 198.0000, 115.6000, 154.9000, 140.4000, 163.6000, 189.7000,
    201.0000, 170.9000, 117.8000, 78.2000, 107.8000, 194.6000, 149.3000, 183.0000, 124.9000, 191.2000,
  ]

### training/calls_per_episode
  Total points: 100
  Min: 0.0000, Max: 0.0000, Mean: 0.0000
  Data: [
    0.0000, 0.0000, 0.0000, 0.0000, 0.0000, 0.0000, 0.0000, 0.0000, 0.0000, 0.0000,
    0.0000, 0.0000, 0.0000, 0.0000, 0.0000, 0.0000, 0.0000, 0.0000, 0.0000, 0.0000,
    0.0000, 0.0000, 0.0000, 0.0000, 0.0000, 0.0000, 0.0000, 0.0000, 0.0000, 0.0000,
    0.0000, 0.0000, 0.0000, 0.0000, 0.0000, 0.0000, 0.0000, 0.0000, 0.0000, 0.0000,
    0.0000, 0.0000, 0.0000, 0.0000, 0.0000, 0.0000, 0.0000, 0.0000, 0.0000, 0.0000,
    0.0000, 0.0000, 0.0000, 0.0000, 0.0000, 0.0000, 0.0000, 0.0000, 0.0000, 0.0000,
    0.0000, 0.0000, 0.0000, 0.0000, 0.0000, 0.0000, 0.0000, 0.0000, 0.0000, 0.0000,
    0.0000, 0.0000, 0.0000, 0.0000, 0.0000, 0.0000, 0.0000, 0.0000, 0.0000, 0.0000,
    0.0000, 0.0000, 0.0000, 0.0000, 0.0000, 0.0000, 0.0000, 0.0000, 0.0000, 0.0000,
    0.0000, 0.0000, 0.0000, 0.0000, 0.0000, 0.0000, 0.0000, 0.0000, 0.0000, 0.0000,
  ]

### training/episode
  Total points: 100
  Min: 25.0000, Max: 2800.0000, Mean: 1407.2500
  Data: [
    25.0000, 50.0000, 75.0000, 100.0000, 125.0000, 150.0000, 175.0000, 200.0000, 225.0000, 250.0000,
    275.0000, 300.0000, 325.0000, 350.0000, 375.0000, 400.0000, 425.0000, 450.0000, 475.0000, 500.0000,
    525.0000, 550.0000, 575.0000, 600.0000, 625.0000, 650.0000, 675.0000, 700.0000, 725.0000, 750.0000,
    775.0000, 800.0000, 850.0000, 875.0000, 900.0000, 925.0000, 975.0000, 1000.0000, 1025.0000, 1075.0000,
    1100.0000, 1125.0000, 1150.0000, 1200.0000, 1225.0000, 1250.0000, 1300.0000, 1325.0000, 1350.0000, 1375.0000,
    1425.0000, 1450.0000, 1475.0000, 1500.0000, 1550.0000, 1575.0000, 1600.0000, 1650.0000, 1675.0000, 1700.0000,
    1725.0000, 1775.0000, 1800.0000, 1825.0000, 1875.0000, 1900.0000, 1925.0000, 1950.0000, 2000.0000, 2025.0000,
    2050.0000, 2100.0000, 2125.0000, 2150.0000, 2175.0000, 2200.0000, 2225.0000, 2250.0000, 2275.0000, 2300.0000,
    2325.0000, 2350.0000, 2375.0000, 2400.0000, 2425.0000, 2450.0000, 2475.0000, 2500.0000, 2525.0000, 2550.0000,
    2575.0000, 2600.0000, 2625.0000, 2650.0000, 2675.0000, 2700.0000, 2725.0000, 2750.0000, 2775.0000, 2800.0000,
  ]

### training/eps_per_sec
  Total points: 100
  Min: 0.2405, Max: 6.1525, Mean: 2.3254
  Data: [
    3.4589, 5.2615, 5.1205, 5.5096, 4.6081, 4.2006, 4.4924, 5.4442, 5.5668, 5.4687,
    0.3093, 5.7478, 4.6416, 4.3939, 5.4459, 5.8097, 5.4703, 5.9992, 4.8622, 5.8143,
    0.3198, 4.6549, 4.6830, 5.6439, 5.2514, 4.3358, 5.7057, 6.1092, 5.0091, 5.9035,
    0.3142, 6.1525, 5.0965, 4.5930, 5.0274, 5.3819, 4.6855, 2.0573, 0.2405, 0.7901,
    0.7788, 0.8192, 0.8266, 1.0181, 0.8175, 0.8604, 0.8030, 1.0450, 1.0108, 1.1319,
    0.8916, 1.1695, 0.8246, 0.9895, 0.9466, 1.0109, 0.9652, 1.0690, 1.0594, 1.1195,
    1.0557, 0.2883, 1.1430, 1.1958, 1.0309, 0.8885, 1.0449, 1.0471, 1.0546, 0.3286,
    1.0245, 0.8385, 0.7794, 0.8255, 0.9324, 0.7308, 0.8934, 0.8164, 0.2606, 0.8295,
    0.9070, 0.8603, 0.8753, 0.8316, 0.7184, 0.9257, 0.8345, 0.8690, 0.2536, 0.7772,
    0.8221, 0.9161, 1.1829, 1.1767, 1.1691, 0.7603, 0.9190, 1.0068, 0.2522, 0.7374,
  ]

### training/epsilon
  Total points: 100
  Min: 0.4317, Max: 0.9925, Mean: 0.6768
  Data: [
    0.9925, 0.9851, 0.9777, 0.9704, 0.9632, 0.9560, 0.9488, 0.9418, 0.9347, 0.9277,
    0.9208, 0.9139, 0.9071, 0.9003, 0.8936, 0.8869, 0.8803, 0.8737, 0.8672, 0.8607,
    0.8543, 0.8479, 0.8415, 0.8352, 0.8290, 0.8228, 0.8167, 0.8106, 0.8045, 0.7985,
    0.7925, 0.7866, 0.7749, 0.7691, 0.7633, 0.7576, 0.7464, 0.7408, 0.7352, 0.7243,
    0.7189, 0.7135, 0.7082, 0.6976, 0.6924, 0.6873, 0.6770, 0.6720, 0.6669, 0.6620,
    0.6521, 0.6472, 0.6424, 0.6376, 0.6281, 0.6234, 0.6187, 0.6095, 0.6050, 0.6004,
    0.5960, 0.5871, 0.5827, 0.5783, 0.5697, 0.5655, 0.5613, 0.5571, 0.5488, 0.5447,
    0.5406, 0.5325, 0.5286, 0.5246, 0.5207, 0.5168, 0.5129, 0.5091, 0.5053, 0.5015,
    0.4978, 0.4941, 0.4904, 0.4867, 0.4831, 0.4795, 0.4759, 0.4723, 0.4688, 0.4653,
    0.4618, 0.4584, 0.4549, 0.4515, 0.4482, 0.4448, 0.4415, 0.4382, 0.4349, 0.4317,
  ]

### training/pbrs_enabled
  Total points: 100
  Min: 1.0000, Max: 1.0000, Mean: 1.0000
  Data: [
    1.0000, 1.0000, 1.0000, 1.0000, 1.0000, 1.0000, 1.0000, 1.0000, 1.0000, 1.0000,
    1.0000, 1.0000, 1.0000, 1.0000, 1.0000, 1.0000, 1.0000, 1.0000, 1.0000, 1.0000,
    1.0000, 1.0000, 1.0000, 1.0000, 1.0000, 1.0000, 1.0000, 1.0000, 1.0000, 1.0000,
    1.0000, 1.0000, 1.0000, 1.0000, 1.0000, 1.0000, 1.0000, 1.0000, 1.0000, 1.0000,
    1.0000, 1.0000, 1.0000, 1.0000, 1.0000, 1.0000, 1.0000, 1.0000, 1.0000, 1.0000,
    1.0000, 1.0000, 1.0000, 1.0000, 1.0000, 1.0000, 1.0000, 1.0000, 1.0000, 1.0000,
    1.0000, 1.0000, 1.0000, 1.0000, 1.0000, 1.0000, 1.0000, 1.0000, 1.0000, 1.0000,
    1.0000, 1.0000, 1.0000, 1.0000, 1.0000, 1.0000, 1.0000, 1.0000, 1.0000, 1.0000,
    1.0000, 1.0000, 1.0000, 1.0000, 1.0000, 1.0000, 1.0000, 1.0000, 1.0000, 1.0000,
    1.0000, 1.0000, 1.0000, 1.0000, 1.0000, 1.0000, 1.0000, 1.0000, 1.0000, 1.0000,
  ]

### training/tie_penalty
  Total points: 100
  Min: -3.0000, Max: 0.0000, Mean: -1.5900
  Data: [
    -3.0000, -3.0000, 0.0000, 0.0000, -3.0000, 0.0000, -3.0000, 0.0000, -3.0000, 0.0000,
    -3.0000, 0.0000, -3.0000, 0.0000, -3.0000, 0.0000, -3.0000, -3.0000, -3.0000, -3.0000,
    -3.0000, 0.0000, -3.0000, 0.0000, -3.0000, 0.0000, -3.0000, 0.0000, -3.0000, 0.0000,
    0.0000, 0.0000, -3.0000, -3.0000, -3.0000, -3.0000, -3.0000, 0.0000, 0.0000, -3.0000,
    -3.0000, -3.0000, 0.0000, 0.0000, -3.0000, 0.0000, 0.0000, -3.0000, 0.0000, -3.0000,
    -3.0000, -3.0000, -3.0000, 0.0000, 0.0000, 0.0000, 0.0000, 0.0000, 0.0000, 0.0000,
    0.0000, -3.0000, -3.0000, 0.0000, 0.0000, -3.0000, 0.0000, 0.0000, 0.0000, 0.0000,
    -3.0000, -3.0000, -3.0000, -3.0000, 0.0000, -3.0000, -3.0000, -3.0000, 0.0000, -3.0000,
    -3.0000, 0.0000, 0.0000, -3.0000, -3.0000, -3.0000, 0.0000, 0.0000, -3.0000, -3.0000,
    -3.0000, -3.0000, 0.0000, 0.0000, 0.0000, 0.0000, -3.0000, 0.0000, -3.0000, -3.0000,
  ]

### values/Q_avg
  Total points: 28
  Min: 1.3816, Max: 4.9611, Mean: 3.3570
  Data: [
    4.9611, 4.9427, 4.9380, 4.9476, 4.9543, 4.9498, 4.9485, 4.9456, 4.9403, 4.6319,
    3.6801, 3.3425, 3.2982, 2.9556, 2.9609, 3.0230, 2.5984, 3.2200, 2.6859, 2.6442,
    2.8588, 1.9165, 1.4957, 1.7422, 1.3816, 1.7483, 1.7306, 1.5541,
  ]

### values/Q_max
  Total points: 28
  Min: 5.1189, Max: 16.8556, Mean: 9.4606
  Data: [
    5.2443, 5.2199, 5.1879, 5.1499, 5.2104, 5.2213, 5.1578, 5.1189, 5.2566, 5.6840,
    11.8656, 12.7506, 15.1732, 14.1882, 14.1401, 10.0118, 14.3520, 16.8556, 16.6321, 12.0998,
    13.2592, 11.4142, 10.1828, 8.4539, 6.8783, 9.0074, 8.6434, 6.5390,
  ]

### values/Q_min
  Total points: 28
  Min: -6.1992, Max: 4.7517, Mean: -1.5168
  Data: [
    4.7517, 4.5436, 4.5669, 4.5900, 4.6420, 4.6996, 4.7250, 4.7050, 4.4824, 3.8987,
    -1.2057, -3.9727, -3.5957, -4.9677, -5.4430, -4.6520, -5.3081, -5.7558, -5.0807, -5.7054,
    -6.1812, -5.3323, -5.2397, -5.1111, -6.1992, -6.0875, -4.5381, -3.6995,
  ]

### values/Q_std
  Total points: 28
  Min: 0.0913, Max: 3.8773, Mean: 1.9976
  Data: [
    0.1027, 0.1301, 0.1122, 0.1127, 0.1112, 0.1020, 0.0913, 0.0939, 0.1236, 0.3689,
    1.3445, 2.1524, 2.8936, 3.1686, 3.1715, 3.8625, 3.8773, 3.6045, 3.5989, 3.1136,
    3.4482, 3.1774, 3.2534, 2.6980, 2.8319, 2.9478, 2.7723, 2.6681,
  ]
