================================================================================
W&B RUN DATA: TD3-Hockey-NORMAL-weak-lr0.0003-seed55
================================================================================

## RUN METADATA
Run ID: 2if0svl3
Created: 2026-01-13T14:05:04Z
State: running
Duration: 20356.496554342 seconds

## CONFIGURATION
  algorithm: TD3
  mode: NORMAL
  opponent: weak
  learning_rate_actor: 0.0003
  learning_rate_critic: 0.0003
  batch_size: 1024
  buffer_size: 1000000
  max_episodes: 50000
  random_seed: 55
  self_play_start: 0
  self_play_pool_size: 25
  gamma: 0.95
  tau: 0.005

## FINAL SUMMARY

## NOTE: Data discretized to fit 100000 char limit
  Showing ~50 points per metric (of 455 total)

## METRICS DATA

### behavior/action_magnitude_avg
  Total points: 100
  Min: 0.4075, Max: 1.3367, Mean: 1.1193
  Data: [
    0.4643, 0.4564, 0.4075, 0.4641, 0.5110, 0.4583, 0.4560, 0.4377, 0.4159, 1.3367,
    1.3148, 1.3284, 1.1226, 1.1108, 0.8146, 0.7974, 0.9202, 0.8563, 0.9551, 0.8272,
    0.8227, 0.9475, 0.8373, 0.9256, 0.9030, 1.1378, 1.1680, 1.1881, 1.1489, 1.1912,
    1.1767, 1.2519, 1.2529, 1.2332, 1.2431, 1.2254, 1.1955, 1.2508, 1.2565, 1.2567,
    1.2523, 1.1713, 1.1054, 0.9894, 0.9604, 1.0289, 1.1642, 1.2366, 1.1672, 1.1796,
    1.0553, 1.0931, 1.1853, 0.9978, 1.0661, 1.2609, 1.2343, 1.1612, 1.2285, 1.2588,
    1.1950, 1.2335, 1.2899, 1.2117, 1.2417, 1.2934, 1.2335, 1.3051, 1.2938, 1.2979,
    1.2775, 1.3127, 1.2764, 1.2554, 1.3060, 1.2919, 1.2960, 1.3167, 1.2800, 1.2708,
    1.2789, 1.2945, 1.2791, 1.2859, 1.2817, 1.2795, 1.2931, 1.2937, 1.2779, 1.2819,
    1.2865, 1.2511, 1.2719, 1.2795, 1.2695, 1.2961, 1.2643, 1.2247, 1.2882, 1.3063,
  ]

### behavior/action_magnitude_max
  Total points: 100
  Min: 0.8816, Max: 1.4142, Mean: 1.3704
  Data: [
    0.9400, 1.0129, 0.9565, 1.0304, 1.1086, 0.9645, 0.9158, 1.0034, 0.8816, 1.4138,
    1.4110, 1.4123, 1.4034, 1.4001, 1.4015, 1.3930, 1.4088, 1.3944, 1.3947, 1.3824,
    1.3508, 1.4051, 1.3425, 1.3775, 1.3993, 1.4142, 1.4054, 1.4141, 1.4120, 1.4142,
    1.4140, 1.4067, 1.4122, 1.4142, 1.4142, 1.4142, 1.4142, 1.4142, 1.4133, 1.4142,
    1.4142, 1.4142, 1.4084, 1.3855, 1.4085, 1.4064, 1.4037, 1.4142, 1.4142, 1.4138,
    1.4114, 1.4070, 1.4130, 1.4092, 1.4017, 1.4141, 1.4129, 1.4142, 1.4136, 1.4132,
    1.4110, 1.4133, 1.4142, 1.4142, 1.4138, 1.4142, 1.4140, 1.4142, 1.4142, 1.4142,
    1.4136, 1.4142, 1.4139, 1.4141, 1.4136, 1.4142, 1.4142, 1.4141, 1.4116, 1.4136,
    1.4139, 1.4139, 1.4125, 1.4142, 1.4142, 1.4142, 1.4142, 1.4142, 1.4142, 1.4135,
    1.4132, 1.4132, 1.4139, 1.4142, 1.4142, 1.4138, 1.4141, 1.4142, 1.4142, 1.4142,
  ]

### behavior/dist_to_puck_avg
  Total points: 100
  Min: 1.9487, Max: 3.8799, Mean: 2.6303
  Data: [
    3.7672, 3.4998, 3.6604, 3.5845, 3.8799, 3.6520, 3.8463, 3.8059, 3.6697, 3.2089,
    3.0764, 3.1592, 3.6502, 3.1962, 2.3206, 2.3818, 2.6490, 2.3345, 2.5664, 2.2116,
    2.0204, 2.3755, 2.1578, 2.2364, 1.9487, 2.4968, 2.4691, 2.5677, 2.3991, 2.5044,
    2.4105, 2.2324, 2.4947, 2.3391, 2.4531, 2.5208, 2.3556, 2.5893, 2.5911, 2.6622,
    2.4082, 2.5882, 2.3245, 2.1858, 2.2036, 2.4542, 2.3314, 2.6933, 2.7676, 2.5483,
    2.0355, 1.9668, 2.4609, 2.0069, 2.1570, 2.5310, 2.5858, 2.1982, 2.5286, 2.4927,
    2.4039, 2.5728, 2.6007, 2.6027, 2.4880, 2.6586, 2.5427, 2.7521, 2.6738, 2.6058,
    2.7308, 2.7605, 2.6307, 2.3007, 2.7738, 2.7014, 2.5741, 2.6887, 2.4342, 2.6338,
    2.6696, 2.5420, 2.6244, 2.6619, 2.6091, 2.3975, 2.5835, 2.7305, 2.5069, 2.4567,
    2.6548, 2.4580, 2.5417, 2.6621, 2.5311, 2.6048, 2.4589, 2.4483, 2.4971, 2.8462,
  ]

### behavior/dist_to_puck_min
  Total points: 100
  Min: 0.2412, Max: 2.1800, Mean: 0.6990
  Data: [
    1.7274, 1.5783, 1.6772, 1.5677, 1.6807, 1.6961, 1.8354, 1.4926, 1.6218, 1.5164,
    1.3351, 1.7895, 2.1800, 1.5301, 0.9576, 0.7535, 1.1257, 0.8876, 0.7943, 0.8870,
    0.7735, 0.9488, 1.0606, 1.0156, 0.7520, 0.6326, 0.7738, 0.5820, 0.6811, 0.4934,
    0.5278, 0.9900, 0.5583, 0.3625, 0.3556, 0.6470, 0.5375, 0.3851, 0.5709, 0.3443,
    0.2790, 0.4396, 0.4393, 0.7664, 0.5421, 0.7531, 0.3225, 0.2778, 0.2412, 0.3685,
    0.4555, 0.5719, 0.2874, 0.6513, 0.5107, 0.5965, 0.3800, 0.4941, 0.6329, 0.5970,
    0.4676, 0.4748, 0.6683, 0.5260, 0.5590, 0.3535, 0.6970, 0.4440, 0.4473, 0.3360,
    0.3675, 0.4617, 0.5226, 0.2684, 0.5632, 0.3994, 0.4509, 0.4173, 0.6435, 0.4115,
    0.4129, 0.5230, 0.3684, 0.3423, 0.5366, 0.3455, 0.4463, 0.3751, 0.7076, 0.4790,
    0.5711, 0.3232, 0.5108, 0.3086, 0.2558, 0.5816, 0.4765, 0.5622, 0.4515, 0.6079,
  ]

### behavior/distance_traveled
  Total points: 100
  Min: 4.2892, Max: 27.3511, Mean: 14.5108
  Data: [
    5.6368, 4.9911, 6.2785, 5.6513, 4.2892, 5.3442, 5.6755, 6.1399, 6.2654, 5.6600,
    5.6252, 5.0902, 7.1927, 8.7568, 11.6485, 13.4022, 6.6884, 10.6527, 15.5718, 7.3675,
    10.6732, 9.0942, 10.5112, 10.4931, 9.3650, 12.6054, 10.3964, 17.5356, 9.4695, 16.2189,
    9.8272, 5.1674, 10.6571, 18.4362, 17.7080, 13.1363, 15.5550, 21.0773, 13.5156, 14.2601,
    13.5213, 16.8983, 14.9609, 9.2728, 12.8154, 14.9840, 18.5745, 18.8168, 23.8393, 18.4284,
    11.8742, 9.9870, 22.1776, 8.3951, 11.2670, 18.8472, 19.9788, 9.9300, 16.4060, 14.0370,
    17.9435, 14.3604, 13.9437, 12.6363, 9.4342, 21.2606, 11.2056, 27.3511, 19.5672, 16.9180,
    18.9188, 17.3134, 23.3657, 19.6512, 16.7830, 21.4523, 17.1492, 15.2406, 15.1598, 21.2269,
    18.0758, 17.1017, 26.6390, 22.9945, 24.5902, 18.3433, 19.8478, 21.3037, 15.3893, 17.3375,
    20.3106, 20.8231, 17.5373, 26.1695, 26.0879, 17.6287, 17.4533, 16.8866, 11.8029, 15.2349,
  ]

### behavior/lazy_action_ratio
  Total points: 100
  Min: 0.0000, Max: 0.0692, Mean: 0.0074
  Data: [
    0.0447, 0.0622, 0.0513, 0.0581, 0.0357, 0.0397, 0.0484, 0.0692, 0.0402, 0.0000,
    0.0000, 0.0000, 0.0000, 0.0000, 0.0202, 0.0282, 0.0060, 0.0132, 0.0116, 0.0115,
    0.0220, 0.0104, 0.0088, 0.0107, 0.0120, 0.0038, 0.0032, 0.0005, 0.0040, 0.0020,
    0.0004, 0.0061, 0.0012, 0.0000, 0.0028, 0.0004, 0.0000, 0.0000, 0.0000, 0.0000,
    0.0000, 0.0019, 0.0036, 0.0065, 0.0024, 0.0049, 0.0048, 0.0000, 0.0020, 0.0036,
    0.0060, 0.0104, 0.0033, 0.0140, 0.0142, 0.0022, 0.0004, 0.0072, 0.0012, 0.0000,
    0.0000, 0.0027, 0.0005, 0.0046, 0.0017, 0.0004, 0.0000, 0.0000, 0.0000, 0.0000,
    0.0000, 0.0000, 0.0000, 0.0014, 0.0000, 0.0000, 0.0000, 0.0000, 0.0000, 0.0000,
    0.0000, 0.0005, 0.0000, 0.0000, 0.0000, 0.0000, 0.0000, 0.0000, 0.0000, 0.0000,
    0.0031, 0.0013, 0.0000, 0.0008, 0.0008, 0.0000, 0.0029, 0.0045, 0.0000, 0.0000,
  ]

### behavior/puck_touches
  Total points: 100
  Min: 0.0000, Max: 4.5000, Mean: 1.6330
  Data: [
    0.0000, 0.1000, 0.1000, 0.3000, 0.2000, 0.0000, 0.1000, 0.1000, 0.1000, 0.1000,
    0.7000, 0.0000, 0.0000, 0.0000, 0.5000, 0.9000, 0.3000, 0.4000, 1.3000, 0.4000,
    0.7000, 0.7000, 0.4000, 1.4000, 0.4000, 0.6000, 2.1000, 1.5000, 0.7000, 1.0000,
    1.2000, 0.5000, 1.1000, 1.4000, 1.9000, 1.3000, 1.3000, 1.5000, 1.3000, 1.2000,
    1.6000, 0.9000, 2.6000, 0.9000, 1.2000, 1.5000, 2.5000, 2.1000, 4.5000, 1.6000,
    1.6000, 1.0000, 3.4000, 0.5000, 1.4000, 2.5000, 1.9000, 1.2000, 2.0000, 2.0000,
    1.9000, 1.8000, 1.6000, 2.5000, 1.3000, 3.0000, 1.0000, 3.6000, 3.3000, 2.7000,
    2.5000, 2.9000, 3.4000, 2.8000, 2.3000, 2.5000, 2.7000, 2.4000, 1.5000, 2.3000,
    2.1000, 1.9000, 3.9000, 3.3000, 2.7000, 2.1000, 2.9000, 2.7000, 1.1000, 2.5000,
    3.0000, 2.9000, 2.3000, 2.9000, 3.7000, 2.5000, 2.5000, 1.2000, 2.2000, 2.2000,
  ]

### behavior/time_near_puck
  Total points: 100
  Min: 0.0000, Max: 39.5000, Mean: 16.7430
  Data: [
    0.0000, 1.4000, 1.4000, 3.2000, 2.7000, 0.0000, 1.4000, 0.2000, 1.3000, 0.2000,
    9.4000, 0.3000, 0.0000, 0.3000, 4.2000, 9.9000, 2.7000, 5.6000, 11.1000, 5.4000,
    8.1000, 6.9000, 1.6000, 4.4000, 4.2000, 7.7000, 12.4000, 16.7000, 9.9000, 13.4000,
    12.3000, 6.5000, 12.3000, 17.4000, 21.5000, 15.1000, 13.7000, 19.6000, 13.9000, 14.6000,
    17.6000, 11.0000, 16.7000, 10.2000, 11.9000, 15.2000, 29.3000, 23.4000, 22.0000, 17.4000,
    19.7000, 15.4000, 30.7000, 6.0000, 17.8000, 28.3000, 23.4000, 16.0000, 23.8000, 21.5000,
    18.7000, 16.0000, 18.9000, 17.0000, 13.7000, 29.8000, 8.7000, 39.5000, 30.5000, 25.6000,
    25.8000, 27.2000, 32.5000, 31.2000, 26.0000, 28.0000, 26.6000, 19.7000, 15.7000, 25.4000,
    24.9000, 21.5000, 39.0000, 31.5000, 28.0000, 25.2000, 32.1000, 26.3000, 11.8000, 23.8000,
    34.6000, 29.9000, 22.8000, 29.8000, 34.0000, 24.3000, 27.5000, 17.1000, 21.7000, 21.8000,
  ]

### behavior/velocity_avg
  Total points: 100
  Min: 0.0334, Max: 0.1491, Mean: 0.1123
  Data: [
    0.0456, 0.0434, 0.0407, 0.0483, 0.0516, 0.0490, 0.0408, 0.0457, 0.0334, 0.0575,
    0.0542, 0.0604, 0.0686, 0.0795, 0.0879, 0.0745, 0.0731, 0.0743, 0.0827, 0.0670,
    0.0656, 0.0796, 0.0691, 0.0717, 0.0827, 0.0956, 0.1187, 0.1165, 0.1265, 0.1224,
    0.1168, 0.1128, 0.1302, 0.1193, 0.1211, 0.1334, 0.1228, 0.1348, 0.1236, 0.1247,
    0.1254, 0.1221, 0.0948, 0.0834, 0.0874, 0.0956, 0.1159, 0.1300, 0.1188, 0.1272,
    0.1063, 0.1152, 0.1206, 0.0955, 0.1110, 0.1379, 0.1235, 0.1163, 0.1338, 0.1411,
    0.1293, 0.1399, 0.1415, 0.1314, 0.1327, 0.1443, 0.1288, 0.1465, 0.1394, 0.1408,
    0.1419, 0.1362, 0.1410, 0.1356, 0.1435, 0.1311, 0.1406, 0.1416, 0.1480, 0.1375,
    0.1433, 0.1491, 0.1419, 0.1425, 0.1418, 0.1356, 0.1431, 0.1383, 0.1399, 0.1349,
    0.1403, 0.1296, 0.1396, 0.1384, 0.1432, 0.1453, 0.1344, 0.1227, 0.1419, 0.1429,
  ]

### behavior/velocity_max
  Total points: 100
  Min: 0.1403, Max: 0.2453, Mean: 0.2215
  Data: [
    0.1764, 0.1550, 0.1515, 0.1653, 0.1681, 0.1579, 0.1718, 0.1534, 0.1403, 0.2310,
    0.2377, 0.2342, 0.2229, 0.2253, 0.2211, 0.2126, 0.2139, 0.2140, 0.2046, 0.1895,
    0.1754, 0.2067, 0.1707, 0.1814, 0.1848, 0.2184, 0.2315, 0.2370, 0.2309, 0.2335,
    0.2336, 0.2251, 0.2298, 0.2300, 0.2299, 0.2282, 0.2360, 0.2382, 0.2305, 0.2323,
    0.2323, 0.2385, 0.2254, 0.2072, 0.2089, 0.2187, 0.2289, 0.2340, 0.2317, 0.2292,
    0.2226, 0.2335, 0.2364, 0.2153, 0.2314, 0.2339, 0.2333, 0.2279, 0.2337, 0.2317,
    0.2346, 0.2335, 0.2376, 0.2308, 0.2284, 0.2360, 0.2267, 0.2453, 0.2336, 0.2401,
    0.2370, 0.2324, 0.2350, 0.2324, 0.2353, 0.2329, 0.2384, 0.2322, 0.2372, 0.2335,
    0.2362, 0.2366, 0.2409, 0.2350, 0.2368, 0.2315, 0.2352, 0.2336, 0.2342, 0.2334,
    0.2275, 0.2306, 0.2341, 0.2366, 0.2422, 0.2278, 0.2303, 0.2305, 0.2283, 0.2293,
  ]

### eval/strong/avg_reward
  Total points: 45
  Min: -28.8951, Max: 1.7820, Mean: -5.7697
  Data: [
    -28.8951, -12.2127, -9.6768, -11.9325, -11.9353, -5.5535, -5.9158, -5.6513, -6.1934, -3.5805,
    -4.0498, -7.6698, -5.6075, -8.7119, -5.2319, -2.9599, -6.7288, -4.4656, -7.5007, -4.3422,
    -8.2107, -7.2013, -4.6350, -4.3069, -0.9461, -7.7394, -4.3204, -2.7884, -4.9548, -4.3292,
    -5.1675, -6.1077, -3.5285, -2.1265, 1.7820, -2.3855, -3.2166, -7.1762, -5.2502, 0.3423,
    -1.1154, -6.5886, -1.7658, -4.2980, -4.7892,
  ]

### eval/strong/loss_rate
  Total points: 45
  Min: 0.1600, Max: 0.6000, Mean: 0.3778
  Data: [
    0.3600, 0.4400, 0.6000, 0.3600, 0.4000, 0.5200, 0.5200, 0.4400, 0.4400, 0.2800,
    0.3600, 0.5200, 0.4800, 0.5600, 0.3600, 0.2800, 0.4800, 0.4400, 0.3600, 0.3200,
    0.3200, 0.3600, 0.2800, 0.3200, 0.2400, 0.5600, 0.3200, 0.3200, 0.5200, 0.4800,
    0.5200, 0.4400, 0.2800, 0.3600, 0.2800, 0.3200, 0.3200, 0.1600, 0.3200, 0.2000,
    0.2400, 0.3600, 0.3600, 0.2800, 0.3200,
  ]

### eval/strong/losses
  Total points: 45
  Min: 4.0000, Max: 15.0000, Mean: 9.4444
  Data: [
    9.0000, 11.0000, 15.0000, 9.0000, 10.0000, 13.0000, 13.0000, 11.0000, 11.0000, 7.0000,
    9.0000, 13.0000, 12.0000, 14.0000, 9.0000, 7.0000, 12.0000, 11.0000, 9.0000, 8.0000,
    8.0000, 9.0000, 7.0000, 8.0000, 6.0000, 14.0000, 8.0000, 8.0000, 13.0000, 12.0000,
    13.0000, 11.0000, 7.0000, 9.0000, 7.0000, 8.0000, 8.0000, 4.0000, 8.0000, 5.0000,
    6.0000, 9.0000, 9.0000, 7.0000, 8.0000,
  ]

### eval/strong/tie_rate
  Total points: 45
  Min: 0.0800, Max: 0.6400, Mean: 0.3422
  Data: [
    0.6400, 0.4000, 0.2800, 0.4800, 0.4800, 0.1600, 0.1600, 0.3200, 0.3200, 0.4400,
    0.2400, 0.3600, 0.2400, 0.2800, 0.4400, 0.3600, 0.2000, 0.1600, 0.3600, 0.4000,
    0.4400, 0.4800, 0.4400, 0.4400, 0.3600, 0.2400, 0.4000, 0.3200, 0.1600, 0.1600,
    0.1600, 0.4000, 0.4400, 0.2400, 0.0800, 0.3200, 0.3200, 0.5600, 0.3600, 0.2800,
    0.3200, 0.4800, 0.2400, 0.5200, 0.5200,
  ]

### eval/strong/ties
  Total points: 45
  Min: 2.0000, Max: 16.0000, Mean: 8.5556
  Data: [
    16.0000, 10.0000, 7.0000, 12.0000, 12.0000, 4.0000, 4.0000, 8.0000, 8.0000, 11.0000,
    6.0000, 9.0000, 6.0000, 7.0000, 11.0000, 9.0000, 5.0000, 4.0000, 9.0000, 10.0000,
    11.0000, 12.0000, 11.0000, 11.0000, 9.0000, 6.0000, 10.0000, 8.0000, 4.0000, 4.0000,
    4.0000, 10.0000, 11.0000, 6.0000, 2.0000, 8.0000, 8.0000, 14.0000, 9.0000, 7.0000,
    8.0000, 12.0000, 6.0000, 13.0000, 13.0000,
  ]

### eval/strong/win_rate
  Total points: 45
  Min: 0.0000, Max: 0.6400, Mean: 0.2800
  Data: [
    0.0000, 0.1600, 0.1200, 0.1600, 0.1200, 0.3200, 0.3200, 0.2400, 0.2400, 0.2800,
    0.4000, 0.1200, 0.2800, 0.1600, 0.2000, 0.3600, 0.3200, 0.4000, 0.2800, 0.2800,
    0.2400, 0.1600, 0.2800, 0.2400, 0.4000, 0.2000, 0.2800, 0.3600, 0.3200, 0.3600,
    0.3200, 0.1600, 0.2800, 0.4000, 0.6400, 0.3600, 0.3600, 0.2800, 0.3200, 0.5200,
    0.4400, 0.1600, 0.4000, 0.2000, 0.1600,
  ]

### eval/strong/win_rate_decisive
  Total points: 45
  Min: 0.0000, Max: 0.7222, Mean: 0.4182
  Data: [
    0.0000, 0.2667, 0.1667, 0.3077, 0.2308, 0.3810, 0.3810, 0.3529, 0.3529, 0.5000,
    0.5263, 0.1875, 0.3684, 0.2222, 0.3571, 0.5625, 0.4000, 0.4762, 0.4375, 0.4667,
    0.4286, 0.3077, 0.5000, 0.4286, 0.6250, 0.2632, 0.4667, 0.5294, 0.3810, 0.4286,
    0.3810, 0.2667, 0.5000, 0.5263, 0.6957, 0.5294, 0.5294, 0.6364, 0.5000, 0.7222,
    0.6471, 0.3077, 0.5263, 0.4167, 0.3333,
  ]

### eval/strong/wins
  Total points: 45
  Min: 0.0000, Max: 16.0000, Mean: 7.0000
  Data: [
    0.0000, 4.0000, 3.0000, 4.0000, 3.0000, 8.0000, 8.0000, 6.0000, 6.0000, 7.0000,
    10.0000, 3.0000, 7.0000, 4.0000, 5.0000, 9.0000, 8.0000, 10.0000, 7.0000, 7.0000,
    6.0000, 4.0000, 7.0000, 6.0000, 10.0000, 5.0000, 7.0000, 9.0000, 8.0000, 9.0000,
    8.0000, 4.0000, 7.0000, 10.0000, 16.0000, 9.0000, 9.0000, 7.0000, 8.0000, 13.0000,
    11.0000, 4.0000, 10.0000, 5.0000, 4.0000,
  ]

### eval/weak/avg_reward
  Total points: 45
  Min: -21.4249, Max: -0.6278, Mean: -5.7686
  Data: [
    -21.4249, -14.6885, -6.8348, -11.3604, -6.7808, -6.8235, -7.3491, -1.5920, -7.6940, -7.6344,
    -4.7936, -4.3982, -6.9477, -5.5623, -7.9578, -4.3633, -2.3364, -0.6278, -7.3068, -6.0629,
    -9.0519, -7.0340, -2.8316, -4.9010, -2.1721, -4.9713, -6.4638, -2.5868, -1.5291, -3.9283,
    -4.7692, -4.0787, -4.0731, -4.2184, -2.7896, -3.3241, -3.9878, -9.3328, -7.7502, -6.4482,
    -4.0875, -1.2522, -3.0469, -6.8306, -5.5902,
  ]

### eval/weak/loss_rate
  Total points: 45
  Min: 0.2800, Max: 0.7200, Mean: 0.5191
  Data: [
    0.4400, 0.2800, 0.6000, 0.5600, 0.6400, 0.6800, 0.6400, 0.4800, 0.7200, 0.6000,
    0.4800, 0.5200, 0.6000, 0.4800, 0.7200, 0.5200, 0.3200, 0.3200, 0.6800, 0.6000,
    0.5600, 0.6000, 0.4400, 0.6000, 0.4000, 0.6000, 0.5600, 0.5200, 0.4400, 0.5600,
    0.6000, 0.5200, 0.5600, 0.5600, 0.5200, 0.5200, 0.4800, 0.4400, 0.4000, 0.5200,
    0.3600, 0.2800, 0.4000, 0.5200, 0.5200,
  ]

### eval/weak/losses
  Total points: 45
  Min: 7.0000, Max: 18.0000, Mean: 12.9778
  Data: [
    11.0000, 7.0000, 15.0000, 14.0000, 16.0000, 17.0000, 16.0000, 12.0000, 18.0000, 15.0000,
    12.0000, 13.0000, 15.0000, 12.0000, 18.0000, 13.0000, 8.0000, 8.0000, 17.0000, 15.0000,
    14.0000, 15.0000, 11.0000, 15.0000, 10.0000, 15.0000, 14.0000, 13.0000, 11.0000, 14.0000,
    15.0000, 13.0000, 14.0000, 14.0000, 13.0000, 13.0000, 12.0000, 11.0000, 10.0000, 13.0000,
    9.0000, 7.0000, 10.0000, 13.0000, 13.0000,
  ]

### eval/weak/tie_rate
  Total points: 45
  Min: 0.0400, Max: 0.6000, Mean: 0.2240
  Data: [
    0.5600, 0.6000, 0.2000, 0.2800, 0.1600, 0.1200, 0.2000, 0.0800, 0.1200, 0.2400,
    0.2800, 0.2000, 0.2000, 0.3200, 0.1200, 0.1600, 0.2800, 0.2400, 0.1200, 0.1600,
    0.3600, 0.1600, 0.2400, 0.1200, 0.2400, 0.0800, 0.2800, 0.0400, 0.1200, 0.0800,
    0.0800, 0.2000, 0.1200, 0.1600, 0.0800, 0.1200, 0.1600, 0.4000, 0.4000, 0.3200,
    0.4000, 0.3200, 0.3200, 0.3600, 0.2800,
  ]

### eval/weak/ties
  Total points: 45
  Min: 1.0000, Max: 15.0000, Mean: 5.6000
  Data: [
    14.0000, 15.0000, 5.0000, 7.0000, 4.0000, 3.0000, 5.0000, 2.0000, 3.0000, 6.0000,
    7.0000, 5.0000, 5.0000, 8.0000, 3.0000, 4.0000, 7.0000, 6.0000, 3.0000, 4.0000,
    9.0000, 4.0000, 6.0000, 3.0000, 6.0000, 2.0000, 7.0000, 1.0000, 3.0000, 2.0000,
    2.0000, 5.0000, 3.0000, 4.0000, 2.0000, 3.0000, 4.0000, 10.0000, 10.0000, 8.0000,
    10.0000, 8.0000, 8.0000, 9.0000, 7.0000,
  ]

### eval/weak/win_rate
  Total points: 45
  Min: 0.0000, Max: 0.4400, Mean: 0.2569
  Data: [
    0.0000, 0.1200, 0.2000, 0.1600, 0.2000, 0.2000, 0.1600, 0.4400, 0.1600, 0.1600,
    0.2400, 0.2800, 0.2000, 0.2000, 0.1600, 0.3200, 0.4000, 0.4400, 0.2000, 0.2400,
    0.0800, 0.2400, 0.3200, 0.2800, 0.3600, 0.3200, 0.1600, 0.4400, 0.4400, 0.3600,
    0.3200, 0.2800, 0.3200, 0.2800, 0.4000, 0.3600, 0.3600, 0.1600, 0.2000, 0.1600,
    0.2400, 0.4000, 0.2800, 0.1200, 0.2000,
  ]

### eval/weak/win_rate_decisive
  Total points: 45
  Min: 0.0000, Max: 0.5882, Mean: 0.3257
  Data: [
    0.0000, 0.3000, 0.2500, 0.2222, 0.2381, 0.2273, 0.2000, 0.4783, 0.1818, 0.2105,
    0.3333, 0.3500, 0.2500, 0.2941, 0.1818, 0.3810, 0.5556, 0.5789, 0.2273, 0.2857,
    0.1250, 0.2857, 0.4211, 0.3182, 0.4737, 0.3478, 0.2222, 0.4583, 0.5000, 0.3913,
    0.3478, 0.3500, 0.3636, 0.3333, 0.4348, 0.4091, 0.4286, 0.2667, 0.3333, 0.2353,
    0.4000, 0.5882, 0.4118, 0.1875, 0.2778,
  ]

### eval/weak/wins
  Total points: 45
  Min: 0.0000, Max: 11.0000, Mean: 6.4222
  Data: [
    0.0000, 3.0000, 5.0000, 4.0000, 5.0000, 5.0000, 4.0000, 11.0000, 4.0000, 4.0000,
    6.0000, 7.0000, 5.0000, 5.0000, 4.0000, 8.0000, 10.0000, 11.0000, 5.0000, 6.0000,
    2.0000, 6.0000, 8.0000, 7.0000, 9.0000, 8.0000, 4.0000, 11.0000, 11.0000, 9.0000,
    8.0000, 7.0000, 8.0000, 7.0000, 10.0000, 9.0000, 9.0000, 4.0000, 5.0000, 4.0000,
    6.0000, 10.0000, 7.0000, 3.0000, 5.0000,
  ]

### gradients/actor_grad_norm
  Total points: 100
  Min: 0.0000, Max: 0.1618, Mean: 0.0329
  Data: [
    0.0000, 0.0000, 0.0000, 0.0000, 0.0000, 0.0000, 0.0000, 0.0000, 0.1618, 0.0261,
    0.0105, 0.0074, 0.0169, 0.0246, 0.0242, 0.0169, 0.0198, 0.0226, 0.0274, 0.0201,
    0.0200, 0.0327, 0.0235, 0.0199, 0.0180, 0.0215, 0.0234, 0.0215, 0.0186, 0.0245,
    0.0259, 0.0292, 0.0258, 0.0180, 0.0222, 0.0222, 0.0231, 0.0196, 0.0211, 0.0278,
    0.0206, 0.0251, 0.0179, 0.0285, 0.0219, 0.0315, 0.0299, 0.0303, 0.0239, 0.0290,
    0.0462, 0.0388, 0.0392, 0.0419, 0.0424, 0.0445, 0.0389, 0.0409, 0.0470, 0.0410,
    0.0455, 0.0464, 0.0419, 0.0388, 0.0421, 0.0434, 0.0392, 0.0440, 0.0419, 0.0410,
    0.0431, 0.0508, 0.0458, 0.0499, 0.0402, 0.0416, 0.0550, 0.0405, 0.0404, 0.0425,
    0.0474, 0.0479, 0.0499, 0.0477, 0.0423, 0.0424, 0.0397, 0.0459, 0.0412, 0.0382,
    0.0437, 0.0517, 0.0411, 0.0469, 0.0584, 0.0406, 0.0371, 0.0437, 0.0392, 0.0526,
  ]

### gradients/critic_grad_norm
  Total points: 100
  Min: 0.0000, Max: 0.7253, Mean: 0.4623
  Data: [
    0.0000, 0.0000, 0.0000, 0.0000, 0.0000, 0.0000, 0.0000, 0.0000, 0.1091, 0.0562,
    0.0990, 0.1126, 0.1485, 0.2066, 0.2079, 0.2680, 0.2536, 0.2669, 0.3383, 0.3327,
    0.3051, 0.3504, 0.3490, 0.3716, 0.4138, 0.4078, 0.3789, 0.4097, 0.3893, 0.5069,
    0.4088, 0.4637, 0.5315, 0.4620, 0.4769, 0.4601, 0.5034, 0.5051, 0.5279, 0.4951,
    0.5107, 0.5710, 0.4887, 0.4951, 0.6500, 0.5388, 0.4994, 0.6471, 0.7141, 0.7253,
    0.6745, 0.6554, 0.5623, 0.5455, 0.5701, 0.5528, 0.6004, 0.5259, 0.6661, 0.6073,
    0.5784, 0.6870, 0.5629, 0.5866, 0.7034, 0.5450, 0.6525, 0.6929, 0.5616, 0.7176,
    0.6259, 0.5450, 0.5140, 0.4989, 0.6274, 0.5363, 0.5028, 0.5689, 0.5022, 0.5513,
    0.5332, 0.5505, 0.5534, 0.6326, 0.4845, 0.5915, 0.6260, 0.5844, 0.5329, 0.6022,
    0.6834, 0.6621, 0.6545, 0.5904, 0.5451, 0.5105, 0.5297, 0.5927, 0.5011, 0.5909,
  ]

### losses/actor_loss
  Total points: 100
  Min: -4.4705, Max: 1.4814, Mean: 0.6652
  Data: [
    0.0000, 0.0000, 0.0000, 0.0000, 0.0000, 0.0000, 0.0000, 0.0000, -4.4705, -3.7799,
    -3.2190, -2.6591, -2.1766, -1.7170, -1.4020, -1.0942, -0.8131, -0.5621, -0.3556, -0.1481,
    0.0654, 0.1720, 0.3143, 0.4333, 0.4860, 0.6156, 0.6445, 0.6728, 0.7127, 0.7434,
    0.7532, 0.7498, 0.7491, 0.7463, 0.7472, 0.7732, 0.7367, 0.7645, 0.7728, 0.7701,
    0.7744, 0.7496, 0.7378, 0.7442, 0.6465, 0.5792, 0.4735, 0.3832, 0.3239, 0.2615,
    1.4330, 1.4754, 1.4131, 1.4360, 1.4131, 1.4331, 1.4227, 1.4716, 1.4304, 1.4587,
    1.4190, 1.4605, 1.4814, 1.4756, 1.4408, 1.4580, 1.4466, 1.4739, 1.4351, 1.4676,
    1.4691, 1.4548, 1.4463, 1.4559, 1.4244, 1.4270, 1.4056, 1.4080, 1.4114, 1.4468,
    1.4261, 1.3728, 1.3907, 1.3942, 1.3876, 1.3875, 1.3644, 1.3657, 1.3760, 1.3473,
    1.3448, 1.3760, 1.3747, 1.3666, 1.3899, 1.3770, 1.3744, 1.3609, 1.3593, 1.3877,
  ]

### losses/critic_loss
  Total points: 100
  Min: 0.0000, Max: 0.0599, Mean: 0.0351
  Data: [
    0.0000, 0.0000, 0.0000, 0.0000, 0.0000, 0.0000, 0.0000, 0.0000, 0.0599, 0.0379,
    0.0322, 0.0286, 0.0262, 0.0349, 0.0349, 0.0268, 0.0286, 0.0303, 0.0335, 0.0259,
    0.0286, 0.0296, 0.0225, 0.0263, 0.0328, 0.0287, 0.0322, 0.0286, 0.0354, 0.0442,
    0.0400, 0.0382, 0.0449, 0.0386, 0.0359, 0.0454, 0.0441, 0.0463, 0.0524, 0.0476,
    0.0496, 0.0523, 0.0442, 0.0477, 0.0487, 0.0496, 0.0426, 0.0482, 0.0554, 0.0568,
    0.0448, 0.0374, 0.0412, 0.0467, 0.0410, 0.0392, 0.0412, 0.0366, 0.0361, 0.0382,
    0.0366, 0.0385, 0.0324, 0.0360, 0.0354, 0.0396, 0.0391, 0.0378, 0.0352, 0.0409,
    0.0370, 0.0372, 0.0367, 0.0349, 0.0417, 0.0387, 0.0360, 0.0390, 0.0341, 0.0390,
    0.0368, 0.0354, 0.0392, 0.0344, 0.0358, 0.0360, 0.0334, 0.0361, 0.0423, 0.0396,
    0.0370, 0.0376, 0.0369, 0.0316, 0.0384, 0.0328, 0.0341, 0.0357, 0.0337, 0.0365,
  ]

### pbrs/avg_per_episode
  Total points: 100
  Min: 0.5725, Max: 0.7938, Mean: 0.7306
  Data: [
    0.5725, 0.5812, 0.6151, 0.6503, 0.6434, 0.6328, 0.6348, 0.6409, 0.6205, 0.6353,
    0.6534, 0.6583, 0.6680, 0.6720, 0.6659, 0.6568, 0.6531, 0.6574, 0.6605, 0.6609,
    0.6608, 0.6698, 0.6639, 0.6603, 0.6696, 0.6714, 0.6869, 0.7020, 0.7305, 0.7430,
    0.7527, 0.7677, 0.7703, 0.7788, 0.7794, 0.7870, 0.7861, 0.7835, 0.7872, 0.7878,
    0.7899, 0.7898, 0.7938, 0.7924, 0.7914, 0.7887, 0.7864, 0.7839, 0.7796, 0.7817,
    0.7664, 0.7661, 0.7652, 0.7648, 0.7632, 0.7630, 0.7620, 0.7614, 0.7605, 0.7602,
    0.7592, 0.7584, 0.7585, 0.7571, 0.7563, 0.7557, 0.7549, 0.7540, 0.7538, 0.7534,
    0.7533, 0.7529, 0.7523, 0.7512, 0.7510, 0.7506, 0.7507, 0.7508, 0.7514, 0.7507,
    0.7506, 0.7509, 0.7511, 0.7509, 0.7511, 0.7510, 0.7511, 0.7508, 0.7502, 0.7501,
    0.7499, 0.7496, 0.7497, 0.7492, 0.7491, 0.7490, 0.7492, 0.7493, 0.7486, 0.7493,
  ]

### performance/cumulative_win_rate
  Total points: 100
  Min: 0.0280, Max: 0.2508, Mean: 0.1571
  Data: [
    0.0400, 0.0400, 0.0300, 0.0280, 0.0300, 0.0343, 0.0325, 0.0289, 0.0400, 0.0364,
    0.0350, 0.0369, 0.0343, 0.0333, 0.0400, 0.0424, 0.0433, 0.0421, 0.0410, 0.0438,
    0.0436, 0.0461, 0.0483, 0.0488, 0.0477, 0.0489, 0.0543, 0.0572, 0.0632, 0.0669,
    0.0709, 0.0777, 0.0822, 0.0838, 0.0884, 0.0908, 0.0940, 0.0976, 0.1000, 0.1037,
    0.1055, 0.1076, 0.1083, 0.1081, 0.1071, 0.1065, 0.1076, 0.1094, 0.1112, 0.1109,
    0.2508, 0.2504, 0.2504, 0.2499, 0.2502, 0.2500, 0.2500, 0.2500, 0.2501, 0.2501,
    0.2503, 0.2505, 0.2502, 0.2503, 0.2506, 0.2506, 0.2507, 0.2507, 0.2507, 0.2508,
    0.2505, 0.2505, 0.2504, 0.2506, 0.2506, 0.2504, 0.2502, 0.2502, 0.2500, 0.2499,
    0.2498, 0.2496, 0.2495, 0.2493, 0.2490, 0.2489, 0.2489, 0.2487, 0.2488, 0.2487,
    0.2486, 0.2483, 0.2481, 0.2480, 0.2478, 0.2479, 0.2478, 0.2476, 0.2476, 0.2472,
  ]

### performance/losses
  Total points: 100
  Min: 18.0000, Max: 12508.0000, Mean: 6251.3200
  Data: [
    18.0000, 37.0000, 77.0000, 102.0000, 121.0000, 140.0000, 160.0000, 181.0000, 197.0000, 220.0000,
    245.0000, 265.0000, 288.0000, 309.0000, 327.0000, 343.0000, 362.0000, 384.0000, 406.0000, 426.0000,
    446.0000, 473.0000, 490.0000, 509.0000, 536.0000, 558.0000, 592.0000, 625.0000, 696.0000, 732.0000,
    767.0000, 832.0000, 860.0000, 895.0000, 923.0000, 956.0000, 983.0000, 1007.0000, 1038.0000, 1066.0000,
    1094.0000, 1120.0000, 1150.0000, 1173.0000, 1196.0000, 1217.0000, 1239.0000, 1261.0000, 1281.0000, 1310.0000,
    11272.0000, 11294.0000, 11308.0000, 11328.0000, 11368.0000, 11394.0000, 11411.0000, 11433.0000, 11453.0000, 11480.0000,
    11498.0000, 11516.0000, 11541.0000, 11585.0000, 11607.0000, 11629.0000, 11651.0000, 11669.0000, 11693.0000, 11719.0000,
    11744.0000, 11770.0000, 11791.0000, 11807.0000, 11857.0000, 11877.0000, 11902.0000, 11929.0000, 11962.0000, 11981.0000,
    12007.0000, 12036.0000, 12065.0000, 12088.0000, 12115.0000, 12138.0000, 12164.0000, 12186.0000, 12204.0000, 12228.0000,
    12253.0000, 12274.0000, 12300.0000, 12347.0000, 12372.0000, 12397.0000, 12424.0000, 12451.0000, 12473.0000, 12508.0000,
  ]

### performance/ties
  Total points: 100
  Min: 30.0000, Max: 5372.0000, Mean: 2795.7300
  Data: [
    30.0000, 59.0000, 117.0000, 141.0000, 170.0000, 198.0000, 227.0000, 256.0000, 283.0000, 310.0000,
    334.0000, 361.0000, 388.0000, 416.0000, 441.0000, 471.0000, 499.0000, 526.0000, 553.0000, 578.0000,
    606.0000, 624.0000, 652.0000, 680.0000, 702.0000, 726.0000, 732.0000, 742.0000, 756.0000, 761.0000,
    766.0000, 782.0000, 792.0000, 800.0000, 809.0000, 817.0000, 829.0000, 843.0000, 852.0000, 861.0000,
    874.0000, 888.0000, 901.0000, 923.0000, 947.0000, 972.0000, 992.0000, 1010.0000, 1030.0000, 1046.0000,
    4536.0000, 4559.0000, 4584.0000, 4611.0000, 4641.0000, 4655.0000, 4676.0000, 4691.0000, 4707.0000, 4718.0000,
    4732.0000, 4749.0000, 4767.0000, 4795.0000, 4805.0000, 4821.0000, 4834.0000, 4852.0000, 4867.0000, 4876.0000,
    4894.0000, 4906.0000, 4924.0000, 4941.0000, 4966.0000, 4988.0000, 5006.0000, 5017.0000, 5026.0000, 5047.0000,
    5059.0000, 5072.0000, 5085.0000, 5103.0000, 5121.0000, 5138.0000, 5150.0000, 5168.0000, 5187.0000, 5201.0000,
    5218.0000, 5241.0000, 5257.0000, 5287.0000, 5304.0000, 5314.0000, 5328.0000, 5344.0000, 5360.0000, 5372.0000,
  ]

### performance/wins
  Total points: 100
  Min: 2.0000, Max: 5870.0000, Mean: 2855.4500
  Data: [
    2.0000, 4.0000, 6.0000, 7.0000, 9.0000, 12.0000, 13.0000, 13.0000, 20.0000, 20.0000,
    21.0000, 24.0000, 24.0000, 25.0000, 32.0000, 36.0000, 39.0000, 40.0000, 41.0000, 46.0000,
    48.0000, 53.0000, 58.0000, 61.0000, 62.0000, 66.0000, 76.0000, 83.0000, 98.0000, 107.0000,
    117.0000, 136.0000, 148.0000, 155.0000, 168.0000, 177.0000, 188.0000, 200.0000, 210.0000, 223.0000,
    232.0000, 242.0000, 249.0000, 254.0000, 257.0000, 261.0000, 269.0000, 279.0000, 289.0000, 294.0000,
    5292.0000, 5297.0000, 5308.0000, 5311.0000, 5341.0000, 5351.0000, 5363.0000, 5376.0000, 5390.0000, 5402.0000,
    5420.0000, 5435.0000, 5442.0000, 5470.0000, 5488.0000, 5500.0000, 5515.0000, 5529.0000, 5540.0000, 5555.0000,
    5562.0000, 5574.0000, 5585.0000, 5602.0000, 5627.0000, 5635.0000, 5642.0000, 5654.0000, 5662.0000, 5672.0000,
    5684.0000, 5692.0000, 5700.0000, 5709.0000, 5714.0000, 5724.0000, 5736.0000, 5746.0000, 5759.0000, 5771.0000,
    5779.0000, 5785.0000, 5793.0000, 5816.0000, 5824.0000, 5839.0000, 5848.0000, 5855.0000, 5867.0000, 5870.0000,
  ]

### rewards/p1
  Total points: 100
  Min: -28.7073, Max: 3.5192, Mean: -8.7764
  Data: [
    -24.0001, -19.5502, -23.3651, -24.5844, -16.3657, -24.7672, -28.7073, -25.9002, -22.3410, -22.5003,
    -19.2829, -22.4936, -27.3557, -19.9440, -17.7996, -14.7607, -16.8299, -13.7513, -12.1391, -14.1700,
    -9.8607, -13.1767, -13.3811, -13.9722, -14.2485, -5.8632, -3.7246, -9.5736, -9.3974, -10.9892,
    -4.9438, -11.4329, -6.5878, -9.5147, -4.1861, -6.1799, -8.6118, -5.1999, -6.8944, -0.4418,
    -7.3149, -1.6398, -9.5544, -14.3418, -12.8540, -11.8282, -5.5115, -2.6210, -8.2575, -10.6757,
    -5.2827, -7.1289, -0.8334, -11.6355, -4.2730, -4.6300, -2.2611, -1.1628, -4.5642, -2.4730,
    -3.0620, 0.3751, -8.0697, -2.2469, -4.7561, -5.1061, -4.5959, -7.2752, 0.2260, 3.5192,
    -5.0802, -2.2448, -4.2961, 0.5930, -5.8812, -3.1731, -4.7781, -5.3740, -4.6146, -6.3644,
    -6.3680, -8.3114, -6.1859, -4.1710, -3.5197, -3.7179, -6.2059, -3.2103, -6.2878, -5.1085,
    -2.9936, -4.7011, -6.8822, -3.3304, -2.2372, -4.4639, -3.4411, -8.1144, -2.4950, -6.0551,
  ]

### rewards/p2
  Total points: 100
  Min: -3.1909, Max: 31.2289, Mean: 9.7158
  Data: [
    26.2498, 20.9231, 25.5629, 26.5609, 17.4525, 26.5543, 31.2289, 27.6973, 24.2463, 25.7282,
    23.1270, 25.7808, 30.6030, 22.9991, 18.7571, 15.8600, 18.5990, 15.1162, 14.2862, 15.2509,
    10.5607, 14.5357, 13.2253, 14.4673, 14.1753, 5.9955, 4.6239, 11.7736, 10.2944, 13.3924,
    5.2928, 12.1109, 7.4221, 12.4435, 5.3003, 6.6772, 9.9646, 6.3520, 8.1666, 1.2904,
    7.7499, 2.6409, 9.8428, 14.0591, 14.0577, 12.7005, 6.4280, 4.2440, 9.7043, 11.3102,
    4.5478, 6.5694, 1.0340, 11.5917, 4.1195, 4.7219, 3.7925, 0.8284, 5.1631, 2.5561,
    3.4227, 0.0194, 8.9134, 2.0747, 4.4499, 5.5873, 5.5292, 7.7267, 0.0295, -3.1909,
    5.2580, 2.7881, 5.4512, -0.6698, 6.7023, 3.9485, 4.9254, 6.5123, 5.4520, 6.4428,
    6.7804, 8.9886, 7.4758, 5.5516, 4.8850, 5.0643, 6.6229, 3.6150, 7.4788, 5.2211,
    1.7615, 5.8799, 7.6838, 4.6845, 2.3324, 4.0844, 4.2535, 10.0596, 2.3593, 7.1172,
  ]

### rewards/sparse_only
  Total points: 100
  Min: -31.2289, Max: 3.1909, Mean: -9.7158
  Data: [
    -26.2498, -20.9231, -25.5629, -26.5609, -17.4525, -26.5543, -31.2289, -27.6973, -24.2463, -25.7282,
    -23.1270, -25.7808, -30.6030, -22.9991, -18.7571, -15.8600, -18.5990, -15.1162, -14.2862, -15.2509,
    -10.5607, -14.5357, -13.2253, -14.4673, -14.1753, -5.9955, -4.6239, -11.7736, -10.2944, -13.3924,
    -5.2928, -12.1109, -7.4221, -12.4435, -5.3003, -6.6772, -9.9646, -6.3520, -8.1666, -1.2904,
    -7.7499, -2.6409, -9.8428, -14.0591, -14.0577, -12.7005, -6.4280, -4.2440, -9.7043, -11.3102,
    -4.5478, -6.5694, -1.0340, -11.5917, -4.1195, -4.7219, -3.7925, -0.8284, -5.1631, -2.5561,
    -3.4227, -0.0194, -8.9134, -2.0747, -4.4499, -5.5873, -5.5292, -7.7267, -0.0295, 3.1909,
    -5.2580, -2.7881, -5.4512, 0.6698, -6.7023, -3.9485, -4.9254, -6.5123, -5.4520, -6.4428,
    -6.7804, -8.9886, -7.4758, -5.5516, -4.8850, -5.0643, -6.6229, -3.6150, -7.4788, -5.2211,
    -1.7615, -5.8799, -7.6838, -4.6845, -2.3324, -4.0844, -4.2535, -10.0596, -2.3593, -7.1172,
  ]

### rewards/sparse_ratio
  Total points: 100
  Min: -0.1305, Max: 2.9204, Mean: 1.1131
  Data: [
    1.0937, 1.0702, 1.0941, 1.0804, 1.0664, 1.0722, 1.0878, 1.0694, 1.0853, 1.1435,
    1.1994, 1.1461, 1.1187, 1.1532, 1.0538, 1.0745, 1.1051, 1.0993, 1.1769, 1.0763,
    1.0710, 1.1031, 0.9884, 1.0354, 0.9949, 1.0225, 1.2415, 1.2298, 1.0955, 1.2187,
    1.0706, 1.0593, 1.1266, 1.3078, 1.2662, 1.0805, 1.1571, 1.2216, 1.1845, 2.9204,
    1.0595, 1.6105, 1.0302, 0.9803, 1.0936, 1.0737, 1.1663, 1.6192, 1.1752, 1.0594,
    0.8609, 0.9215, 1.2407, 0.9962, 0.9641, 1.0199, 1.6773, 0.7124, 1.1312, 1.0336,
    1.1178, -0.0517, 1.1045, 0.9234, 0.9356, 1.0942, 1.2031, 1.0621, -0.1305, 0.9067,
    1.0350, 1.2420, 1.2689, 1.1295, 1.1396, 1.2444, 1.0308, 1.2118, 1.1815, 1.0123,
    1.0648, 1.0815, 1.2085, 1.3310, 1.3879, 1.3621, 1.0672, 1.1261, 1.1894, 1.0220,
    0.5884, 1.2508, 1.1165, 1.4066, 1.0425, 0.9150, 1.2361, 1.2397, 0.9456, 1.1754,
  ]

### scoring/goals_conceded
  Total points: 100
  Min: 18.0000, Max: 12508.0000, Mean: 6251.3200
  Data: [
    18.0000, 37.0000, 77.0000, 102.0000, 121.0000, 140.0000, 160.0000, 181.0000, 197.0000, 220.0000,
    245.0000, 265.0000, 288.0000, 309.0000, 327.0000, 343.0000, 362.0000, 384.0000, 406.0000, 426.0000,
    446.0000, 473.0000, 490.0000, 509.0000, 536.0000, 558.0000, 592.0000, 625.0000, 696.0000, 732.0000,
    767.0000, 832.0000, 860.0000, 895.0000, 923.0000, 956.0000, 983.0000, 1007.0000, 1038.0000, 1066.0000,
    1094.0000, 1120.0000, 1150.0000, 1173.0000, 1196.0000, 1217.0000, 1239.0000, 1261.0000, 1281.0000, 1310.0000,
    11272.0000, 11294.0000, 11308.0000, 11328.0000, 11368.0000, 11394.0000, 11411.0000, 11433.0000, 11453.0000, 11480.0000,
    11498.0000, 11516.0000, 11541.0000, 11585.0000, 11607.0000, 11629.0000, 11651.0000, 11669.0000, 11693.0000, 11719.0000,
    11744.0000, 11770.0000, 11791.0000, 11807.0000, 11857.0000, 11877.0000, 11902.0000, 11929.0000, 11962.0000, 11981.0000,
    12007.0000, 12036.0000, 12065.0000, 12088.0000, 12115.0000, 12138.0000, 12164.0000, 12186.0000, 12204.0000, 12228.0000,
    12253.0000, 12274.0000, 12300.0000, 12347.0000, 12372.0000, 12397.0000, 12424.0000, 12451.0000, 12473.0000, 12508.0000,
  ]

### scoring/goals_scored
  Total points: 100
  Min: 2.0000, Max: 5870.0000, Mean: 2855.4500
  Data: [
    2.0000, 4.0000, 6.0000, 7.0000, 9.0000, 12.0000, 13.0000, 13.0000, 20.0000, 20.0000,
    21.0000, 24.0000, 24.0000, 25.0000, 32.0000, 36.0000, 39.0000, 40.0000, 41.0000, 46.0000,
    48.0000, 53.0000, 58.0000, 61.0000, 62.0000, 66.0000, 76.0000, 83.0000, 98.0000, 107.0000,
    117.0000, 136.0000, 148.0000, 155.0000, 168.0000, 177.0000, 188.0000, 200.0000, 210.0000, 223.0000,
    232.0000, 242.0000, 249.0000, 254.0000, 257.0000, 261.0000, 269.0000, 279.0000, 289.0000, 294.0000,
    5292.0000, 5297.0000, 5308.0000, 5311.0000, 5341.0000, 5351.0000, 5363.0000, 5376.0000, 5390.0000, 5402.0000,
    5420.0000, 5435.0000, 5442.0000, 5470.0000, 5488.0000, 5500.0000, 5515.0000, 5529.0000, 5540.0000, 5555.0000,
    5562.0000, 5574.0000, 5585.0000, 5602.0000, 5627.0000, 5635.0000, 5642.0000, 5654.0000, 5662.0000, 5672.0000,
    5684.0000, 5692.0000, 5700.0000, 5709.0000, 5714.0000, 5724.0000, 5736.0000, 5746.0000, 5759.0000, 5771.0000,
    5779.0000, 5785.0000, 5793.0000, 5816.0000, 5824.0000, 5839.0000, 5848.0000, 5855.0000, 5867.0000, 5870.0000,
  ]

### selfplay/active
  Total points: 100
  Min: 0.0000, Max: 0.0000, Mean: 0.0000
  Data: [
    0.0000, 0.0000, 0.0000, 0.0000, 0.0000, 0.0000, 0.0000, 0.0000, 0.0000, 0.0000,
    0.0000, 0.0000, 0.0000, 0.0000, 0.0000, 0.0000, 0.0000, 0.0000, 0.0000, 0.0000,
    0.0000, 0.0000, 0.0000, 0.0000, 0.0000, 0.0000, 0.0000, 0.0000, 0.0000, 0.0000,
    0.0000, 0.0000, 0.0000, 0.0000, 0.0000, 0.0000, 0.0000, 0.0000, 0.0000, 0.0000,
    0.0000, 0.0000, 0.0000, 0.0000, 0.0000, 0.0000, 0.0000, 0.0000, 0.0000, 0.0000,
    0.0000, 0.0000, 0.0000, 0.0000, 0.0000, 0.0000, 0.0000, 0.0000, 0.0000, 0.0000,
    0.0000, 0.0000, 0.0000, 0.0000, 0.0000, 0.0000, 0.0000, 0.0000, 0.0000, 0.0000,
    0.0000, 0.0000, 0.0000, 0.0000, 0.0000, 0.0000, 0.0000, 0.0000, 0.0000, 0.0000,
    0.0000, 0.0000, 0.0000, 0.0000, 0.0000, 0.0000, 0.0000, 0.0000, 0.0000, 0.0000,
    0.0000, 0.0000, 0.0000, 0.0000, 0.0000, 0.0000, 0.0000, 0.0000, 0.0000, 0.0000,
  ]

### selfplay/episode_opponent_type_selfplay
  Total points: 100
  Min: 0.0000, Max: 0.0000, Mean: 0.0000
  Data: [
    0.0000, 0.0000, 0.0000, 0.0000, 0.0000, 0.0000, 0.0000, 0.0000, 0.0000, 0.0000,
    0.0000, 0.0000, 0.0000, 0.0000, 0.0000, 0.0000, 0.0000, 0.0000, 0.0000, 0.0000,
    0.0000, 0.0000, 0.0000, 0.0000, 0.0000, 0.0000, 0.0000, 0.0000, 0.0000, 0.0000,
    0.0000, 0.0000, 0.0000, 0.0000, 0.0000, 0.0000, 0.0000, 0.0000, 0.0000, 0.0000,
    0.0000, 0.0000, 0.0000, 0.0000, 0.0000, 0.0000, 0.0000, 0.0000, 0.0000, 0.0000,
    0.0000, 0.0000, 0.0000, 0.0000, 0.0000, 0.0000, 0.0000, 0.0000, 0.0000, 0.0000,
    0.0000, 0.0000, 0.0000, 0.0000, 0.0000, 0.0000, 0.0000, 0.0000, 0.0000, 0.0000,
    0.0000, 0.0000, 0.0000, 0.0000, 0.0000, 0.0000, 0.0000, 0.0000, 0.0000, 0.0000,
    0.0000, 0.0000, 0.0000, 0.0000, 0.0000, 0.0000, 0.0000, 0.0000, 0.0000, 0.0000,
    0.0000, 0.0000, 0.0000, 0.0000, 0.0000, 0.0000, 0.0000, 0.0000, 0.0000, 0.0000,
  ]

### selfplay/episode_opponent_type_strong
  Total points: 100
  Min: 0.0000, Max: 0.0000, Mean: 0.0000
  Data: [
    0.0000, 0.0000, 0.0000, 0.0000, 0.0000, 0.0000, 0.0000, 0.0000, 0.0000, 0.0000,
    0.0000, 0.0000, 0.0000, 0.0000, 0.0000, 0.0000, 0.0000, 0.0000, 0.0000, 0.0000,
    0.0000, 0.0000, 0.0000, 0.0000, 0.0000, 0.0000, 0.0000, 0.0000, 0.0000, 0.0000,
    0.0000, 0.0000, 0.0000, 0.0000, 0.0000, 0.0000, 0.0000, 0.0000, 0.0000, 0.0000,
    0.0000, 0.0000, 0.0000, 0.0000, 0.0000, 0.0000, 0.0000, 0.0000, 0.0000, 0.0000,
    0.0000, 0.0000, 0.0000, 0.0000, 0.0000, 0.0000, 0.0000, 0.0000, 0.0000, 0.0000,
    0.0000, 0.0000, 0.0000, 0.0000, 0.0000, 0.0000, 0.0000, 0.0000, 0.0000, 0.0000,
    0.0000, 0.0000, 0.0000, 0.0000, 0.0000, 0.0000, 0.0000, 0.0000, 0.0000, 0.0000,
    0.0000, 0.0000, 0.0000, 0.0000, 0.0000, 0.0000, 0.0000, 0.0000, 0.0000, 0.0000,
    0.0000, 0.0000, 0.0000, 0.0000, 0.0000, 0.0000, 0.0000, 0.0000, 0.0000, 0.0000,
  ]

### selfplay/episode_opponent_type_weak
  Total points: 100
  Min: 1.0000, Max: 1.0000, Mean: 1.0000
  Data: [
    1.0000, 1.0000, 1.0000, 1.0000, 1.0000, 1.0000, 1.0000, 1.0000, 1.0000, 1.0000,
    1.0000, 1.0000, 1.0000, 1.0000, 1.0000, 1.0000, 1.0000, 1.0000, 1.0000, 1.0000,
    1.0000, 1.0000, 1.0000, 1.0000, 1.0000, 1.0000, 1.0000, 1.0000, 1.0000, 1.0000,
    1.0000, 1.0000, 1.0000, 1.0000, 1.0000, 1.0000, 1.0000, 1.0000, 1.0000, 1.0000,
    1.0000, 1.0000, 1.0000, 1.0000, 1.0000, 1.0000, 1.0000, 1.0000, 1.0000, 1.0000,
    1.0000, 1.0000, 1.0000, 1.0000, 1.0000, 1.0000, 1.0000, 1.0000, 1.0000, 1.0000,
    1.0000, 1.0000, 1.0000, 1.0000, 1.0000, 1.0000, 1.0000, 1.0000, 1.0000, 1.0000,
    1.0000, 1.0000, 1.0000, 1.0000, 1.0000, 1.0000, 1.0000, 1.0000, 1.0000, 1.0000,
    1.0000, 1.0000, 1.0000, 1.0000, 1.0000, 1.0000, 1.0000, 1.0000, 1.0000, 1.0000,
    1.0000, 1.0000, 1.0000, 1.0000, 1.0000, 1.0000, 1.0000, 1.0000, 1.0000, 1.0000,
  ]

### selfplay/pool_size
  Total points: 100
  Min: 0.0000, Max: 0.0000, Mean: 0.0000
  Data: [
    0.0000, 0.0000, 0.0000, 0.0000, 0.0000, 0.0000, 0.0000, 0.0000, 0.0000, 0.0000,
    0.0000, 0.0000, 0.0000, 0.0000, 0.0000, 0.0000, 0.0000, 0.0000, 0.0000, 0.0000,
    0.0000, 0.0000, 0.0000, 0.0000, 0.0000, 0.0000, 0.0000, 0.0000, 0.0000, 0.0000,
    0.0000, 0.0000, 0.0000, 0.0000, 0.0000, 0.0000, 0.0000, 0.0000, 0.0000, 0.0000,
    0.0000, 0.0000, 0.0000, 0.0000, 0.0000, 0.0000, 0.0000, 0.0000, 0.0000, 0.0000,
    0.0000, 0.0000, 0.0000, 0.0000, 0.0000, 0.0000, 0.0000, 0.0000, 0.0000, 0.0000,
    0.0000, 0.0000, 0.0000, 0.0000, 0.0000, 0.0000, 0.0000, 0.0000, 0.0000, 0.0000,
    0.0000, 0.0000, 0.0000, 0.0000, 0.0000, 0.0000, 0.0000, 0.0000, 0.0000, 0.0000,
    0.0000, 0.0000, 0.0000, 0.0000, 0.0000, 0.0000, 0.0000, 0.0000, 0.0000, 0.0000,
    0.0000, 0.0000, 0.0000, 0.0000, 0.0000, 0.0000, 0.0000, 0.0000, 0.0000, 0.0000,
  ]

### selfplay/weak_ratio_target
  Total points: 100
  Min: 0.5000, Max: 0.5000, Mean: 0.5000
  Data: [
    0.5000, 0.5000, 0.5000, 0.5000, 0.5000, 0.5000, 0.5000, 0.5000, 0.5000, 0.5000,
    0.5000, 0.5000, 0.5000, 0.5000, 0.5000, 0.5000, 0.5000, 0.5000, 0.5000, 0.5000,
    0.5000, 0.5000, 0.5000, 0.5000, 0.5000, 0.5000, 0.5000, 0.5000, 0.5000, 0.5000,
    0.5000, 0.5000, 0.5000, 0.5000, 0.5000, 0.5000, 0.5000, 0.5000, 0.5000, 0.5000,
    0.5000, 0.5000, 0.5000, 0.5000, 0.5000, 0.5000, 0.5000, 0.5000, 0.5000, 0.5000,
    0.5000, 0.5000, 0.5000, 0.5000, 0.5000, 0.5000, 0.5000, 0.5000, 0.5000, 0.5000,
    0.5000, 0.5000, 0.5000, 0.5000, 0.5000, 0.5000, 0.5000, 0.5000, 0.5000, 0.5000,
    0.5000, 0.5000, 0.5000, 0.5000, 0.5000, 0.5000, 0.5000, 0.5000, 0.5000, 0.5000,
    0.5000, 0.5000, 0.5000, 0.5000, 0.5000, 0.5000, 0.5000, 0.5000, 0.5000, 0.5000,
    0.5000, 0.5000, 0.5000, 0.5000, 0.5000, 0.5000, 0.5000, 0.5000, 0.5000, 0.5000,
  ]

### strategic/attack_diversity_bonus
  Total points: 100
  Min: 0.0000, Max: 0.0000, Mean: 0.0000
  Data: [
    0.0000, 0.0000, 0.0000, 0.0000, 0.0000, 0.0000, 0.0000, 0.0000, 0.0000, 0.0000,
    0.0000, 0.0000, 0.0000, 0.0000, 0.0000, 0.0000, 0.0000, 0.0000, 0.0000, 0.0000,
    0.0000, 0.0000, 0.0000, 0.0000, 0.0000, 0.0000, 0.0000, 0.0000, 0.0000, 0.0000,
    0.0000, 0.0000, 0.0000, 0.0000, 0.0000, 0.0000, 0.0000, 0.0000, 0.0000, 0.0000,
    0.0000, 0.0000, 0.0000, 0.0000, 0.0000, 0.0000, 0.0000, 0.0000, 0.0000, 0.0000,
    0.0000, 0.0000, 0.0000, 0.0000, 0.0000, 0.0000, 0.0000, 0.0000, 0.0000, 0.0000,
    0.0000, 0.0000, 0.0000, 0.0000, 0.0000, 0.0000, 0.0000, 0.0000, 0.0000, 0.0000,
    0.0000, 0.0000, 0.0000, 0.0000, 0.0000, 0.0000, 0.0000, 0.0000, 0.0000, 0.0000,
    0.0000, 0.0000, 0.0000, 0.0000, 0.0000, 0.0000, 0.0000, 0.0000, 0.0000, 0.0000,
    0.0000, 0.0000, 0.0000, 0.0000, 0.0000, 0.0000, 0.0000, 0.0000, 0.0000, 0.0000,
  ]

### strategic/attack_sides_unique
  Total points: 100
  Min: 0.0000, Max: 0.0000, Mean: 0.0000
  Data: [
    0.0000, 0.0000, 0.0000, 0.0000, 0.0000, 0.0000, 0.0000, 0.0000, 0.0000, 0.0000,
    0.0000, 0.0000, 0.0000, 0.0000, 0.0000, 0.0000, 0.0000, 0.0000, 0.0000, 0.0000,
    0.0000, 0.0000, 0.0000, 0.0000, 0.0000, 0.0000, 0.0000, 0.0000, 0.0000, 0.0000,
    0.0000, 0.0000, 0.0000, 0.0000, 0.0000, 0.0000, 0.0000, 0.0000, 0.0000, 0.0000,
    0.0000, 0.0000, 0.0000, 0.0000, 0.0000, 0.0000, 0.0000, 0.0000, 0.0000, 0.0000,
    0.0000, 0.0000, 0.0000, 0.0000, 0.0000, 0.0000, 0.0000, 0.0000, 0.0000, 0.0000,
    0.0000, 0.0000, 0.0000, 0.0000, 0.0000, 0.0000, 0.0000, 0.0000, 0.0000, 0.0000,
    0.0000, 0.0000, 0.0000, 0.0000, 0.0000, 0.0000, 0.0000, 0.0000, 0.0000, 0.0000,
    0.0000, 0.0000, 0.0000, 0.0000, 0.0000, 0.0000, 0.0000, 0.0000, 0.0000, 0.0000,
    0.0000, 0.0000, 0.0000, 0.0000, 0.0000, 0.0000, 0.0000, 0.0000, 0.0000, 0.0000,
  ]

### strategic/forcing_bonus
  Total points: 100
  Min: 0.0000, Max: 0.0000, Mean: 0.0000
  Data: [
    0.0000, 0.0000, 0.0000, 0.0000, 0.0000, 0.0000, 0.0000, 0.0000, 0.0000, 0.0000,
    0.0000, 0.0000, 0.0000, 0.0000, 0.0000, 0.0000, 0.0000, 0.0000, 0.0000, 0.0000,
    0.0000, 0.0000, 0.0000, 0.0000, 0.0000, 0.0000, 0.0000, 0.0000, 0.0000, 0.0000,
    0.0000, 0.0000, 0.0000, 0.0000, 0.0000, 0.0000, 0.0000, 0.0000, 0.0000, 0.0000,
    0.0000, 0.0000, 0.0000, 0.0000, 0.0000, 0.0000, 0.0000, 0.0000, 0.0000, 0.0000,
    0.0000, 0.0000, 0.0000, 0.0000, 0.0000, 0.0000, 0.0000, 0.0000, 0.0000, 0.0000,
    0.0000, 0.0000, 0.0000, 0.0000, 0.0000, 0.0000, 0.0000, 0.0000, 0.0000, 0.0000,
    0.0000, 0.0000, 0.0000, 0.0000, 0.0000, 0.0000, 0.0000, 0.0000, 0.0000, 0.0000,
    0.0000, 0.0000, 0.0000, 0.0000, 0.0000, 0.0000, 0.0000, 0.0000, 0.0000, 0.0000,
    0.0000, 0.0000, 0.0000, 0.0000, 0.0000, 0.0000, 0.0000, 0.0000, 0.0000, 0.0000,
  ]

### strategic/opponent_avg_movement
  Total points: 100
  Min: 0.0000, Max: 0.0000, Mean: 0.0000
  Data: [
    0.0000, 0.0000, 0.0000, 0.0000, 0.0000, 0.0000, 0.0000, 0.0000, 0.0000, 0.0000,
    0.0000, 0.0000, 0.0000, 0.0000, 0.0000, 0.0000, 0.0000, 0.0000, 0.0000, 0.0000,
    0.0000, 0.0000, 0.0000, 0.0000, 0.0000, 0.0000, 0.0000, 0.0000, 0.0000, 0.0000,
    0.0000, 0.0000, 0.0000, 0.0000, 0.0000, 0.0000, 0.0000, 0.0000, 0.0000, 0.0000,
    0.0000, 0.0000, 0.0000, 0.0000, 0.0000, 0.0000, 0.0000, 0.0000, 0.0000, 0.0000,
    0.0000, 0.0000, 0.0000, 0.0000, 0.0000, 0.0000, 0.0000, 0.0000, 0.0000, 0.0000,
    0.0000, 0.0000, 0.0000, 0.0000, 0.0000, 0.0000, 0.0000, 0.0000, 0.0000, 0.0000,
    0.0000, 0.0000, 0.0000, 0.0000, 0.0000, 0.0000, 0.0000, 0.0000, 0.0000, 0.0000,
    0.0000, 0.0000, 0.0000, 0.0000, 0.0000, 0.0000, 0.0000, 0.0000, 0.0000, 0.0000,
    0.0000, 0.0000, 0.0000, 0.0000, 0.0000, 0.0000, 0.0000, 0.0000, 0.0000, 0.0000,
  ]

### strategic/opponent_total_movement
  Total points: 100
  Min: 0.0000, Max: 0.0000, Mean: 0.0000
  Data: [
    0.0000, 0.0000, 0.0000, 0.0000, 0.0000, 0.0000, 0.0000, 0.0000, 0.0000, 0.0000,
    0.0000, 0.0000, 0.0000, 0.0000, 0.0000, 0.0000, 0.0000, 0.0000, 0.0000, 0.0000,
    0.0000, 0.0000, 0.0000, 0.0000, 0.0000, 0.0000, 0.0000, 0.0000, 0.0000, 0.0000,
    0.0000, 0.0000, 0.0000, 0.0000, 0.0000, 0.0000, 0.0000, 0.0000, 0.0000, 0.0000,
    0.0000, 0.0000, 0.0000, 0.0000, 0.0000, 0.0000, 0.0000, 0.0000, 0.0000, 0.0000,
    0.0000, 0.0000, 0.0000, 0.0000, 0.0000, 0.0000, 0.0000, 0.0000, 0.0000, 0.0000,
    0.0000, 0.0000, 0.0000, 0.0000, 0.0000, 0.0000, 0.0000, 0.0000, 0.0000, 0.0000,
    0.0000, 0.0000, 0.0000, 0.0000, 0.0000, 0.0000, 0.0000, 0.0000, 0.0000, 0.0000,
    0.0000, 0.0000, 0.0000, 0.0000, 0.0000, 0.0000, 0.0000, 0.0000, 0.0000, 0.0000,
    0.0000, 0.0000, 0.0000, 0.0000, 0.0000, 0.0000, 0.0000, 0.0000, 0.0000, 0.0000,
  ]

### strategic/shot_quality_ratio
  Total points: 100
  Min: 0.0000, Max: 0.0000, Mean: 0.0000
  Data: [
    0.0000, 0.0000, 0.0000, 0.0000, 0.0000, 0.0000, 0.0000, 0.0000, 0.0000, 0.0000,
    0.0000, 0.0000, 0.0000, 0.0000, 0.0000, 0.0000, 0.0000, 0.0000, 0.0000, 0.0000,
    0.0000, 0.0000, 0.0000, 0.0000, 0.0000, 0.0000, 0.0000, 0.0000, 0.0000, 0.0000,
    0.0000, 0.0000, 0.0000, 0.0000, 0.0000, 0.0000, 0.0000, 0.0000, 0.0000, 0.0000,
    0.0000, 0.0000, 0.0000, 0.0000, 0.0000, 0.0000, 0.0000, 0.0000, 0.0000, 0.0000,
    0.0000, 0.0000, 0.0000, 0.0000, 0.0000, 0.0000, 0.0000, 0.0000, 0.0000, 0.0000,
    0.0000, 0.0000, 0.0000, 0.0000, 0.0000, 0.0000, 0.0000, 0.0000, 0.0000, 0.0000,
    0.0000, 0.0000, 0.0000, 0.0000, 0.0000, 0.0000, 0.0000, 0.0000, 0.0000, 0.0000,
    0.0000, 0.0000, 0.0000, 0.0000, 0.0000, 0.0000, 0.0000, 0.0000, 0.0000, 0.0000,
    0.0000, 0.0000, 0.0000, 0.0000, 0.0000, 0.0000, 0.0000, 0.0000, 0.0000, 0.0000,
  ]

### strategic/shots_blocked
  Total points: 100
  Min: 0.0000, Max: 0.0000, Mean: 0.0000
  Data: [
    0.0000, 0.0000, 0.0000, 0.0000, 0.0000, 0.0000, 0.0000, 0.0000, 0.0000, 0.0000,
    0.0000, 0.0000, 0.0000, 0.0000, 0.0000, 0.0000, 0.0000, 0.0000, 0.0000, 0.0000,
    0.0000, 0.0000, 0.0000, 0.0000, 0.0000, 0.0000, 0.0000, 0.0000, 0.0000, 0.0000,
    0.0000, 0.0000, 0.0000, 0.0000, 0.0000, 0.0000, 0.0000, 0.0000, 0.0000, 0.0000,
    0.0000, 0.0000, 0.0000, 0.0000, 0.0000, 0.0000, 0.0000, 0.0000, 0.0000, 0.0000,
    0.0000, 0.0000, 0.0000, 0.0000, 0.0000, 0.0000, 0.0000, 0.0000, 0.0000, 0.0000,
    0.0000, 0.0000, 0.0000, 0.0000, 0.0000, 0.0000, 0.0000, 0.0000, 0.0000, 0.0000,
    0.0000, 0.0000, 0.0000, 0.0000, 0.0000, 0.0000, 0.0000, 0.0000, 0.0000, 0.0000,
    0.0000, 0.0000, 0.0000, 0.0000, 0.0000, 0.0000, 0.0000, 0.0000, 0.0000, 0.0000,
    0.0000, 0.0000, 0.0000, 0.0000, 0.0000, 0.0000, 0.0000, 0.0000, 0.0000, 0.0000,
  ]

### strategic/shots_clear
  Total points: 100
  Min: 0.0000, Max: 0.0000, Mean: 0.0000
  Data: [
    0.0000, 0.0000, 0.0000, 0.0000, 0.0000, 0.0000, 0.0000, 0.0000, 0.0000, 0.0000,
    0.0000, 0.0000, 0.0000, 0.0000, 0.0000, 0.0000, 0.0000, 0.0000, 0.0000, 0.0000,
    0.0000, 0.0000, 0.0000, 0.0000, 0.0000, 0.0000, 0.0000, 0.0000, 0.0000, 0.0000,
    0.0000, 0.0000, 0.0000, 0.0000, 0.0000, 0.0000, 0.0000, 0.0000, 0.0000, 0.0000,
    0.0000, 0.0000, 0.0000, 0.0000, 0.0000, 0.0000, 0.0000, 0.0000, 0.0000, 0.0000,
    0.0000, 0.0000, 0.0000, 0.0000, 0.0000, 0.0000, 0.0000, 0.0000, 0.0000, 0.0000,
    0.0000, 0.0000, 0.0000, 0.0000, 0.0000, 0.0000, 0.0000, 0.0000, 0.0000, 0.0000,
    0.0000, 0.0000, 0.0000, 0.0000, 0.0000, 0.0000, 0.0000, 0.0000, 0.0000, 0.0000,
    0.0000, 0.0000, 0.0000, 0.0000, 0.0000, 0.0000, 0.0000, 0.0000, 0.0000, 0.0000,
    0.0000, 0.0000, 0.0000, 0.0000, 0.0000, 0.0000, 0.0000, 0.0000, 0.0000, 0.0000,
  ]

### training/avg_episode_length
  Total points: 100
  Min: 48.2000, Max: 203.7000, Mean: 142.7570
  Data: [
    159.3000, 156.0000, 176.1000, 154.6000, 140.1000, 154.2000, 188.5000, 175.9000, 203.7000, 157.0000,
    176.0000, 165.3000, 166.6000, 153.0000, 160.3000, 196.3000, 150.1000, 182.3000, 202.0000, 148.4000,
    194.8000, 152.1000, 191.6000, 169.4000, 166.9000, 143.5000, 92.7000, 148.2000, 80.8000, 139.4000,
    86.6000, 48.2000, 83.8000, 143.3000, 145.8000, 97.2000, 130.5000, 154.7000, 108.1000, 112.6000,
    104.0000, 142.4000, 164.4000, 155.1000, 176.7000, 172.3000, 168.7000, 147.2000, 198.0000, 148.5000,
    145.3000, 115.1000, 184.9000, 145.1000, 121.9000, 140.5000, 162.7000, 87.5000, 130.8000, 99.9000,
    134.6000, 101.3000, 101.6000, 96.3000, 75.3000, 150.9000, 86.0000, 189.2000, 141.2000, 123.7000,
    133.6000, 134.8000, 168.3000, 146.3000, 117.2000, 170.9000, 123.7000, 109.2000, 105.8000, 152.6000,
    125.0000, 117.5000, 191.3000, 163.5000, 177.2000, 142.5000, 140.2000, 153.2000, 114.2000, 128.1000,
    146.8000, 162.6000, 127.6000, 190.4000, 183.4000, 123.2000, 129.3000, 133.1000, 85.9000, 111.3000,
  ]

### training/calls_per_episode
  Total points: 100
  Min: 0.0000, Max: 0.0000, Mean: 0.0000
  Data: [
    0.0000, 0.0000, 0.0000, 0.0000, 0.0000, 0.0000, 0.0000, 0.0000, 0.0000, 0.0000,
    0.0000, 0.0000, 0.0000, 0.0000, 0.0000, 0.0000, 0.0000, 0.0000, 0.0000, 0.0000,
    0.0000, 0.0000, 0.0000, 0.0000, 0.0000, 0.0000, 0.0000, 0.0000, 0.0000, 0.0000,
    0.0000, 0.0000, 0.0000, 0.0000, 0.0000, 0.0000, 0.0000, 0.0000, 0.0000, 0.0000,
    0.0000, 0.0000, 0.0000, 0.0000, 0.0000, 0.0000, 0.0000, 0.0000, 0.0000, 0.0000,
    0.0000, 0.0000, 0.0000, 0.0000, 0.0000, 0.0000, 0.0000, 0.0000, 0.0000, 0.0000,
    0.0000, 0.0000, 0.0000, 0.0000, 0.0000, 0.0000, 0.0000, 0.0000, 0.0000, 0.0000,
    0.0000, 0.0000, 0.0000, 0.0000, 0.0000, 0.0000, 0.0000, 0.0000, 0.0000, 0.0000,
    0.0000, 0.0000, 0.0000, 0.0000, 0.0000, 0.0000, 0.0000, 0.0000, 0.0000, 0.0000,
    0.0000, 0.0000, 0.0000, 0.0000, 0.0000, 0.0000, 0.0000, 0.0000, 0.0000, 0.0000,
  ]

### training/episode
  Total points: 100
  Min: 50.0000, Max: 23750.0000, Mean: 11902.5000
  Data: [
    50.0000, 100.0000, 200.0000, 250.0000, 300.0000, 350.0000, 400.0000, 450.0000, 500.0000, 550.0000,
    600.0000, 650.0000, 700.0000, 750.0000, 800.0000, 850.0000, 900.0000, 950.0000, 1000.0000, 1050.0000,
    1100.0000, 1150.0000, 1200.0000, 1250.0000, 1300.0000, 1350.0000, 1400.0000, 1450.0000, 1550.0000, 1600.0000,
    1650.0000, 1750.0000, 1800.0000, 1850.0000, 1900.0000, 1950.0000, 2000.0000, 2050.0000, 2100.0000, 2150.0000,
    2200.0000, 2250.0000, 2300.0000, 2350.0000, 2400.0000, 2450.0000, 2500.0000, 2550.0000, 2600.0000, 2650.0000,
    21100.0000, 21150.0000, 21200.0000, 21250.0000, 21350.0000, 21400.0000, 21450.0000, 21500.0000, 21550.0000, 21600.0000,
    21650.0000, 21700.0000, 21750.0000, 21850.0000, 21900.0000, 21950.0000, 22000.0000, 22050.0000, 22100.0000, 22150.0000,
    22200.0000, 22250.0000, 22300.0000, 22350.0000, 22450.0000, 22500.0000, 22550.0000, 22600.0000, 22650.0000, 22700.0000,
    22750.0000, 22800.0000, 22850.0000, 22900.0000, 22950.0000, 23000.0000, 23050.0000, 23100.0000, 23150.0000, 23200.0000,
    23250.0000, 23300.0000, 23350.0000, 23450.0000, 23500.0000, 23550.0000, 23600.0000, 23650.0000, 23700.0000, 23750.0000,
  ]

### training/eps_per_sec
  Total points: 100
  Min: 0.4835, Max: 8.2339, Mean: 1.6071
  Data: [
    5.5621, 7.3789, 7.6470, 8.2339, 7.6352, 7.5029, 7.6420, 7.6787, 4.6524, 0.4902,
    1.0969, 0.9831, 1.0518, 0.9269, 0.9450, 0.8324, 0.9438, 0.9301, 0.9144, 0.4835,
    0.9133, 1.0628, 0.8871, 0.9011, 0.9811, 1.0189, 1.4891, 1.4333, 0.6863, 1.5951,
    1.5428, 1.5817, 1.4001, 1.3946, 1.3332, 1.4557, 1.2398, 0.5814, 1.2724, 1.2819,
    1.1151, 1.2337, 1.1587, 0.9997, 0.9791, 0.8873, 0.9924, 0.4958, 1.0133, 1.0729,
    0.9504, 0.9085, 0.9204, 0.8652, 1.1532, 1.1239, 1.0016, 1.1460, 0.7620, 1.2012,
    1.2621, 1.0867, 1.0360, 1.2066, 1.3198, 1.0813, 1.2094, 0.5959, 1.1791, 1.1793,
    1.0286, 1.2745, 0.9623, 1.0582, 1.3421, 0.9853, 0.5105, 1.1265, 1.4906, 1.0148,
    1.1369, 1.0958, 1.1914, 0.9821, 1.0906, 1.0808, 0.5119, 1.0300, 1.0634, 1.2545,
    1.0638, 0.9853, 1.1540, 1.1754, 1.1124, 0.6611, 1.2133, 1.0006, 1.1875, 1.2059,
  ]

### training/epsilon
  Total points: 100
  Min: 0.0500, Max: 0.2941, Mean: 0.1161
  Data: [
    0.2941, 0.2882, 0.2769, 0.2714, 0.2661, 0.2608, 0.2556, 0.2506, 0.2456, 0.2407,
    0.2360, 0.2313, 0.2267, 0.2222, 0.2178, 0.2135, 0.2093, 0.2051, 0.2011, 0.1971,
    0.1932, 0.1894, 0.1856, 0.1819, 0.1783, 0.1748, 0.1713, 0.1680, 0.1614, 0.1582,
    0.1550, 0.1490, 0.1460, 0.1431, 0.1403, 0.1375, 0.1348, 0.1321, 0.1295, 0.1269,
    0.1244, 0.1219, 0.1195, 0.1172, 0.1148, 0.1126, 0.1103, 0.1082, 0.1060, 0.1039,
    0.0500, 0.0500, 0.0500, 0.0500, 0.0500, 0.0500, 0.0500, 0.0500, 0.0500, 0.0500,
    0.0500, 0.0500, 0.0500, 0.0500, 0.0500, 0.0500, 0.0500, 0.0500, 0.0500, 0.0500,
    0.0500, 0.0500, 0.0500, 0.0500, 0.0500, 0.0500, 0.0500, 0.0500, 0.0500, 0.0500,
    0.0500, 0.0500, 0.0500, 0.0500, 0.0500, 0.0500, 0.0500, 0.0500, 0.0500, 0.0500,
    0.0500, 0.0500, 0.0500, 0.0500, 0.0500, 0.0500, 0.0500, 0.0500, 0.0500, 0.0500,
  ]

### training/pbrs_enabled
  Total points: 100
  Min: 1.0000, Max: 1.0000, Mean: 1.0000
  Data: [
    1.0000, 1.0000, 1.0000, 1.0000, 1.0000, 1.0000, 1.0000, 1.0000, 1.0000, 1.0000,
    1.0000, 1.0000, 1.0000, 1.0000, 1.0000, 1.0000, 1.0000, 1.0000, 1.0000, 1.0000,
    1.0000, 1.0000, 1.0000, 1.0000, 1.0000, 1.0000, 1.0000, 1.0000, 1.0000, 1.0000,
    1.0000, 1.0000, 1.0000, 1.0000, 1.0000, 1.0000, 1.0000, 1.0000, 1.0000, 1.0000,
    1.0000, 1.0000, 1.0000, 1.0000, 1.0000, 1.0000, 1.0000, 1.0000, 1.0000, 1.0000,
    1.0000, 1.0000, 1.0000, 1.0000, 1.0000, 1.0000, 1.0000, 1.0000, 1.0000, 1.0000,
    1.0000, 1.0000, 1.0000, 1.0000, 1.0000, 1.0000, 1.0000, 1.0000, 1.0000, 1.0000,
    1.0000, 1.0000, 1.0000, 1.0000, 1.0000, 1.0000, 1.0000, 1.0000, 1.0000, 1.0000,
    1.0000, 1.0000, 1.0000, 1.0000, 1.0000, 1.0000, 1.0000, 1.0000, 1.0000, 1.0000,
    1.0000, 1.0000, 1.0000, 1.0000, 1.0000, 1.0000, 1.0000, 1.0000, 1.0000, 1.0000,
  ]

### training/tie_penalty
  Total points: 100
  Min: -1.5000, Max: 0.0000, Mean: -0.3000
  Data: [
    0.0000, 0.0000, 0.0000, 0.0000, 0.0000, 0.0000, 0.0000, 0.0000, -1.5000, 0.0000,
    -1.5000, 0.0000, 0.0000, 0.0000, 0.0000, -1.5000, 0.0000, 0.0000, 0.0000, 0.0000,
    0.0000, 0.0000, -1.5000, 0.0000, 0.0000, -1.5000, 0.0000, 0.0000, 0.0000, 0.0000,
    0.0000, 0.0000, 0.0000, -1.5000, 0.0000, 0.0000, 0.0000, 0.0000, 0.0000, -1.5000,
    0.0000, 0.0000, 0.0000, 0.0000, 0.0000, 0.0000, -1.5000, 0.0000, -1.5000, 0.0000,
    0.0000, 0.0000, -1.5000, 0.0000, 0.0000, 0.0000, -1.5000, 0.0000, 0.0000, 0.0000,
    0.0000, 0.0000, -1.5000, 0.0000, 0.0000, 0.0000, 0.0000, 0.0000, 0.0000, -1.5000,
    0.0000, -1.5000, 0.0000, 0.0000, 0.0000, 0.0000, 0.0000, 0.0000, 0.0000, -1.5000,
    0.0000, 0.0000, 0.0000, 0.0000, 0.0000, 0.0000, 0.0000, 0.0000, 0.0000, 0.0000,
    0.0000, -1.5000, -1.5000, -1.5000, 0.0000, -1.5000, 0.0000, 0.0000, 0.0000, -1.5000,
  ]

### values/Q_avg
  Total points: 100
  Min: -2.1685, Max: 4.9629, Mean: -0.8921
  Data: [
    4.9629, 4.9541, 4.9621, 4.9501, 4.5903, 3.4087, 2.3559, 1.6473, 0.9590, 0.3646,
    -0.2701, -1.0244, -0.6008, -1.4684, -1.0341, -1.0897, -0.7424, -1.2497, -1.1585, -1.2750,
    -1.1819, -1.2779, -1.1275, -0.8439, -0.9434, -0.6023, -0.6236, -1.3663, -1.5962, -0.9079,
    -1.1507, -1.2475, -1.4161, -1.5887, -1.6624, -1.4707, -1.1399, -1.4659, -1.6550, -1.7814,
    -1.3139, -0.6224, -1.1430, -1.2874, -1.4907, -1.2811, -1.1343, -0.5402, -1.2285, -1.0156,
    -1.3395, -1.0842, -1.5733, -1.5489, -0.5933, -1.2579, -1.6366, -1.5118, -1.1032, -1.5046,
    -1.4200, -1.3486, -1.5893, -1.0501, -1.6138, -1.8968, -1.6215, -1.5535, -1.3298, -1.7932,
    -1.5537, -1.5790, -2.0377, -1.8528, -1.2862, -1.4480, -1.5401, -1.4103, -1.4426, -1.1339,
    -1.1336, -1.5811, -1.4825, -0.7653, -2.1685, -1.4158, -1.1451, -1.3141, -1.9588, -1.9283,
    -1.6816, -1.5184, -1.4939, -1.7676, -2.1399, -2.0697, -1.8045, -1.8461, -1.8205, -1.6547,
  ]

### values/Q_max
  Total points: 100
  Min: 3.9106, Max: 11.7472, Mean: 7.4066
  Data: [
    5.1378, 5.1070, 5.1369, 5.1245, 4.9350, 6.4058, 7.1220, 6.7446, 8.7650, 6.6951,
    7.2177, 8.9769, 11.7472, 3.9106, 5.9988, 9.6397, 11.2971, 7.7424, 11.4601, 7.7752,
    11.2972, 9.3499, 8.1247, 10.7713, 9.2810, 11.2256, 10.4032, 4.3917, 4.5985, 9.6667,
    4.2599, 8.1320, 8.4098, 8.3974, 8.8374, 9.1097, 9.4747, 8.3076, 6.1423, 9.6738,
    6.8411, 8.3819, 8.3856, 7.4545, 9.1445, 7.7751, 4.3086, 8.7734, 4.0276, 8.8148,
    8.4111, 6.7780, 9.1041, 7.4170, 7.7949, 6.7278, 7.3002, 5.8242, 6.9617, 5.5151,
    7.0601, 7.0419, 5.6619, 7.5196, 8.5866, 7.2003, 9.0885, 5.2682, 8.8443, 8.5473,
    6.3331, 8.1243, 4.2041, 7.5849, 6.6575, 9.6614, 9.9202, 7.4666, 9.7678, 9.0346,
    5.3509, 7.8635, 8.7190, 9.3835, 4.7632, 7.7539, 4.4832, 7.2829, 9.7844, 4.8223,
    4.3677, 4.4201, 4.6933, 5.5055, 7.7222, 6.9702, 6.4461, 4.0754, 5.0646, 5.0833,
  ]

### values/Q_min
  Total points: 100
  Min: -9.5397, Max: 4.7620, Mean: -6.1924
  Data: [
    4.7351, 4.7620, 4.7491, 4.7512, 4.3942, 1.6437, 0.7137, -0.2375, -0.8563, -1.8579,
    -2.3121, -6.1373, -5.3186, -8.7313, -8.6738, -7.7662, -6.6948, -6.9018, -5.5198, -4.5711,
    -6.0461, -6.9607, -5.7188, -5.6101, -6.5288, -7.4300, -4.8546, -8.0857, -7.9935, -7.2728,
    -7.0924, -8.9404, -8.2264, -8.8963, -8.0421, -8.5572, -8.8110, -9.5115, -7.8680, -9.5397,
    -8.3135, -6.5419, -7.2999, -7.2933, -7.5450, -6.9376, -7.6440, -7.9644, -8.4133, -8.7730,
    -5.4860, -7.3654, -7.4165, -7.4104, -7.8310, -6.4311, -7.7446, -7.0263, -7.0142, -7.7246,
    -6.9030, -6.9512, -6.6954, -6.3475, -6.8506, -7.3575, -7.4057, -7.6342, -6.7514, -7.1811,
    -6.7138, -7.3144, -6.9265, -7.4282, -6.3049, -7.0374, -7.4338, -6.6967, -6.0714, -6.2853,
    -5.7080, -6.4339, -6.6456, -5.9468, -7.4099, -6.0401, -6.4660, -6.4600, -7.9906, -8.0109,
    -7.2717, -6.9196, -7.6346, -6.8306, -7.8923, -7.0989, -7.4685, -7.2021, -7.6860, -7.8465,
  ]

### values/Q_std
  Total points: 100
  Min: 0.0814, Max: 3.2169, Mean: 2.3416
  Data: [
    0.0814, 0.0832, 0.0818, 0.0848, 0.1325, 0.7774, 1.1670, 1.4049, 1.8935, 1.9346,
    1.9885, 2.1048, 2.8803, 2.3278, 2.7199, 2.4432, 2.7955, 2.1006, 2.1704, 2.1206,
    2.4348, 2.4355, 2.0690, 2.5441, 2.7560, 2.8474, 2.8608, 2.2557, 2.2957, 3.1700,
    2.2281, 2.5409, 2.8964, 2.5613, 2.6969, 2.8643, 3.2169, 2.9899, 2.8342, 3.1155,
    2.5872, 2.7326, 2.4044, 2.7301, 2.9966, 2.4258, 2.6461, 2.6263, 2.4253, 2.9078,
    2.4343, 2.5035, 2.9920, 2.5506, 2.6860, 2.6207, 2.3075, 2.6606, 2.4445, 2.2927,
    2.1984, 2.3465, 2.3588, 2.4171, 2.9178, 2.2239, 2.8098, 2.4372, 2.6660, 2.3246,
    2.4957, 2.2316, 2.3464, 2.4720, 2.1438, 2.9228, 2.6012, 2.5635, 2.3040, 2.8105,
    2.3933, 2.6657, 2.6643, 2.4210, 2.1185, 2.2083, 2.2715, 2.4474, 2.6187, 2.5627,
    2.1193, 1.9625, 2.3180, 2.3402, 2.5239, 2.5738, 2.4519, 2.1470, 2.5376, 2.3393,
  ]
