================================================================================
W&B ASYNC RUN DATA: changes-TD3-ASYNC-NORMAL-weak-seed55
================================================================================

## RUN METADATA
Run ID: 71w8f6o8
Created: 2026-01-15T17:06:35Z
State: running
Duration: 897.450892658 seconds

## CONFIGURATION
  mode: NORMAL
  opponent: weak
  num_workers: 4
  max_episodes: 100000
  lr_actor: 0.0003
  lr_critic: 0.0003
  batch_size: 128
  buffer_size: 1000000
  eps: 1
  eps_min: 0.05
  eps_decay: 0.99995
  gamma: 0.99
  tau: 0.005
  policy_freq: 2
  target_update_freq: 2
  weight_sync_interval: 5
  use_per: True
  per_alpha: 0.6
  per_beta_start: 0.4
  reward_shaping: True
  pbrs_scale: 0.1
  q_clip: 25
  q_clip_mode: soft
  grad_clip: 1
  hidden_actor: [400, 300]
  hidden_critic: [400, 300, 128]
  eval_interval: 2000
  eval_episodes: 50
  seed: 55

## FINAL SUMMARY

## METRICS DATA

### Performance

**losses** (n=68)
  min=412.0000, max=4499.0000, mean=2598.6176
  [412.0000, 469.0000, 520.0000, 564.0000, 613.0000, 669.0000, 717.0000, 774.0000, 836.0000, 898.0000, 907.0000, 1293.0000, 1337.0000, 1391.0000, 1439.0000, 1493.0000, 1546.0000, 1606.0000, 1657.0000, 1695.0000, 1737.0000, 1788.0000, 1815.0000, 2108.0000, 2150.0000, 2198.0000, 2238.0000, 2288.0000, 2338.0000, 2384.0000, 2428.0000, 2474.0000, 2505.0000, 2542.0000, 2592.0000, 2639.0000, 2687.0000, 2738.0000, 3064.0000, 3117.0000, 3169.0000, 3225.0000, 3273.0000, 3313.0000, 3348.0000, 3388.0000, 3431.0000, 3466.0000, 3510.0000, 3547.0000, 3583.0000, 3623.0000, 3671.0000, 3949.0000, 3997.0000, 4041.0000, 4081.0000, 4123.0000, 4155.0000, 4190.0000, 4232.0000, 4271.0000, 4312.0000, 4351.0000, 4393.0000, 4431.0000, 4468.0000, 4499.0000]

**rolling_win_rate** (n=68)
  min=0.0000, max=0.1600, mean=0.0616
  [0.0600, 0.0500, 0.1000, 0.1400, 0.0800, 0.1600, 0.1200, 0.0700, 0.0400, 0.0800, 0.0900, 0.0700, 0.1300, 0.0700, 0.0600, 0.0400, 0.0600, 0.0500, 0.0400, 0.0700, 0.1200, 0.0600, 0.0600, 0.0500, 0.0800, 0.0400, 0.0600, 0.0900, 0.0500, 0.0100, 0.1200, 0.1600, 0.1200, 0.1600, 0.1600, 0.1100, 0.0700, 0.0700, 0.0500, 0.0300, 0.0200, 0.0300, 0.1100, 0.0500, 0.0500, 0.0200, 0.0200, 0.0100, 0.0600, 0.0200, 0.0200, 0.0000, 0.0300, 0.0300, 0.0500, 0.0100, 0.0300, 0.0400, 0.0500, 0.0400, 0.0300, 0.0400, 0.0300, 0.0000, 0.0400, 0.0400, 0.0400, 0.0300]

**ties** (n=68)
  min=454.0000, max=4769.0000, mean=2698.9412
  [454.0000, 504.0000, 554.0000, 610.0000, 665.0000, 712.0000, 764.0000, 815.0000, 867.0000, 919.0000, 928.0000, 1302.0000, 1359.0000, 1416.0000, 1477.0000, 1531.0000, 1585.0000, 1641.0000, 1696.0000, 1750.0000, 1794.0000, 1840.0000, 1865.0000, 2177.0000, 2224.0000, 2271.0000, 2319.0000, 2363.0000, 2408.0000, 2456.0000, 2498.0000, 2541.0000, 2591.0000, 2636.0000, 2674.0000, 2717.0000, 2764.0000, 2817.0000, 3165.0000, 3208.0000, 3251.0000, 3296.0000, 3339.0000, 3384.0000, 3429.0000, 3475.0000, 3522.0000, 3570.0000, 3614.0000, 3659.0000, 3705.0000, 3754.0000, 3822.0000, 4151.0000, 4192.0000, 4236.0000, 4281.0000, 4321.0000, 4365.0000, 4406.0000, 4450.0000, 4495.0000, 4543.0000, 4590.0000, 4633.0000, 4677.0000, 4722.0000, 4769.0000]

**total_episodes** (n=68)
  min=947.0000, max=9905.0000, mean=5720.7647
  [947.0000, 1060.0000, 1173.0000, 1289.0000, 1403.0000, 1523.0000, 1636.0000, 1751.0000, 1869.0000, 1992.0000, 2012.0000, 2843.0000, 2959.0000, 3079.0000, 3194.0000, 3307.0000, 3420.0000, 3542.0000, 3652.0000, 3751.0000, 3849.0000, 3952.0000, 4007.0000, 4648.0000, 4745.0000, 4844.0000, 4938.0000, 5041.0000, 5141.0000, 5236.0000, 5334.0000, 5439.0000, 5529.0000, 5625.0000, 5729.0000, 5830.0000, 5932.0000, 6044.0000, 6752.0000, 6851.0000, 6948.0000, 7052.0000, 7154.0000, 7244.0000, 7328.0000, 7416.0000, 7508.0000, 7592.0000, 7686.0000, 7769.0000, 7853.0000, 7942.0000, 8061.0000, 8695.0000, 8789.0000, 8878.0000, 8966.0000, 9052.0000, 9133.0000, 9213.0000, 9302.0000, 9389.0000, 9481.0000, 9567.0000, 9656.0000, 9740.0000, 9825.0000, 9905.0000]

**win_rate** (n=68)
  min=0.0643, max=0.0947, mean=0.0776
  [0.0855, 0.0821, 0.0844, 0.0892, 0.0891, 0.0932, 0.0947, 0.0925, 0.0888, 0.0879, 0.0880, 0.0872, 0.0889, 0.0883, 0.0870, 0.0856, 0.0845, 0.0833, 0.0819, 0.0816, 0.0826, 0.0820, 0.0816, 0.0781, 0.0782, 0.0774, 0.0772, 0.0774, 0.0768, 0.0756, 0.0765, 0.0780, 0.0783, 0.0795, 0.0808, 0.0813, 0.0811, 0.0809, 0.0775, 0.0768, 0.0760, 0.0753, 0.0758, 0.0755, 0.0752, 0.0746, 0.0739, 0.0732, 0.0731, 0.0725, 0.0719, 0.0711, 0.0705, 0.0684, 0.0683, 0.0677, 0.0674, 0.0672, 0.0671, 0.0670, 0.0667, 0.0664, 0.0660, 0.0654, 0.0652, 0.0649, 0.0646, 0.0643]

**wins** (n=68)
  min=81.0000, max=637.0000, mean=423.2059
  [81.0000, 87.0000, 99.0000, 115.0000, 125.0000, 142.0000, 155.0000, 162.0000, 166.0000, 175.0000, 177.0000, 248.0000, 263.0000, 272.0000, 278.0000, 283.0000, 289.0000, 295.0000, 299.0000, 306.0000, 318.0000, 324.0000, 327.0000, 363.0000, 371.0000, 375.0000, 381.0000, 390.0000, 395.0000, 396.0000, 408.0000, 424.0000, 433.0000, 447.0000, 463.0000, 474.0000, 481.0000, 489.0000, 523.0000, 526.0000, 528.0000, 531.0000, 542.0000, 547.0000, 551.0000, 553.0000, 555.0000, 556.0000, 562.0000, 563.0000, 565.0000, 565.0000, 568.0000, 595.0000, 600.0000, 601.0000, 604.0000, 608.0000, 613.0000, 617.0000, 620.0000, 623.0000, 626.0000, 626.0000, 630.0000, 632.0000, 635.0000, 637.0000]

### Rewards

**episode_reward** (n=68)
  min=-26.3558, max=-11.8195, mean=-20.8788
  [-16.5286, -16.3906, -17.3077, -15.9088, -17.3683, -16.5642, -17.2724, -18.3831, -18.7305, -18.0309, -17.6475, -18.2920, -18.6207, -20.9505, -20.8315, -22.2091, -22.2949, -20.7001, -20.5916, -20.5256, -19.9782, -20.7369, -20.2421, -21.9954, -20.7449, -22.1257, -21.4192, -18.5738, -21.4616, -22.4227, -15.0621, -14.0715, -12.2752, -11.8195, -13.1714, -16.3247, -19.7615, -22.4517, -21.7558, -22.9759, -22.2982, -23.6298, -19.7364, -24.4036, -24.1531, -23.7850, -23.5630, -26.3558, -21.6582, -23.9687, -24.8422, -24.9952, -25.4432, -24.0279, -22.1606, -24.9765, -24.0716, -23.4137, -21.9521, -23.0585, -24.3073, -25.3643, -23.7731, -25.2568, -23.0497, -22.6430, -23.6920, -24.6622]

**sparse_reward** (n=68)
  min=-26.4374, max=-11.8814, mean=-20.9381
  [-16.5610, -16.4180, -17.3410, -15.9329, -17.4041, -16.5882, -17.3276, -18.4276, -18.7490, -18.0749, -17.6918, -18.3308, -18.6634, -21.0042, -20.8962, -22.2740, -22.3645, -20.7484, -20.6590, -20.5914, -20.0438, -20.7871, -20.2951, -22.0543, -20.8018, -22.2043, -21.4897, -18.6207, -21.5199, -22.5013, -15.1015, -14.1162, -12.3210, -11.8814, -13.2349, -16.3822, -19.8166, -22.5179, -21.8253, -23.0485, -22.3637, -23.6922, -19.8055, -24.4827, -24.2340, -23.8703, -23.6310, -26.4374, -21.7334, -24.0489, -24.9322, -25.0826, -25.5280, -24.1056, -22.2370, -25.0474, -24.1504, -23.4815, -22.0214, -23.1165, -24.3634, -25.4178, -23.8215, -25.3194, -23.0953, -22.6918, -23.7407, -24.7277]

### Training

**buffer_size** (n=68)
  min=162507.0000, max=1000000.0000, mean=775389.6029
  [162507.0000, 180796.0000, 199485.0000, 218800.0000, 238252.0000, 257105.0000, 275989.0000, 295132.0000, 313732.0000, 332176.0000, 448039.0000, 466602.0000, 485414.0000, 504007.0000, 522681.0000, 540876.0000, 558876.0000, 576939.0000, 594839.0000, 611944.0000, 627644.0000, 643143.0000, 738038.0000, 753215.0000, 768587.0000, 784131.0000, 799131.0000, 814051.0000, 829000.0000, 844400.0000, 859600.0000, 875046.0000, 890601.0000, 906053.0000, 921279.0000, 936579.0000, 951804.0000, 1000000.0000, 1000000.0000, 1000000.0000, 1000000.0000, 1000000.0000, 1000000.0000, 1000000.0000, 1000000.0000, 1000000.0000, 1000000.0000, 1000000.0000, 1000000.0000, 1000000.0000, 1000000.0000, 1000000.0000, 1000000.0000, 1000000.0000, 1000000.0000, 1000000.0000, 1000000.0000, 1000000.0000, 1000000.0000, 1000000.0000, 1000000.0000, 1000000.0000, 1000000.0000, 1000000.0000, 1000000.0000, 1000000.0000, 1000000.0000, 1000000.0000]

**elapsed_time** (n=68)
  min=41.4975, max=917.9620, mean=485.2719
  [41.4975, 51.5008, 61.5044, 71.5085, 81.5126, 91.5147, 101.5183, 111.5307, 121.5366, 131.5476, 184.6790, 194.6825, 204.6991, 214.7089, 224.7176, 234.7195, 244.7233, 254.7277, 264.7437, 274.7454, 284.7557, 294.7658, 351.7466, 361.7477, 371.7518, 381.7529, 391.7654, 401.7673, 411.7732, 421.7819, 431.7883, 441.7971, 451.7996, 461.8110, 471.8241, 481.8336, 491.8502, 559.4829, 569.4966, 579.5094, 589.5180, 599.5348, 609.5465, 619.5487, 629.5589, 639.5693, 649.5839, 659.5919, 669.5939, 679.6022, 689.6162, 699.6228, 767.8473, 777.8562, 787.8671, 797.8750, 807.8782, 817.8842, 827.8907, 837.8991, 847.9037, 857.9170, 867.9221, 877.9312, 887.9394, 897.9496, 907.9596, 917.9620]

**episode_length** (n=68)
  min=138.2900, max=182.6000, mean=158.6507
  [182.6000, 158.9700, 168.7000, 166.7400, 170.4100, 151.6200, 168.9200, 163.1800, 156.5700, 154.5700, 151.0900, 148.1400, 160.3200, 150.6600, 168.1200, 158.2500, 157.6000, 145.9200, 166.8700, 174.9800, 156.1700, 150.1500, 154.8400, 163.9800, 160.0600, 154.0600, 157.8900, 143.7700, 147.4600, 162.4100, 154.1100, 144.7900, 172.1100, 158.9600, 145.3200, 148.9400, 151.3700, 150.9200, 156.0500, 145.0400, 145.9800, 138.2900, 144.9200, 159.5400, 169.2900, 165.0900, 160.6900, 167.4400, 150.9800, 161.5300, 168.4800, 164.6700, 174.8200, 163.7100, 148.7900, 154.7600, 159.9800, 153.1300, 165.6000, 178.6000, 159.3200, 161.3300, 157.7200, 164.0000, 152.1600, 161.5800, 162.1000, 171.1200]

**eps_per_sec** (n=68)
  min=10.4982, max=22.8206, mean=12.8720
  [22.8206, 20.5822, 19.0718, 18.0258, 17.2121, 16.6421, 16.1153, 15.6997, 15.3781, 15.1428, 10.8946, 14.6033, 14.4554, 14.3403, 14.2134, 14.0892, 13.9750, 13.9050, 13.7945, 13.6526, 13.5168, 13.4073, 11.3917, 12.8487, 12.7639, 12.6888, 12.6045, 12.5471, 12.4850, 12.4140, 12.3533, 12.3111, 12.2377, 12.1803, 12.1422, 12.0996, 12.0606, 10.8028, 11.8561, 11.8221, 11.7859, 11.7625, 11.7366, 11.6924, 11.6399, 11.5953, 11.5582, 11.5101, 11.4786, 11.4317, 11.3875, 11.3518, 10.4982, 11.1782, 11.1554, 11.1271, 11.0982, 11.0676, 11.0316, 10.9954, 10.9706, 10.9439, 10.9238, 10.8972, 10.8746, 10.8469, 10.8210, 10.7902]

**epsilon** (n=68)
  min=0.6094, max=0.9538, mean=0.7583
  [0.9538, 0.9484, 0.9430, 0.9376, 0.9323, 0.9267, 0.9215, 0.9162, 0.9108, 0.9052, 0.9048, 0.8675, 0.8625, 0.8573, 0.8524, 0.8476, 0.8428, 0.8377, 0.8331, 0.8290, 0.8249, 0.8207, 0.8187, 0.7926, 0.7888, 0.7849, 0.7812, 0.7772, 0.7733, 0.7697, 0.7659, 0.7619, 0.7585, 0.7548, 0.7509, 0.7471, 0.7433, 0.7408, 0.7135, 0.7100, 0.7065, 0.7029, 0.6993, 0.6961, 0.6933, 0.6902, 0.6870, 0.6841, 0.6809, 0.6781, 0.6753, 0.6723, 0.6703, 0.6474, 0.6444, 0.6415, 0.6387, 0.6360, 0.6334, 0.6309, 0.6281, 0.6253, 0.6225, 0.6198, 0.6170, 0.6145, 0.6119, 0.6094]

**train_step** (n=68)
  min=520.0000, max=8198.0000, mean=4358.0588
  [520.0000, 662.0000, 805.0000, 939.0000, 1070.0000, 1200.0000, 1329.0000, 1459.0000, 1589.0000, 1718.0000, 1726.0000, 1833.0000, 1940.0000, 2046.0000, 2154.0000, 2261.0000, 2366.0000, 2472.0000, 2580.0000, 2687.0000, 2811.0000, 2941.0000, 3004.0000, 3127.0000, 3246.0000, 3355.0000, 3484.0000, 3613.0000, 3742.0000, 3853.0000, 3967.0000, 4075.0000, 4182.0000, 4290.0000, 4400.0000, 4507.0000, 4615.0000, 4691.0000, 4812.0000, 4942.0000, 5066.0000, 5181.0000, 5295.0000, 5410.0000, 5529.0000, 5645.0000, 5757.0000, 5873.0000, 5988.0000, 6122.0000, 6230.0000, 6337.0000, 6411.0000, 6538.0000, 6658.0000, 6765.0000, 6873.0000, 7003.0000, 7132.0000, 7258.0000, 7377.0000, 7492.0000, 7600.0000, 7719.0000, 7839.0000, 7960.0000, 8079.0000, 8198.0000]

### Losses

**actor_loss** (n=68)
  min=0.2006, max=1.7656, mean=0.9354
  [0.2006, 0.2162, 0.2405, 0.2594, 0.2807, 0.3007, 0.3285, 0.3505, 0.3732, 0.4019, 0.4048, 0.4335, 0.4538, 0.4797, 0.5053, 0.5263, 0.5500, 0.5742, 0.5938, 0.6175, 0.6503, 0.6786, 0.6911, 0.7197, 0.7535, 0.7828, 0.8193, 0.8480, 0.8771, 0.9093, 0.9290, 0.9491, 0.9674, 0.9838, 0.9936, 0.9899, 0.9964, 1.0031, 0.9636, 0.9646, 0.9836, 1.0099, 1.0372, 1.0593, 1.0792, 1.1171, 1.1493, 1.1781, 1.1931, 1.2312, 1.2660, 1.2938, 1.3107, 1.3393, 1.3735, 1.3870, 1.3951, 1.4297, 1.4754, 1.5244, 1.5533, 1.5607, 1.5936, 1.6368, 1.6818, 1.6972, 1.7224, 1.7656]

**critic_loss** (n=68)
  min=0.0091, max=0.0204, mean=0.0136
  [0.0146, 0.0176, 0.0167, 0.0140, 0.0202, 0.0204, 0.0184, 0.0200, 0.0200, 0.0178, 0.0182, 0.0170, 0.0161, 0.0128, 0.0141, 0.0156, 0.0142, 0.0140, 0.0138, 0.0148, 0.0138, 0.0147, 0.0174, 0.0130, 0.0127, 0.0164, 0.0135, 0.0130, 0.0137, 0.0121, 0.0130, 0.0142, 0.0139, 0.0129, 0.0147, 0.0145, 0.0158, 0.0130, 0.0145, 0.0121, 0.0124, 0.0110, 0.0150, 0.0127, 0.0116, 0.0114, 0.0130, 0.0127, 0.0126, 0.0135, 0.0129, 0.0124, 0.0098, 0.0124, 0.0125, 0.0095, 0.0096, 0.0100, 0.0103, 0.0098, 0.0103, 0.0102, 0.0117, 0.0095, 0.0091, 0.0112, 0.0113, 0.0102]

### Values

**Q_mean** (n=68)
  min=-1.7751, max=-0.2266, mean=-0.9532
  [-0.2266, -0.2465, -0.2705, -0.2907, -0.3130, -0.3331, -0.3626, -0.3798, -0.4076, -0.4348, -0.4371, -0.4626, -0.4809, -0.5047, -0.5327, -0.5493, -0.5727, -0.6003, -0.6140, -0.6440, -0.6681, -0.7022, -0.7130, -0.7453, -0.7748, -0.8081, -0.8316, -0.8595, -0.8960, -0.9176, -0.9468, -0.9564, -0.9782, -0.9774, -0.9961, -1.0009, -1.0018, -1.0055, -0.9446, -0.9719, -1.0003, -1.0250, -1.0486, -1.0731, -1.0937, -1.1356, -1.1616, -1.1939, -1.2207, -1.2477, -1.2853, -1.3221, -1.3184, -1.3393, -1.3764, -1.3811, -1.4209, -1.4463, -1.4990, -1.5283, -1.5744, -1.5834, -1.6172, -1.6453, -1.6889, -1.7101, -1.7456, -1.7751]

**Q_std** (n=68)
  min=0.0128, max=0.0956, mean=0.0553
  [0.0128, 0.0146, 0.0166, 0.0195, 0.0170, 0.0180, 0.0195, 0.0224, 0.0253, 0.0271, 0.0274, 0.0262, 0.0255, 0.0310, 0.0317, 0.0332, 0.0321, 0.0326, 0.0389, 0.0378, 0.0362, 0.0415, 0.0373, 0.0419, 0.0411, 0.0404, 0.0494, 0.0574, 0.0558, 0.0548, 0.0484, 0.0531, 0.0535, 0.0592, 0.0608, 0.0579, 0.0626, 0.0635, 0.0524, 0.0604, 0.0609, 0.0670, 0.0641, 0.0680, 0.0659, 0.0727, 0.0689, 0.0807, 0.0725, 0.0554, 0.0766, 0.0752, 0.0796, 0.0875, 0.0819, 0.0908, 0.0788, 0.0897, 0.0817, 0.0892, 0.0880, 0.0798, 0.0879, 0.0953, 0.0857, 0.0929, 0.0956, 0.0927]

### Gradients

**actor_grad_norm** (n=68)
  min=0.0010, max=0.0346, mean=0.0109
  [0.0011, 0.0010, 0.0030, 0.0030, 0.0036, 0.0040, 0.0039, 0.0109, 0.0059, 0.0042, 0.0045, 0.0089, 0.0082, 0.0057, 0.0068, 0.0049, 0.0028, 0.0025, 0.0020, 0.0027, 0.0040, 0.0067, 0.0064, 0.0045, 0.0049, 0.0073, 0.0086, 0.0074, 0.0099, 0.0115, 0.0156, 0.0181, 0.0189, 0.0188, 0.0220, 0.0275, 0.0211, 0.0152, 0.0071, 0.0057, 0.0046, 0.0025, 0.0029, 0.0042, 0.0059, 0.0115, 0.0166, 0.0219, 0.0185, 0.0102, 0.0092, 0.0122, 0.0122, 0.0085, 0.0078, 0.0110, 0.0100, 0.0094, 0.0121, 0.0190, 0.0239, 0.0222, 0.0179, 0.0168, 0.0218, 0.0336, 0.0346, 0.0300]

**critic_grad_norm** (n=68)
  min=0.0066, max=0.1042, mean=0.0499
  [0.0067, 0.0066, 0.0072, 0.0078, 0.0084, 0.0093, 0.0095, 0.0108, 0.0124, 0.0131, 0.0135, 0.0133, 0.0149, 0.0143, 0.0166, 0.0176, 0.0173, 0.0192, 0.0222, 0.0237, 0.0251, 0.0279, 0.0295, 0.0281, 0.0311, 0.0343, 0.0338, 0.0370, 0.0412, 0.0378, 0.0403, 0.0460, 0.0428, 0.0469, 0.0523, 0.0559, 0.0536, 0.0523, 0.0579, 0.0606, 0.0614, 0.0617, 0.0676, 0.0627, 0.0628, 0.0643, 0.0713, 0.0728, 0.0672, 0.0751, 0.0776, 0.0759, 0.0731, 0.0925, 0.0934, 0.0796, 0.0812, 0.0887, 0.0821, 0.0892, 0.0953, 0.0995, 0.1016, 0.0981, 0.0981, 0.0981, 0.1042, 0.0994]

### Behavior

**action_magnitude** (n=68)
  min=0.7714, max=0.9697, mean=0.8897
  [0.7714, 0.7840, 0.7860, 0.7938, 0.7969, 0.8142, 0.8054, 0.8130, 0.8233, 0.8211, 0.8248, 0.8351, 0.8478, 0.8536, 0.8541, 0.8637, 0.8655, 0.8640, 0.8754, 0.8719, 0.8750, 0.8703, 0.8709, 0.8852, 0.8778, 0.8779, 0.8806, 0.8679, 0.8711, 0.8578, 0.8351, 0.8233, 0.8154, 0.8208, 0.8237, 0.8485, 0.8830, 0.9180, 0.9252, 0.9419, 0.9553, 0.9576, 0.9587, 0.9697, 0.9688, 0.9568, 0.9622, 0.9599, 0.9690, 0.9676, 0.9513, 0.9421, 0.9562, 0.9519, 0.9448, 0.9322, 0.9463, 0.9097, 0.9018, 0.9182, 0.9456, 0.9503, 0.9507, 0.9600, 0.9503, 0.9460, 0.9416, 0.9438]

**puck_distance** (n=68)
  min=2.7778, max=3.7408, mean=3.2528
  [3.0998, 3.0627, 3.0486, 3.0485, 3.1031, 2.9986, 3.0634, 3.1476, 3.0864, 3.0646, 3.0823, 3.0815, 3.1069, 3.2010, 3.2007, 3.1550, 3.1895, 3.2375, 3.1288, 3.2420, 3.3510, 3.1896, 3.2689, 3.2767, 3.2650, 3.1669, 3.1335, 3.1368, 3.2170, 3.3074, 2.9675, 2.9083, 2.8154, 2.7778, 2.8891, 3.1903, 3.1512, 3.2691, 3.2810, 3.2694, 3.3443, 3.2467, 3.3508, 3.3332, 3.4137, 3.3394, 3.3623, 3.4105, 3.2266, 3.2406, 3.3599, 3.3689, 3.4179, 3.3617, 3.3207, 3.3191, 3.2609, 3.2911, 3.3023, 3.4867, 3.6219, 3.6174, 3.7289, 3.7408, 3.6422, 3.6898, 3.6179, 3.5954]

**puck_touches** (n=68)
  min=0.1400, max=1.0400, mean=0.4793
  [0.7900, 0.8600, 0.8000, 0.7400, 0.7500, 0.6300, 0.7000, 0.6900, 0.5400, 0.6600, 0.6600, 0.6600, 0.3900, 0.5000, 0.6000, 0.4600, 0.4300, 0.4100, 0.4800, 0.6100, 0.6100, 0.5100, 0.5800, 0.3900, 0.4100, 0.4300, 0.3700, 0.6200, 0.4100, 0.5700, 0.9600, 0.7300, 0.9400, 1.0400, 0.9100, 0.7500, 0.4800, 0.2400, 0.3400, 0.2900, 0.3300, 0.2700, 0.3900, 0.2800, 0.4300, 0.3300, 0.2900, 0.1700, 0.3900, 0.3000, 0.2400, 0.1800, 0.3000, 0.2200, 0.3700, 0.2500, 0.2600, 0.3700, 0.5600, 0.4900, 0.2600, 0.1900, 0.1400, 0.2000, 0.2900, 0.3400, 0.3800, 0.4300]

### Evaluation

**avg_reward_strong** (n=4)
  min=-25.0087, max=-23.5996, mean=-24.2663
  [-24.0231, -23.5996, -25.0087, -24.4338]

**avg_reward_weak** (n=4)
  min=-26.0058, max=-25.1732, mean=-25.5033
  [-25.2346, -25.1732, -26.0058, -25.5998]

**win_rate_vs_strong** (n=72)
  min=0.0000, max=0.1200, mean=0.0647
  [0.0000, 0.0000, 0.0000, 0.0000, 0.0000, 0.0000, 0.0000, 0.0000, 0.0000, 0.0000, 0.0600, 0.0600, 0.0600, 0.0600, 0.0600, 0.0600, 0.0600, 0.0600, 0.0600, 0.0600, 0.0600, 0.0600, 0.0600, 0.0800, 0.0800, 0.0800, 0.0800, 0.0800, 0.0800, 0.0800, 0.0800, 0.0800, 0.0800, 0.0800, 0.0800, 0.0800, 0.0800, 0.0800, 0.0800, 0.1200, 0.1200, 0.1200, 0.1200, 0.1200, 0.1200, 0.1200, 0.1200, 0.1200, 0.1200, 0.1200, 0.1200, 0.1200, 0.1200, 0.1200, 0.1200, 0.0400, 0.0400, 0.0400, 0.0400, 0.0400, 0.0400, 0.0400, 0.0400, 0.0400, 0.0400, 0.0400, 0.0400, 0.0400, 0.0400, 0.0400, 0.0400, 0.0400]

**win_rate_vs_weak** (n=72)
  min=0.0000, max=0.0400, mean=0.0219
  [0.0000, 0.0000, 0.0000, 0.0000, 0.0000, 0.0000, 0.0000, 0.0000, 0.0000, 0.0000, 0.0200, 0.0200, 0.0200, 0.0200, 0.0200, 0.0200, 0.0200, 0.0200, 0.0200, 0.0200, 0.0200, 0.0200, 0.0200, 0.0400, 0.0400, 0.0400, 0.0400, 0.0400, 0.0400, 0.0400, 0.0400, 0.0400, 0.0400, 0.0400, 0.0400, 0.0400, 0.0400, 0.0400, 0.0400, 0.0000, 0.0000, 0.0000, 0.0000, 0.0000, 0.0000, 0.0000, 0.0000, 0.0000, 0.0000, 0.0000, 0.0000, 0.0000, 0.0000, 0.0000, 0.0000, 0.0400, 0.0400, 0.0400, 0.0400, 0.0400, 0.0400, 0.0400, 0.0400, 0.0400, 0.0400, 0.0400, 0.0400, 0.0400, 0.0400, 0.0400, 0.0400, 0.0400]

### Scoring

**goals_conceded** (n=68)
  min=412.0000, max=4499.0000, mean=2598.6176
  [412.0000, 469.0000, 520.0000, 564.0000, 613.0000, 669.0000, 717.0000, 774.0000, 836.0000, 898.0000, 907.0000, 1293.0000, 1337.0000, 1391.0000, 1439.0000, 1493.0000, 1546.0000, 1606.0000, 1657.0000, 1695.0000, 1737.0000, 1788.0000, 1815.0000, 2108.0000, 2150.0000, 2198.0000, 2238.0000, 2288.0000, 2338.0000, 2384.0000, 2428.0000, 2474.0000, 2505.0000, 2542.0000, 2592.0000, 2639.0000, 2687.0000, 2738.0000, 3064.0000, 3117.0000, 3169.0000, 3225.0000, 3273.0000, 3313.0000, 3348.0000, 3388.0000, 3431.0000, 3466.0000, 3510.0000, 3547.0000, 3583.0000, 3623.0000, 3671.0000, 3949.0000, 3997.0000, 4041.0000, 4081.0000, 4123.0000, 4155.0000, 4190.0000, 4232.0000, 4271.0000, 4312.0000, 4351.0000, 4393.0000, 4431.0000, 4468.0000, 4499.0000]

**goals_scored** (n=68)
  min=81.0000, max=637.0000, mean=423.2059
  [81.0000, 87.0000, 99.0000, 115.0000, 125.0000, 142.0000, 155.0000, 162.0000, 166.0000, 175.0000, 177.0000, 248.0000, 263.0000, 272.0000, 278.0000, 283.0000, 289.0000, 295.0000, 299.0000, 306.0000, 318.0000, 324.0000, 327.0000, 363.0000, 371.0000, 375.0000, 381.0000, 390.0000, 395.0000, 396.0000, 408.0000, 424.0000, 433.0000, 447.0000, 463.0000, 474.0000, 481.0000, 489.0000, 523.0000, 526.0000, 528.0000, 531.0000, 542.0000, 547.0000, 551.0000, 553.0000, 555.0000, 556.0000, 562.0000, 563.0000, 565.0000, 565.0000, 568.0000, 595.0000, 600.0000, 601.0000, 604.0000, 608.0000, 613.0000, 617.0000, 620.0000, 623.0000, 626.0000, 626.0000, 630.0000, 632.0000, 635.0000, 637.0000]

### PER

**beta** (n=68)
  min=0.4062, max=0.4984, mean=0.4523
  [0.4062, 0.4079, 0.4097, 0.4113, 0.4128, 0.4144, 0.4159, 0.4175, 0.4191, 0.4206, 0.4207, 0.4220, 0.4233, 0.4246, 0.4258, 0.4271, 0.4284, 0.4297, 0.4310, 0.4322, 0.4337, 0.4353, 0.4360, 0.4375, 0.4390, 0.4403, 0.4418, 0.4434, 0.4449, 0.4462, 0.4476, 0.4489, 0.4502, 0.4515, 0.4528, 0.4541, 0.4554, 0.4563, 0.4577, 0.4593, 0.4608, 0.4622, 0.4635, 0.4649, 0.4663, 0.4677, 0.4691, 0.4705, 0.4719, 0.4735, 0.4748, 0.4760, 0.4769, 0.4785, 0.4799, 0.4812, 0.4825, 0.4840, 0.4856, 0.4871, 0.4885, 0.4899, 0.4912, 0.4926, 0.4941, 0.4955, 0.4969, 0.4984]

**max_priority** (n=68)
  min=9.7987, max=9.9927, mean=9.9475
  [9.7987, 9.7987, 9.7987, 9.8210, 9.8210, 9.8210, 9.8886, 9.8886, 9.8886, 9.8886, 9.8886, 9.8886, 9.8886, 9.8886, 9.8886, 9.8886, 9.8886, 9.8886, 9.8886, 9.8886, 9.8886, 9.8886, 9.8886, 9.8886, 9.8886, 9.9927, 9.9927, 9.9927, 9.9927, 9.9927, 9.9927, 9.9927, 9.9927, 9.9927, 9.9927, 9.9927, 9.9927, 9.9927, 9.9927, 9.9927, 9.9927, 9.9927, 9.9927, 9.9927, 9.9927, 9.9927, 9.9927, 9.9927, 9.9927, 9.9927, 9.9927, 9.9927, 9.9927, 9.9927, 9.9927, 9.9927, 9.9927, 9.9927, 9.9927, 9.9927, 9.9927, 9.9927, 9.9927, 9.9927, 9.9927, 9.9927, 9.9927, 9.9927]

### Async

**avg_train_time** (n=68)
  min=0.0621, max=0.0792, mean=0.0754
  [0.0621, 0.0631, 0.0636, 0.0646, 0.0656, 0.0664, 0.0671, 0.0676, 0.0681, 0.0685, 0.0685, 0.0697, 0.0709, 0.0719, 0.0727, 0.0735, 0.0743, 0.0749, 0.0755, 0.0761, 0.0761, 0.0759, 0.0759, 0.0759, 0.0760, 0.0764, 0.0763, 0.0762, 0.0761, 0.0763, 0.0765, 0.0769, 0.0772, 0.0774, 0.0777, 0.0779, 0.0782, 0.0783, 0.0783, 0.0782, 0.0781, 0.0782, 0.0784, 0.0784, 0.0785, 0.0785, 0.0786, 0.0786, 0.0786, 0.0785, 0.0786, 0.0788, 0.0789, 0.0788, 0.0788, 0.0790, 0.0791, 0.0790, 0.0789, 0.0788, 0.0789, 0.0790, 0.0791, 0.0791, 0.0791, 0.0791, 0.0792, 0.0792]

**buffer_queue_size** (n=68)
  min=0.0000, max=100.0000, mean=1.4706
  [0.0000, 0.0000, 0.0000, 0.0000, 0.0000, 0.0000, 0.0000, 0.0000, 0.0000, 0.0000, 0.0000, 0.0000, 0.0000, 0.0000, 0.0000, 100.0000, 0.0000, 0.0000, 0.0000, 0.0000, 0.0000, 0.0000, 0.0000, 0.0000, 0.0000, 0.0000, 0.0000, 0.0000, 0.0000, 0.0000, 0.0000, 0.0000, 0.0000, 0.0000, 0.0000, 0.0000, 0.0000, 0.0000, 0.0000, 0.0000, 0.0000, 0.0000, 0.0000, 0.0000, 0.0000, 0.0000, 0.0000, 0.0000, 0.0000, 0.0000, 0.0000, 0.0000, 0.0000, 0.0000, 0.0000, 0.0000, 0.0000, 0.0000, 0.0000, 0.0000, 0.0000, 0.0000, 0.0000, 0.0000, 0.0000, 0.0000, 0.0000, 0.0000]

**collector_episodes** (n=68)
  min=947.0000, max=9905.0000, mean=5720.7647
  [947.0000, 1060.0000, 1173.0000, 1289.0000, 1403.0000, 1523.0000, 1636.0000, 1751.0000, 1869.0000, 1992.0000, 2012.0000, 2843.0000, 2959.0000, 3079.0000, 3194.0000, 3307.0000, 3420.0000, 3542.0000, 3652.0000, 3751.0000, 3849.0000, 3952.0000, 4007.0000, 4648.0000, 4745.0000, 4844.0000, 4938.0000, 5041.0000, 5141.0000, 5236.0000, 5334.0000, 5439.0000, 5529.0000, 5625.0000, 5729.0000, 5830.0000, 5932.0000, 6044.0000, 6752.0000, 6851.0000, 6948.0000, 7052.0000, 7154.0000, 7244.0000, 7328.0000, 7416.0000, 7508.0000, 7592.0000, 7686.0000, 7769.0000, 7853.0000, 7942.0000, 8061.0000, 8695.0000, 8789.0000, 8878.0000, 8966.0000, 9052.0000, 9133.0000, 9213.0000, 9302.0000, 9389.0000, 9481.0000, 9567.0000, 9656.0000, 9740.0000, 9825.0000, 9905.0000]

**num_workers** (n=68)
  min=4.0000, max=4.0000, mean=4.0000
  [4.0000, 4.0000, 4.0000, 4.0000, 4.0000, 4.0000, 4.0000, 4.0000, 4.0000, 4.0000, 4.0000, 4.0000, 4.0000, 4.0000, 4.0000, 4.0000, 4.0000, 4.0000, 4.0000, 4.0000, 4.0000, 4.0000, 4.0000, 4.0000, 4.0000, 4.0000, 4.0000, 4.0000, 4.0000, 4.0000, 4.0000, 4.0000, 4.0000, 4.0000, 4.0000, 4.0000, 4.0000, 4.0000, 4.0000, 4.0000, 4.0000, 4.0000, 4.0000, 4.0000, 4.0000, 4.0000, 4.0000, 4.0000, 4.0000, 4.0000, 4.0000, 4.0000, 4.0000, 4.0000, 4.0000, 4.0000, 4.0000, 4.0000, 4.0000, 4.0000, 4.0000, 4.0000, 4.0000, 4.0000, 4.0000, 4.0000, 4.0000, 4.0000]

**train_steps** (n=68)
  min=520.0000, max=8198.0000, mean=4358.0588
  [520.0000, 662.0000, 805.0000, 939.0000, 1070.0000, 1200.0000, 1329.0000, 1459.0000, 1589.0000, 1718.0000, 1726.0000, 1833.0000, 1940.0000, 2046.0000, 2154.0000, 2261.0000, 2366.0000, 2472.0000, 2580.0000, 2687.0000, 2811.0000, 2941.0000, 3004.0000, 3127.0000, 3246.0000, 3355.0000, 3484.0000, 3613.0000, 3742.0000, 3853.0000, 3967.0000, 4075.0000, 4182.0000, 4290.0000, 4400.0000, 4507.0000, 4615.0000, 4691.0000, 4812.0000, 4942.0000, 5066.0000, 5181.0000, 5295.0000, 5410.0000, 5529.0000, 5645.0000, 5757.0000, 5873.0000, 5988.0000, 6122.0000, 6230.0000, 6337.0000, 6411.0000, 6538.0000, 6658.0000, 6765.0000, 6873.0000, 7003.0000, 7132.0000, 7258.0000, 7377.0000, 7492.0000, 7600.0000, 7719.0000, 7839.0000, 7960.0000, 8079.0000, 8198.0000]
