================================================================================
W&B ASYNC RUN DATA: 256-async-TD3-ASYNC-NORMAL-strong-seed55
================================================================================

## RUN METADATA
Run ID: d03viipz
Created: 2026-01-15T15:46:44Z
State: running
Duration: 3731.200838417 seconds

## CONFIGURATION
  mode: NORMAL
  opponent: strong
  num_workers: 4
  max_episodes: 100000
  lr_actor: 0.0003
  lr_critic: 0.0003
  batch_size: 256
  buffer_size: 1000000
  eps: 1
  eps_min: 0.05
  eps_decay: 0.99995
  gamma: 0.99
  tau: 0.005
  policy_freq: 2
  target_update_freq: 2
  weight_sync_interval: 50
  use_per: True
  per_alpha: 0.6
  per_beta_start: 0.4
  reward_shaping: True
  pbrs_scale: 0.5
  q_clip: 25
  q_clip_mode: soft
  grad_clip: 1
  hidden_actor: [400, 300]
  hidden_critic: [400, 300, 128]
  eval_interval: 2000
  eval_episodes: 50
  seed: 55

## FINAL SUMMARY

## NOTE: Data discretized to fit 100000 char limit
  Showing ~66 points per metric

## METRICS DATA

### Performance

**losses** (n=100)
  min=88.0000, max=14864.0000, mean=7608.5100
  [88.0000, 143.0000, 206.0000, 264.0000, 318.0000, 374.0000, 429.0000, 496.0000, 547.0000, 596.0000, 646.0000, 682.0000, 733.0000, 773.0000, 816.0000, 825.0000, 1157.0000, 1197.0000, 1247.0000, 1297.0000, 1342.0000, 1379.0000, 1422.0000, 1463.0000, 1502.0000, 1536.0000, 1563.0000, 1607.0000, 1639.0000, 1861.0000, 1885.0000, 1917.0000, 1965.0000, 2009.0000, 2049.0000, 2088.0000, 2123.0000, 2170.0000, 2208.0000, 2245.0000, 2279.0000, 2323.0000, 2351.0000, 2625.0000, 2651.0000, 2678.0000, 2707.0000, 2735.0000, 2761.0000, 2785.0000, 12445.0000, 12672.0000, 12712.0000, 12752.0000, 12791.0000, 12824.0000, 12858.0000, 12897.0000, 12930.0000, 12969.0000, 13013.0000, 13047.0000, 13087.0000, 13116.0000, 13155.0000, 13188.0000, 13235.0000, 13283.0000, 13319.0000, 13514.0000, 13552.0000, 13600.0000, 13646.0000, 13693.0000, 13730.0000, 13786.0000, 13815.0000, 13851.0000, 13885.0000, 13915.0000, 13951.0000, 13986.0000, 14041.0000, 14084.0000, 14124.0000, 14156.0000, 14204.0000, 14260.0000, 14493.0000, 14535.0000, 14562.0000, 14595.0000, 14629.0000, 14652.0000, 14675.0000, 14710.0000, 14740.0000, 14782.0000, 14826.0000, 14864.0000]

**rolling_win_rate** (n=100)
  min=0.0600, max=0.3000, mean=0.1574
  [0.1500, 0.0800, 0.1900, 0.2000, 0.2000, 0.1300, 0.1700, 0.1100, 0.1500, 0.1700, 0.1100, 0.1100, 0.0800, 0.1500, 0.0900, 0.0800, 0.0800, 0.1300, 0.0700, 0.0800, 0.0900, 0.1100, 0.1300, 0.1300, 0.1400, 0.1400, 0.1100, 0.1400, 0.1600, 0.2100, 0.1500, 0.2100, 0.1900, 0.1400, 0.1700, 0.2000, 0.2600, 0.1800, 0.2400, 0.2200, 0.3000, 0.1700, 0.2300, 0.1300, 0.1200, 0.1800, 0.2000, 0.1200, 0.1300, 0.1000, 0.1500, 0.1500, 0.1400, 0.2200, 0.2800, 0.1700, 0.1400, 0.1500, 0.1300, 0.0900, 0.1900, 0.1800, 0.2000, 0.1800, 0.2000, 0.2300, 0.2200, 0.1700, 0.1700, 0.1400, 0.1400, 0.1400, 0.1900, 0.1400, 0.1500, 0.1700, 0.2200, 0.1600, 0.1500, 0.1900, 0.1900, 0.1600, 0.1600, 0.0600, 0.1700, 0.2700, 0.1700, 0.1800, 0.1600, 0.1400, 0.0900, 0.0900, 0.1400, 0.1600, 0.1100, 0.1700, 0.1600, 0.1300, 0.1600, 0.1900]

**ties** (n=100)
  min=119.0000, max=14153.0000, mean=7449.3700
  [119.0000, 184.0000, 253.0000, 316.0000, 381.0000, 439.0000, 502.0000, 553.0000, 610.0000, 652.0000, 698.0000, 751.0000, 798.0000, 849.0000, 894.0000, 913.0000, 1243.0000, 1292.0000, 1344.0000, 1397.0000, 1449.0000, 1505.0000, 1553.0000, 1603.0000, 1654.0000, 1708.0000, 1768.0000, 1821.0000, 1863.0000, 2219.0000, 2273.0000, 2325.0000, 2362.0000, 2408.0000, 2451.0000, 2498.0000, 2544.0000, 2588.0000, 2636.0000, 2680.0000, 2724.0000, 2771.0000, 2802.0000, 3136.0000, 3185.0000, 3226.0000, 3270.0000, 3313.0000, 3356.0000, 3405.0000, 12046.0000, 12221.0000, 12258.0000, 12293.0000, 12321.0000, 12359.0000, 12397.0000, 12431.0000, 12472.0000, 12511.0000, 12541.0000, 12577.0000, 12615.0000, 12654.0000, 12689.0000, 12728.0000, 12757.0000, 12788.0000, 12817.0000, 12980.0000, 13016.0000, 13051.0000, 13081.0000, 13117.0000, 13154.0000, 13182.0000, 13216.0000, 13256.0000, 13294.0000, 13335.0000, 13370.0000, 13410.0000, 13443.0000, 13481.0000, 13518.0000, 13551.0000, 13582.0000, 13611.0000, 13754.0000, 13788.0000, 13827.0000, 13865.0000, 13904.0000, 13947.0000, 13989.0000, 14025.0000, 14061.0000, 14094.0000, 14123.0000, 14153.0000]

**total_episodes** (n=100)
  min=239.0000, max=35454.0000, mean=18317.2800
  [239.0000, 369.0000, 524.0000, 673.0000, 815.0000, 946.0000, 1086.0000, 1221.0000, 1345.0000, 1455.0000, 1564.0000, 1664.0000, 1771.0000, 1878.0000, 1975.0000, 2005.0000, 2754.0000, 2857.0000, 2968.0000, 3082.0000, 3188.0000, 3293.0000, 3399.0000, 3503.0000, 3608.0000, 3712.0000, 3809.0000, 3920.0000, 4008.0000, 4677.0000, 4768.0000, 4873.0000, 4980.0000, 5084.0000, 5184.0000, 5290.0000, 5398.0000, 5512.0000, 5624.0000, 5730.0000, 5839.0000, 5947.0000, 6024.0000, 6755.0000, 6840.0000, 6925.0000, 7014.0000, 7093.0000, 7173.0000, 7253.0000, 30016.0000, 30491.0000, 30580.0000, 30675.0000, 30770.0000, 30856.0000, 30937.0000, 31025.0000, 31110.0000, 31197.0000, 31288.0000, 31373.0000, 31471.0000, 31554.0000, 31647.0000, 31740.0000, 31836.0000, 31931.0000, 32011.0000, 32423.0000, 32508.0000, 32605.0000, 32700.0000, 32796.0000, 32883.0000, 32985.0000, 33067.0000, 33155.0000, 33239.0000, 33327.0000, 33416.0000, 33505.0000, 33609.0000, 33696.0000, 33789.0000, 33880.0000, 33975.0000, 34079.0000, 34554.0000, 34642.0000, 34713.0000, 34792.0000, 34877.0000, 34954.0000, 35027.0000, 35114.0000, 35194.0000, 35280.0000, 35368.0000, 35454.0000]

**win_rate** (n=100)
  min=0.1138, max=0.1841, mean=0.1587
  [0.1339, 0.1138, 0.1240, 0.1382, 0.1423, 0.1406, 0.1427, 0.1409, 0.1398, 0.1423, 0.1407, 0.1388, 0.1355, 0.1363, 0.1342, 0.1332, 0.1285, 0.1288, 0.1270, 0.1259, 0.1245, 0.1242, 0.1247, 0.1248, 0.1253, 0.1261, 0.1255, 0.1255, 0.1262, 0.1276, 0.1279, 0.1295, 0.1311, 0.1312, 0.1319, 0.1331, 0.1354, 0.1368, 0.1387, 0.1405, 0.1432, 0.1434, 0.1446, 0.1472, 0.1468, 0.1474, 0.1478, 0.1473, 0.1472, 0.1466, 0.1841, 0.1836, 0.1835, 0.1835, 0.1839, 0.1839, 0.1837, 0.1836, 0.1835, 0.1833, 0.1833, 0.1832, 0.1833, 0.1833, 0.1834, 0.1835, 0.1836, 0.1835, 0.1835, 0.1829, 0.1827, 0.1826, 0.1827, 0.1825, 0.1824, 0.1824, 0.1825, 0.1824, 0.1823, 0.1823, 0.1824, 0.1823, 0.1822, 0.1820, 0.1819, 0.1822, 0.1822, 0.1822, 0.1825, 0.1824, 0.1822, 0.1820, 0.1819, 0.1818, 0.1817, 0.1817, 0.1817, 0.1815, 0.1815, 0.1816]

**wins** (n=100)
  min=32.0000, max=6437.0000, mean=3259.4000
  [32.0000, 42.0000, 65.0000, 93.0000, 116.0000, 133.0000, 155.0000, 172.0000, 188.0000, 207.0000, 220.0000, 231.0000, 240.0000, 256.0000, 265.0000, 267.0000, 354.0000, 368.0000, 377.0000, 388.0000, 397.0000, 409.0000, 424.0000, 437.0000, 452.0000, 468.0000, 478.0000, 492.0000, 506.0000, 597.0000, 610.0000, 631.0000, 653.0000, 667.0000, 684.0000, 704.0000, 731.0000, 754.0000, 780.0000, 805.0000, 836.0000, 853.0000, 871.0000, 994.0000, 1004.0000, 1021.0000, 1037.0000, 1045.0000, 1056.0000, 1063.0000, 5525.0000, 5598.0000, 5610.0000, 5630.0000, 5658.0000, 5673.0000, 5682.0000, 5697.0000, 5708.0000, 5717.0000, 5734.0000, 5749.0000, 5769.0000, 5784.0000, 5803.0000, 5824.0000, 5844.0000, 5860.0000, 5875.0000, 5929.0000, 5940.0000, 5954.0000, 5973.0000, 5986.0000, 5999.0000, 6017.0000, 6036.0000, 6048.0000, 6060.0000, 6077.0000, 6095.0000, 6109.0000, 6125.0000, 6131.0000, 6147.0000, 6173.0000, 6189.0000, 6208.0000, 6307.0000, 6319.0000, 6324.0000, 6332.0000, 6344.0000, 6355.0000, 6363.0000, 6379.0000, 6393.0000, 6404.0000, 6419.0000, 6437.0000]

### Rewards

**episode_reward** (n=100)
  min=-23.0006, max=-7.5049, mean=-14.9292
  [-16.2039, -16.6015, -13.6329, -13.3192, -13.4904, -15.9361, -15.0332, -16.4877, -16.8270, -15.0578, -18.2008, -17.4776, -18.1687, -16.9202, -17.6019, -19.4523, -20.2898, -18.5909, -21.0251, -18.8392, -21.6336, -18.7152, -19.8941, -19.4917, -20.1594, -19.3047, -19.7357, -17.6378, -17.9171, -16.7028, -16.0526, -12.8038, -12.4286, -13.7704, -13.9049, -12.5344, -10.4024, -11.9462, -8.8658, -11.0369, -9.2538, -13.3165, -12.8852, -18.0679, -19.0065, -16.3199, -17.2975, -19.8498, -19.3646, -22.7685, -10.5146, -10.1921, -11.0986, -8.6211, -7.5049, -11.2990, -14.1442, -15.1586, -15.4402, -14.4837, -11.4311, -11.4855, -9.1528, -11.0063, -9.9295, -9.1045, -9.5846, -10.3234, -10.9862, -13.4204, -11.6086, -11.9039, -13.2032, -13.4023, -15.4249, -12.5396, -11.5793, -15.4546, -12.6809, -11.3523, -13.5277, -14.4695, -14.3845, -17.3135, -14.3483, -14.9687, -14.9312, -11.3043, -11.6369, -14.1992, -17.4238, -23.0006, -19.4266, -16.7761, -20.6907, -16.5879, -17.3758, -18.5973, -15.0860, -10.6166]

**sparse_reward** (n=100)
  min=-23.4243, max=-7.6013, mean=-15.1274
  [-16.3876, -16.7359, -13.6689, -13.4396, -13.5410, -16.0459, -15.2846, -16.5985, -17.0861, -15.3134, -18.4226, -17.7499, -18.4285, -17.1576, -17.9479, -19.8016, -20.6399, -18.8886, -21.4265, -19.0862, -21.9842, -18.9836, -20.2260, -19.8086, -20.4165, -19.4838, -19.9439, -17.7757, -18.0863, -16.8995, -16.2582, -12.9566, -12.5888, -13.9201, -14.0375, -12.7113, -10.4366, -12.1066, -8.8734, -11.0524, -9.3692, -13.3700, -12.9835, -18.1670, -19.1491, -16.4286, -17.4900, -20.0584, -19.6104, -23.0008, -10.6908, -10.3413, -11.2761, -8.7072, -7.6013, -11.4570, -14.3200, -15.3405, -15.6298, -14.7314, -11.5943, -11.6549, -9.1667, -11.1095, -10.0131, -9.2412, -9.7414, -10.4994, -11.1191, -13.5986, -11.7464, -12.0456, -13.4223, -13.6413, -15.6373, -12.7551, -11.8036, -15.6657, -12.9741, -11.5520, -13.8284, -14.6346, -14.5878, -17.6461, -14.6590, -15.2236, -15.1849, -11.4233, -11.9132, -14.4846, -17.7364, -23.4243, -19.6854, -17.0657, -21.0270, -16.8085, -17.5783, -18.8568, -15.2921, -10.7806]

### Training

**buffer_size** (n=100)
  min=41485.0000, max=1000000.0000, mean=809373.3100
  [41485.0000, 68490.0000, 92011.0000, 109418.0000, 129389.0000, 160328.0000, 189440.0000, 212424.0000, 234787.0000, 252537.0000, 270394.0000, 288064.0000, 305663.0000, 323135.0000, 340658.0000, 450673.0000, 468155.0000, 485956.0000, 505077.0000, 523977.0000, 542733.0000, 561297.0000, 579865.0000, 598296.0000, 616600.0000, 634879.0000, 653466.0000, 672038.0000, 787545.0000, 805046.0000, 822930.0000, 841072.0000, 858926.0000, 876907.0000, 894607.0000, 912407.0000, 930307.0000, 948017.0000, 965417.0000, 982915.0000, 1000000.0000, 1000000.0000, 1000000.0000, 1000000.0000, 1000000.0000, 1000000.0000, 1000000.0000, 1000000.0000, 1000000.0000, 1000000.0000, 1000000.0000, 1000000.0000, 1000000.0000, 1000000.0000, 1000000.0000, 1000000.0000, 1000000.0000, 1000000.0000, 1000000.0000, 1000000.0000, 1000000.0000, 1000000.0000, 1000000.0000, 1000000.0000, 1000000.0000, 1000000.0000, 1000000.0000, 1000000.0000, 1000000.0000, 1000000.0000, 1000000.0000, 1000000.0000, 1000000.0000, 1000000.0000, 1000000.0000, 1000000.0000, 1000000.0000, 1000000.0000, 1000000.0000, 1000000.0000, 1000000.0000, 1000000.0000, 1000000.0000, 1000000.0000, 1000000.0000, 1000000.0000, 1000000.0000, 1000000.0000, 1000000.0000, 1000000.0000, 1000000.0000, 1000000.0000, 1000000.0000, 1000000.0000, 1000000.0000, 1000000.0000, 1000000.0000, 1000000.0000, 1000000.0000, 1000000.0000]

**elapsed_time** (n=100)
  min=12.6082, max=3723.2867, mean=1883.1984
  [12.6082, 22.6139, 32.6172, 42.6239, 52.6444, 62.6517, 72.6589, 82.6679, 92.6746, 102.6805, 112.6938, 122.6974, 132.6993, 142.7144, 152.7317, 213.7555, 223.7793, 233.7880, 243.7960, 253.8122, 263.8320, 273.8601, 283.8626, 293.8817, 303.9018, 313.9133, 323.9238, 333.9358, 395.2542, 405.2548, 415.2716, 425.2967, 435.3129, 445.3204, 455.3383, 465.3406, 475.3655, 485.3849, 495.4063, 505.4200, 515.4224, 525.4437, 591.3567, 601.3574, 611.3654, 621.3730, 631.3795, 641.3936, 651.4075, 661.4224, 3166.7953, 3176.8092, 3186.8105, 3196.8181, 3206.8350, 3216.8394, 3226.8552, 3236.8554, 3246.8616, 3256.8687, 3266.8801, 3276.8871, 3286.8949, 3296.9066, 3306.9238, 3316.9285, 3326.9311, 3336.9508, 3378.7802, 3388.7906, 3398.8012, 3408.8036, 3418.8202, 3428.8298, 3438.8440, 3448.8442, 3458.8466, 3468.8557, 3478.8584, 3488.8729, 3498.8812, 3508.8920, 3518.8995, 3528.9079, 3538.9239, 3548.9291, 3558.9397, 3603.1686, 3613.1766, 3623.1874, 3633.1940, 3643.2063, 3653.2188, 3663.2226, 3673.2412, 3683.2534, 3693.2614, 3703.2705, 3713.2736, 3723.2867]

**episode_length** (n=100)
  min=129.7000, max=192.4900, mean=163.1070
  [182.8000, 178.0400, 160.5500, 165.8000, 168.6100, 180.8500, 159.8000, 160.5700, 171.5900, 161.6100, 164.6700, 176.1900, 161.9000, 166.6400, 179.9200, 179.0700, 162.6800, 172.2000, 175.4900, 165.7100, 178.1900, 180.4600, 174.8700, 175.1200, 171.9700, 178.8300, 192.4900, 166.3600, 163.5200, 171.3800, 191.8500, 176.1700, 169.3500, 171.1700, 178.4400, 168.8300, 162.3500, 159.9500, 158.1900, 165.3200, 155.8600, 160.5200, 157.8800, 171.1600, 179.7700, 173.2600, 164.7400, 180.7600, 181.2900, 185.8000, 157.3100, 150.7800, 155.7200, 144.2100, 140.8600, 162.7800, 167.1000, 156.7400, 166.3200, 159.0700, 152.0600, 158.5100, 149.6700, 162.4800, 152.8300, 151.5900, 140.1800, 150.9800, 149.9800, 143.9900, 155.7300, 146.2500, 144.7300, 147.2700, 161.6400, 138.7100, 161.2000, 151.4300, 167.7500, 159.7500, 159.5700, 155.4300, 135.3500, 154.6300, 157.7600, 150.2100, 148.7000, 129.7000, 151.7500, 154.7000, 171.1100, 171.2500, 167.6900, 174.7700, 180.8600, 156.5400, 166.7300, 150.6400, 153.8200, 151.3300]

**eps_per_sec** (n=100)
  min=9.3799, max=18.9559, mean=11.0038
  [18.9559, 16.3174, 16.0651, 15.7893, 15.4812, 15.0994, 14.9466, 14.7699, 14.5132, 14.1702, 13.8783, 13.5618, 13.3460, 13.1592, 12.9312, 9.3799, 12.3068, 12.2205, 12.1741, 12.1428, 12.0834, 12.0244, 11.9741, 11.9198, 11.8723, 11.8249, 11.7589, 11.7388, 10.1403, 11.5409, 11.4816, 11.4579, 11.4400, 11.4165, 11.3849, 11.3680, 11.3555, 11.3559, 11.3523, 11.3371, 11.3286, 11.3181, 10.1867, 11.2329, 11.1881, 11.1447, 11.1090, 11.0587, 11.0115, 10.9658, 9.4784, 9.5980, 9.5958, 9.5955, 9.5951, 9.5920, 9.5874, 9.5849, 9.5816, 9.5788, 9.5773, 9.5740, 9.5747, 9.5708, 9.5699, 9.5691, 9.5692, 9.5689, 9.4741, 9.5677, 9.5645, 9.5649, 9.5647, 9.5648, 9.5622, 9.5641, 9.5601, 9.5579, 9.5546, 9.5524, 9.5505, 9.5486, 9.5510, 9.5486, 9.5478, 9.5465, 9.5464, 9.4581, 9.5633, 9.5612, 9.5544, 9.5498, 9.5469, 9.5419, 9.5357, 9.5334, 9.5292, 9.5267, 9.5247, 9.5222]

**epsilon** (n=100)
  min=0.1699, max=0.9881, mean=0.5137
  [0.9881, 0.9817, 0.9742, 0.9669, 0.9601, 0.9538, 0.9472, 0.9408, 0.9350, 0.9299, 0.9248, 0.9202, 0.9153, 0.9104, 0.9060, 0.9048, 0.8714, 0.8669, 0.8621, 0.8572, 0.8527, 0.8483, 0.8437, 0.8394, 0.8350, 0.8306, 0.8266, 0.8220, 0.8187, 0.7915, 0.7879, 0.7838, 0.7796, 0.7755, 0.7717, 0.7676, 0.7635, 0.7591, 0.7549, 0.7509, 0.7468, 0.7428, 0.7408, 0.7134, 0.7103, 0.7073, 0.7042, 0.7014, 0.6986, 0.6959, 0.2231, 0.2177, 0.2167, 0.2157, 0.2147, 0.2138, 0.2129, 0.2120, 0.2111, 0.2102, 0.2092, 0.2083, 0.2073, 0.2064, 0.2055, 0.2045, 0.2036, 0.2026, 0.2019, 0.1977, 0.1968, 0.1959, 0.1949, 0.1940, 0.1932, 0.1922, 0.1914, 0.1906, 0.1898, 0.1889, 0.1881, 0.1873, 0.1863, 0.1855, 0.1846, 0.1838, 0.1829, 0.1827, 0.1777, 0.1769, 0.1763, 0.1756, 0.1748, 0.1742, 0.1735, 0.1728, 0.1721, 0.1714, 0.1706, 0.1699]

**train_step** (n=100)
  min=0.0000, max=26010.0000, mean=12790.8000
  [0.0000, 27.0000, 143.0000, 244.0000, 343.0000, 437.0000, 531.0000, 624.0000, 717.0000, 806.0000, 896.0000, 984.0000, 1073.0000, 1162.0000, 1251.0000, 1274.0000, 1359.0000, 1452.0000, 1541.0000, 1630.0000, 1718.0000, 1806.0000, 1893.0000, 1981.0000, 2068.0000, 2155.0000, 2243.0000, 2332.0000, 2397.0000, 2482.0000, 2571.0000, 2661.0000, 2750.0000, 2834.0000, 2921.0000, 3010.0000, 3098.0000, 3186.0000, 3274.0000, 3361.0000, 3449.0000, 3538.0000, 3582.0000, 3671.0000, 3769.0000, 3867.0000, 3963.0000, 4058.0000, 4153.0000, 4248.0000, 20959.0000, 21054.0000, 21161.0000, 21272.0000, 21383.0000, 21494.0000, 21604.0000, 21704.0000, 21801.0000, 21913.0000, 22026.0000, 22127.0000, 22223.0000, 22321.0000, 22419.0000, 22513.0000, 22607.0000, 22703.0000, 22770.0000, 22877.0000, 22990.0000, 23100.0000, 23212.0000, 23325.0000, 23438.0000, 23550.0000, 23661.0000, 23769.0000, 23865.0000, 23959.0000, 24053.0000, 24150.0000, 24246.0000, 24343.0000, 24440.0000, 24536.0000, 24633.0000, 24657.0000, 24768.0000, 24881.0000, 24994.0000, 25108.0000, 25222.0000, 25336.0000, 25450.0000, 25562.0000, 25674.0000, 25786.0000, 25898.0000, 26010.0000]

### Losses

**actor_loss** (n=100)
  min=0.0000, max=2.7411, mean=1.5187
  [0.0000, 0.1565, 0.1435, 0.1528, 0.1693, 0.1791, 0.1928, 0.2118, 0.2337, 0.2517, 0.2675, 0.2897, 0.3079, 0.3309, 0.3491, 0.3546, 0.3716, 0.3996, 0.4220, 0.4370, 0.4607, 0.4910, 0.5078, 0.5261, 0.5579, 0.5723, 0.5954, 0.6155, 0.6210, 0.6335, 0.6522, 0.6604, 0.6806, 0.6959, 0.7032, 0.7034, 0.7151, 0.7214, 0.7487, 0.7546, 0.7695, 0.7677, 0.7570, 0.7316, 0.7372, 0.7571, 0.7782, 0.7950, 0.8051, 0.8297, 2.3050, 2.3023, 2.3045, 2.3071, 2.3150, 2.3375, 2.3462, 2.3676, 2.3946, 2.4159, 2.4057, 2.4132, 2.4262, 2.4218, 2.4201, 2.4259, 2.4358, 2.4623, 2.4605, 2.5115, 2.5196, 2.5078, 2.4952, 2.5127, 2.5543, 2.5551, 2.5573, 2.5662, 2.5522, 2.5525, 2.5551, 2.5877, 2.6255, 2.6084, 2.6144, 2.5972, 2.6323, 2.6353, 2.6717, 2.6761, 2.6524, 2.6562, 2.6747, 2.6947, 2.7318, 2.7060, 2.6856, 2.7411, 2.7242, 2.6870]

**critic_loss** (n=100)
  min=0.0000, max=0.0476, mean=0.0340
  [0.0000, 0.0476, 0.0286, 0.0365, 0.0359, 0.0336, 0.0300, 0.0323, 0.0296, 0.0332, 0.0343, 0.0374, 0.0383, 0.0404, 0.0395, 0.0397, 0.0284, 0.0266, 0.0254, 0.0254, 0.0270, 0.0286, 0.0294, 0.0303, 0.0321, 0.0317, 0.0302, 0.0309, 0.0338, 0.0261, 0.0266, 0.0262, 0.0279, 0.0278, 0.0273, 0.0300, 0.0305, 0.0314, 0.0323, 0.0333, 0.0357, 0.0346, 0.0337, 0.0297, 0.0264, 0.0289, 0.0289, 0.0314, 0.0312, 0.0313, 0.0412, 0.0302, 0.0284, 0.0302, 0.0334, 0.0334, 0.0336, 0.0358, 0.0349, 0.0359, 0.0371, 0.0363, 0.0366, 0.0385, 0.0382, 0.0388, 0.0380, 0.0407, 0.0408, 0.0328, 0.0299, 0.0321, 0.0342, 0.0361, 0.0366, 0.0364, 0.0372, 0.0402, 0.0408, 0.0417, 0.0421, 0.0429, 0.0418, 0.0444, 0.0424, 0.0399, 0.0407, 0.0429, 0.0328, 0.0307, 0.0341, 0.0319, 0.0340, 0.0343, 0.0371, 0.0382, 0.0382, 0.0408, 0.0416, 0.0428]

### Values

**Q_mean** (n=100)
  min=-2.7611, max=0.0000, mean=-1.5316
  [0.0000, -0.1282, -0.1457, -0.1632, -0.1747, -0.1877, -0.2016, -0.2272, -0.2442, -0.2605, -0.2768, -0.3018, -0.3198, -0.3410, -0.3543, -0.3602, -0.3887, -0.4060, -0.4237, -0.4525, -0.4685, -0.4926, -0.5075, -0.5322, -0.5570, -0.5695, -0.5995, -0.6077, -0.6265, -0.6391, -0.6555, -0.6618, -0.6871, -0.6905, -0.6961, -0.6984, -0.7180, -0.7215, -0.7513, -0.7358, -0.7711, -0.7630, -0.7521, -0.7404, -0.7448, -0.7758, -0.7733, -0.8043, -0.8186, -0.8462, -2.3163, -2.3083, -2.3262, -2.3194, -2.3194, -2.3543, -2.3711, -2.4039, -2.3945, -2.4227, -2.4197, -2.4369, -2.4402, -2.4541, -2.4306, -2.4373, -2.4569, -2.4936, -2.4921, -2.5328, -2.5139, -2.5266, -2.5040, -2.5361, -2.5722, -2.5714, -2.5676, -2.6137, -2.5819, -2.5967, -2.6097, -2.6301, -2.6569, -2.6252, -2.6661, -2.6083, -2.6717, -2.6519, -2.6891, -2.6696, -2.6854, -2.6785, -2.7017, -2.7378, -2.7611, -2.7063, -2.7435, -2.7468, -2.7150, -2.7259]

**Q_std** (n=100)
  min=0.0000, max=0.2115, mean=0.1152
  [0.0000, 0.0195, 0.0137, 0.0137, 0.0172, 0.0145, 0.0241, 0.0264, 0.0215, 0.0247, 0.0262, 0.0267, 0.0242, 0.0288, 0.0314, 0.0335, 0.0316, 0.0343, 0.0310, 0.0358, 0.0353, 0.0377, 0.0402, 0.0439, 0.0488, 0.0456, 0.0496, 0.0630, 0.0584, 0.0526, 0.0657, 0.0596, 0.0598, 0.0629, 0.0731, 0.0685, 0.0781, 0.0763, 0.0727, 0.0790, 0.0796, 0.0723, 0.0752, 0.0780, 0.0792, 0.0841, 0.0857, 0.0900, 0.0921, 0.0895, 0.1838, 0.1651, 0.1671, 0.1875, 0.1759, 0.1812, 0.1655, 0.1708, 0.1993, 0.1746, 0.1987, 0.1869, 0.1648, 0.1678, 0.1709, 0.1692, 0.1942, 0.1655, 0.1736, 0.1449, 0.1768, 0.1784, 0.1930, 0.1816, 0.1714, 0.1996, 0.1972, 0.1822, 0.1732, 0.1879, 0.2025, 0.1695, 0.1623, 0.1631, 0.1812, 0.2115, 0.1857, 0.1833, 0.1924, 0.1885, 0.1888, 0.1721, 0.1751, 0.2064, 0.2030, 0.1838, 0.1833, 0.1756, 0.1894, 0.1822]

### Gradients

**actor_grad_norm** (n=100)
  min=0.0000, max=0.0804, mean=0.0461
  [0.0000, 0.0577, 0.0355, 0.0494, 0.0485, 0.0387, 0.0268, 0.0077, 0.0023, 0.0023, 0.0022, 0.0015, 0.0011, 0.0015, 0.0018, 0.0021, 0.0025, 0.0031, 0.0039, 0.0043, 0.0042, 0.0068, 0.0133, 0.0169, 0.0195, 0.0248, 0.0253, 0.0234, 0.0222, 0.0260, 0.0284, 0.0298, 0.0328, 0.0314, 0.0352, 0.0313, 0.0302, 0.0352, 0.0362, 0.0421, 0.0442, 0.0459, 0.0464, 0.0461, 0.0449, 0.0428, 0.0482, 0.0443, 0.0382, 0.0379, 0.0719, 0.0699, 0.0648, 0.0629, 0.0730, 0.0680, 0.0628, 0.0587, 0.0627, 0.0655, 0.0641, 0.0645, 0.0713, 0.0700, 0.0668, 0.0695, 0.0746, 0.0682, 0.0699, 0.0646, 0.0622, 0.0612, 0.0598, 0.0662, 0.0643, 0.0646, 0.0645, 0.0684, 0.0694, 0.0635, 0.0643, 0.0720, 0.0693, 0.0696, 0.0748, 0.0731, 0.0797, 0.0788, 0.0796, 0.0719, 0.0745, 0.0804, 0.0668, 0.0602, 0.0588, 0.0533, 0.0573, 0.0637, 0.0619, 0.0622]

**critic_grad_norm** (n=100)
  min=0.0000, max=0.3293, mean=0.1793
  [0.0000, 0.0628, 0.0216, 0.0215, 0.0248, 0.0291, 0.0339, 0.0345, 0.0363, 0.0392, 0.0423, 0.0445, 0.0496, 0.0554, 0.0541, 0.0555, 0.0530, 0.0568, 0.0517, 0.0539, 0.0581, 0.0619, 0.0652, 0.0685, 0.0711, 0.0749, 0.0777, 0.0818, 0.0831, 0.0855, 0.0777, 0.0811, 0.0934, 0.0838, 0.0920, 0.0944, 0.0961, 0.1042, 0.1040, 0.1026, 0.1140, 0.1125, 0.1159, 0.1125, 0.1019, 0.1105, 0.1086, 0.1205, 0.1187, 0.1168, 0.2946, 0.2699, 0.2528, 0.2634, 0.2965, 0.2673, 0.2662, 0.2951, 0.2860, 0.2722, 0.2823, 0.2943, 0.2553, 0.2836, 0.3039, 0.3284, 0.2857, 0.2761, 0.2871, 0.2506, 0.2483, 0.2598, 0.2638, 0.2707, 0.3036, 0.2733, 0.2870, 0.3273, 0.3191, 0.2985, 0.3025, 0.3293, 0.3119, 0.3207, 0.3071, 0.2815, 0.2945, 0.3029, 0.2539, 0.2747, 0.2729, 0.2567, 0.2673, 0.3113, 0.2823, 0.2983, 0.2659, 0.3111, 0.2965, 0.3158]

### Behavior

**action_magnitude** (n=100)
  min=0.7542, max=1.1464, mean=0.9526
  [0.7638, 0.7542, 0.7611, 0.7557, 0.7587, 0.7639, 0.7689, 0.7717, 0.7891, 0.7839, 0.7956, 0.8019, 0.8025, 0.8110, 0.8173, 0.8184, 0.8301, 0.8241, 0.8297, 0.8351, 0.8307, 0.8254, 0.8061, 0.8213, 0.8338, 0.8358, 0.8294, 0.8401, 0.8502, 0.8348, 0.8510, 0.8440, 0.8460, 0.8550, 0.8575, 0.8618, 0.8654, 0.8739, 0.8765, 0.8718, 0.8681, 0.8795, 0.8816, 0.8910, 0.9013, 0.9020, 0.8921, 0.8997, 0.8976, 0.9008, 1.0824, 1.0698, 1.0478, 1.0776, 1.0433, 1.0831, 1.1121, 1.1464, 1.1249, 1.1212, 1.1033, 1.0924, 1.0962, 1.0984, 1.1009, 1.0883, 1.0737, 1.0975, 1.0827, 1.0842, 1.0948, 1.0811, 1.0750, 1.0984, 1.0879, 1.0684, 1.0560, 1.0588, 1.0730, 1.0167, 1.0729, 1.0915, 1.0891, 1.0795, 1.0159, 1.0103, 1.0328, 1.0385, 1.0542, 1.0496, 1.0642, 1.0525, 1.0496, 1.0402, 1.0492, 1.0452, 1.0504, 1.0824, 1.0550, 1.0427]

**puck_distance** (n=100)
  min=2.4615, max=3.3373, mean=2.8962
  [3.0067, 2.9628, 2.9685, 2.9624, 2.9325, 2.9415, 2.9659, 3.0207, 2.9966, 2.9092, 3.0194, 2.9611, 2.9435, 3.0198, 2.9959, 2.9303, 3.0673, 3.0056, 3.0954, 3.0857, 3.0395, 2.9980, 3.0706, 3.1239, 3.1006, 3.0984, 3.1911, 3.2361, 3.2387, 3.1796, 3.0946, 3.0357, 2.9362, 2.8922, 2.8889, 2.8803, 3.0967, 3.0675, 3.1153, 3.1883, 2.9399, 3.1615, 3.2085, 3.3373, 3.1824, 3.2220, 3.2758, 3.1643, 3.1948, 3.3285, 2.5955, 2.6423, 2.4715, 2.5265, 2.4615, 2.5966, 2.7304, 2.8453, 2.8565, 2.5907, 2.5253, 2.5259, 2.6263, 2.4927, 2.5842, 2.6692, 2.6607, 2.7868, 2.7341, 2.7478, 2.7890, 2.7494, 2.7816, 2.8405, 2.7970, 2.7743, 2.6916, 2.7234, 2.6199, 2.7173, 2.7273, 2.8125, 2.8547, 2.8422, 2.6932, 2.8300, 2.9075, 2.7369, 2.7308, 2.7205, 2.7828, 3.0720, 2.9528, 2.8232, 2.9090, 2.7218, 2.8683, 2.9954, 2.7093, 2.5019]

**puck_touches** (n=100)
  min=0.4200, max=1.3100, mean=0.8150
  [0.7800, 0.6900, 0.8100, 0.9500, 0.9200, 0.8100, 0.7900, 0.7400, 0.7600, 0.8300, 0.7400, 0.6900, 0.6100, 0.6200, 0.7700, 0.7200, 0.6200, 0.6900, 0.6800, 0.7800, 0.6800, 0.7100, 0.9100, 0.7200, 0.5600, 0.6700, 0.7300, 0.5800, 0.5500, 0.5600, 0.8300, 1.0200, 0.9800, 0.7100, 0.7500, 0.6900, 0.7600, 0.9100, 1.0200, 0.8600, 1.1600, 0.8500, 0.9700, 0.7000, 0.6300, 0.6000, 0.4900, 0.5300, 0.6700, 0.5000, 0.8400, 1.0800, 0.8600, 0.9200, 0.9600, 0.8900, 1.1700, 0.9700, 0.6800, 0.6400, 0.7700, 0.6500, 0.9500, 0.6300, 1.0500, 0.9200, 0.8400, 1.0000, 1.0800, 0.8300, 0.9500, 0.9100, 0.8000, 0.8500, 0.7700, 1.1300, 1.1300, 0.6500, 0.8400, 1.0100, 1.3100, 0.9800, 0.9500, 0.9900, 1.0700, 0.8400, 0.9600, 1.0700, 0.8800, 0.8200, 0.7500, 0.4200, 0.6900, 0.8000, 0.5700, 0.7400, 0.8000, 0.6900, 0.9700, 1.1300]

### Evaluation

**avg_reward_strong** (n=17)
  min=-27.6627, max=-7.9414, mean=-13.4832
  [-24.4003, -15.5389, -27.6627, -26.1564, -12.9336, -11.6798, -13.6756, -7.9414, -8.7570, -7.9612, -8.6313, -10.7583, -8.6219, -10.4502, -11.9987, -11.9804, -10.0659]

**avg_reward_weak** (n=17)
  min=-27.5439, max=-7.7633, mean=-14.4440
  [-25.1873, -15.9589, -27.3645, -27.5439, -14.8180, -11.2504, -15.4232, -11.3087, -8.0123, -7.7633, -8.7540, -13.6224, -12.7125, -13.2290, -12.7741, -10.1021, -9.7239]

**win_rate_vs_strong** (n=100)
  min=0.0000, max=0.1800, mean=0.0932
  [0.0000, 0.0000, 0.0000, 0.0000, 0.0000, 0.0000, 0.0000, 0.0000, 0.0000, 0.0000, 0.0000, 0.0000, 0.0000, 0.0000, 0.0000, 0.0600, 0.0600, 0.0600, 0.0600, 0.0600, 0.0600, 0.0600, 0.0600, 0.0600, 0.0600, 0.0600, 0.0600, 0.0600, 0.0600, 0.1200, 0.1200, 0.1200, 0.1200, 0.1200, 0.1200, 0.1200, 0.1200, 0.1200, 0.1200, 0.1200, 0.1200, 0.1200, 0.1200, 0.1200, 0.0600, 0.0600, 0.0600, 0.0600, 0.0600, 0.0600, 0.1800, 0.1800, 0.1800, 0.1800, 0.1800, 0.1800, 0.1800, 0.1800, 0.1800, 0.1800, 0.1800, 0.1800, 0.1800, 0.1800, 0.1800, 0.1800, 0.0600, 0.0600, 0.0600, 0.0600, 0.0600, 0.0600, 0.0600, 0.0600, 0.0600, 0.0600, 0.0600, 0.0600, 0.0600, 0.0600, 0.0600, 0.0600, 0.0600, 0.0600, 0.0600, 0.0600, 0.1600, 0.1600, 0.1600, 0.1600, 0.1600, 0.1600, 0.1600, 0.1600, 0.1600, 0.1600, 0.1600, 0.1600, 0.1600, 0.1600]

**win_rate_vs_weak** (n=100)
  min=0.0000, max=0.1400, mean=0.0862
  [0.0000, 0.0000, 0.0000, 0.0000, 0.0000, 0.0000, 0.0000, 0.0000, 0.0000, 0.0000, 0.0000, 0.0000, 0.0000, 0.0000, 0.0000, 0.0000, 0.0000, 0.0000, 0.0000, 0.0000, 0.0000, 0.0000, 0.0000, 0.0000, 0.0000, 0.0000, 0.0000, 0.0000, 0.0000, 0.1000, 0.1000, 0.1000, 0.1000, 0.1000, 0.1000, 0.1000, 0.1000, 0.1000, 0.1000, 0.1000, 0.1000, 0.1000, 0.1000, 0.1000, 0.0200, 0.0200, 0.0200, 0.0200, 0.0200, 0.0200, 0.1400, 0.1400, 0.1400, 0.1400, 0.1400, 0.1400, 0.1400, 0.1400, 0.1400, 0.1400, 0.1400, 0.1400, 0.1400, 0.1400, 0.1400, 0.1400, 0.1400, 0.1400, 0.1400, 0.1400, 0.1400, 0.1400, 0.1400, 0.1400, 0.1400, 0.1400, 0.1400, 0.1400, 0.1400, 0.1400, 0.1400, 0.1400, 0.1400, 0.1400, 0.1400, 0.1400, 0.1400, 0.1400, 0.1400, 0.1400, 0.1400, 0.1400, 0.1400, 0.1400, 0.1400, 0.1400, 0.1400, 0.1400, 0.1400, 0.1400]

### Scoring

**goals_conceded** (n=100)
  min=88.0000, max=14864.0000, mean=7608.5100
  [88.0000, 143.0000, 206.0000, 264.0000, 318.0000, 374.0000, 429.0000, 496.0000, 547.0000, 596.0000, 646.0000, 682.0000, 733.0000, 773.0000, 816.0000, 825.0000, 1157.0000, 1197.0000, 1247.0000, 1297.0000, 1342.0000, 1379.0000, 1422.0000, 1463.0000, 1502.0000, 1536.0000, 1563.0000, 1607.0000, 1639.0000, 1861.0000, 1885.0000, 1917.0000, 1965.0000, 2009.0000, 2049.0000, 2088.0000, 2123.0000, 2170.0000, 2208.0000, 2245.0000, 2279.0000, 2323.0000, 2351.0000, 2625.0000, 2651.0000, 2678.0000, 2707.0000, 2735.0000, 2761.0000, 2785.0000, 12445.0000, 12672.0000, 12712.0000, 12752.0000, 12791.0000, 12824.0000, 12858.0000, 12897.0000, 12930.0000, 12969.0000, 13013.0000, 13047.0000, 13087.0000, 13116.0000, 13155.0000, 13188.0000, 13235.0000, 13283.0000, 13319.0000, 13514.0000, 13552.0000, 13600.0000, 13646.0000, 13693.0000, 13730.0000, 13786.0000, 13815.0000, 13851.0000, 13885.0000, 13915.0000, 13951.0000, 13986.0000, 14041.0000, 14084.0000, 14124.0000, 14156.0000, 14204.0000, 14260.0000, 14493.0000, 14535.0000, 14562.0000, 14595.0000, 14629.0000, 14652.0000, 14675.0000, 14710.0000, 14740.0000, 14782.0000, 14826.0000, 14864.0000]

**goals_scored** (n=100)
  min=32.0000, max=6437.0000, mean=3259.4000
  [32.0000, 42.0000, 65.0000, 93.0000, 116.0000, 133.0000, 155.0000, 172.0000, 188.0000, 207.0000, 220.0000, 231.0000, 240.0000, 256.0000, 265.0000, 267.0000, 354.0000, 368.0000, 377.0000, 388.0000, 397.0000, 409.0000, 424.0000, 437.0000, 452.0000, 468.0000, 478.0000, 492.0000, 506.0000, 597.0000, 610.0000, 631.0000, 653.0000, 667.0000, 684.0000, 704.0000, 731.0000, 754.0000, 780.0000, 805.0000, 836.0000, 853.0000, 871.0000, 994.0000, 1004.0000, 1021.0000, 1037.0000, 1045.0000, 1056.0000, 1063.0000, 5525.0000, 5598.0000, 5610.0000, 5630.0000, 5658.0000, 5673.0000, 5682.0000, 5697.0000, 5708.0000, 5717.0000, 5734.0000, 5749.0000, 5769.0000, 5784.0000, 5803.0000, 5824.0000, 5844.0000, 5860.0000, 5875.0000, 5929.0000, 5940.0000, 5954.0000, 5973.0000, 5986.0000, 5999.0000, 6017.0000, 6036.0000, 6048.0000, 6060.0000, 6077.0000, 6095.0000, 6109.0000, 6125.0000, 6131.0000, 6147.0000, 6173.0000, 6189.0000, 6208.0000, 6307.0000, 6319.0000, 6324.0000, 6332.0000, 6344.0000, 6355.0000, 6363.0000, 6379.0000, 6393.0000, 6404.0000, 6419.0000, 6437.0000]

### PER

**beta** (n=100)
  min=0.0000, max=0.5561, mean=0.4727
  [0.0000, 0.4002, 0.4009, 0.4015, 0.4021, 0.4026, 0.4032, 0.4037, 0.4043, 0.4048, 0.4054, 0.4059, 0.4064, 0.4070, 0.4075, 0.4076, 0.4082, 0.4087, 0.4092, 0.4098, 0.4103, 0.4108, 0.4114, 0.4119, 0.4124, 0.4129, 0.4135, 0.4140, 0.4144, 0.4149, 0.4154, 0.4160, 0.4165, 0.4170, 0.4175, 0.4181, 0.4186, 0.4191, 0.4196, 0.4202, 0.4207, 0.4212, 0.4215, 0.4220, 0.4226, 0.4232, 0.4238, 0.4243, 0.4249, 0.4255, 0.5258, 0.5263, 0.5270, 0.5276, 0.5283, 0.5290, 0.5296, 0.5302, 0.5308, 0.5315, 0.5322, 0.5328, 0.5333, 0.5339, 0.5345, 0.5351, 0.5356, 0.5362, 0.5366, 0.5373, 0.5379, 0.5386, 0.5393, 0.5400, 0.5406, 0.5413, 0.5420, 0.5426, 0.5432, 0.5438, 0.5443, 0.5449, 0.5455, 0.5461, 0.5466, 0.5472, 0.5478, 0.5479, 0.5486, 0.5493, 0.5500, 0.5506, 0.5513, 0.5520, 0.5527, 0.5534, 0.5540, 0.5547, 0.5554, 0.5561]

**max_priority** (n=100)
  min=1.0000, max=16.9323, mean=14.0646
  [1.0000, 10.0952, 10.0952, 10.9516, 11.2071, 11.2071, 11.2071, 11.4615, 11.4615, 11.4615, 11.4615, 11.4615, 11.4615, 11.4615, 11.4615, 11.4615, 11.4615, 11.4615, 11.4615, 11.4615, 11.4615, 11.4615, 11.4615, 11.4615, 11.4615, 11.4615, 11.4615, 11.4615, 11.4615, 11.4615, 11.4615, 11.4892, 11.4892, 11.4892, 11.4892, 11.4892, 11.4892, 11.4892, 11.4892, 11.4892, 11.4892, 11.4892, 11.4892, 11.4892, 11.4892, 11.4892, 11.5753, 11.5753, 11.5924, 11.9288, 16.9323, 16.9323, 16.9323, 16.9323, 16.9323, 16.9323, 16.9323, 16.9323, 16.9323, 16.9323, 16.9323, 16.9323, 16.9323, 16.9323, 16.9323, 16.9323, 16.9323, 16.9323, 16.9323, 16.9323, 16.9323, 16.9323, 16.9323, 16.9323, 16.9323, 16.9323, 16.9323, 16.9323, 16.9323, 16.9323, 16.9323, 16.9323, 16.9323, 16.9323, 16.9323, 16.9323, 16.9323, 16.9323, 16.9323, 16.9323, 16.9323, 16.9323, 16.9323, 16.9323, 16.9323, 16.9323, 16.9323, 16.9323, 16.9323, 16.9323]

### Async

**avg_train_time** (n=100)
  min=0.0000, max=0.2193, mean=0.1093
  [0.0000, 0.2193, 0.1114, 0.1062, 0.1047, 0.1048, 0.1049, 0.1052, 0.1055, 0.1061, 0.1066, 0.1072, 0.1076, 0.1079, 0.1082, 0.1082, 0.1087, 0.1086, 0.1087, 0.1090, 0.1092, 0.1094, 0.1096, 0.1098, 0.1099, 0.1101, 0.1102, 0.1103, 0.1103, 0.1105, 0.1105, 0.1105, 0.1106, 0.1108, 0.1109, 0.1109, 0.1110, 0.1110, 0.1111, 0.1111, 0.1112, 0.1112, 0.1112, 0.1112, 0.1110, 0.1107, 0.1106, 0.1104, 0.1103, 0.1102, 0.1110, 0.1110, 0.1109, 0.1108, 0.1107, 0.1105, 0.1104, 0.1104, 0.1104, 0.1102, 0.1101, 0.1101, 0.1100, 0.1100, 0.1100, 0.1099, 0.1099, 0.1099, 0.1099, 0.1098, 0.1097, 0.1096, 0.1095, 0.1094, 0.1093, 0.1092, 0.1091, 0.1090, 0.1090, 0.1090, 0.1089, 0.1089, 0.1089, 0.1089, 0.1088, 0.1088, 0.1088, 0.1088, 0.1087, 0.1086, 0.1085, 0.1084, 0.1083, 0.1082, 0.1081, 0.1080, 0.1080, 0.1079, 0.1078, 0.1077]

**buffer_queue_size** (n=100)
  min=0.0000, max=100.0000, mean=4.4400
  [0.0000, 0.0000, 0.0000, 44.0000, 0.0000, 0.0000, 0.0000, 0.0000, 0.0000, 0.0000, 0.0000, 0.0000, 0.0000, 0.0000, 0.0000, 0.0000, 0.0000, 0.0000, 0.0000, 0.0000, 0.0000, 0.0000, 0.0000, 0.0000, 0.0000, 0.0000, 0.0000, 0.0000, 0.0000, 0.0000, 0.0000, 0.0000, 0.0000, 0.0000, 100.0000, 0.0000, 0.0000, 0.0000, 0.0000, 0.0000, 0.0000, 0.0000, 0.0000, 0.0000, 100.0000, 0.0000, 0.0000, 0.0000, 0.0000, 0.0000, 0.0000, 0.0000, 0.0000, 0.0000, 0.0000, 0.0000, 0.0000, 0.0000, 0.0000, 0.0000, 0.0000, 0.0000, 0.0000, 0.0000, 0.0000, 0.0000, 0.0000, 0.0000, 0.0000, 0.0000, 0.0000, 0.0000, 0.0000, 0.0000, 100.0000, 0.0000, 0.0000, 0.0000, 0.0000, 0.0000, 0.0000, 0.0000, 0.0000, 0.0000, 0.0000, 0.0000, 0.0000, 0.0000, 0.0000, 0.0000, 0.0000, 0.0000, 0.0000, 0.0000, 0.0000, 0.0000, 100.0000, 0.0000, 0.0000, 0.0000]

**collector_episodes** (n=100)
  min=239.0000, max=35454.0000, mean=18317.2800
  [239.0000, 369.0000, 524.0000, 673.0000, 815.0000, 946.0000, 1086.0000, 1221.0000, 1345.0000, 1455.0000, 1564.0000, 1664.0000, 1771.0000, 1878.0000, 1975.0000, 2005.0000, 2754.0000, 2857.0000, 2968.0000, 3082.0000, 3188.0000, 3293.0000, 3399.0000, 3503.0000, 3608.0000, 3712.0000, 3809.0000, 3920.0000, 4008.0000, 4677.0000, 4768.0000, 4873.0000, 4980.0000, 5084.0000, 5184.0000, 5290.0000, 5398.0000, 5512.0000, 5624.0000, 5730.0000, 5839.0000, 5947.0000, 6024.0000, 6755.0000, 6840.0000, 6925.0000, 7014.0000, 7093.0000, 7173.0000, 7253.0000, 30016.0000, 30491.0000, 30580.0000, 30675.0000, 30770.0000, 30856.0000, 30937.0000, 31025.0000, 31110.0000, 31197.0000, 31288.0000, 31373.0000, 31471.0000, 31554.0000, 31647.0000, 31740.0000, 31836.0000, 31931.0000, 32011.0000, 32423.0000, 32508.0000, 32605.0000, 32700.0000, 32796.0000, 32883.0000, 32985.0000, 33067.0000, 33155.0000, 33239.0000, 33327.0000, 33416.0000, 33505.0000, 33609.0000, 33696.0000, 33789.0000, 33880.0000, 33975.0000, 34079.0000, 34554.0000, 34642.0000, 34713.0000, 34792.0000, 34877.0000, 34954.0000, 35027.0000, 35114.0000, 35194.0000, 35280.0000, 35368.0000, 35454.0000]

**num_workers** (n=100)
  min=4.0000, max=4.0000, mean=4.0000
  [4.0000, 4.0000, 4.0000, 4.0000, 4.0000, 4.0000, 4.0000, 4.0000, 4.0000, 4.0000, 4.0000, 4.0000, 4.0000, 4.0000, 4.0000, 4.0000, 4.0000, 4.0000, 4.0000, 4.0000, 4.0000, 4.0000, 4.0000, 4.0000, 4.0000, 4.0000, 4.0000, 4.0000, 4.0000, 4.0000, 4.0000, 4.0000, 4.0000, 4.0000, 4.0000, 4.0000, 4.0000, 4.0000, 4.0000, 4.0000, 4.0000, 4.0000, 4.0000, 4.0000, 4.0000, 4.0000, 4.0000, 4.0000, 4.0000, 4.0000, 4.0000, 4.0000, 4.0000, 4.0000, 4.0000, 4.0000, 4.0000, 4.0000, 4.0000, 4.0000, 4.0000, 4.0000, 4.0000, 4.0000, 4.0000, 4.0000, 4.0000, 4.0000, 4.0000, 4.0000, 4.0000, 4.0000, 4.0000, 4.0000, 4.0000, 4.0000, 4.0000, 4.0000, 4.0000, 4.0000, 4.0000, 4.0000, 4.0000, 4.0000, 4.0000, 4.0000, 4.0000, 4.0000, 4.0000, 4.0000, 4.0000, 4.0000, 4.0000, 4.0000, 4.0000, 4.0000, 4.0000, 4.0000, 4.0000, 4.0000]

**train_steps** (n=100)
  min=0.0000, max=26010.0000, mean=12790.8000
  [0.0000, 27.0000, 143.0000, 244.0000, 343.0000, 437.0000, 531.0000, 624.0000, 717.0000, 806.0000, 896.0000, 984.0000, 1073.0000, 1162.0000, 1251.0000, 1274.0000, 1359.0000, 1452.0000, 1541.0000, 1630.0000, 1718.0000, 1806.0000, 1893.0000, 1981.0000, 2068.0000, 2155.0000, 2243.0000, 2332.0000, 2397.0000, 2482.0000, 2571.0000, 2661.0000, 2750.0000, 2834.0000, 2921.0000, 3010.0000, 3098.0000, 3186.0000, 3274.0000, 3361.0000, 3449.0000, 3538.0000, 3582.0000, 3671.0000, 3769.0000, 3867.0000, 3963.0000, 4058.0000, 4153.0000, 4248.0000, 20959.0000, 21054.0000, 21161.0000, 21272.0000, 21383.0000, 21494.0000, 21604.0000, 21704.0000, 21801.0000, 21913.0000, 22026.0000, 22127.0000, 22223.0000, 22321.0000, 22419.0000, 22513.0000, 22607.0000, 22703.0000, 22770.0000, 22877.0000, 22990.0000, 23100.0000, 23212.0000, 23325.0000, 23438.0000, 23550.0000, 23661.0000, 23769.0000, 23865.0000, 23959.0000, 24053.0000, 24150.0000, 24246.0000, 24343.0000, 24440.0000, 24536.0000, 24633.0000, 24657.0000, 24768.0000, 24881.0000, 24994.0000, 25108.0000, 25222.0000, 25336.0000, 25450.0000, 25562.0000, 25674.0000, 25786.0000, 25898.0000, 26010.0000]
