================================================================================
W&B RUN DATA: running_selfplay-TD3-Hockey-NORMAL-strong-lr0.0003-seed48
================================================================================

## RUN METADATA
Run ID: dgwpgz9m
Created: 2026-01-08T21:38:09Z
State: running
Duration: 56409.159476 seconds

## CONFIGURATION
  algorithm: TD3
  mode: NORMAL
  opponent: strong
  learning_rate_actor: 0.0003
  learning_rate_critic: 0.0003
  batch_size: 512
  buffer_size: 500000
  max_episodes: 100000
  random_seed: 48
  self_play_start: 0
  self_play_pool_size: 12
  gamma: 0.99
  tau: 0.005

## FINAL SUMMARY

## NOTE: Data discretized to fit 100000 char limit
  Showing ~50 points per metric (of 449 total)

## METRICS DATA

### behavior/action_magnitude_avg
  Total points: 100
  Min: 0.9828, Max: 1.2203, Mean: 1.0955
  Data: [
    1.0620, 1.0616, 1.0814, 1.0962, 1.0700, 1.0441, 1.1073, 1.0399, 1.0356, 1.1157,
    1.0676, 1.0841, 1.0679, 0.9904, 1.0597, 1.0572, 1.0427, 1.0538, 1.0233, 1.0161,
    0.9828, 0.9867, 1.0096, 1.0218, 1.0411, 1.0119, 1.0445, 1.0280, 1.1181, 1.0069,
    0.9975, 1.0373, 1.0733, 1.0706, 1.1084, 1.0034, 1.0772, 1.0196, 1.0514, 1.0254,
    1.0069, 1.0236, 1.0320, 1.0633, 1.1031, 1.0685, 1.0631, 1.0556, 0.9956, 1.0386,
    1.1572, 1.1012, 1.1098, 1.1094, 1.1039, 1.1696, 1.1341, 1.0834, 1.0867, 1.1093,
    1.0911, 1.1691, 1.1555, 1.1384, 1.1828, 1.2149, 1.1109, 1.1885, 1.1294, 1.1167,
    1.1580, 1.1162, 1.1598, 1.0841, 1.1442, 1.1222, 1.1854, 1.2203, 1.1536, 1.1329,
    1.1493, 1.1673, 1.1792, 1.1268, 1.1654, 1.1859, 1.1258, 1.1391, 1.1695, 1.1534,
    1.1706, 1.0478, 1.1756, 1.1382, 1.1280, 1.1598, 1.1779, 1.1917, 1.1459, 1.1703,
  ]

### behavior/action_magnitude_max
  Total points: 100
  Min: 1.3701, Max: 1.4142, Mean: 1.4099
  Data: [
    1.4142, 1.4142, 1.4142, 1.4142, 1.4142, 1.4142, 1.4106, 1.4142, 1.4142, 1.4142,
    1.3918, 1.4086, 1.4142, 1.4142, 1.4133, 1.4142, 1.3981, 1.4142, 1.4142, 1.4142,
    1.4083, 1.4142, 1.4032, 1.4086, 1.4131, 1.3701, 1.4142, 1.4018, 1.4099, 1.4067,
    1.4142, 1.4142, 1.4005, 1.4096, 1.4075, 1.3935, 1.4142, 1.4142, 1.4017, 1.4142,
    1.3995, 1.3966, 1.4107, 1.4094, 1.4063, 1.4142, 1.4142, 1.4142, 1.4133, 1.4022,
    1.4116, 1.4142, 1.4142, 1.4043, 1.4117, 1.4070, 1.4124, 1.3919, 1.4135, 1.4119,
    1.4142, 1.4142, 1.4137, 1.4140, 1.4116, 1.4136, 1.4105, 1.4073, 1.4105, 1.4142,
    1.4083, 1.4142, 1.4085, 1.4023, 1.4109, 1.4113, 1.4104, 1.4131, 1.4097, 1.4053,
    1.4091, 1.4047, 1.4142, 1.4132, 1.4142, 1.4142, 1.4121, 1.4019, 1.4138, 1.4142,
    1.4125, 1.4142, 1.4017, 1.4119, 1.4142, 1.4112, 1.4142, 1.4142, 1.4102, 1.4106,
  ]

### behavior/dist_to_puck_avg
  Total points: 100
  Min: 1.9415, Max: 3.0544, Mean: 2.5521
  Data: [
    2.4238, 2.7978, 2.5763, 2.6380, 2.8477, 2.9815, 2.4947, 2.7222, 2.8907, 2.4292,
    2.8014, 2.6162, 2.4819, 2.6359, 2.5655, 2.8617, 2.5995, 2.5228, 2.7127, 2.5925,
    2.3396, 2.7158, 2.7555, 2.6456, 2.5583, 2.5021, 2.6647, 2.8263, 2.5087, 3.0544,
    2.7039, 2.9185, 2.4997, 2.6879, 2.5505, 2.5868, 2.4420, 2.8646, 2.2981, 2.7902,
    2.7698, 2.6911, 2.5712, 2.6853, 2.7127, 2.4872, 2.8015, 2.5999, 2.5288, 2.4586,
    2.6624, 2.1368, 2.4238, 2.4245, 2.4238, 2.5080, 2.5324, 2.7492, 2.2823, 2.6739,
    2.2810, 2.5122, 2.3127, 2.5276, 2.2968, 2.3895, 2.4266, 2.5290, 2.6026, 2.6988,
    2.4629, 2.2730, 2.4800, 2.5392, 2.5511, 2.5480, 2.3309, 2.4417, 2.3824, 2.4612,
    2.5619, 2.5485, 1.9415, 2.2050, 2.2443, 2.7511, 2.6734, 2.4494, 2.4163, 2.2170,
    2.1823, 2.7207, 2.4938, 2.5212, 2.4993, 2.4193, 2.4278, 2.4677, 2.5524, 2.6441,
  ]

### behavior/dist_to_puck_min
  Total points: 100
  Min: 0.1942, Max: 0.6112, Mean: 0.3299
  Data: [
    0.3570, 0.4564, 0.3237, 0.3288, 0.2715, 0.2476, 0.4142, 0.3461, 0.2592, 0.2965,
    0.3960, 0.4385, 0.3644, 0.2699, 0.4886, 0.3834, 0.2582, 0.3256, 0.6112, 0.3096,
    0.4266, 0.4195, 0.3541, 0.3014, 0.2831, 0.2999, 0.2776, 0.3388, 0.3342, 0.3760,
    0.2833, 0.2710, 0.3689, 0.2954, 0.4598, 0.3065, 0.3261, 0.3937, 0.3257, 0.2592,
    0.2219, 0.2537, 0.4978, 0.4717, 0.3799, 0.2802, 0.4143, 0.3541, 0.2593, 0.4194,
    0.4284, 0.2539, 0.2581, 0.2925, 0.3540, 0.3990, 0.2401, 0.3370, 0.2712, 0.2602,
    0.2767, 0.2403, 0.3357, 0.3995, 0.2798, 0.3719, 0.2136, 0.3135, 0.2917, 0.3819,
    0.3636, 0.2456, 0.3382, 0.2413, 0.3538, 0.3784, 0.2900, 0.2957, 0.3865, 0.1978,
    0.2349, 0.3543, 0.2544, 0.4437, 0.2311, 0.3043, 0.2591, 0.3156, 0.3248, 0.2636,
    0.2265, 0.2885, 0.4406, 0.1942, 0.2777, 0.3627, 0.3905, 0.3865, 0.3842, 0.3680,
  ]

### behavior/distance_traveled
  Total points: 100
  Min: 7.0500, Max: 17.4652, Mean: 11.6508
  Data: [
    17.2063, 11.2046, 13.5094, 11.8135, 15.3121, 16.1790, 9.9634, 12.2187, 14.4014, 8.8514,
    12.0147, 10.7491, 12.3433, 17.4652, 9.2017, 15.0974, 13.0376, 12.1307, 10.2221, 15.7302,
    12.6156, 13.6471, 10.6768, 15.3874, 15.2243, 12.5350, 12.3238, 10.6482, 10.6582, 11.7264,
    15.1323, 15.3428, 12.1836, 14.3932, 10.1866, 13.0129, 11.2920, 12.2527, 12.2415, 13.2103,
    14.7394, 12.7395, 11.7229, 9.1905, 9.6799, 11.8222, 12.8521, 13.1164, 12.4182, 9.9862,
    10.0614, 11.8947, 11.4434, 13.7148, 9.1204, 11.1121, 13.6565, 11.7014, 14.0773, 11.2415,
    13.5184, 14.5589, 9.2848, 10.0681, 10.8654, 8.0792, 10.2857, 7.8941, 12.1539, 8.8935,
    9.5184, 10.2251, 10.2530, 9.6547, 12.1175, 9.4662, 8.0066, 8.8341, 11.8465, 12.9761,
    13.6289, 8.4107, 7.1900, 8.6991, 12.3431, 10.0874, 12.7263, 9.6933, 9.3771, 12.5717,
    10.4060, 10.0931, 7.0500, 12.4562, 9.5749, 7.2987, 11.5174, 10.3887, 11.7261, 11.7101,
  ]

### behavior/lazy_action_ratio
  Total points: 100
  Min: 0.0000, Max: 0.0095, Mean: 0.0015
  Data: [
    0.0004, 0.0095, 0.0012, 0.0008, 0.0016, 0.0044, 0.0016, 0.0016, 0.0000, 0.0014,
    0.0036, 0.0008, 0.0004, 0.0048, 0.0020, 0.0024, 0.0000, 0.0047, 0.0070, 0.0041,
    0.0053, 0.0039, 0.0046, 0.0051, 0.0000, 0.0011, 0.0049, 0.0004, 0.0004, 0.0014,
    0.0047, 0.0016, 0.0008, 0.0004, 0.0008, 0.0036, 0.0038, 0.0028, 0.0024, 0.0044,
    0.0048, 0.0040, 0.0053, 0.0024, 0.0031, 0.0016, 0.0036, 0.0008, 0.0056, 0.0008,
    0.0000, 0.0008, 0.0000, 0.0004, 0.0016, 0.0004, 0.0000, 0.0000, 0.0004, 0.0028,
    0.0012, 0.0004, 0.0000, 0.0000, 0.0000, 0.0000, 0.0000, 0.0000, 0.0000, 0.0004,
    0.0000, 0.0000, 0.0000, 0.0024, 0.0004, 0.0004, 0.0000, 0.0000, 0.0000, 0.0000,
    0.0004, 0.0000, 0.0000, 0.0004, 0.0000, 0.0000, 0.0000, 0.0000, 0.0000, 0.0008,
    0.0000, 0.0008, 0.0000, 0.0000, 0.0004, 0.0000, 0.0000, 0.0000, 0.0000, 0.0008,
  ]

### behavior/puck_touches
  Total points: 100
  Min: 1.6000, Max: 6.6000, Mean: 3.5540
  Data: [
    3.0000, 2.6000, 3.7000, 3.1000, 5.1000, 3.6000, 2.6000, 3.2000, 3.1000, 1.8000,
    2.4000, 2.3000, 3.1000, 5.1000, 2.5000, 2.2000, 4.3000, 2.6000, 1.9000, 4.0000,
    2.7000, 3.5000, 3.1000, 3.9000, 2.7000, 3.2000, 2.6000, 2.1000, 2.4000, 2.4000,
    4.8000, 4.7000, 2.8000, 3.1000, 2.2000, 3.6000, 2.6000, 2.4000, 2.2000, 3.9000,
    5.4000, 4.5000, 2.9000, 4.2000, 1.7000, 2.6000, 4.6000, 3.2000, 3.0000, 1.6000,
    2.4000, 6.6000, 5.1000, 4.0000, 3.3000, 2.4000, 3.7000, 3.3000, 5.6000, 4.8000,
    4.8000, 4.4000, 4.7000, 4.0000, 6.1000, 2.9000, 4.6000, 1.7000, 3.9000, 2.5000,
    3.0000, 3.9000, 4.4000, 3.0000, 3.8000, 3.1000, 3.2000, 3.2000, 3.6000, 4.9000,
    4.6000, 2.3000, 5.4000, 4.5000, 4.9000, 4.1000, 4.6000, 4.0000, 4.0000, 4.6000,
    5.1000, 3.3000, 2.6000, 4.2000, 4.0000, 3.3000, 3.2000, 3.4000, 5.3000, 4.3000,
  ]

### behavior/time_near_puck
  Total points: 100
  Min: 11.4000, Max: 52.4000, Mean: 27.1930
  Data: [
    27.0000, 24.9000, 29.7000, 24.3000, 26.6000, 30.7000, 21.6000, 19.8000, 28.6000, 20.3000,
    19.2000, 16.6000, 30.5000, 30.6000, 18.0000, 22.4000, 29.2000, 20.8000, 14.4000, 31.7000,
    23.9000, 20.9000, 17.2000, 38.6000, 25.4000, 18.2000, 22.3000, 12.3000, 16.7000, 14.5000,
    23.8000, 21.2000, 25.3000, 28.2000, 21.0000, 29.6000, 23.8000, 16.6000, 21.3000, 19.9000,
    35.5000, 33.7000, 28.7000, 16.8000, 11.4000, 21.4000, 30.4000, 25.3000, 18.9000, 18.5000,
    18.3000, 52.4000, 44.6000, 38.5000, 29.3000, 18.8000, 22.0000, 17.1000, 49.3000, 25.9000,
    37.8000, 28.1000, 29.4000, 25.9000, 43.6000, 22.0000, 36.6000, 16.6000, 37.8000, 14.9000,
    27.4000, 36.2000, 38.3000, 25.4000, 28.8000, 25.5000, 30.8000, 27.8000, 32.6000, 42.0000,
    40.2000, 16.5000, 49.8000, 35.7000, 39.0000, 18.8000, 26.9000, 36.7000, 29.4000, 42.4000,
    44.5000, 26.2000, 22.1000, 30.0000, 30.1000, 24.3000, 24.5000, 25.1000, 36.4000, 28.8000,
  ]

### behavior/velocity_avg
  Total points: 100
  Min: 0.0701, Max: 0.1118, Mean: 0.0902
  Data: [
    0.1003, 0.0934, 0.0896, 0.0929, 0.0819, 0.0799, 0.0966, 0.0972, 0.0826, 0.0941,
    0.0824, 0.1118, 0.0941, 0.0845, 0.0847, 0.0888, 0.0910, 0.0943, 0.0951, 0.0880,
    0.0928, 0.1083, 0.0991, 0.0816, 0.0910, 0.1072, 0.0807, 0.0914, 0.0994, 0.0959,
    0.0837, 0.0860, 0.0959, 0.0859, 0.0955, 0.0912, 0.0873, 0.1074, 0.1063, 0.0896,
    0.0701, 0.0817, 0.0948, 0.0968, 0.0939, 0.0898, 0.0844, 0.0931, 0.0961, 0.0921,
    0.1040, 0.0794, 0.0764, 0.0830, 0.0898, 0.0981, 0.0998, 0.0965, 0.0760, 0.0889,
    0.0799, 0.0921, 0.0781, 0.0862, 0.0813, 0.0964, 0.0769, 0.1026, 0.0756, 0.0957,
    0.0929, 0.0753, 0.0846, 0.0852, 0.0924, 0.0943, 0.0882, 0.0937, 0.0981, 0.0842,
    0.0814, 0.1054, 0.0742, 0.0810, 0.0862, 0.0878, 0.0759, 0.0854, 0.0929, 0.0918,
    0.0779, 0.0895, 0.1033, 0.0827, 0.0848, 0.0988, 0.1023, 0.1027, 0.0851, 0.0939,
  ]

### behavior/velocity_max
  Total points: 100
  Min: 0.2138, Max: 0.2321, Mean: 0.2222
  Data: [
    0.2266, 0.2213, 0.2221, 0.2321, 0.2239, 0.2263, 0.2278, 0.2258, 0.2266, 0.2195,
    0.2171, 0.2267, 0.2259, 0.2272, 0.2204, 0.2270, 0.2241, 0.2228, 0.2261, 0.2253,
    0.2192, 0.2202, 0.2252, 0.2237, 0.2239, 0.2226, 0.2197, 0.2221, 0.2253, 0.2204,
    0.2255, 0.2269, 0.2227, 0.2201, 0.2180, 0.2181, 0.2237, 0.2277, 0.2263, 0.2259,
    0.2233, 0.2205, 0.2247, 0.2175, 0.2224, 0.2265, 0.2269, 0.2280, 0.2254, 0.2229,
    0.2267, 0.2256, 0.2221, 0.2249, 0.2207, 0.2229, 0.2219, 0.2196, 0.2263, 0.2241,
    0.2208, 0.2275, 0.2210, 0.2194, 0.2190, 0.2213, 0.2246, 0.2175, 0.2212, 0.2153,
    0.2222, 0.2171, 0.2155, 0.2164, 0.2248, 0.2224, 0.2212, 0.2203, 0.2267, 0.2214,
    0.2189, 0.2178, 0.2138, 0.2197, 0.2233, 0.2163, 0.2173, 0.2181, 0.2170, 0.2218,
    0.2232, 0.2175, 0.2215, 0.2216, 0.2182, 0.2210, 0.2208, 0.2189, 0.2193, 0.2152,
  ]

### eval/selfplay/avg_reward
  Total points: 9
  Min: -0.9908, Max: 5.6491, Mean: 1.2965
  Data: [
    0.0382, 0.8396, 3.9983, -0.9908, 1.7153, -0.8946, 0.4646, 0.8486, 5.6491,
  ]

### eval/selfplay/loss_rate
  Total points: 9
  Min: 0.0000, Max: 0.4000, Mean: 0.2356
  Data: [
    0.2000, 0.2000, 0.0000, 0.3600, 0.2000, 0.4000, 0.3600, 0.3600, 0.0400,
  ]

### eval/selfplay/losses
  Total points: 9
  Min: 0.0000, Max: 10.0000, Mean: 5.8889
  Data: [
    5.0000, 5.0000, 0.0000, 9.0000, 5.0000, 10.0000, 9.0000, 9.0000, 1.0000,
  ]

### eval/selfplay/opponent_age
  Total points: 9
  Min: -19599.0000, Max: -2399.0000, Mean: -12843.4444
  Data: [
    -5599.0000, -2399.0000, -3199.0000, -11999.0000, -17999.0000, -17199.0000, -18799.0000, -18799.0000, -19599.0000,
  ]

### eval/selfplay/tie_rate
  Total points: 9
  Min: 0.0800, Max: 0.4400, Mean: 0.2444
  Data: [
    0.4400, 0.3600, 0.4400, 0.2000, 0.2400, 0.1200, 0.0800, 0.0800, 0.2400,
  ]

### eval/selfplay/ties
  Total points: 9
  Min: 2.0000, Max: 11.0000, Mean: 6.1111
  Data: [
    11.0000, 9.0000, 11.0000, 5.0000, 6.0000, 3.0000, 2.0000, 2.0000, 6.0000,
  ]

### eval/selfplay/win_rate
  Total points: 9
  Min: 0.3600, Max: 0.7200, Mean: 0.5200
  Data: [
    0.3600, 0.4400, 0.5600, 0.4400, 0.5600, 0.4800, 0.5600, 0.5600, 0.7200,
  ]

### eval/selfplay/win_rate_decisive
  Total points: 9
  Min: 0.5455, Max: 1.0000, Mean: 0.7030
  Data: [
    0.6429, 0.6875, 1.0000, 0.5500, 0.7368, 0.5455, 0.6087, 0.6087, 0.9474,
  ]

### eval/selfplay/wins
  Total points: 9
  Min: 9.0000, Max: 18.0000, Mean: 13.0000
  Data: [
    9.0000, 11.0000, 14.0000, 11.0000, 14.0000, 12.0000, 14.0000, 14.0000, 18.0000,
  ]

### eval/strong/avg_reward
  Total points: 46
  Min: -0.6315, Max: 7.2635, Mean: 3.5618
  Data: [
    3.9568, 3.4074, 1.4694, 3.1454, 0.7547, 0.6846, 3.2764, 0.7396, 1.6292, -0.6315,
    3.3143, 6.2270, 1.9382, 4.6243, 4.3310, 1.7590, 3.3329, 4.8267, 2.0512, 6.0170,
    4.6603, -0.0637, 1.8637, 3.1234, 2.0106, 7.1057, 2.7932, 3.6449, 5.4562, 4.0263,
    4.3948, 5.6109, 7.2635, 4.0672, 4.1369, 2.6732, 5.0223, 3.9872, 6.1707, 4.9495,
    5.2761, 3.6613, 4.6446, 2.9059, 2.5808, 5.0243,
  ]

### eval/strong/loss_rate
  Total points: 46
  Min: 0.0000, Max: 0.1200, Mean: 0.0217
  Data: [
    0.0000, 0.0000, 0.1200, 0.0800, 0.0400, 0.0400, 0.0000, 0.0000, 0.0000, 0.0000,
    0.0000, 0.0000, 0.0000, 0.0400, 0.0000, 0.0400, 0.0000, 0.0400, 0.0000, 0.0400,
    0.0000, 0.0800, 0.0400, 0.0400, 0.0400, 0.0000, 0.0400, 0.0400, 0.0000, 0.0400,
    0.0000, 0.0000, 0.0000, 0.0000, 0.0000, 0.0800, 0.0000, 0.0400, 0.0000, 0.0000,
    0.0000, 0.0000, 0.0400, 0.0000, 0.0400, 0.0400,
  ]

### eval/strong/losses
  Total points: 46
  Min: 0.0000, Max: 3.0000, Mean: 0.5435
  Data: [
    0.0000, 0.0000, 3.0000, 2.0000, 1.0000, 1.0000, 0.0000, 0.0000, 0.0000, 0.0000,
    0.0000, 0.0000, 0.0000, 1.0000, 0.0000, 1.0000, 0.0000, 1.0000, 0.0000, 1.0000,
    0.0000, 2.0000, 1.0000, 1.0000, 1.0000, 0.0000, 1.0000, 1.0000, 0.0000, 1.0000,
    0.0000, 0.0000, 0.0000, 0.0000, 0.0000, 2.0000, 0.0000, 1.0000, 0.0000, 0.0000,
    0.0000, 0.0000, 1.0000, 0.0000, 1.0000, 1.0000,
  ]

### eval/strong/tie_rate
  Total points: 46
  Min: 0.1200, Max: 0.8800, Mean: 0.4374
  Data: [
    0.4400, 0.4800, 0.4400, 0.3600, 0.6400, 0.6400, 0.5200, 0.6400, 0.6800, 0.8800,
    0.5200, 0.2400, 0.6000, 0.3200, 0.4000, 0.5600, 0.5200, 0.2800, 0.6400, 0.1600,
    0.4000, 0.6400, 0.6000, 0.4400, 0.5600, 0.1600, 0.4800, 0.4000, 0.2800, 0.3600,
    0.4000, 0.3200, 0.1200, 0.4400, 0.4400, 0.4000, 0.3600, 0.3600, 0.2000, 0.4000,
    0.3200, 0.4800, 0.2800, 0.5600, 0.4800, 0.2800,
  ]

### eval/strong/ties
  Total points: 46
  Min: 3.0000, Max: 22.0000, Mean: 10.9348
  Data: [
    11.0000, 12.0000, 11.0000, 9.0000, 16.0000, 16.0000, 13.0000, 16.0000, 17.0000, 22.0000,
    13.0000, 6.0000, 15.0000, 8.0000, 10.0000, 14.0000, 13.0000, 7.0000, 16.0000, 4.0000,
    10.0000, 16.0000, 15.0000, 11.0000, 14.0000, 4.0000, 12.0000, 10.0000, 7.0000, 9.0000,
    10.0000, 8.0000, 3.0000, 11.0000, 11.0000, 10.0000, 9.0000, 9.0000, 5.0000, 10.0000,
    8.0000, 12.0000, 7.0000, 14.0000, 12.0000, 7.0000,
  ]

### eval/strong/win_rate
  Total points: 46
  Min: 0.1200, Max: 0.8800, Mean: 0.5409
  Data: [
    0.5600, 0.5200, 0.4400, 0.5600, 0.3200, 0.3200, 0.4800, 0.3600, 0.3200, 0.1200,
    0.4800, 0.7600, 0.4000, 0.6400, 0.6000, 0.4000, 0.4800, 0.6800, 0.3600, 0.8000,
    0.6000, 0.2800, 0.3600, 0.5200, 0.4000, 0.8400, 0.4800, 0.5600, 0.7200, 0.6000,
    0.6000, 0.6800, 0.8800, 0.5600, 0.5600, 0.5200, 0.6400, 0.6000, 0.8000, 0.6000,
    0.6800, 0.5200, 0.6800, 0.4400, 0.4800, 0.6800,
  ]

### eval/strong/win_rate_decisive
  Total points: 46
  Min: 0.7778, Max: 1.0000, Mean: 0.9589
  Data: [
    1.0000, 1.0000, 0.7857, 0.8750, 0.8889, 0.8889, 1.0000, 1.0000, 1.0000, 1.0000,
    1.0000, 1.0000, 1.0000, 0.9412, 1.0000, 0.9091, 1.0000, 0.9444, 1.0000, 0.9524,
    1.0000, 0.7778, 0.9000, 0.9286, 0.9091, 1.0000, 0.9231, 0.9333, 1.0000, 0.9375,
    1.0000, 1.0000, 1.0000, 1.0000, 1.0000, 0.8667, 1.0000, 0.9375, 1.0000, 1.0000,
    1.0000, 1.0000, 0.9444, 1.0000, 0.9231, 0.9444,
  ]

### eval/strong/wins
  Total points: 46
  Min: 3.0000, Max: 22.0000, Mean: 13.5217
  Data: [
    14.0000, 13.0000, 11.0000, 14.0000, 8.0000, 8.0000, 12.0000, 9.0000, 8.0000, 3.0000,
    12.0000, 19.0000, 10.0000, 16.0000, 15.0000, 10.0000, 12.0000, 17.0000, 9.0000, 20.0000,
    15.0000, 7.0000, 9.0000, 13.0000, 10.0000, 21.0000, 12.0000, 14.0000, 18.0000, 15.0000,
    15.0000, 17.0000, 22.0000, 14.0000, 14.0000, 13.0000, 16.0000, 15.0000, 20.0000, 15.0000,
    17.0000, 13.0000, 17.0000, 11.0000, 12.0000, 17.0000,
  ]

### eval/weak/avg_reward
  Total points: 46
  Min: -2.0191, Max: 5.7573, Mean: 2.7694
  Data: [
    1.2843, 3.3180, 0.8536, 1.9697, -1.3596, -1.9908, 0.1397, 0.3181, 1.6946, -2.0191,
    5.7044, 1.2776, 2.9624, 3.9464, 3.2597, 3.8652, 2.8900, 3.8999, 1.9380, 2.0564,
    2.0961, 2.9761, 4.7290, 5.5361, 3.6032, 4.9004, 4.2245, 4.9486, 0.7299, 2.3518,
    2.5771, 5.7573, 0.9687, 4.2444, 2.3155, 3.5387, 4.6798, 3.2979, 3.2711, 4.6279,
    5.0102, 0.6313, 4.7007, 3.6992, 3.5003, 2.4703,
  ]

### eval/weak/loss_rate
  Total points: 46
  Min: 0.0000, Max: 0.2000, Mean: 0.0748
  Data: [
    0.1600, 0.0400, 0.0800, 0.0400, 0.0800, 0.2000, 0.1200, 0.1600, 0.0800, 0.1600,
    0.0800, 0.0800, 0.0400, 0.0400, 0.0000, 0.0800, 0.0000, 0.0400, 0.1200, 0.1200,
    0.0400, 0.1600, 0.0000, 0.0000, 0.0400, 0.1200, 0.0400, 0.0400, 0.1600, 0.0400,
    0.0400, 0.0000, 0.1200, 0.0800, 0.0800, 0.0800, 0.0800, 0.0400, 0.0800, 0.0000,
    0.0400, 0.1600, 0.1200, 0.0800, 0.0800, 0.0000,
  ]

### eval/weak/losses
  Total points: 46
  Min: 0.0000, Max: 5.0000, Mean: 1.8696
  Data: [
    4.0000, 1.0000, 2.0000, 1.0000, 2.0000, 5.0000, 3.0000, 4.0000, 2.0000, 4.0000,
    2.0000, 2.0000, 1.0000, 1.0000, 0.0000, 2.0000, 0.0000, 1.0000, 3.0000, 3.0000,
    1.0000, 4.0000, 0.0000, 0.0000, 1.0000, 3.0000, 1.0000, 1.0000, 4.0000, 1.0000,
    1.0000, 0.0000, 3.0000, 2.0000, 2.0000, 2.0000, 2.0000, 1.0000, 2.0000, 0.0000,
    1.0000, 4.0000, 3.0000, 2.0000, 2.0000, 0.0000,
  ]

### eval/weak/tie_rate
  Total points: 46
  Min: 0.1600, Max: 0.7600, Mean: 0.4383
  Data: [
    0.4000, 0.4400, 0.6000, 0.5600, 0.7600, 0.6000, 0.5200, 0.4800, 0.5200, 0.6800,
    0.1600, 0.5600, 0.4800, 0.4000, 0.5600, 0.3200, 0.5600, 0.4000, 0.4400, 0.4000,
    0.5600, 0.2400, 0.4000, 0.3200, 0.4400, 0.1600, 0.4000, 0.3200, 0.4800, 0.5600,
    0.5200, 0.3200, 0.5200, 0.3200, 0.4800, 0.3600, 0.2800, 0.4400, 0.4000, 0.4400,
    0.3200, 0.4800, 0.2000, 0.3600, 0.3600, 0.6400,
  ]

### eval/weak/ties
  Total points: 46
  Min: 4.0000, Max: 19.0000, Mean: 10.9565
  Data: [
    10.0000, 11.0000, 15.0000, 14.0000, 19.0000, 15.0000, 13.0000, 12.0000, 13.0000, 17.0000,
    4.0000, 14.0000, 12.0000, 10.0000, 14.0000, 8.0000, 14.0000, 10.0000, 11.0000, 10.0000,
    14.0000, 6.0000, 10.0000, 8.0000, 11.0000, 4.0000, 10.0000, 8.0000, 12.0000, 14.0000,
    13.0000, 8.0000, 13.0000, 8.0000, 12.0000, 9.0000, 7.0000, 11.0000, 10.0000, 11.0000,
    8.0000, 12.0000, 5.0000, 9.0000, 9.0000, 16.0000,
  ]

### eval/weak/win_rate
  Total points: 46
  Min: 0.1600, Max: 0.7600, Mean: 0.4870
  Data: [
    0.4400, 0.5200, 0.3200, 0.4000, 0.1600, 0.2000, 0.3600, 0.3600, 0.4000, 0.1600,
    0.7600, 0.3600, 0.4800, 0.5600, 0.4400, 0.6000, 0.4400, 0.5600, 0.4400, 0.4800,
    0.4000, 0.6000, 0.6000, 0.6800, 0.5200, 0.7200, 0.5600, 0.6400, 0.3600, 0.4000,
    0.4400, 0.6800, 0.3600, 0.6000, 0.4400, 0.5600, 0.6400, 0.5200, 0.5200, 0.5600,
    0.6400, 0.3600, 0.6800, 0.5600, 0.5600, 0.3600,
  ]

### eval/weak/win_rate_decisive
  Total points: 46
  Min: 0.5000, Max: 1.0000, Mean: 0.8574
  Data: [
    0.7333, 0.9286, 0.8000, 0.9091, 0.6667, 0.5000, 0.7500, 0.6923, 0.8333, 0.5000,
    0.9048, 0.8182, 0.9231, 0.9333, 1.0000, 0.8824, 1.0000, 0.9333, 0.7857, 0.8000,
    0.9091, 0.7895, 1.0000, 1.0000, 0.9286, 0.8571, 0.9333, 0.9412, 0.6923, 0.9091,
    0.9167, 1.0000, 0.7500, 0.8824, 0.8462, 0.8750, 0.8889, 0.9286, 0.8667, 1.0000,
    0.9412, 0.6923, 0.8500, 0.8750, 0.8750, 1.0000,
  ]

### eval/weak/wins
  Total points: 46
  Min: 4.0000, Max: 19.0000, Mean: 12.1739
  Data: [
    11.0000, 13.0000, 8.0000, 10.0000, 4.0000, 5.0000, 9.0000, 9.0000, 10.0000, 4.0000,
    19.0000, 9.0000, 12.0000, 14.0000, 11.0000, 15.0000, 11.0000, 14.0000, 11.0000, 12.0000,
    10.0000, 15.0000, 15.0000, 17.0000, 13.0000, 18.0000, 14.0000, 16.0000, 9.0000, 10.0000,
    11.0000, 17.0000, 9.0000, 15.0000, 11.0000, 14.0000, 16.0000, 13.0000, 13.0000, 14.0000,
    16.0000, 9.0000, 17.0000, 14.0000, 14.0000, 9.0000,
  ]

### losses/actor_loss
  Total points: 100
  Min: -1.2990, Max: 0.6665, Mean: -0.5406
  Data: [
    -0.6029, -0.9938, -0.9771, -0.6614, -0.7840, -0.7540, -0.6359, -0.8225, -0.6745, -0.6541,
    -0.5483, -0.3344, -0.2615, -0.2709, -0.1625, -0.0461, -0.2208, -0.0446, -0.0054, 0.1960,
    0.1252, 0.2582, 0.2796, 0.4074, 0.3490, 0.3610, 0.2674, 0.3858, 0.3260, 0.4640,
    0.3345, 0.4433, 0.4736, 0.4861, 0.3974, 0.3768, 0.2937, 0.4124, 0.4937, 0.5472,
    0.5153, 0.3982, 0.3588, 0.4867, 0.5492, 0.5131, 0.5441, 0.6234, 0.6665, 0.6291,
    -1.1738, -1.2860, -1.1637, -1.1621, -1.1940, -1.1265, -1.2245, -1.2103, -1.1516, -1.1431,
    -1.2091, -1.1767, -1.2369, -1.1860, -1.2772, -1.1885, -1.1485, -1.1950, -1.1533, -1.0946,
    -1.1581, -1.1237, -1.0853, -0.9947, -1.1276, -1.1823, -1.2147, -1.1472, -1.1487, -1.1647,
    -1.1331, -1.1637, -1.0256, -1.1069, -1.1124, -1.1077, -1.1505, -1.2990, -1.2331, -1.1638,
    -1.1320, -1.1476, -1.0876, -1.1154, -1.0892, -1.0633, -1.0972, -1.1374, -1.1240, -1.0307,
  ]

### losses/critic_loss
  Total points: 100
  Min: 0.0541, Max: 0.1629, Mean: 0.1032
  Data: [
    0.0635, 0.0541, 0.0621, 0.0631, 0.0702, 0.0735, 0.0642, 0.0742, 0.1000, 0.0842,
    0.0752, 0.0774, 0.0997, 0.0864, 0.0788, 0.1108, 0.1043, 0.1188, 0.1296, 0.1071,
    0.1254, 0.0974, 0.1099, 0.1084, 0.1080, 0.1483, 0.1269, 0.1269, 0.1280, 0.1379,
    0.1470, 0.1185, 0.1225, 0.1066, 0.1629, 0.1511, 0.1332, 0.1301, 0.1342, 0.1148,
    0.1173, 0.1070, 0.1555, 0.1452, 0.1515, 0.1578, 0.1377, 0.1261, 0.1383, 0.1345,
    0.1101, 0.0854, 0.1063, 0.0934, 0.0931, 0.1100, 0.1052, 0.0969, 0.0978, 0.1007,
    0.0885, 0.1192, 0.0985, 0.1177, 0.1161, 0.0902, 0.0898, 0.0943, 0.0994, 0.1053,
    0.0964, 0.1082, 0.0800, 0.0985, 0.0927, 0.0989, 0.0840, 0.1108, 0.0956, 0.0959,
    0.0968, 0.0873, 0.0906, 0.0920, 0.0756, 0.0922, 0.0942, 0.0838, 0.0906, 0.0862,
    0.0877, 0.0812, 0.0931, 0.0826, 0.0925, 0.0815, 0.0798, 0.0931, 0.0803, 0.0746,
  ]

### pbrs/annealing_weight
  Total points: 100
  Min: 1.0000, Max: 1.0000, Mean: 1.0000
  Data: [
    1.0000, 1.0000, 1.0000, 1.0000, 1.0000, 1.0000, 1.0000, 1.0000, 1.0000, 1.0000,
    1.0000, 1.0000, 1.0000, 1.0000, 1.0000, 1.0000, 1.0000, 1.0000, 1.0000, 1.0000,
    1.0000, 1.0000, 1.0000, 1.0000, 1.0000, 1.0000, 1.0000, 1.0000, 1.0000, 1.0000,
    1.0000, 1.0000, 1.0000, 1.0000, 1.0000, 1.0000, 1.0000, 1.0000, 1.0000, 1.0000,
    1.0000, 1.0000, 1.0000, 1.0000, 1.0000, 1.0000, 1.0000, 1.0000, 1.0000, 1.0000,
    1.0000, 1.0000, 1.0000, 1.0000, 1.0000, 1.0000, 1.0000, 1.0000, 1.0000, 1.0000,
    1.0000, 1.0000, 1.0000, 1.0000, 1.0000, 1.0000, 1.0000, 1.0000, 1.0000, 1.0000,
    1.0000, 1.0000, 1.0000, 1.0000, 1.0000, 1.0000, 1.0000, 1.0000, 1.0000, 1.0000,
    1.0000, 1.0000, 1.0000, 1.0000, 1.0000, 1.0000, 1.0000, 1.0000, 1.0000, 1.0000,
    1.0000, 1.0000, 1.0000, 1.0000, 1.0000, 1.0000, 1.0000, 1.0000, 1.0000, 1.0000,
  ]

### pbrs/avg_per_episode
  Total points: 100
  Min: 0.0031, Max: 0.0046, Mean: 0.0044
  Data: [
    0.0031, 0.0040, 0.0040, 0.0040, 0.0040, 0.0039, 0.0039, 0.0039, 0.0039, 0.0039,
    0.0039, 0.0039, 0.0040, 0.0040, 0.0040, 0.0040, 0.0041, 0.0041, 0.0041, 0.0041,
    0.0041, 0.0042, 0.0042, 0.0042, 0.0042, 0.0042, 0.0042, 0.0042, 0.0042, 0.0042,
    0.0042, 0.0042, 0.0043, 0.0042, 0.0042, 0.0042, 0.0042, 0.0042, 0.0043, 0.0043,
    0.0043, 0.0043, 0.0043, 0.0043, 0.0043, 0.0043, 0.0043, 0.0043, 0.0043, 0.0043,
    0.0046, 0.0046, 0.0046, 0.0046, 0.0046, 0.0046, 0.0046, 0.0046, 0.0046, 0.0046,
    0.0046, 0.0046, 0.0046, 0.0046, 0.0046, 0.0046, 0.0046, 0.0046, 0.0046, 0.0046,
    0.0046, 0.0046, 0.0046, 0.0046, 0.0046, 0.0046, 0.0046, 0.0046, 0.0046, 0.0046,
    0.0046, 0.0046, 0.0046, 0.0046, 0.0046, 0.0046, 0.0046, 0.0046, 0.0046, 0.0046,
    0.0046, 0.0046, 0.0046, 0.0046, 0.0046, 0.0046, 0.0046, 0.0046, 0.0046, 0.0046,
  ]

### performance/cumulative_win_rate
  Total points: 100
  Min: 0.3000, Max: 0.4327, Mean: 0.3985
  Data: [
    0.3000, 0.3750, 0.3889, 0.3692, 0.3630, 0.3581, 0.3590, 0.3625, 0.3585, 0.3659,
    0.3589, 0.3614, 0.3681, 0.3648, 0.3658, 0.3654, 0.3702, 0.3667, 0.3607, 0.3617,
    0.3626, 0.3647, 0.3652, 0.3640, 0.3636, 0.3627, 0.3660, 0.3662, 0.3660, 0.3665,
    0.3656, 0.3714, 0.3718, 0.3674, 0.3679, 0.3675, 0.3677, 0.3695, 0.3704, 0.3750,
    0.3742, 0.3739, 0.3749, 0.3752, 0.3747, 0.3736, 0.3757, 0.3751, 0.3760, 0.3761,
    0.4288, 0.4287, 0.4288, 0.4288, 0.4289, 0.4289, 0.4292, 0.4293, 0.4290, 0.4288,
    0.4287, 0.4287, 0.4286, 0.4286, 0.4291, 0.4291, 0.4290, 0.4294, 0.4293, 0.4294,
    0.4298, 0.4299, 0.4298, 0.4298, 0.4297, 0.4300, 0.4302, 0.4300, 0.4305, 0.4304,
    0.4304, 0.4307, 0.4308, 0.4314, 0.4314, 0.4312, 0.4311, 0.4314, 0.4314, 0.4314,
    0.4315, 0.4316, 0.4317, 0.4317, 0.4317, 0.4319, 0.4323, 0.4327, 0.4325, 0.4325,
  ]

### performance/losses
  Total points: 100
  Min: 2.0000, Max: 4936.0000, Mean: 2533.2200
  Data: [
    2.0000, 17.0000, 19.0000, 52.0000, 53.0000, 59.0000, 72.0000, 73.0000, 75.0000, 77.0000,
    106.0000, 108.0000, 137.0000, 140.0000, 163.0000, 167.0000, 197.0000, 207.0000, 250.0000, 269.0000,
    280.0000, 307.0000, 314.0000, 316.0000, 326.0000, 334.0000, 347.0000, 374.0000, 378.0000, 383.0000,
    392.0000, 426.0000, 430.0000, 446.0000, 471.0000, 472.0000, 474.0000, 478.0000, 504.0000, 525.0000,
    525.0000, 527.0000, 540.0000, 550.0000, 574.0000, 594.0000, 603.0000, 613.0000, 613.0000, 617.0000,
    4575.0000, 4581.0000, 4585.0000, 4590.0000, 4591.0000, 4597.0000, 4609.0000, 4616.0000, 4621.0000, 4637.0000,
    4652.0000, 4653.0000, 4659.0000, 4662.0000, 4682.0000, 4689.0000, 4692.0000, 4701.0000, 4719.0000, 4724.0000,
    4730.0000, 4731.0000, 4733.0000, 4733.0000, 4735.0000, 4758.0000, 4761.0000, 4767.0000, 4772.0000, 4775.0000,
    4775.0000, 4776.0000, 4777.0000, 4791.0000, 4806.0000, 4818.0000, 4824.0000, 4836.0000, 4836.0000, 4840.0000,
    4852.0000, 4862.0000, 4863.0000, 4872.0000, 4879.0000, 4897.0000, 4918.0000, 4923.0000, 4935.0000, 4936.0000,
  ]

### performance/ties
  Total points: 100
  Min: 5.0000, Max: 9472.0000, Mean: 4637.5000
  Data: [
    5.0000, 33.0000, 36.0000, 112.0000, 119.0000, 140.0000, 178.0000, 182.0000, 188.0000, 202.0000,
    253.0000, 256.0000, 299.0000, 311.0000, 338.0000, 347.0000, 395.0000, 401.0000, 466.0000, 497.0000,
    504.0000, 538.0000, 543.0000, 549.0000, 565.0000, 571.0000, 585.0000, 602.0000, 611.0000, 618.0000,
    642.0000, 674.0000, 682.0000, 718.0000, 749.0000, 755.0000, 759.0000, 764.0000, 793.0000, 825.0000,
    833.0000, 838.0000, 854.0000, 862.0000, 883.0000, 903.0000, 914.0000, 918.0000, 922.0000, 924.0000,
    8106.0000, 8137.0000, 8152.0000, 8164.0000, 8167.0000, 8191.0000, 8217.0000, 8258.0000, 8294.0000, 8335.0000,
    8384.0000, 8390.0000, 8415.0000, 8417.0000, 8511.0000, 8534.0000, 8544.0000, 8571.0000, 8612.0000, 8633.0000,
    8670.0000, 8673.0000, 8679.0000, 8683.0000, 8695.0000, 8751.0000, 8772.0000, 8787.0000, 8806.0000, 8821.0000,
    8827.0000, 8836.0000, 8839.0000, 8902.0000, 8948.0000, 8992.0000, 9006.0000, 9071.0000, 9095.0000, 9108.0000,
    9149.0000, 9190.0000, 9191.0000, 9234.0000, 9271.0000, 9317.0000, 9404.0000, 9406.0000, 9467.0000, 9472.0000,
  ]

### performance/wins
  Total points: 100
  Min: 3.0000, Max: 10982.0000, Mean: 5343.1800
  Data: [
    3.0000, 30.0000, 35.0000, 96.0000, 98.0000, 111.0000, 140.0000, 145.0000, 147.0000, 161.0000,
    201.0000, 206.0000, 254.0000, 259.0000, 289.0000, 296.0000, 348.0000, 352.0000, 404.0000, 434.0000,
    446.0000, 485.0000, 493.0000, 495.0000, 509.0000, 515.0000, 538.0000, 564.0000, 571.0000, 579.0000,
    596.0000, 650.0000, 658.0000, 676.0000, 710.0000, 713.0000, 717.0000, 728.0000, 763.0000, 810.0000,
    812.0000, 815.0000, 836.0000, 848.0000, 873.0000, 893.0000, 913.0000, 919.0000, 925.0000, 929.0000,
    9519.0000, 9542.0000, 9563.0000, 9576.0000, 9582.0000, 9602.0000, 9644.0000, 9686.0000, 9705.0000, 9738.0000,
    9784.0000, 9787.0000, 9806.0000, 9811.0000, 9917.0000, 9937.0000, 9944.0000, 9988.0000, 10029.0000, 10053.0000,
    10100.0000, 10106.0000, 10108.0000, 10114.0000, 10120.0000, 10191.0000, 10217.0000, 10226.0000, 10262.0000, 10274.0000,
    10278.0000, 10298.0000, 10304.0000, 10387.0000, 10436.0000, 10470.0000, 10480.0000, 10553.0000, 10569.0000, 10582.0000,
    10629.0000, 10668.0000, 10676.0000, 10714.0000, 10750.0000, 10806.0000, 10908.0000, 10931.0000, 10978.0000, 10982.0000,
  ]

### rewards/p1
  Total points: 100
  Min: -0.2379, Max: 16.2427, Mean: 8.9444
  Data: [
    6.1455, 9.4266, 4.9431, 9.1486, 6.5297, 3.8974, 8.3972, 8.5935, 6.3624, 7.0718,
    1.1205, 6.3223, 4.7605, 6.6785, 3.7053, 7.3566, 12.8161, 3.7529, 1.6694, 8.1167,
    2.5896, 5.3306, 3.3939, 8.9873, 3.6423, -0.1661, 3.1877, 7.6221, 6.7449, 9.1676,
    6.9846, 4.2601, 7.5253, 9.0560, 8.4597, 9.9573, 9.1674, 7.6863, 2.8413, 5.6551,
    11.1098, 8.5484, 3.7289, 0.5343, 4.4108, 6.3786, 9.0079, -0.2379, 10.6340, 5.4419,
    12.2312, 10.9243, 14.7368, 10.8254, 12.1534, 10.1439, 11.8320, 9.9269, 12.2900, 12.3357,
    10.8034, 12.1719, 7.2573, 9.8141, 11.3951, 4.9963, 13.6527, 12.4149, 16.2427, 10.5172,
    13.1273, 12.6817, 9.6427, 13.6886, 11.8989, 12.3209, 13.2204, 6.0279, 9.1600, 14.2305,
    15.5272, 12.8988, 11.3823, 12.0979, 9.9627, 14.8286, 15.7132, 13.2253, 12.8639, 6.6761,
    15.5660, 14.0356, 10.8902, 15.1234, 14.0079, 8.2287, 8.9149, 10.0685, 9.2798, 12.0192,
  ]

### rewards/p2
  Total points: 100
  Min: 0.0000, Max: 0.0000, Mean: 0.0000
  Data: [
    0.0000, 0.0000, 0.0000, 0.0000, 0.0000, 0.0000, 0.0000, 0.0000, 0.0000, 0.0000,
    0.0000, 0.0000, 0.0000, 0.0000, 0.0000, 0.0000, 0.0000, 0.0000, 0.0000, 0.0000,
    0.0000, 0.0000, 0.0000, 0.0000, 0.0000, 0.0000, 0.0000, 0.0000, 0.0000, 0.0000,
    0.0000, 0.0000, 0.0000, 0.0000, 0.0000, 0.0000, 0.0000, 0.0000, 0.0000, 0.0000,
    0.0000, 0.0000, 0.0000, 0.0000, 0.0000, 0.0000, 0.0000, 0.0000, 0.0000, 0.0000,
    0.0000, 0.0000, 0.0000, 0.0000, 0.0000, 0.0000, 0.0000, 0.0000, 0.0000, 0.0000,
    0.0000, 0.0000, 0.0000, 0.0000, 0.0000, 0.0000, 0.0000, 0.0000, 0.0000, 0.0000,
    0.0000, 0.0000, 0.0000, 0.0000, 0.0000, 0.0000, 0.0000, 0.0000, 0.0000, 0.0000,
    0.0000, 0.0000, 0.0000, 0.0000, 0.0000, 0.0000, 0.0000, 0.0000, 0.0000, 0.0000,
    0.0000, 0.0000, 0.0000, 0.0000, 0.0000, 0.0000, 0.0000, 0.0000, 0.0000, 0.0000,
  ]

### rewards/sparse_only
  Total points: 100
  Min: 0.0000, Max: 0.0000, Mean: 0.0000
  Data: [
    0.0000, 0.0000, 0.0000, 0.0000, 0.0000, 0.0000, 0.0000, 0.0000, 0.0000, 0.0000,
    0.0000, 0.0000, 0.0000, 0.0000, 0.0000, 0.0000, 0.0000, 0.0000, 0.0000, 0.0000,
    0.0000, 0.0000, 0.0000, 0.0000, 0.0000, 0.0000, 0.0000, 0.0000, 0.0000, 0.0000,
    0.0000, 0.0000, 0.0000, 0.0000, 0.0000, 0.0000, 0.0000, 0.0000, 0.0000, 0.0000,
    0.0000, 0.0000, 0.0000, 0.0000, 0.0000, 0.0000, 0.0000, 0.0000, 0.0000, 0.0000,
    0.0000, 0.0000, 0.0000, 0.0000, 0.0000, 0.0000, 0.0000, 0.0000, 0.0000, 0.0000,
    0.0000, 0.0000, 0.0000, 0.0000, 0.0000, 0.0000, 0.0000, 0.0000, 0.0000, 0.0000,
    0.0000, 0.0000, 0.0000, 0.0000, 0.0000, 0.0000, 0.0000, 0.0000, 0.0000, 0.0000,
    0.0000, 0.0000, 0.0000, 0.0000, 0.0000, 0.0000, 0.0000, 0.0000, 0.0000, 0.0000,
    0.0000, 0.0000, 0.0000, 0.0000, 0.0000, 0.0000, 0.0000, 0.0000, 0.0000, 0.0000,
  ]

### rewards/sparse_ratio
  Total points: 100
  Min: 0.0000, Max: 0.0000, Mean: 0.0000
  Data: [
    0.0000, 0.0000, 0.0000, 0.0000, 0.0000, 0.0000, 0.0000, 0.0000, 0.0000, 0.0000,
    0.0000, 0.0000, 0.0000, 0.0000, 0.0000, 0.0000, 0.0000, 0.0000, 0.0000, 0.0000,
    0.0000, 0.0000, 0.0000, 0.0000, 0.0000, 0.0000, 0.0000, 0.0000, 0.0000, 0.0000,
    0.0000, 0.0000, 0.0000, 0.0000, 0.0000, 0.0000, 0.0000, 0.0000, 0.0000, 0.0000,
    0.0000, 0.0000, 0.0000, 0.0000, 0.0000, 0.0000, 0.0000, 0.0000, 0.0000, 0.0000,
    0.0000, 0.0000, 0.0000, 0.0000, 0.0000, 0.0000, 0.0000, 0.0000, 0.0000, 0.0000,
    0.0000, 0.0000, 0.0000, 0.0000, 0.0000, 0.0000, 0.0000, 0.0000, 0.0000, 0.0000,
    0.0000, 0.0000, 0.0000, 0.0000, 0.0000, 0.0000, 0.0000, 0.0000, 0.0000, 0.0000,
    0.0000, 0.0000, 0.0000, 0.0000, 0.0000, 0.0000, 0.0000, 0.0000, 0.0000, 0.0000,
    0.0000, 0.0000, 0.0000, 0.0000, 0.0000, 0.0000, 0.0000, 0.0000, 0.0000, 0.0000,
  ]

### scoring/goals_conceded
  Total points: 100
  Min: 2.0000, Max: 4936.0000, Mean: 2533.2200
  Data: [
    2.0000, 17.0000, 19.0000, 52.0000, 53.0000, 59.0000, 72.0000, 73.0000, 75.0000, 77.0000,
    106.0000, 108.0000, 137.0000, 140.0000, 163.0000, 167.0000, 197.0000, 207.0000, 250.0000, 269.0000,
    280.0000, 307.0000, 314.0000, 316.0000, 326.0000, 334.0000, 347.0000, 374.0000, 378.0000, 383.0000,
    392.0000, 426.0000, 430.0000, 446.0000, 471.0000, 472.0000, 474.0000, 478.0000, 504.0000, 525.0000,
    525.0000, 527.0000, 540.0000, 550.0000, 574.0000, 594.0000, 603.0000, 613.0000, 613.0000, 617.0000,
    4575.0000, 4581.0000, 4585.0000, 4590.0000, 4591.0000, 4597.0000, 4609.0000, 4616.0000, 4621.0000, 4637.0000,
    4652.0000, 4653.0000, 4659.0000, 4662.0000, 4682.0000, 4689.0000, 4692.0000, 4701.0000, 4719.0000, 4724.0000,
    4730.0000, 4731.0000, 4733.0000, 4733.0000, 4735.0000, 4758.0000, 4761.0000, 4767.0000, 4772.0000, 4775.0000,
    4775.0000, 4776.0000, 4777.0000, 4791.0000, 4806.0000, 4818.0000, 4824.0000, 4836.0000, 4836.0000, 4840.0000,
    4852.0000, 4862.0000, 4863.0000, 4872.0000, 4879.0000, 4897.0000, 4918.0000, 4923.0000, 4935.0000, 4936.0000,
  ]

### scoring/goals_scored
  Total points: 100
  Min: 3.0000, Max: 10982.0000, Mean: 5343.1800
  Data: [
    3.0000, 30.0000, 35.0000, 96.0000, 98.0000, 111.0000, 140.0000, 145.0000, 147.0000, 161.0000,
    201.0000, 206.0000, 254.0000, 259.0000, 289.0000, 296.0000, 348.0000, 352.0000, 404.0000, 434.0000,
    446.0000, 485.0000, 493.0000, 495.0000, 509.0000, 515.0000, 538.0000, 564.0000, 571.0000, 579.0000,
    596.0000, 650.0000, 658.0000, 676.0000, 710.0000, 713.0000, 717.0000, 728.0000, 763.0000, 810.0000,
    812.0000, 815.0000, 836.0000, 848.0000, 873.0000, 893.0000, 913.0000, 919.0000, 925.0000, 929.0000,
    9519.0000, 9542.0000, 9563.0000, 9576.0000, 9582.0000, 9602.0000, 9644.0000, 9686.0000, 9705.0000, 9738.0000,
    9784.0000, 9787.0000, 9806.0000, 9811.0000, 9917.0000, 9937.0000, 9944.0000, 9988.0000, 10029.0000, 10053.0000,
    10100.0000, 10106.0000, 10108.0000, 10114.0000, 10120.0000, 10191.0000, 10217.0000, 10226.0000, 10262.0000, 10274.0000,
    10278.0000, 10298.0000, 10304.0000, 10387.0000, 10436.0000, 10470.0000, 10480.0000, 10553.0000, 10569.0000, 10582.0000,
    10629.0000, 10668.0000, 10676.0000, 10714.0000, 10750.0000, 10806.0000, 10908.0000, 10931.0000, 10978.0000, 10982.0000,
  ]

### selfplay/active
  Total points: 100
  Min: 0.0000, Max: 1.0000, Mean: 0.9700
  Data: [
    0.0000, 0.0000, 0.0000, 1.0000, 1.0000, 1.0000, 1.0000, 1.0000, 1.0000, 1.0000,
    1.0000, 1.0000, 1.0000, 1.0000, 1.0000, 1.0000, 1.0000, 1.0000, 1.0000, 1.0000,
    1.0000, 1.0000, 1.0000, 1.0000, 1.0000, 1.0000, 1.0000, 1.0000, 1.0000, 1.0000,
    1.0000, 1.0000, 1.0000, 1.0000, 1.0000, 1.0000, 1.0000, 1.0000, 1.0000, 1.0000,
    1.0000, 1.0000, 1.0000, 1.0000, 1.0000, 1.0000, 1.0000, 1.0000, 1.0000, 1.0000,
    1.0000, 1.0000, 1.0000, 1.0000, 1.0000, 1.0000, 1.0000, 1.0000, 1.0000, 1.0000,
    1.0000, 1.0000, 1.0000, 1.0000, 1.0000, 1.0000, 1.0000, 1.0000, 1.0000, 1.0000,
    1.0000, 1.0000, 1.0000, 1.0000, 1.0000, 1.0000, 1.0000, 1.0000, 1.0000, 1.0000,
    1.0000, 1.0000, 1.0000, 1.0000, 1.0000, 1.0000, 1.0000, 1.0000, 1.0000, 1.0000,
    1.0000, 1.0000, 1.0000, 1.0000, 1.0000, 1.0000, 1.0000, 1.0000, 1.0000, 1.0000,
  ]

### selfplay/anchor_balance_score
  Total points: 100
  Min: 0.9831, Max: 1.0000, Mean: 0.9992
  Data: [
    0.9831, 0.9846, 1.0000, 0.9925, 0.9927, 1.0000, 1.0000, 0.9960, 0.9960, 0.9970,
    1.0000, 1.0000, 0.9976, 1.0000, 0.9981, 0.9984, 1.0000, 0.9985, 1.0000, 1.0000,
    1.0000, 0.9987, 1.0000, 0.9988, 1.0000, 0.9989, 0.9989, 0.9989, 0.9990, 0.9990,
    0.9991, 0.9991, 1.0000, 1.0000, 1.0000, 0.9992, 1.0000, 0.9992, 1.0000, 1.0000,
    0.9993, 1.0000, 1.0000, 1.0000, 1.0000, 0.9993, 0.9993, 1.0000, 0.9994, 1.0000,
    0.9999, 1.0000, 0.9999, 0.9999, 1.0000, 0.9999, 1.0000, 0.9999, 0.9999, 1.0000,
    1.0000, 1.0000, 1.0000, 1.0000, 0.9999, 1.0000, 1.0000, 1.0000, 1.0000, 1.0000,
    0.9999, 1.0000, 0.9999, 1.0000, 0.9999, 1.0000, 0.9999, 0.9999, 1.0000, 1.0000,
    0.9999, 1.0000, 1.0000, 1.0000, 1.0000, 1.0000, 0.9999, 1.0000, 0.9999, 0.9999,
    1.0000, 1.0000, 0.9999, 1.0000, 1.0000, 0.9999, 1.0000, 0.9999, 0.9999, 0.9999,
  ]

### selfplay/anchor_ratio_current
  Total points: 100
  Min: 0.4000, Max: 0.7000, Mean: 0.6710
  Data: [
    0.4000, 0.4000, 0.4000, 0.4000, 0.4000, 0.6000, 0.6000, 0.6000, 0.7000, 0.7000,
    0.6000, 0.6000, 0.6000, 0.7000, 0.7000, 0.7000, 0.7000, 0.7000, 0.7000, 0.7000,
    0.6000, 0.7000, 0.7000, 0.7000, 0.7000, 0.7000, 0.7000, 0.7000, 0.7000, 0.7000,
    0.7000, 0.7000, 0.7000, 0.7000, 0.7000, 0.7000, 0.7000, 0.7000, 0.7000, 0.7000,
    0.7000, 0.7000, 0.7000, 0.7000, 0.7000, 0.7000, 0.7000, 0.7000, 0.7000, 0.7000,
    0.6000, 0.6000, 0.6000, 0.7000, 0.7000, 0.7000, 0.7000, 0.7000, 0.7000, 0.7000,
    0.7000, 0.7000, 0.7000, 0.7000, 0.7000, 0.7000, 0.7000, 0.6000, 0.7000, 0.7000,
    0.7000, 0.7000, 0.7000, 0.7000, 0.7000, 0.7000, 0.7000, 0.7000, 0.7000, 0.7000,
    0.7000, 0.7000, 0.7000, 0.6000, 0.5000, 0.7000, 0.7000, 0.7000, 0.7000, 0.7000,
    0.7000, 0.7000, 0.7000, 0.7000, 0.7000, 0.7000, 0.7000, 0.7000, 0.7000, 0.7000,
  ]

### selfplay/anchor_strong_episodes
  Total points: 100
  Min: 29.0000, Max: 8549.0000, Mean: 4199.6900
  Data: [
    29.0000, 33.0000, 43.0000, 66.0000, 68.0000, 72.0000, 82.0000, 124.0000, 127.0000, 164.0000,
    170.0000, 198.0000, 206.0000, 251.0000, 257.0000, 310.0000, 336.0000, 343.0000, 375.0000, 380.0000,
    384.0000, 398.0000, 405.0000, 421.0000, 442.0000, 448.0000, 455.0000, 470.0000, 511.0000, 516.0000,
    544.0000, 575.0000, 578.0000, 582.0000, 588.0000, 618.0000, 654.0000, 657.0000, 661.0000, 677.0000,
    687.0000, 711.0000, 733.0000, 748.0000, 755.0000, 759.0000, 762.0000, 775.0000, 791.0000, 819.0000,
    7452.0000, 7469.0000, 7485.0000, 7495.0000, 7498.0000, 7515.0000, 7540.0000, 7575.0000, 7594.0000, 7627.0000,
    7670.0000, 7674.0000, 7693.0000, 7697.0000, 7779.0000, 7796.0000, 7804.0000, 7830.0000, 7863.0000, 7881.0000,
    7912.0000, 7916.0000, 7919.0000, 7923.0000, 7932.0000, 7985.0000, 8001.0000, 8011.0000, 8032.0000, 8043.0000,
    8047.0000, 8058.0000, 8060.0000, 8109.0000, 8134.0000, 8164.0000, 8177.0000, 8227.0000, 8242.0000, 8250.0000,
    8284.0000, 8316.0000, 8318.0000, 8346.0000, 8373.0000, 8412.0000, 8489.0000, 8500.0000, 8545.0000, 8549.0000,
  ]

### selfplay/anchor_strong_ratio
  Total points: 100
  Min: 0.4915, Max: 0.5077, Mean: 0.4999
  Data: [
    0.4915, 0.5077, 0.5000, 0.4962, 0.4964, 0.5000, 0.5000, 0.5020, 0.5020, 0.4985,
    0.5000, 0.5000, 0.5012, 0.5000, 0.5010, 0.4992, 0.5000, 0.4993, 0.5000, 0.5000,
    0.5000, 0.4994, 0.5000, 0.5006, 0.5000, 0.4994, 0.4995, 0.4995, 0.5005, 0.4995,
    0.4995, 0.5004, 0.5000, 0.5000, 0.5000, 0.4996, 0.5000, 0.4996, 0.5000, 0.5000,
    0.4996, 0.5000, 0.5000, 0.5000, 0.5000, 0.5003, 0.5003, 0.5000, 0.5003, 0.5000,
    0.5000, 0.5000, 0.5000, 0.5000, 0.5000, 0.5000, 0.5000, 0.5000, 0.5000, 0.5000,
    0.5000, 0.5000, 0.5000, 0.5000, 0.5000, 0.5000, 0.5000, 0.5000, 0.5000, 0.5000,
    0.5000, 0.5000, 0.5000, 0.5000, 0.5000, 0.5000, 0.5000, 0.5000, 0.5000, 0.5000,
    0.5000, 0.5000, 0.5000, 0.5000, 0.5000, 0.5000, 0.5000, 0.5000, 0.5000, 0.5000,
    0.5000, 0.5000, 0.5000, 0.5000, 0.5000, 0.5000, 0.5000, 0.5000, 0.5000, 0.5000,
  ]

### selfplay/anchor_weak_episodes
  Total points: 100
  Min: 30.0000, Max: 8548.0000, Mean: 4199.6800
  Data: [
    30.0000, 32.0000, 43.0000, 67.0000, 69.0000, 72.0000, 82.0000, 123.0000, 126.0000, 165.0000,
    170.0000, 198.0000, 205.0000, 251.0000, 256.0000, 311.0000, 336.0000, 344.0000, 375.0000, 380.0000,
    384.0000, 399.0000, 405.0000, 420.0000, 442.0000, 449.0000, 456.0000, 471.0000, 510.0000, 517.0000,
    545.0000, 574.0000, 578.0000, 582.0000, 588.0000, 619.0000, 654.0000, 658.0000, 661.0000, 677.0000,
    688.0000, 711.0000, 733.0000, 748.0000, 755.0000, 758.0000, 761.0000, 775.0000, 790.0000, 819.0000,
    7453.0000, 7469.0000, 7484.0000, 7494.0000, 7498.0000, 7516.0000, 7540.0000, 7574.0000, 7593.0000, 7627.0000,
    7670.0000, 7674.0000, 7693.0000, 7697.0000, 7778.0000, 7796.0000, 7804.0000, 7830.0000, 7863.0000, 7881.0000,
    7913.0000, 7916.0000, 7918.0000, 7923.0000, 7931.0000, 7985.0000, 8002.0000, 8010.0000, 8032.0000, 8043.0000,
    8048.0000, 8058.0000, 8060.0000, 8109.0000, 8134.0000, 8164.0000, 8176.0000, 8227.0000, 8241.0000, 8251.0000,
    8284.0000, 8316.0000, 8319.0000, 8346.0000, 8373.0000, 8411.0000, 8489.0000, 8501.0000, 8544.0000, 8548.0000,
  ]

### selfplay/anchor_weak_ratio
  Total points: 100
  Min: 0.4923, Max: 0.5085, Mean: 0.5001
  Data: [
    0.5085, 0.4923, 0.5000, 0.5038, 0.5036, 0.5000, 0.5000, 0.4980, 0.4980, 0.5015,
    0.5000, 0.5000, 0.4988, 0.5000, 0.4990, 0.5008, 0.5000, 0.5007, 0.5000, 0.5000,
    0.5000, 0.5006, 0.5000, 0.4994, 0.5000, 0.5006, 0.5005, 0.5005, 0.4995, 0.5005,
    0.5005, 0.4996, 0.5000, 0.5000, 0.5000, 0.5004, 0.5000, 0.5004, 0.5000, 0.5000,
    0.5004, 0.5000, 0.5000, 0.5000, 0.5000, 0.4997, 0.4997, 0.5000, 0.4997, 0.5000,
    0.5000, 0.5000, 0.5000, 0.5000, 0.5000, 0.5000, 0.5000, 0.5000, 0.5000, 0.5000,
    0.5000, 0.5000, 0.5000, 0.5000, 0.5000, 0.5000, 0.5000, 0.5000, 0.5000, 0.5000,
    0.5000, 0.5000, 0.5000, 0.5000, 0.5000, 0.5000, 0.5000, 0.5000, 0.5000, 0.5000,
    0.5000, 0.5000, 0.5000, 0.5000, 0.5000, 0.5000, 0.5000, 0.5000, 0.5000, 0.5000,
    0.5000, 0.5000, 0.5000, 0.5000, 0.5000, 0.5000, 0.5000, 0.5000, 0.5000, 0.5000,
  ]

### selfplay/best_eval_vs_weak
  Total points: 100
  Min: 0.0000, Max: 1.0000, Mean: 0.9439
  Data: [
    0.0000, 0.0000, 0.0000, 0.9444, 0.9444, 0.9444, 0.9444, 0.9444, 0.9444, 0.9444,
    0.9444, 0.9444, 0.9444, 0.9444, 0.9444, 0.9444, 0.9444, 0.9444, 0.9444, 0.9444,
    0.9444, 0.9444, 0.9444, 0.9444, 0.9444, 0.9444, 0.9444, 0.9444, 0.9444, 0.9444,
    0.9444, 0.9444, 0.9444, 0.9444, 0.9444, 0.9444, 0.9444, 0.9444, 0.9444, 0.9444,
    0.9444, 0.9444, 0.9444, 0.9444, 0.9444, 0.9444, 0.9444, 0.9444, 0.9444, 0.9444,
    1.0000, 1.0000, 1.0000, 1.0000, 1.0000, 1.0000, 1.0000, 1.0000, 1.0000, 1.0000,
    1.0000, 1.0000, 1.0000, 1.0000, 1.0000, 1.0000, 1.0000, 1.0000, 1.0000, 1.0000,
    1.0000, 1.0000, 1.0000, 1.0000, 1.0000, 1.0000, 1.0000, 1.0000, 1.0000, 1.0000,
    1.0000, 1.0000, 1.0000, 1.0000, 1.0000, 1.0000, 1.0000, 1.0000, 1.0000, 1.0000,
    1.0000, 1.0000, 1.0000, 1.0000, 1.0000, 1.0000, 1.0000, 1.0000, 1.0000, 1.0000,
  ]

### selfplay/consecutive_eval_drops
  Total points: 100
  Min: 0.0000, Max: 5.0000, Mean: 1.2900
  Data: [
    0.0000, 0.0000, 0.0000, 0.0000, 0.0000, 1.0000, 1.0000, 1.0000, 2.0000, 2.0000,
    0.0000, 0.0000, 0.0000, 1.0000, 1.0000, 2.0000, 3.0000, 3.0000, 5.0000, 5.0000,
    0.0000, 1.0000, 1.0000, 1.0000, 1.0000, 2.0000, 2.0000, 3.0000, 3.0000, 3.0000,
    4.0000, 0.0000, 0.0000, 1.0000, 2.0000, 2.0000, 2.0000, 2.0000, 0.0000, 1.0000,
    1.0000, 1.0000, 2.0000, 2.0000, 3.0000, 3.0000, 0.0000, 0.0000, 0.0000, 0.0000,
    0.0000, 0.0000, 0.0000, 1.0000, 1.0000, 1.0000, 0.0000, 1.0000, 0.0000, 1.0000,
    2.0000, 2.0000, 2.0000, 2.0000, 0.0000, 0.0000, 0.0000, 0.0000, 1.0000, 0.0000,
    0.0000, 1.0000, 1.0000, 1.0000, 1.0000, 2.0000, 3.0000, 3.0000, 0.0000, 0.0000,
    0.0000, 0.0000, 0.0000, 0.0000, 0.0000, 1.0000, 0.0000, 1.0000, 1.0000, 2.0000,
    3.0000, 4.0000, 4.0000, 5.0000, 5.0000, 1.0000, 1.0000, 1.0000, 2.0000, 2.0000,
  ]

### selfplay/episode_opponent_type_selfplay
  Total points: 100
  Min: 0.0000, Max: 1.0000, Mean: 0.2800
  Data: [
    0.0000, 0.0000, 0.0000, 1.0000, 0.0000, 1.0000, 1.0000, 1.0000, 0.0000, 0.0000,
    1.0000, 0.0000, 1.0000, 1.0000, 0.0000, 0.0000, 0.0000, 1.0000, 0.0000, 0.0000,
    0.0000, 0.0000, 1.0000, 1.0000, 0.0000, 1.0000, 0.0000, 0.0000, 1.0000, 1.0000,
    0.0000, 0.0000, 0.0000, 0.0000, 0.0000, 0.0000, 0.0000, 1.0000, 1.0000, 0.0000,
    0.0000, 0.0000, 0.0000, 0.0000, 1.0000, 0.0000, 0.0000, 0.0000, 0.0000, 0.0000,
    0.0000, 1.0000, 0.0000, 0.0000, 0.0000, 0.0000, 1.0000, 0.0000, 0.0000, 1.0000,
    0.0000, 0.0000, 0.0000, 0.0000, 0.0000, 0.0000, 0.0000, 0.0000, 0.0000, 1.0000,
    0.0000, 0.0000, 1.0000, 0.0000, 0.0000, 0.0000, 0.0000, 1.0000, 0.0000, 0.0000,
    0.0000, 0.0000, 1.0000, 0.0000, 1.0000, 0.0000, 0.0000, 0.0000, 0.0000, 0.0000,
    1.0000, 1.0000, 1.0000, 0.0000, 0.0000, 0.0000, 0.0000, 1.0000, 0.0000, 0.0000,
  ]

### selfplay/episode_opponent_type_strong
  Total points: 100
  Min: 0.0000, Max: 1.0000, Mean: 0.3600
  Data: [
    0.0000, 0.0000, 0.0000, 0.0000, 1.0000, 0.0000, 0.0000, 0.0000, 1.0000, 1.0000,
    0.0000, 1.0000, 0.0000, 0.0000, 0.0000, 1.0000, 0.0000, 0.0000, 0.0000, 0.0000,
    0.0000, 1.0000, 0.0000, 0.0000, 0.0000, 0.0000, 1.0000, 1.0000, 0.0000, 0.0000,
    0.0000, 1.0000, 0.0000, 0.0000, 1.0000, 1.0000, 1.0000, 0.0000, 0.0000, 0.0000,
    0.0000, 0.0000, 0.0000, 0.0000, 0.0000, 1.0000, 1.0000, 0.0000, 1.0000, 1.0000,
    0.0000, 0.0000, 1.0000, 1.0000, 1.0000, 0.0000, 0.0000, 1.0000, 1.0000, 0.0000,
    0.0000, 1.0000, 0.0000, 1.0000, 1.0000, 1.0000, 0.0000, 0.0000, 1.0000, 0.0000,
    0.0000, 0.0000, 0.0000, 0.0000, 1.0000, 0.0000, 0.0000, 0.0000, 1.0000, 1.0000,
    0.0000, 1.0000, 0.0000, 0.0000, 0.0000, 0.0000, 1.0000, 1.0000, 1.0000, 0.0000,
    0.0000, 0.0000, 0.0000, 0.0000, 0.0000, 1.0000, 0.0000, 0.0000, 1.0000, 1.0000,
  ]

### selfplay/episode_opponent_type_weak
  Total points: 100
  Min: 0.0000, Max: 1.0000, Mean: 0.3600
  Data: [
    1.0000, 1.0000, 1.0000, 0.0000, 0.0000, 0.0000, 0.0000, 0.0000, 0.0000, 0.0000,
    0.0000, 0.0000, 0.0000, 0.0000, 1.0000, 0.0000, 1.0000, 0.0000, 1.0000, 1.0000,
    1.0000, 0.0000, 0.0000, 0.0000, 1.0000, 0.0000, 0.0000, 0.0000, 0.0000, 0.0000,
    1.0000, 0.0000, 1.0000, 1.0000, 0.0000, 0.0000, 0.0000, 0.0000, 0.0000, 1.0000,
    1.0000, 1.0000, 1.0000, 1.0000, 0.0000, 0.0000, 0.0000, 1.0000, 0.0000, 0.0000,
    1.0000, 0.0000, 0.0000, 0.0000, 0.0000, 1.0000, 0.0000, 0.0000, 0.0000, 0.0000,
    1.0000, 0.0000, 1.0000, 0.0000, 0.0000, 0.0000, 1.0000, 1.0000, 0.0000, 0.0000,
    1.0000, 1.0000, 0.0000, 1.0000, 0.0000, 1.0000, 1.0000, 0.0000, 0.0000, 0.0000,
    1.0000, 0.0000, 0.0000, 1.0000, 0.0000, 1.0000, 0.0000, 0.0000, 0.0000, 1.0000,
    0.0000, 0.0000, 0.0000, 1.0000, 1.0000, 0.0000, 1.0000, 0.0000, 0.0000, 0.0000,
  ]

### selfplay/opponent_age_episodes
  Total points: 100
  Min: -24799.0000, Max: 0.0000, Mean: -10939.1700
  Data: [
    0.0000, 0.0000, 0.0000, 0.0000, 0.0000, 0.0000, 0.0000, -399.0000, -399.0000, -399.0000,
    0.0000, 0.0000, -399.0000, -799.0000, -799.0000, 0.0000, 0.0000, -799.0000, -399.0000, -1199.0000,
    -1199.0000, 0.0000, -1199.0000, -799.0000, -399.0000, -799.0000, 0.0000, 0.0000, 0.0000, -399.0000,
    -799.0000, -399.0000, -399.0000, -799.0000, -399.0000, -1599.0000, -799.0000, -1999.0000, -1999.0000, 0.0000,
    -1599.0000, -1199.0000, -799.0000, -799.0000, -399.0000, 0.0000, -1999.0000, -2399.0000, -799.0000, -1999.0000,
    -21999.0000, -19199.0000, -19199.0000, -21199.0000, -19199.0000, -17599.0000, -18799.0000, -22399.0000, -21199.0000, -19599.0000,
    -17999.0000, -21999.0000, -21599.0000, -19599.0000, -21199.0000, -19599.0000, -21199.0000, -21999.0000, -23199.0000, -18799.0000,
    -22799.0000, -19999.0000, -21199.0000, -21199.0000, -21999.0000, -20799.0000, -21199.0000, -20799.0000, -23599.0000, -23199.0000,
    -21199.0000, -20799.0000, -19199.0000, -19599.0000, -21999.0000, -19599.0000, -19599.0000, -20799.0000, -23999.0000, -21199.0000,
    -21199.0000, -23599.0000, -21999.0000, -23199.0000, -22799.0000, -23199.0000, -24799.0000, -23199.0000, -24399.0000, -21599.0000,
  ]

### selfplay/opponent_checkpoint_episode
  Total points: 100
  Min: 9601.0000, Max: 34400.0000, Mean: 20540.1700
  Data: [
    9601.0000, 9601.0000, 9601.0000, 9601.0000, 9601.0000, 9601.0000, 9601.0000, 10000.0000, 10000.0000, 10000.0000,
    9601.0000, 9601.0000, 10000.0000, 10400.0000, 10400.0000, 9601.0000, 9601.0000, 10400.0000, 10000.0000, 10800.0000,
    10800.0000, 9601.0000, 10800.0000, 10400.0000, 10000.0000, 10400.0000, 9601.0000, 9601.0000, 9601.0000, 10000.0000,
    10400.0000, 10000.0000, 10000.0000, 10400.0000, 10000.0000, 11200.0000, 10400.0000, 11600.0000, 11600.0000, 9601.0000,
    11200.0000, 10800.0000, 10400.0000, 10400.0000, 10000.0000, 9601.0000, 11600.0000, 12000.0000, 10400.0000, 11600.0000,
    31600.0000, 28800.0000, 28800.0000, 30800.0000, 28800.0000, 27200.0000, 28400.0000, 32000.0000, 30800.0000, 29200.0000,
    27600.0000, 31600.0000, 31200.0000, 29200.0000, 30800.0000, 29200.0000, 30800.0000, 31600.0000, 32800.0000, 28400.0000,
    32400.0000, 29600.0000, 30800.0000, 30800.0000, 31600.0000, 30400.0000, 30800.0000, 30400.0000, 33200.0000, 32800.0000,
    30800.0000, 30400.0000, 28800.0000, 29200.0000, 31600.0000, 29200.0000, 29200.0000, 30400.0000, 33600.0000, 30800.0000,
    30800.0000, 33200.0000, 31600.0000, 32800.0000, 32400.0000, 32800.0000, 34400.0000, 32800.0000, 34000.0000, 31200.0000,
  ]

### selfplay/opponent_pool_index
  Total points: 100
  Min: 0.0000, Max: 11.0000, Mean: 3.6600
  Data: [
    0.0000, 0.0000, 0.0000, 0.0000, 0.0000, 0.0000, 0.0000, 1.0000, 1.0000, 1.0000,
    0.0000, 0.0000, 1.0000, 2.0000, 2.0000, 0.0000, 0.0000, 2.0000, 1.0000, 3.0000,
    3.0000, 0.0000, 3.0000, 2.0000, 1.0000, 2.0000, 0.0000, 0.0000, 0.0000, 1.0000,
    2.0000, 1.0000, 1.0000, 2.0000, 1.0000, 4.0000, 2.0000, 5.0000, 5.0000, 0.0000,
    4.0000, 3.0000, 2.0000, 2.0000, 1.0000, 0.0000, 5.0000, 6.0000, 2.0000, 5.0000,
    11.0000, 4.0000, 4.0000, 9.0000, 4.0000, 0.0000, 3.0000, 11.0000, 8.0000, 4.0000,
    0.0000, 10.0000, 9.0000, 4.0000, 7.0000, 3.0000, 7.0000, 9.0000, 11.0000, 0.0000,
    10.0000, 3.0000, 6.0000, 6.0000, 8.0000, 5.0000, 5.0000, 4.0000, 11.0000, 10.0000,
    5.0000, 4.0000, 0.0000, 1.0000, 6.0000, 0.0000, 0.0000, 3.0000, 11.0000, 3.0000,
    3.0000, 9.0000, 5.0000, 8.0000, 7.0000, 7.0000, 11.0000, 7.0000, 9.0000, 2.0000,
  ]

### selfplay/pfsp_avg_winrate
  Total points: 100
  Min: 0.3544, Max: 0.4925, Mean: 0.4253
  Data: [
    0.3700, 0.3800, 0.3700, 0.3800, 0.4000, 0.4000, 0.4000, 0.3600, 0.3544, 0.3942,
    0.3997, 0.4050, 0.4037, 0.4462, 0.4015, 0.3978, 0.4182, 0.4249, 0.4327, 0.4307,
    0.4480, 0.4546, 0.4299, 0.4347, 0.4012, 0.4032, 0.4037, 0.4143, 0.3956, 0.4167,
    0.4085, 0.4160, 0.4217, 0.4282, 0.4461, 0.4322, 0.4307, 0.4089, 0.4145, 0.4224,
    0.4209, 0.4181, 0.4243, 0.4331, 0.4329, 0.4362, 0.4427, 0.4349, 0.4356, 0.4317,
    0.4925, 0.4778, 0.4782, 0.4727, 0.4727, 0.4699, 0.4633, 0.4535, 0.4572, 0.4386,
    0.4363, 0.4359, 0.4339, 0.4339, 0.4233, 0.4246, 0.4228, 0.4253, 0.3937, 0.4052,
    0.4178, 0.4164, 0.4147, 0.4143, 0.4124, 0.4012, 0.4024, 0.4025, 0.4166, 0.4167,
    0.4175, 0.4299, 0.4292, 0.4428, 0.4499, 0.4445, 0.4440, 0.4436, 0.4504, 0.4509,
    0.4590, 0.4564, 0.4517, 0.4531, 0.4436, 0.4202, 0.4217, 0.4250, 0.4293, 0.4288,
  ]

### selfplay/pfsp_diversity_metric
  Total points: 100
  Min: 0.0000, Max: 0.1078, Mean: 0.0603
  Data: [
    0.0000, 0.0000, 0.0000, 0.0000, 0.0000, 0.0000, 0.0000, 0.0400, 0.0344, 0.0942,
    0.0897, 0.0450, 0.0338, 0.0388, 0.0144, 0.0463, 0.0241, 0.0148, 0.0268, 0.0318,
    0.0407, 0.0576, 0.0336, 0.0454, 0.0176, 0.0185, 0.0131, 0.0125, 0.0506, 0.0237,
    0.0296, 0.0344, 0.0336, 0.0354, 0.0591, 0.0490, 0.0424, 0.0622, 0.0530, 0.0618,
    0.0712, 0.0822, 0.0658, 0.0508, 0.0416, 0.0391, 0.0315, 0.0318, 0.0279, 0.0444,
    0.0775, 0.0801, 0.0822, 0.0835, 0.0835, 0.0865, 0.0899, 0.0972, 0.0834, 0.0995,
    0.0984, 0.0997, 0.1024, 0.1024, 0.1032, 0.1035, 0.1040, 0.1075, 0.0958, 0.0834,
    0.0820, 0.0826, 0.0822, 0.0826, 0.0838, 0.0660, 0.0652, 0.0670, 0.0618, 0.0627,
    0.0615, 0.0667, 0.0643, 0.0871, 0.0745, 0.0698, 0.0696, 0.0679, 0.0721, 0.0712,
    0.0824, 0.0871, 0.0816, 0.0851, 0.0868, 0.1052, 0.1078, 0.1060, 0.0972, 0.0969,
  ]

### selfplay/pfsp_max_winrate
  Total points: 100
  Min: 0.3700, Max: 0.6667, Mean: 0.5183
  Data: [
    0.3700, 0.3800, 0.3700, 0.3800, 0.4000, 0.4000, 0.4000, 0.4000, 0.3889, 0.4884,
    0.4894, 0.4500, 0.4375, 0.5000, 0.4198, 0.4400, 0.4400, 0.4400, 0.4700, 0.4700,
    0.5000, 0.5455, 0.4667, 0.5000, 0.4300, 0.4300, 0.4200, 0.4242, 0.4400, 0.4600,
    0.4600, 0.4800, 0.4800, 0.4800, 0.5385, 0.5200, 0.5100, 0.5100, 0.5100, 0.5100,
    0.5100, 0.5000, 0.5000, 0.4906, 0.4906, 0.4906, 0.4906, 0.4800, 0.4800, 0.5000,
    0.5955, 0.6000, 0.6044, 0.5978, 0.5978, 0.6022, 0.6122, 0.6200, 0.6100, 0.6200,
    0.6200, 0.6200, 0.6200, 0.6200, 0.6100, 0.6100, 0.6100, 0.6200, 0.5700, 0.5700,
    0.5800, 0.5800, 0.5700, 0.5700, 0.5700, 0.4889, 0.4945, 0.4891, 0.4947, 0.5000,
    0.5000, 0.5385, 0.5385, 0.6667, 0.5769, 0.5517, 0.5517, 0.5104, 0.5333, 0.5333,
    0.6000, 0.6000, 0.5652, 0.5625, 0.5660, 0.5614, 0.5763, 0.5833, 0.5833, 0.5833,
  ]

### selfplay/pfsp_median_winrate
  Total points: 100
  Min: 0.3544, Max: 0.4909, Mean: 0.4299
  Data: [
    0.3700, 0.3800, 0.3700, 0.3800, 0.4000, 0.4000, 0.4000, 0.3600, 0.3544, 0.3942,
    0.3997, 0.4050, 0.4037, 0.4286, 0.4000, 0.4200, 0.4300, 0.4300, 0.4200, 0.4300,
    0.4500, 0.4400, 0.4300, 0.4300, 0.3957, 0.4007, 0.4050, 0.4200, 0.4023, 0.4146,
    0.3956, 0.4000, 0.4200, 0.4200, 0.4200, 0.4259, 0.4211, 0.4105, 0.4105, 0.4217,
    0.4263, 0.4297, 0.4306, 0.4392, 0.4360, 0.4410, 0.4410, 0.4417, 0.4353, 0.4219,
    0.4909, 0.4843, 0.4843, 0.4842, 0.4842, 0.4796, 0.4802, 0.4783, 0.4632, 0.4545,
    0.4450, 0.4450, 0.4400, 0.4400, 0.4072, 0.4023, 0.3992, 0.4100, 0.3840, 0.3971,
    0.4124, 0.4180, 0.4180, 0.4180, 0.4180, 0.4138, 0.4167, 0.4167, 0.4250, 0.4307,
    0.4307, 0.4362, 0.4293, 0.4315, 0.4536, 0.4551, 0.4520, 0.4738, 0.4700, 0.4800,
    0.4708, 0.4713, 0.4713, 0.4746, 0.4762, 0.4599, 0.4663, 0.4703, 0.4600, 0.4600,
  ]

### selfplay/pfsp_min_winrate
  Total points: 100
  Min: 0.2000, Max: 0.4100, Mean: 0.3196
  Data: [
    0.3700, 0.3800, 0.3700, 0.3800, 0.4000, 0.4000, 0.4000, 0.3200, 0.3200, 0.3000,
    0.3100, 0.3600, 0.3700, 0.4100, 0.3846, 0.3333, 0.3846, 0.4048, 0.4082, 0.3922,
    0.3922, 0.3929, 0.3929, 0.3788, 0.3836, 0.3816, 0.3846, 0.3929, 0.3000, 0.3900,
    0.3800, 0.3800, 0.3800, 0.3800, 0.3800, 0.3800, 0.3900, 0.3000, 0.3333, 0.3077,
    0.2857, 0.2500, 0.3043, 0.3600, 0.3800, 0.3846, 0.4000, 0.3900, 0.3900, 0.3714,
    0.3200, 0.3333, 0.3214, 0.3103, 0.3103, 0.3103, 0.3103, 0.2778, 0.3000, 0.2727,
    0.2500, 0.2500, 0.2308, 0.2308, 0.2308, 0.2143, 0.2143, 0.2000, 0.2000, 0.2500,
    0.2500, 0.2500, 0.2500, 0.2500, 0.2500, 0.2500, 0.2692, 0.2692, 0.2963, 0.2963,
    0.2963, 0.3103, 0.3103, 0.3243, 0.3133, 0.3182, 0.3182, 0.3125, 0.3093, 0.3131,
    0.3000, 0.2941, 0.2941, 0.2727, 0.2679, 0.2000, 0.2000, 0.2000, 0.2600, 0.2600,
  ]

### selfplay/pfsp_num_opponents_tracked
  Total points: 100
  Min: 1.0000, Max: 12.0000, Mean: 7.8500
  Data: [
    1.0000, 1.0000, 1.0000, 1.0000, 1.0000, 1.0000, 1.0000, 2.0000, 2.0000, 2.0000,
    2.0000, 2.0000, 2.0000, 3.0000, 3.0000, 3.0000, 3.0000, 3.0000, 3.0000, 3.0000,
    4.0000, 4.0000, 4.0000, 4.0000, 4.0000, 4.0000, 4.0000, 4.0000, 5.0000, 5.0000,
    5.0000, 5.0000, 5.0000, 5.0000, 5.0000, 5.0000, 5.0000, 6.0000, 6.0000, 6.0000,
    6.0000, 6.0000, 6.0000, 6.0000, 6.0000, 6.0000, 6.0000, 6.0000, 6.0000, 7.0000,
    11.0000, 12.0000, 12.0000, 12.0000, 12.0000, 12.0000, 12.0000, 11.0000, 11.0000, 12.0000,
    12.0000, 12.0000, 12.0000, 12.0000, 12.0000, 12.0000, 12.0000, 12.0000, 12.0000, 12.0000,
    12.0000, 12.0000, 12.0000, 12.0000, 12.0000, 11.0000, 11.0000, 11.0000, 12.0000, 12.0000,
    12.0000, 12.0000, 12.0000, 12.0000, 12.0000, 12.0000, 12.0000, 12.0000, 11.0000, 11.0000,
    12.0000, 12.0000, 12.0000, 12.0000, 11.0000, 12.0000, 12.0000, 12.0000, 11.0000, 11.0000,
  ]

### selfplay/pfsp_std_winrate
  Total points: 100
  Min: 0.0000, Max: 0.1078, Mean: 0.0603
  Data: [
    0.0000, 0.0000, 0.0000, 0.0000, 0.0000, 0.0000, 0.0000, 0.0400, 0.0344, 0.0942,
    0.0897, 0.0450, 0.0338, 0.0388, 0.0144, 0.0463, 0.0241, 0.0148, 0.0268, 0.0318,
    0.0407, 0.0576, 0.0336, 0.0454, 0.0176, 0.0185, 0.0131, 0.0125, 0.0506, 0.0237,
    0.0296, 0.0344, 0.0336, 0.0354, 0.0591, 0.0490, 0.0424, 0.0622, 0.0530, 0.0618,
    0.0712, 0.0822, 0.0658, 0.0508, 0.0416, 0.0391, 0.0315, 0.0318, 0.0279, 0.0444,
    0.0775, 0.0801, 0.0822, 0.0835, 0.0835, 0.0865, 0.0899, 0.0972, 0.0834, 0.0995,
    0.0984, 0.0997, 0.1024, 0.1024, 0.1032, 0.1035, 0.1040, 0.1075, 0.0958, 0.0834,
    0.0820, 0.0826, 0.0822, 0.0826, 0.0838, 0.0660, 0.0652, 0.0670, 0.0618, 0.0627,
    0.0615, 0.0667, 0.0643, 0.0871, 0.0745, 0.0698, 0.0696, 0.0679, 0.0721, 0.0712,
    0.0824, 0.0871, 0.0816, 0.0851, 0.0868, 0.1052, 0.1078, 0.1060, 0.0972, 0.0969,
  ]

### selfplay/pool_size
  Total points: 100
  Min: 0.0000, Max: 12.0000, Mean: 7.8000
  Data: [
    0.0000, 0.0000, 0.0000, 1.0000, 1.0000, 1.0000, 1.0000, 1.0000, 1.0000, 1.0000,
    2.0000, 2.0000, 2.0000, 2.0000, 2.0000, 2.0000, 3.0000, 3.0000, 3.0000, 3.0000,
    3.0000, 4.0000, 4.0000, 4.0000, 4.0000, 4.0000, 4.0000, 4.0000, 4.0000, 4.0000,
    4.0000, 5.0000, 5.0000, 5.0000, 5.0000, 5.0000, 5.0000, 5.0000, 5.0000, 6.0000,
    6.0000, 6.0000, 6.0000, 6.0000, 6.0000, 6.0000, 6.0000, 6.0000, 6.0000, 6.0000,
    12.0000, 12.0000, 12.0000, 12.0000, 12.0000, 12.0000, 12.0000, 12.0000, 12.0000, 12.0000,
    12.0000, 12.0000, 12.0000, 12.0000, 12.0000, 12.0000, 12.0000, 12.0000, 12.0000, 12.0000,
    12.0000, 12.0000, 12.0000, 12.0000, 12.0000, 12.0000, 12.0000, 12.0000, 12.0000, 12.0000,
    12.0000, 12.0000, 12.0000, 12.0000, 12.0000, 12.0000, 12.0000, 12.0000, 12.0000, 12.0000,
    12.0000, 12.0000, 12.0000, 12.0000, 12.0000, 12.0000, 12.0000, 12.0000, 12.0000, 12.0000,
  ]

### selfplay/rollback_enabled
  Total points: 100
  Min: 1.0000, Max: 1.0000, Mean: 1.0000
  Data: [
    1.0000, 1.0000, 1.0000, 1.0000, 1.0000, 1.0000, 1.0000, 1.0000, 1.0000, 1.0000,
    1.0000, 1.0000, 1.0000, 1.0000, 1.0000, 1.0000, 1.0000, 1.0000, 1.0000, 1.0000,
    1.0000, 1.0000, 1.0000, 1.0000, 1.0000, 1.0000, 1.0000, 1.0000, 1.0000, 1.0000,
    1.0000, 1.0000, 1.0000, 1.0000, 1.0000, 1.0000, 1.0000, 1.0000, 1.0000, 1.0000,
    1.0000, 1.0000, 1.0000, 1.0000, 1.0000, 1.0000, 1.0000, 1.0000, 1.0000, 1.0000,
    1.0000, 1.0000, 1.0000, 1.0000, 1.0000, 1.0000, 1.0000, 1.0000, 1.0000, 1.0000,
    1.0000, 1.0000, 1.0000, 1.0000, 1.0000, 1.0000, 1.0000, 1.0000, 1.0000, 1.0000,
    1.0000, 1.0000, 1.0000, 1.0000, 1.0000, 1.0000, 1.0000, 1.0000, 1.0000, 1.0000,
    1.0000, 1.0000, 1.0000, 1.0000, 1.0000, 1.0000, 1.0000, 1.0000, 1.0000, 1.0000,
    1.0000, 1.0000, 1.0000, 1.0000, 1.0000, 1.0000, 1.0000, 1.0000, 1.0000, 1.0000,
  ]

### selfplay/weak_ratio_target
  Total points: 100
  Min: 0.4000, Max: 0.4000, Mean: 0.4000
  Data: [
    0.4000, 0.4000, 0.4000, 0.4000, 0.4000, 0.4000, 0.4000, 0.4000, 0.4000, 0.4000,
    0.4000, 0.4000, 0.4000, 0.4000, 0.4000, 0.4000, 0.4000, 0.4000, 0.4000, 0.4000,
    0.4000, 0.4000, 0.4000, 0.4000, 0.4000, 0.4000, 0.4000, 0.4000, 0.4000, 0.4000,
    0.4000, 0.4000, 0.4000, 0.4000, 0.4000, 0.4000, 0.4000, 0.4000, 0.4000, 0.4000,
    0.4000, 0.4000, 0.4000, 0.4000, 0.4000, 0.4000, 0.4000, 0.4000, 0.4000, 0.4000,
    0.4000, 0.4000, 0.4000, 0.4000, 0.4000, 0.4000, 0.4000, 0.4000, 0.4000, 0.4000,
    0.4000, 0.4000, 0.4000, 0.4000, 0.4000, 0.4000, 0.4000, 0.4000, 0.4000, 0.4000,
    0.4000, 0.4000, 0.4000, 0.4000, 0.4000, 0.4000, 0.4000, 0.4000, 0.4000, 0.4000,
    0.4000, 0.4000, 0.4000, 0.4000, 0.4000, 0.4000, 0.4000, 0.4000, 0.4000, 0.4000,
    0.4000, 0.4000, 0.4000, 0.4000, 0.4000, 0.4000, 0.4000, 0.4000, 0.4000, 0.4000,
  ]

### strategic/attack_diversity_bonus
  Total points: 100
  Min: 0.0000, Max: 1.5000, Mean: 0.6100
  Data: [
    1.5000, 1.5000, 1.5000, 1.0000, 0.0000, 1.0000, 0.0000, 0.0000, 1.0000, 0.0000,
    0.0000, 1.0000, 1.5000, 0.0000, 1.5000, 1.0000, 1.0000, 0.0000, 0.0000, 1.0000,
    1.5000, 1.0000, 0.0000, 1.0000, 0.0000, 0.0000, 0.0000, 1.5000, 0.0000, 0.0000,
    1.5000, 0.0000, 1.0000, 1.0000, 0.0000, 1.5000, 0.0000, 0.0000, 0.0000, 0.0000,
    1.0000, 0.0000, 1.5000, 0.0000, 0.0000, 0.0000, 1.0000, 1.5000, 1.0000, 0.0000,
    1.0000, 0.0000, 0.0000, 1.0000, 0.0000, 0.0000, 1.0000, 1.5000, 1.5000, 0.0000,
    1.0000, 0.0000, 0.0000, 1.0000, 1.5000, 1.5000, 1.0000, 1.0000, 1.0000, 0.0000,
    1.0000, 1.0000, 0.0000, 0.0000, 1.5000, 0.0000, 1.0000, 0.0000, 1.0000, 1.5000,
    0.0000, 1.5000, 1.0000, 0.0000, 0.0000, 0.0000, 0.0000, 0.0000, 0.0000, 1.5000,
    0.0000, 0.0000, 0.0000, 1.0000, 1.0000, 1.0000, 1.0000, 0.0000, 1.5000, 0.0000,
  ]

### strategic/attack_sides_unique
  Total points: 100
  Min: 0.0000, Max: 3.0000, Mean: 1.5200
  Data: [
    3.0000, 3.0000, 3.0000, 2.0000, 1.0000, 2.0000, 1.0000, 1.0000, 2.0000, 1.0000,
    0.0000, 2.0000, 3.0000, 0.0000, 3.0000, 2.0000, 2.0000, 1.0000, 1.0000, 2.0000,
    3.0000, 2.0000, 1.0000, 2.0000, 1.0000, 1.0000, 1.0000, 3.0000, 1.0000, 0.0000,
    3.0000, 1.0000, 2.0000, 2.0000, 1.0000, 3.0000, 1.0000, 0.0000, 1.0000, 1.0000,
    2.0000, 1.0000, 3.0000, 0.0000, 0.0000, 1.0000, 2.0000, 3.0000, 2.0000, 1.0000,
    2.0000, 0.0000, 0.0000, 2.0000, 0.0000, 0.0000, 2.0000, 3.0000, 3.0000, 1.0000,
    2.0000, 0.0000, 1.0000, 2.0000, 3.0000, 3.0000, 2.0000, 2.0000, 2.0000, 0.0000,
    2.0000, 2.0000, 1.0000, 1.0000, 3.0000, 0.0000, 2.0000, 1.0000, 2.0000, 3.0000,
    1.0000, 3.0000, 2.0000, 1.0000, 0.0000, 0.0000, 1.0000, 0.0000, 0.0000, 3.0000,
    1.0000, 1.0000, 0.0000, 2.0000, 2.0000, 2.0000, 2.0000, 0.0000, 3.0000, 1.0000,
  ]

### strategic/forcing_bonus
  Total points: 100
  Min: 0.0000, Max: 1.0000, Mean: 0.7155
  Data: [
    1.0000, 0.9490, 0.9713, 1.0000, 1.0000, 1.0000, 1.0000, 0.8091, 1.0000, 0.6280,
    0.0000, 1.0000, 1.0000, 1.0000, 1.0000, 1.0000, 0.5642, 0.0000, 1.0000, 0.8004,
    0.7242, 1.0000, 1.0000, 1.0000, 0.9422, 1.0000, 1.0000, 1.0000, 1.0000, 0.0000,
    0.0000, 1.0000, 0.9078, 1.0000, 1.0000, 1.0000, 0.9454, 0.7470, 0.0000, 1.0000,
    0.9008, 0.7155, 0.5422, 0.0000, 0.0000, 1.0000, 1.0000, 1.0000, 1.0000, 1.0000,
    1.0000, 0.0000, 0.0000, 1.0000, 0.5248, 0.0000, 1.0000, 1.0000, 1.0000, 0.9883,
    0.7800, 0.6230, 1.0000, 1.0000, 1.0000, 1.0000, 0.6288, 0.6177, 1.0000, 0.0000,
    0.0000, 0.8311, 1.0000, 0.0000, 1.0000, 0.0000, 0.0000, 0.5829, 1.0000, 0.7927,
    0.0000, 1.0000, 0.9584, 0.0000, 0.6864, 0.0000, 0.8219, 0.5243, 0.0000, 0.8600,
    1.0000, 1.0000, 0.7818, 0.0000, 0.9291, 1.0000, 0.9240, 0.0000, 1.0000, 0.5484,
  ]

### strategic/opponent_avg_movement
  Total points: 100
  Min: 0.0258, Max: 0.1638, Mean: 0.0843
  Data: [
    0.0627, 0.0399, 0.0420, 0.0912, 0.0898, 0.1022, 0.0883, 0.1226, 0.0776, 0.1029,
    0.1418, 0.0716, 0.0901, 0.1050, 0.0473, 0.0674, 0.0486, 0.0989, 0.0463, 0.0321,
    0.0291, 0.0982, 0.1326, 0.1040, 0.0378, 0.0680, 0.0735, 0.0858, 0.1371, 0.1143,
    0.0784, 0.0805, 0.0365, 0.0590, 0.1045, 0.0893, 0.0808, 0.1266, 0.0973, 0.0449,
    0.0362, 0.0416, 0.0312, 0.0793, 0.1605, 0.0781, 0.0827, 0.0480, 0.1189, 0.1233,
    0.0446, 0.1377, 0.1566, 0.0861, 0.1590, 0.1344, 0.0899, 0.0813, 0.0834, 0.0706,
    0.0313, 0.1354, 0.0407, 0.0646, 0.0759, 0.0787, 0.0776, 0.0577, 0.0949, 0.1518,
    0.0644, 0.0573, 0.0585, 0.0763, 0.0678, 0.0731, 0.0258, 0.1166, 0.0831, 0.0639,
    0.0536, 0.0686, 0.0896, 0.0770, 0.1248, 0.1160, 0.0798, 0.1638, 0.1580, 0.0345,
    0.0632, 0.1098, 0.1564, 0.0574, 0.0373, 0.0790, 0.0371, 0.1406, 0.0928, 0.1035,
  ]

### strategic/opponent_total_movement
  Total points: 100
  Min: 2.2699, Max: 33.0070, Mean: 11.5636
  Data: [
    15.6243, 9.4904, 9.7135, 22.7206, 22.3669, 11.2397, 16.0758, 8.0912, 19.3198, 6.2798,
    3.4030, 17.8203, 22.4406, 26.1524, 11.7691, 16.7844, 5.6423, 3.9559, 11.5297, 8.0038,
    7.2417, 24.4566, 33.0070, 15.6072, 9.4219, 14.9000, 11.9023, 21.3714, 15.0834, 3.7734,
    4.0005, 10.3072, 9.0779, 14.6932, 26.0326, 22.2327, 9.4536, 7.4702, 4.4761, 11.1888,
    9.0081, 7.1549, 5.4215, 2.8560, 3.0500, 10.8607, 19.5188, 11.9570, 13.3210, 30.6966,
    11.1107, 3.3056, 4.3860, 16.2789, 5.2478, 3.4955, 15.7261, 20.2536, 20.7781, 9.8825,
    7.8003, 6.2299, 10.1244, 16.0972, 18.9030, 19.5887, 6.2883, 6.1773, 11.2010, 3.0361,
    4.9567, 8.3107, 14.5599, 4.4247, 16.8740, 2.5600, 2.2699, 5.8289, 20.6922, 7.9275,
    4.1264, 17.0849, 9.5838, 4.3093, 6.8642, 2.7851, 8.2187, 5.2429, 4.5822, 8.6000,
    15.7321, 24.8170, 7.8180, 4.7068, 9.2912, 19.6825, 9.2395, 2.8128, 23.0964, 5.4837,
  ]

### strategic/shot_quality_ratio
  Total points: 100
  Min: 0.0000, Max: 1.0000, Mean: 0.7934
  Data: [
    1.0000, 1.0000, 0.9722, 1.0000, 1.0000, 1.0000, 1.0000, 1.0000, 1.0000, 1.0000,
    0.0000, 1.0000, 0.9231, 0.0000, 0.9000, 1.0000, 1.0000, 1.0000, 1.0000, 1.0000,
    0.8824, 1.0000, 1.0000, 1.0000, 1.0000, 1.0000, 1.0000, 1.0000, 1.0000, 0.0000,
    1.0000, 1.0000, 1.0000, 0.8500, 1.0000, 1.0000, 1.0000, 0.0000, 0.6923, 1.0000,
    1.0000, 1.0000, 1.0000, 0.0000, 0.0000, 1.0000, 1.0000, 1.0000, 1.0000, 1.0000,
    0.9630, 0.0000, 0.0000, 0.9444, 0.0000, 0.0000, 1.0000, 1.0000, 1.0000, 1.0000,
    1.0000, 0.0000, 0.9545, 1.0000, 1.0000, 1.0000, 1.0000, 1.0000, 1.0000, 0.0000,
    1.0000, 1.0000, 0.8158, 1.0000, 1.0000, 0.0000, 1.0000, 1.0000, 1.0000, 1.0000,
    1.0000, 0.8182, 0.8000, 1.0000, 0.0000, 0.0000, 1.0000, 0.0000, 0.0000, 1.0000,
    0.8542, 0.9722, 0.0000, 1.0000, 1.0000, 1.0000, 1.0000, 0.0000, 1.0000, 1.0000,
  ]

### strategic/shots_blocked
  Total points: 100
  Min: 0.0000, Max: 8.0000, Mean: 0.6600
  Data: [
    0.0000, 0.0000, 1.0000, 0.0000, 0.0000, 0.0000, 0.0000, 0.0000, 0.0000, 0.0000,
    0.0000, 0.0000, 3.0000, 0.0000, 2.0000, 0.0000, 0.0000, 0.0000, 0.0000, 0.0000,
    4.0000, 0.0000, 0.0000, 0.0000, 0.0000, 0.0000, 0.0000, 0.0000, 0.0000, 0.0000,
    0.0000, 0.0000, 0.0000, 3.0000, 0.0000, 0.0000, 0.0000, 0.0000, 4.0000, 0.0000,
    0.0000, 0.0000, 0.0000, 0.0000, 0.0000, 0.0000, 0.0000, 0.0000, 0.0000, 0.0000,
    1.0000, 0.0000, 1.0000, 1.0000, 4.0000, 4.0000, 0.0000, 0.0000, 0.0000, 0.0000,
    0.0000, 1.0000, 1.0000, 0.0000, 0.0000, 0.0000, 0.0000, 0.0000, 0.0000, 0.0000,
    0.0000, 0.0000, 7.0000, 0.0000, 0.0000, 0.0000, 0.0000, 0.0000, 0.0000, 0.0000,
    0.0000, 4.0000, 2.0000, 0.0000, 3.0000, 1.0000, 0.0000, 3.0000, 8.0000, 0.0000,
    7.0000, 1.0000, 0.0000, 0.0000, 0.0000, 0.0000, 0.0000, 0.0000, 0.0000, 0.0000,
  ]

### strategic/shots_clear
  Total points: 100
  Min: 0.0000, Max: 57.0000, Mean: 15.3600
  Data: [
    40.0000, 30.0000, 35.0000, 22.0000, 21.0000, 18.0000, 26.0000, 10.0000, 26.0000, 9.0000,
    0.0000, 11.0000, 36.0000, 0.0000, 18.0000, 29.0000, 21.0000, 1.0000, 11.0000, 27.0000,
    30.0000, 11.0000, 1.0000, 16.0000, 57.0000, 26.0000, 2.0000, 32.0000, 2.0000, 0.0000,
    8.0000, 17.0000, 19.0000, 17.0000, 13.0000, 26.0000, 15.0000, 0.0000, 9.0000, 15.0000,
    51.0000, 15.0000, 29.0000, 0.0000, 0.0000, 12.0000, 28.0000, 36.0000, 10.0000, 10.0000,
    26.0000, 0.0000, 0.0000, 17.0000, 0.0000, 0.0000, 23.0000, 13.0000, 25.0000, 15.0000,
    11.0000, 0.0000, 21.0000, 15.0000, 25.0000, 21.0000, 6.0000, 10.0000, 10.0000, 0.0000,
    5.0000, 7.0000, 31.0000, 8.0000, 17.0000, 0.0000, 13.0000, 8.0000, 27.0000, 11.0000,
    5.0000, 18.0000, 8.0000, 8.0000, 0.0000, 0.0000, 8.0000, 0.0000, 0.0000, 18.0000,
    41.0000, 35.0000, 0.0000, 9.0000, 25.0000, 35.0000, 29.0000, 0.0000, 29.0000, 5.0000,
  ]

### training/avg_episode_length
  Total points: 100
  Min: 89.4000, Max: 225.2000, Mean: 153.8400
  Data: [
    182.2000, 143.0000, 168.5000, 143.1000, 201.8000, 209.5000, 123.8000, 142.6000, 190.5000, 111.5000,
    170.2000, 126.2000, 150.8000, 222.8000, 138.8000, 180.4000, 156.6000, 155.2000, 129.2000, 185.1000,
    156.1000, 154.2000, 127.4000, 204.8000, 183.9000, 127.2000, 158.2000, 147.7000, 122.9000, 148.5000,
    187.7000, 174.6000, 149.1000, 183.7000, 128.3000, 169.4000, 159.1000, 129.8000, 125.6000, 165.3000,
    225.2000, 173.8000, 145.5000, 117.6000, 138.3000, 137.6000, 187.7000, 158.8000, 150.0000, 128.0000,
    111.9000, 181.7000, 183.2000, 189.8000, 133.6000, 132.6000, 155.1000, 152.7000, 211.2000, 157.4000,
    194.9000, 179.0000, 142.4000, 147.9000, 176.3000, 105.4000, 164.8000, 106.9000, 175.1000, 110.0000,
    127.7000, 151.0000, 165.1000, 135.1000, 155.6000, 132.0000, 113.6000, 123.3000, 151.5000, 176.4000,
    184.9000, 101.3000, 140.5000, 143.8000, 167.9000, 152.3000, 194.2000, 150.9000, 141.2000, 164.5000,
    165.4000, 139.5000, 89.4000, 163.6000, 147.4000, 106.0000, 127.4000, 129.1000, 176.6000, 157.1000,
  ]

### training/calls_per_episode
  Total points: 100
  Min: 0.0000, Max: 0.0000, Mean: 0.0000
  Data: [
    0.0000, 0.0000, 0.0000, 0.0000, 0.0000, 0.0000, 0.0000, 0.0000, 0.0000, 0.0000,
    0.0000, 0.0000, 0.0000, 0.0000, 0.0000, 0.0000, 0.0000, 0.0000, 0.0000, 0.0000,
    0.0000, 0.0000, 0.0000, 0.0000, 0.0000, 0.0000, 0.0000, 0.0000, 0.0000, 0.0000,
    0.0000, 0.0000, 0.0000, 0.0000, 0.0000, 0.0000, 0.0000, 0.0000, 0.0000, 0.0000,
    0.0000, 0.0000, 0.0000, 0.0000, 0.0000, 0.0000, 0.0000, 0.0000, 0.0000, 0.0000,
    0.0000, 0.0000, 0.0000, 0.0000, 0.0000, 0.0000, 0.0000, 0.0000, 0.0000, 0.0000,
    0.0000, 0.0000, 0.0000, 0.0000, 0.0000, 0.0000, 0.0000, 0.0000, 0.0000, 0.0000,
    0.0000, 0.0000, 0.0000, 0.0000, 0.0000, 0.0000, 0.0000, 0.0000, 0.0000, 0.0000,
    0.0000, 0.0000, 0.0000, 0.0000, 0.0000, 0.0000, 0.0000, 0.0000, 0.0000, 0.0000,
    0.0000, 0.0000, 0.0000, 0.0000, 0.0000, 0.0000, 0.0000, 0.0000, 0.0000, 0.0000,
  ]

### training/episode
  Total points: 100
  Min: 9510.0000, Max: 34890.0000, Mean: 22013.9000
  Data: [
    9510.0000, 9580.0000, 9590.0000, 9760.0000, 9770.0000, 9810.0000, 9890.0000, 9900.0000, 9910.0000, 9940.0000,
    10060.0000, 10070.0000, 10190.0000, 10210.0000, 10290.0000, 10310.0000, 10440.0000, 10460.0000, 10620.0000, 10700.0000,
    10730.0000, 10830.0000, 10850.0000, 10860.0000, 10900.0000, 10920.0000, 10970.0000, 11040.0000, 11060.0000, 11080.0000,
    11130.0000, 11250.0000, 11270.0000, 11340.0000, 11430.0000, 11440.0000, 11450.0000, 11470.0000, 11560.0000, 11660.0000,
    11670.0000, 11680.0000, 11730.0000, 11760.0000, 11830.0000, 11890.0000, 11930.0000, 11950.0000, 11960.0000, 11970.0000,
    31700.0000, 31760.0000, 31800.0000, 31830.0000, 31840.0000, 31890.0000, 31970.0000, 32060.0000, 32120.0000, 32210.0000,
    32320.0000, 32330.0000, 32380.0000, 32390.0000, 32610.0000, 32660.0000, 32680.0000, 32760.0000, 32860.0000, 32910.0000,
    33000.0000, 33010.0000, 33020.0000, 33030.0000, 33050.0000, 33200.0000, 33250.0000, 33280.0000, 33340.0000, 33370.0000,
    33380.0000, 33410.0000, 33420.0000, 33580.0000, 33690.0000, 33780.0000, 33810.0000, 33960.0000, 34000.0000, 34030.0000,
    34130.0000, 34220.0000, 34230.0000, 34320.0000, 34400.0000, 34520.0000, 34730.0000, 34760.0000, 34880.0000, 34890.0000,
  ]

### training/eps_per_sec
  Total points: 100
  Min: 0.1460, Max: 770.8825, Mean: 8.5255
  Data: [
    770.8825, 1.1354, 0.9698, 1.4499, 1.0265, 0.3313, 1.6433, 1.4570, 0.3551, 1.8797,
    1.1630, 1.4844, 0.8992, 0.3090, 1.2734, 0.3163, 0.8946, 0.7566, 0.8762, 0.6443,
    0.7506, 0.7540, 0.8596, 0.6188, 0.6176, 0.9261, 0.7238, 1.1066, 1.2943, 1.0416,
    0.7447, 0.8150, 0.9141, 0.7327, 1.0745, 0.8187, 0.9218, 1.0039, 0.9844, 0.8526,
    0.6150, 0.8359, 0.8449, 1.1376, 1.0090, 0.8572, 0.6697, 0.7666, 0.8252, 0.8849,
    0.9872, 0.5921, 0.6257, 0.6414, 1.2616, 0.8614, 0.8199, 0.7380, 0.5332, 0.2822,
    0.5732, 0.6415, 0.8150, 0.8132, 0.2665, 1.2264, 0.6793, 1.1570, 0.6332, 0.3635,
    1.2008, 0.3879, 0.5906, 0.8267, 0.7798, 0.7759, 1.0210, 0.8453, 0.9420, 0.6393,
    0.6492, 0.3360, 0.7391, 0.7812, 0.6752, 0.6505, 0.1460, 0.6825, 0.7523, 0.5861,
    0.5857, 0.7610, 1.0549, 0.7093, 0.8399, 1.3159, 0.7359, 1.0752, 0.5818, 0.6268,
  ]

### training/epsilon
  Total points: 100
  Min: 0.3356, Max: 0.9996, Mean: 0.6528
  Data: [
    0.9996, 0.9966, 0.9961, 0.9889, 0.9885, 0.9868, 0.9834, 0.9829, 0.9825, 0.9813,
    0.9762, 0.9758, 0.9708, 0.9699, 0.9666, 0.9658, 0.9604, 0.9596, 0.9530, 0.9497,
    0.9485, 0.9444, 0.9436, 0.9432, 0.9416, 0.9408, 0.9387, 0.9359, 0.9351, 0.9343,
    0.9323, 0.9275, 0.9267, 0.9239, 0.9204, 0.9200, 0.9196, 0.9188, 0.9152, 0.9113,
    0.9109, 0.9105, 0.9086, 0.9074, 0.9047, 0.9023, 0.9008, 0.9000, 0.8996, 0.8992,
    0.3850, 0.3840, 0.3833, 0.3828, 0.3826, 0.3818, 0.3805, 0.3790, 0.3781, 0.3766,
    0.3748, 0.3747, 0.3739, 0.3737, 0.3702, 0.3694, 0.3691, 0.3678, 0.3662, 0.3654,
    0.3640, 0.3639, 0.3637, 0.3636, 0.3632, 0.3609, 0.3601, 0.3597, 0.3587, 0.3583,
    0.3581, 0.3577, 0.3575, 0.3551, 0.3534, 0.3520, 0.3516, 0.3493, 0.3487, 0.3483,
    0.3468, 0.3454, 0.3453, 0.3439, 0.3428, 0.3410, 0.3379, 0.3375, 0.3358, 0.3356,
  ]

### training/pbrs_enabled
  Total points: 100
  Min: 1.0000, Max: 1.0000, Mean: 1.0000
  Data: [
    1.0000, 1.0000, 1.0000, 1.0000, 1.0000, 1.0000, 1.0000, 1.0000, 1.0000, 1.0000,
    1.0000, 1.0000, 1.0000, 1.0000, 1.0000, 1.0000, 1.0000, 1.0000, 1.0000, 1.0000,
    1.0000, 1.0000, 1.0000, 1.0000, 1.0000, 1.0000, 1.0000, 1.0000, 1.0000, 1.0000,
    1.0000, 1.0000, 1.0000, 1.0000, 1.0000, 1.0000, 1.0000, 1.0000, 1.0000, 1.0000,
    1.0000, 1.0000, 1.0000, 1.0000, 1.0000, 1.0000, 1.0000, 1.0000, 1.0000, 1.0000,
    1.0000, 1.0000, 1.0000, 1.0000, 1.0000, 1.0000, 1.0000, 1.0000, 1.0000, 1.0000,
    1.0000, 1.0000, 1.0000, 1.0000, 1.0000, 1.0000, 1.0000, 1.0000, 1.0000, 1.0000,
    1.0000, 1.0000, 1.0000, 1.0000, 1.0000, 1.0000, 1.0000, 1.0000, 1.0000, 1.0000,
    1.0000, 1.0000, 1.0000, 1.0000, 1.0000, 1.0000, 1.0000, 1.0000, 1.0000, 1.0000,
    1.0000, 1.0000, 1.0000, 1.0000, 1.0000, 1.0000, 1.0000, 1.0000, 1.0000, 1.0000,
  ]

### values/Q_avg
  Total points: 46
  Min: 0.2097, Max: 4.2458, Mean: 2.3471
  Data: [
    0.4776, 1.3760, 0.6082, 0.2097, 1.1016, 1.0361, 0.8036, 0.4134, 0.5798, 0.7352,
    2.4456, 0.3319, 1.3261, 1.9438, 1.4063, 2.3653, 2.5112, 2.3154, 2.6618, 2.4323,
    3.0442, 2.3866, 2.9594, 2.4256, 2.7711, 2.9923, 3.5836, 3.3868, 3.2631, 2.5704,
    2.6199, 2.8535, 3.1987, 3.6846, 3.1360, 3.1454, 2.2334, 3.6933, 3.7034, 3.0431,
    3.1437, 3.3443, 2.7154, 4.2458, 3.7208, 3.0196,
  ]

### values/Q_max
  Total points: 46
  Min: 6.7535, Max: 10.3363, Mean: 9.3181
  Data: [
    10.0178, 7.2841, 9.8080, 10.0039, 10.3295, 9.6050, 9.8803, 9.3230, 7.5781, 8.6364,
    9.8657, 9.7632, 9.9654, 7.5016, 10.3363, 10.0843, 9.6778, 9.7083, 7.5903, 9.3522,
    7.7038, 8.1290, 7.9606, 9.5907, 6.7535, 9.7031, 10.2679, 8.2109, 9.7456, 9.5273,
    10.0507, 9.5132, 8.0673, 9.9689, 9.3897, 9.9689, 9.4783, 9.5666, 10.0905, 9.9624,
    9.3983, 9.5652, 9.7135, 9.7483, 10.0158, 10.2333,
  ]

### values/Q_min
  Total points: 46
  Min: -11.1506, Max: -4.0463, Mean: -7.8379
  Data: [
    -10.2483, -9.2926, -10.2484, -9.9253, -8.1031, -9.9739, -9.0777, -10.2943, -7.6751, -7.7633,
    -5.2428, -6.9988, -8.3979, -9.3697, -6.6701, -10.1790, -6.2809, -4.9008, -4.8703, -9.7053,
    -5.4422, -10.7093, -10.4050, -8.3500, -5.1614, -11.1506, -4.1986, -4.2924, -4.9408, -9.5978,
    -10.3278, -10.7504, -4.3266, -10.7077, -9.7859, -10.7077, -10.8671, -5.3243, -4.5150, -4.0463,
    -5.1498, -4.3317, -9.9980, -4.9088, -4.8642, -10.4641,
  ]

### values/Q_std
  Total points: 46
  Min: 2.6308, Max: 4.6220, Mean: 3.5870
  Data: [
    4.6033, 3.9903, 4.6220, 3.9608, 3.9073, 4.1513, 4.2972, 4.3655, 3.9764, 3.7514,
    3.2690, 4.1639, 4.1244, 3.5363, 4.1211, 3.8627, 3.5230, 3.3102, 3.2955, 3.8894,
    3.4219, 4.0015, 3.0812, 3.7663, 3.3526, 3.8196, 2.9225, 2.9877, 3.1787, 3.3578,
    3.7981, 3.7681, 3.0691, 3.1244, 3.7633, 3.6039, 3.7388, 3.0149, 3.0479, 3.0892,
    3.1291, 3.0838, 3.2325, 2.6308, 3.0010, 3.2954,
  ]
