================================================================================
W&B RUN DATA: best-cross-court-problematic-TD3-Hockey-NORMAL-weak-lr0.0010-seed42
================================================================================

## RUN METADATA
Run ID: xw6cfpjm
Created: 2026-01-17T23:53:09Z
State: running
Duration: 41253.59282887 seconds

## CONFIGURATION
  algorithm: TD3
  mode: NORMAL
  opponent: weak
  learning_rate_actor: 0.001
  learning_rate_critic: 0.001
  batch_size: 100
  buffer_size: 1000000
  max_episodes: 100000
  random_seed: 42
  self_play_start: 100000
  self_play_pool_size: 25
  gamma: 0.99
  tau: 0.005

## FINAL SUMMARY

## NOTE: Data discretized to fit 100000 char limit
  Showing ~66 points per metric (of 233 total)

## METRICS DATA

### behavior/action_magnitude_avg
  Total points: 100
  Min: 0.9626, Max: 1.2099, Mean: 1.0938
  Data: [
    0.9836, 0.9755, 0.9643, 0.9706, 0.9669, 0.9744, 0.9754, 0.9952, 0.9878, 0.9911,
    0.9798, 0.9640, 0.9693, 0.9859, 0.9867, 0.9652, 0.9731, 0.9796, 0.9775, 0.9748,
    0.9715, 0.9702, 0.9626, 0.9734, 0.9737, 0.9721, 0.9667, 0.9724, 0.9686, 0.9711,
    0.9780, 0.9816, 0.9741, 0.9739, 0.9765, 0.9754, 0.9738, 0.9725, 0.9832, 0.9851,
    1.1302, 1.1427, 1.1345, 1.1137, 1.1397, 1.1202, 1.1299, 1.1320, 1.1357, 1.1251,
    1.1646, 1.1550, 1.1734, 1.1637, 1.1850, 1.1557, 1.1675, 1.1716, 1.1617, 1.1611,
    1.1804, 1.1694, 1.1624, 1.1687, 1.1857, 1.1778, 1.1739, 1.1802, 1.1734, 1.1816,
    1.1830, 1.1795, 1.1862, 1.1874, 1.1684, 1.1652, 1.1806, 1.1795, 1.1986, 1.1820,
    1.1929, 1.1880, 1.1811, 1.1884, 1.1788, 1.1828, 1.1805, 1.2099, 1.1888, 1.1932,
    1.1918, 1.1968, 1.1908, 1.2095, 1.1824, 1.1973, 1.1875, 1.2084, 1.1849, 1.2036,
  ]

### behavior/action_magnitude_max
  Total points: 100
  Min: 1.4039, Max: 1.4142, Mean: 1.4141
  Data: [
    1.4142, 1.4142, 1.4142, 1.4142, 1.4142, 1.4142, 1.4142, 1.4142, 1.4142, 1.4142,
    1.4142, 1.4142, 1.4112, 1.4142, 1.4142, 1.4142, 1.4142, 1.4142, 1.4142, 1.4142,
    1.4142, 1.4142, 1.4142, 1.4142, 1.4142, 1.4039, 1.4142, 1.4142, 1.4142, 1.4142,
    1.4142, 1.4142, 1.4142, 1.4142, 1.4142, 1.4142, 1.4142, 1.4142, 1.4142, 1.4142,
    1.4142, 1.4142, 1.4142, 1.4142, 1.4142, 1.4142, 1.4142, 1.4142, 1.4142, 1.4142,
    1.4142, 1.4142, 1.4142, 1.4142, 1.4142, 1.4142, 1.4142, 1.4142, 1.4142, 1.4142,
    1.4142, 1.4142, 1.4142, 1.4142, 1.4142, 1.4142, 1.4142, 1.4142, 1.4142, 1.4142,
    1.4142, 1.4142, 1.4142, 1.4142, 1.4142, 1.4142, 1.4142, 1.4142, 1.4142, 1.4142,
    1.4142, 1.4142, 1.4142, 1.4142, 1.4142, 1.4142, 1.4142, 1.4142, 1.4142, 1.4142,
    1.4142, 1.4142, 1.4142, 1.4142, 1.4142, 1.4142, 1.4142, 1.4142, 1.4142, 1.4142,
  ]

### behavior/dist_to_puck_avg
  Total points: 100
  Min: 1.9606, Max: 3.9133, Mean: 2.6879
  Data: [
    3.7181, 3.9133, 3.2174, 3.2501, 3.0093, 3.4647, 3.8326, 3.7693, 3.4525, 3.6156,
    3.3437, 3.2217, 3.3324, 3.0924, 3.6009, 3.3920, 3.5758, 3.2184, 3.1096, 3.2514,
    3.1592, 3.3843, 3.4068, 3.5287, 3.2940, 3.1860, 3.2965, 3.6509, 3.0232, 3.0588,
    3.6038, 3.2106, 3.3926, 3.3464, 3.8093, 3.3722, 3.1640, 3.3530, 3.4851, 3.7326,
    2.8835, 2.6153, 2.5084, 2.3248, 2.3870, 2.4252, 2.2416, 2.2486, 2.1345, 1.9606,
    2.2580, 2.0787, 2.0425, 2.2627, 2.2282, 2.3414, 2.1504, 2.3132, 2.2040, 2.2951,
    2.3766, 2.1646, 2.1182, 2.2299, 2.3367, 2.0836, 2.1622, 2.0837, 2.2605, 2.1139,
    2.2716, 2.0176, 2.2218, 2.0803, 2.3519, 2.2348, 2.0101, 2.2218, 2.1139, 2.2101,
    2.2842, 2.1585, 2.0702, 2.2534, 2.3251, 2.0826, 2.2462, 1.9974, 2.0877, 2.3346,
    2.2104, 2.1631, 2.1030, 2.2785, 2.1138, 2.1780, 2.3107, 2.0878, 1.9970, 2.0963,
  ]

### behavior/dist_to_puck_min
  Total points: 100
  Min: 0.1941, Max: 1.4733, Mean: 0.5492
  Data: [
    1.1647, 1.4301, 0.9185, 0.7960, 1.0341, 0.9896, 0.9017, 1.0091, 0.7084, 1.0247,
    1.3205, 0.8815, 0.6521, 0.5924, 0.6347, 1.1592, 0.9136, 0.6770, 0.9382, 0.7252,
    0.5521, 0.8504, 1.0602, 1.3954, 0.7591, 0.8052, 0.9720, 1.4733, 0.8733, 0.4768,
    1.0052, 0.5735, 1.1740, 1.0815, 0.6250, 1.1855, 0.6860, 0.8451, 0.8777, 1.0797,
    0.5297, 0.5189, 0.4878, 0.3709, 0.3437, 0.3366, 0.4084, 0.2857, 0.2830, 0.2700,
    0.3145, 0.2291, 0.2732, 0.3036, 0.2309, 0.2993, 0.2620, 0.3144, 0.2336, 0.2482,
    0.2661, 0.2389, 0.3937, 0.1964, 0.2318, 0.1941, 0.2702, 0.2273, 0.4280, 0.2677,
    0.2793, 0.4488, 0.3765, 0.2692, 0.3725, 0.3228, 0.2507, 0.3065, 0.3417, 0.3183,
    0.2706, 0.2361, 0.2968, 0.2397, 0.2501, 0.2657, 0.2597, 0.2621, 0.2226, 0.3411,
    0.3221, 0.3457, 0.2860, 0.2803, 0.2870, 0.2344, 0.2692, 0.2984, 0.2819, 0.3057,
  ]

### behavior/distance_traveled
  Total points: 100
  Min: 6.2410, Max: 18.3135, Mean: 12.3200
  Data: [
    9.7026, 11.6566, 10.4796, 10.1341, 11.4629, 13.7535, 13.8831, 12.6034, 12.5209, 12.8301,
    13.5880, 13.4623, 12.3277, 13.5430, 13.1210, 11.4222, 13.3862, 7.0703, 10.9879, 12.9574,
    12.7608, 13.0239, 14.6770, 13.8733, 12.6738, 11.5691, 10.7004, 11.6626, 12.3835, 11.8503,
    11.2543, 14.8001, 12.3993, 14.8623, 10.7902, 8.7426, 11.5020, 11.7374, 14.4518, 14.5475,
    6.4875, 8.0528, 6.2410, 6.8695, 9.5410, 9.0902, 7.9450, 12.8092, 10.3356, 10.2001,
    11.3390, 16.3604, 13.8630, 16.2267, 15.9172, 15.7104, 13.5865, 9.2522, 14.6430, 13.0885,
    15.6364, 14.1540, 8.2922, 16.0282, 14.4645, 18.3135, 12.2844, 12.3044, 10.0752, 11.8912,
    14.4284, 7.1881, 12.8195, 14.5082, 10.6839, 9.6285, 13.1097, 9.5520, 7.9429, 9.4183,
    13.4620, 11.8238, 15.6761, 16.8213, 15.2615, 12.1892, 13.9191, 12.1615, 13.0258, 13.7689,
    12.7609, 14.8161, 14.7350, 12.0939, 13.3010, 14.6493, 14.8702, 13.4912, 10.5592, 11.1778,
  ]

### behavior/gameplay_vs_strong
  Total points: 66
  ✗ Could not format data: float() argument must be a string or a real number, not 'dict'

### behavior/gameplay_vs_weak
  Total points: 66
  ✗ Could not format data: float() argument must be a string or a real number, not 'dict'

### behavior/lazy_action_ratio
  Total points: 100
  Min: 0.0000, Max: 0.0112, Mean: 0.0023
  Data: [
    0.0077, 0.0046, 0.0084, 0.0011, 0.0055, 0.0044, 0.0038, 0.0090, 0.0035, 0.0059,
    0.0027, 0.0048, 0.0043, 0.0036, 0.0016, 0.0084, 0.0112, 0.0071, 0.0016, 0.0045,
    0.0018, 0.0039, 0.0035, 0.0048, 0.0083, 0.0039, 0.0034, 0.0044, 0.0051, 0.0046,
    0.0054, 0.0012, 0.0032, 0.0024, 0.0054, 0.0078, 0.0035, 0.0016, 0.0049, 0.0031,
    0.0012, 0.0013, 0.0025, 0.0000, 0.0008, 0.0004, 0.0008, 0.0011, 0.0004, 0.0026,
    0.0004, 0.0008, 0.0004, 0.0005, 0.0000, 0.0016, 0.0004, 0.0000, 0.0000, 0.0008,
    0.0016, 0.0009, 0.0016, 0.0004, 0.0004, 0.0004, 0.0019, 0.0000, 0.0008, 0.0008,
    0.0000, 0.0000, 0.0004, 0.0007, 0.0000, 0.0010, 0.0006, 0.0007, 0.0000, 0.0000,
    0.0038, 0.0007, 0.0000, 0.0004, 0.0004, 0.0033, 0.0000, 0.0008, 0.0004, 0.0000,
    0.0000, 0.0000, 0.0008, 0.0000, 0.0004, 0.0004, 0.0000, 0.0011, 0.0000, 0.0000,
  ]

### behavior/possession_ratio
  Total points: 100
  Min: 0.0018, Max: 0.2874, Mean: 0.1166
  Data: [
    0.0179, 0.0122, 0.0106, 0.0195, 0.0054, 0.0111, 0.0098, 0.0163, 0.0073, 0.0151,
    0.0032, 0.0251, 0.0125, 0.0165, 0.0251, 0.0060, 0.0196, 0.0367, 0.0100, 0.0206,
    0.0151, 0.0264, 0.0094, 0.0051, 0.0231, 0.0055, 0.0277, 0.0060, 0.0218, 0.0333,
    0.0243, 0.0231, 0.0018, 0.0043, 0.0313, 0.0216, 0.0204, 0.0153, 0.0280, 0.0148,
    0.0185, 0.0169, 0.0307, 0.1436, 0.1063, 0.0793, 0.1732, 0.1534, 0.1589, 0.2239,
    0.1590, 0.2174, 0.1605, 0.1386, 0.1747, 0.1550, 0.2287, 0.2071, 0.2340, 0.1579,
    0.1937, 0.1628, 0.1652, 0.1828, 0.1819, 0.2028, 0.2010, 0.2191, 0.1461, 0.2602,
    0.2041, 0.1926, 0.1496, 0.1874, 0.1320, 0.2121, 0.2588, 0.2318, 0.2276, 0.2160,
    0.1693, 0.2321, 0.2004, 0.1793, 0.1938, 0.2148, 0.1936, 0.2271, 0.2214, 0.1757,
    0.1877, 0.1672, 0.1770, 0.2274, 0.2003, 0.2255, 0.2233, 0.2066, 0.2874, 0.2300,
  ]

### behavior/puck_touches
  Total points: 100
  Min: 0.0000, Max: 0.0000, Mean: 0.0000
  Data: [
    0.0000, 0.0000, 0.0000, 0.0000, 0.0000, 0.0000, 0.0000, 0.0000, 0.0000, 0.0000,
    0.0000, 0.0000, 0.0000, 0.0000, 0.0000, 0.0000, 0.0000, 0.0000, 0.0000, 0.0000,
    0.0000, 0.0000, 0.0000, 0.0000, 0.0000, 0.0000, 0.0000, 0.0000, 0.0000, 0.0000,
    0.0000, 0.0000, 0.0000, 0.0000, 0.0000, 0.0000, 0.0000, 0.0000, 0.0000, 0.0000,
    0.0000, 0.0000, 0.0000, 0.0000, 0.0000, 0.0000, 0.0000, 0.0000, 0.0000, 0.0000,
    0.0000, 0.0000, 0.0000, 0.0000, 0.0000, 0.0000, 0.0000, 0.0000, 0.0000, 0.0000,
    0.0000, 0.0000, 0.0000, 0.0000, 0.0000, 0.0000, 0.0000, 0.0000, 0.0000, 0.0000,
    0.0000, 0.0000, 0.0000, 0.0000, 0.0000, 0.0000, 0.0000, 0.0000, 0.0000, 0.0000,
    0.0000, 0.0000, 0.0000, 0.0000, 0.0000, 0.0000, 0.0000, 0.0000, 0.0000, 0.0000,
    0.0000, 0.0000, 0.0000, 0.0000, 0.0000, 0.0000, 0.0000, 0.0000, 0.0000, 0.0000,
  ]

### behavior/shoot_action_avg
  Total points: 100
  Min: -0.6374, Max: 0.6240, Mean: -0.0308
  Data: [
    -0.0977, -0.0654, -0.0655, -0.1147, -0.0685, -0.0942, -0.0707, -0.0800, -0.0823, -0.0338,
    -0.0599, -0.0528, -0.0750, -0.0872, -0.0204, -0.0840, -0.0410, -0.0879, -0.0875, -0.0894,
    -0.0495, -0.0917, -0.0661, -0.0520, -0.0453, -0.0927, -0.0876, -0.0389, -0.0642, -0.1009,
    -0.1259, -0.0464, -0.0855, -0.0635, -0.0853, -0.0651, -0.1215, -0.0522, -0.0461, -0.0664,
    0.5990, 0.6032, 0.6240, -0.6374, -0.6132, -0.5906, -0.6249, -0.0146, -0.2400, -0.4775,
    0.1196, 0.1994, 0.1933, 0.3982, 0.2212, 0.3328, 0.1963, -0.3056, -0.2689, -0.1200,
    -0.2162, -0.0826, -0.1081, -0.0715, -0.1721, -0.1819, -0.2371, -0.2244, -0.1698, -0.2634,
    0.0617, -0.0012, 0.0551, -0.0313, -0.1308, -0.3123, -0.2761, -0.1626, -0.0889, -0.0480,
    0.1081, 0.0505, 0.1092, 0.3147, 0.2162, -0.0515, 0.1957, 0.0557, 0.1069, 0.1836,
    0.1171, 0.1080, 0.1764, 0.0520, 0.2108, 0.1001, 0.1612, 0.1921, 0.1463, 0.3343,
  ]

### behavior/shoot_action_when_possess
  Total points: 100
  Min: -0.7556, Max: 0.4312, Mean: -0.4124
  Data: [
    0.0100, -0.2148, 0.0862, -0.1438, -0.0812, -0.2537, -0.3269, -0.3098, -0.1883, -0.2034,
    0.0314, -0.1072, -0.0147, -0.2466, -0.1934, -0.0695, -0.3043, -0.3293, -0.0738, -0.2230,
    -0.2459, -0.0024, -0.2096, -0.0232, -0.1597, -0.0491, -0.0915, -0.0341, -0.2411, -0.1921,
    -0.2311, -0.3112, 0.1273, -0.1088, -0.4284, -0.0756, -0.2615, -0.1378, -0.1859, 0.1707,
    0.2848, 0.2427, 0.4312, -0.6841, -0.6548, -0.6344, -0.5024, -0.5293, -0.6598, -0.7556,
    -0.6293, -0.6687, -0.6267, -0.6106, -0.6215, -0.6744, -0.6584, -0.5901, -0.5963, -0.5882,
    -0.6190, -0.6933, -0.5297, -0.6757, -0.6796, -0.6709, -0.3934, -0.6156, -0.4928, -0.7121,
    -0.6064, -0.4808, -0.5393, -0.6090, -0.5705, -0.6482, -0.6268, -0.6576, -0.5631, -0.6862,
    -0.6514, -0.7377, -0.6506, -0.6832, -0.7337, -0.7321, -0.7294, -0.6412, -0.7530, -0.5916,
    -0.6688, -0.6403, -0.6299, -0.6770, -0.6750, -0.7341, -0.6538, -0.6435, -0.7392, -0.6337,
  ]

### behavior/time_near_puck
  Total points: 100
  Min: 0.3000, Max: 43.8000, Mean: 16.8530
  Data: [
    3.0000, 1.6000, 1.4000, 3.2000, 1.1000, 2.9000, 1.7000, 4.2000, 2.2000, 2.8000,
    1.3000, 2.5000, 2.0000, 3.6000, 4.0000, 0.9000, 3.5000, 2.6000, 0.7000, 3.1000,
    2.1000, 6.4000, 1.7000, 1.3000, 4.5000, 0.9000, 4.0000, 0.9000, 3.1000, 2.8000,
    1.8000, 4.7000, 0.3000, 0.8000, 3.9000, 1.7000, 2.6000, 1.7000, 4.7000, 2.1000,
    0.8000, 1.3000, 1.9000, 14.4000, 12.4000, 12.8000, 19.4000, 23.3000, 15.0000, 23.4000,
    20.0000, 41.2000, 31.1000, 29.5000, 38.5000, 26.0000, 33.1000, 19.6000, 38.4000, 29.9000,
    37.8000, 26.7000, 14.8000, 37.5000, 29.9000, 43.8000, 31.1000, 34.0000, 19.1000, 37.2000,
    41.8000, 14.2000, 25.9000, 35.9000, 18.7000, 24.6000, 30.7000, 28.8000, 19.3000, 22.6000,
    29.3000, 25.4000, 32.5000, 34.3000, 33.4000, 25.8000, 33.6000, 29.0000, 31.2000, 29.7000,
    27.0000, 26.2000, 27.2000, 24.2000, 26.4000, 33.1000, 37.3000, 23.9000, 22.9000, 26.2000,
  ]

### behavior/velocity_avg
  Total points: 100
  Min: 0.0707, Max: 0.1099, Mean: 0.0853
  Data: [
    0.0756, 0.0718, 0.0784, 0.0742, 0.0767, 0.0785, 0.0761, 0.0781, 0.0723, 0.0759,
    0.0837, 0.0800, 0.0802, 0.0707, 0.0776, 0.0821, 0.0758, 0.0766, 0.0845, 0.0822,
    0.0790, 0.0802, 0.0813, 0.0798, 0.0770, 0.0860, 0.0765, 0.0742, 0.0833, 0.0778,
    0.0829, 0.0759, 0.0773, 0.0783, 0.0791, 0.0768, 0.0824, 0.0718, 0.0785, 0.0761,
    0.0873, 0.0774, 0.0871, 0.0800, 0.0775, 0.0751, 0.0786, 0.0782, 0.0874, 0.0863,
    0.0884, 0.0863, 0.0846, 0.0834, 0.0873, 0.0833, 0.0882, 0.0970, 0.0921, 0.0859,
    0.0997, 0.0812, 0.1003, 0.0819, 0.0888, 0.0882, 0.0886, 0.0839, 0.0946, 0.0875,
    0.0810, 0.0998, 0.0887, 0.0898, 0.0975, 0.0913, 0.1005, 0.0897, 0.0977, 0.0982,
    0.0875, 0.0922, 0.0992, 0.0870, 0.0827, 0.0877, 0.0803, 0.0979, 0.0970, 0.1022,
    0.0934, 0.0951, 0.0964, 0.0920, 0.0877, 0.0926, 0.0995, 0.1099, 0.1057, 0.0963,
  ]

### behavior/velocity_max
  Total points: 100
  Min: 0.1711, Max: 0.2352, Mean: 0.2106
  Data: [
    0.1914, 0.1799, 0.1732, 0.1779, 0.1965, 0.1868, 0.1875, 0.1923, 0.1926, 0.1890,
    0.1975, 0.1893, 0.1836, 0.1991, 0.2024, 0.1849, 0.1974, 0.1711, 0.1917, 0.1959,
    0.1920, 0.1825, 0.1969, 0.2022, 0.1840, 0.1951, 0.1820, 0.1912, 0.1959, 0.1840,
    0.1969, 0.1984, 0.1900, 0.2023, 0.2024, 0.1841, 0.1893, 0.1777, 0.1922, 0.1968,
    0.2167, 0.2094, 0.2129, 0.2128, 0.2115, 0.2133, 0.2161, 0.2175, 0.2255, 0.2218,
    0.2227, 0.2267, 0.2271, 0.2232, 0.2271, 0.2285, 0.2223, 0.2166, 0.2266, 0.2110,
    0.2352, 0.2256, 0.2222, 0.2325, 0.2223, 0.2249, 0.2226, 0.2174, 0.2281, 0.2293,
    0.2249, 0.2255, 0.2347, 0.2293, 0.2263, 0.2241, 0.2294, 0.2283, 0.2277, 0.2264,
    0.2198, 0.2185, 0.2227, 0.2265, 0.2228, 0.2130, 0.2191, 0.2299, 0.2256, 0.2252,
    0.2245, 0.2235, 0.2270, 0.2352, 0.2269, 0.2320, 0.2315, 0.2342, 0.2296, 0.2292,
  ]

### eval/strong/avg_reward
  Total points: 66
  Min: -24.1309, Max: 0.2287, Mean: -3.9248
  Data: [
    -24.1309, -5.6186, -7.8144, -8.3474, -3.3385, -6.0306, -6.6082, -5.3843, -4.3812, -5.6478,
    -2.7682, -1.3376, -2.0510, -3.7528, -2.7689, -3.5051, -3.2856, -4.4802, -3.8194, -4.5105,
    -4.4307, -5.3168, -4.8299, -4.4058, -3.6282, -2.7236, -0.7705, -2.4805, -3.2033, -3.0518,
    -5.0881, -2.8103, -1.8447, -3.3929, -1.9128, -2.3865, -2.2674, -2.0393, -1.4835, -4.0846,
    -2.9521, -3.4965, -5.1988, -3.5011, -3.1768, -2.9371, -2.1350, -3.8398, -2.8699, -4.9414,
    -4.8370, -3.1155, -4.0560, -4.4210, -4.5656, -3.8429, -3.3616, -2.8919, -7.2292, -2.8272,
    -1.6258, -3.2715, 0.2287, -1.2434, -2.6911, -2.5070,
  ]

### eval/strong/loss_rate
  Total points: 66
  Min: 0.2700, Max: 0.6200, Mean: 0.4224
  Data: [
    0.3100, 0.5000, 0.6200, 0.5300, 0.4100, 0.5100, 0.5400, 0.5000, 0.5000, 0.4500,
    0.3900, 0.3600, 0.3900, 0.4400, 0.3900, 0.4500, 0.4100, 0.4200, 0.4300, 0.5100,
    0.4400, 0.4900, 0.5500, 0.5000, 0.4500, 0.4300, 0.3200, 0.3800, 0.4600, 0.4200,
    0.5200, 0.4300, 0.3800, 0.4700, 0.3600, 0.3500, 0.3100, 0.4200, 0.3800, 0.4600,
    0.4600, 0.4300, 0.4600, 0.4000, 0.3700, 0.3900, 0.3200, 0.3900, 0.3700, 0.4300,
    0.4400, 0.3400, 0.3800, 0.4500, 0.3900, 0.4500, 0.3900, 0.3600, 0.5700, 0.3800,
    0.3200, 0.4400, 0.2700, 0.3100, 0.4200, 0.3700,
  ]

### eval/strong/losses
  Total points: 66
  Min: 27.0000, Max: 62.0000, Mean: 42.2424
  Data: [
    31.0000, 50.0000, 62.0000, 53.0000, 41.0000, 51.0000, 54.0000, 50.0000, 50.0000, 45.0000,
    39.0000, 36.0000, 39.0000, 44.0000, 39.0000, 45.0000, 41.0000, 42.0000, 43.0000, 51.0000,
    44.0000, 49.0000, 55.0000, 50.0000, 45.0000, 43.0000, 32.0000, 38.0000, 46.0000, 42.0000,
    52.0000, 43.0000, 38.0000, 47.0000, 36.0000, 35.0000, 31.0000, 42.0000, 38.0000, 46.0000,
    46.0000, 43.0000, 46.0000, 40.0000, 37.0000, 39.0000, 32.0000, 39.0000, 37.0000, 43.0000,
    44.0000, 34.0000, 38.0000, 45.0000, 39.0000, 45.0000, 39.0000, 36.0000, 57.0000, 38.0000,
    32.0000, 44.0000, 27.0000, 31.0000, 42.0000, 37.0000,
  ]

### eval/strong/tie_rate
  Total points: 66
  Min: 0.1200, Max: 0.6200, Mean: 0.2412
  Data: [
    0.6200, 0.2100, 0.2100, 0.3100, 0.2300, 0.2500, 0.2200, 0.2200, 0.1700, 0.2700,
    0.2200, 0.1900, 0.1900, 0.2200, 0.2300, 0.1900, 0.2300, 0.3100, 0.2200, 0.1500,
    0.2800, 0.2100, 0.1300, 0.1600, 0.1900, 0.1900, 0.2100, 0.2400, 0.1700, 0.1800,
    0.2000, 0.1700, 0.2100, 0.1600, 0.2300, 0.2700, 0.3000, 0.1200, 0.1700, 0.1900,
    0.1300, 0.2300, 0.3100, 0.2900, 0.3000, 0.2400, 0.3200, 0.2900, 0.3000, 0.3500,
    0.2700, 0.3400, 0.3700, 0.2400, 0.3700, 0.2200, 0.2900, 0.2900, 0.2500, 0.2300,
    0.2700, 0.2300, 0.2200, 0.2700, 0.1800, 0.2800,
  ]

### eval/strong/ties
  Total points: 66
  Min: 12.0000, Max: 62.0000, Mean: 24.1212
  Data: [
    62.0000, 21.0000, 21.0000, 31.0000, 23.0000, 25.0000, 22.0000, 22.0000, 17.0000, 27.0000,
    22.0000, 19.0000, 19.0000, 22.0000, 23.0000, 19.0000, 23.0000, 31.0000, 22.0000, 15.0000,
    28.0000, 21.0000, 13.0000, 16.0000, 19.0000, 19.0000, 21.0000, 24.0000, 17.0000, 18.0000,
    20.0000, 17.0000, 21.0000, 16.0000, 23.0000, 27.0000, 30.0000, 12.0000, 17.0000, 19.0000,
    13.0000, 23.0000, 31.0000, 29.0000, 30.0000, 24.0000, 32.0000, 29.0000, 30.0000, 35.0000,
    27.0000, 34.0000, 37.0000, 24.0000, 37.0000, 22.0000, 29.0000, 29.0000, 25.0000, 23.0000,
    27.0000, 23.0000, 22.0000, 27.0000, 18.0000, 28.0000,
  ]

### eval/strong/win_rate
  Total points: 66
  Min: 0.0700, Max: 0.5100, Mean: 0.3364
  Data: [
    0.0700, 0.2900, 0.1700, 0.1600, 0.3600, 0.2400, 0.2400, 0.2800, 0.3300, 0.2800,
    0.3900, 0.4500, 0.4200, 0.3400, 0.3800, 0.3600, 0.3600, 0.2700, 0.3500, 0.3400,
    0.2800, 0.3000, 0.3200, 0.3400, 0.3600, 0.3800, 0.4700, 0.3800, 0.3700, 0.4000,
    0.2800, 0.4000, 0.4100, 0.3700, 0.4100, 0.3800, 0.3900, 0.4600, 0.4500, 0.3500,
    0.4100, 0.3400, 0.2300, 0.3100, 0.3300, 0.3700, 0.3600, 0.3200, 0.3300, 0.2200,
    0.2900, 0.3200, 0.2500, 0.3100, 0.2400, 0.3300, 0.3200, 0.3500, 0.1800, 0.3900,
    0.4100, 0.3300, 0.5100, 0.4200, 0.4000, 0.3500,
  ]

### eval/strong/win_rate_decisive
  Total points: 66
  Min: 0.1842, Max: 0.6538, Mean: 0.4406
  Data: [
    0.1842, 0.3671, 0.2152, 0.2319, 0.4675, 0.3200, 0.3077, 0.3590, 0.3976, 0.3836,
    0.5000, 0.5556, 0.5185, 0.4359, 0.4935, 0.4444, 0.4675, 0.3913, 0.4487, 0.4000,
    0.3889, 0.3797, 0.3678, 0.4048, 0.4444, 0.4691, 0.5949, 0.5000, 0.4458, 0.4878,
    0.3500, 0.4819, 0.5190, 0.4405, 0.5325, 0.5205, 0.5571, 0.5227, 0.5422, 0.4321,
    0.4713, 0.4416, 0.3333, 0.4366, 0.4714, 0.4868, 0.5294, 0.4507, 0.4714, 0.3385,
    0.3973, 0.4848, 0.3968, 0.4079, 0.3810, 0.4231, 0.4507, 0.4930, 0.2400, 0.5065,
    0.5616, 0.4286, 0.6538, 0.5753, 0.4878, 0.4861,
  ]

### eval/strong/wins
  Total points: 66
  Min: 7.0000, Max: 51.0000, Mean: 33.6364
  Data: [
    7.0000, 29.0000, 17.0000, 16.0000, 36.0000, 24.0000, 24.0000, 28.0000, 33.0000, 28.0000,
    39.0000, 45.0000, 42.0000, 34.0000, 38.0000, 36.0000, 36.0000, 27.0000, 35.0000, 34.0000,
    28.0000, 30.0000, 32.0000, 34.0000, 36.0000, 38.0000, 47.0000, 38.0000, 37.0000, 40.0000,
    28.0000, 40.0000, 41.0000, 37.0000, 41.0000, 38.0000, 39.0000, 46.0000, 45.0000, 35.0000,
    41.0000, 34.0000, 23.0000, 31.0000, 33.0000, 37.0000, 36.0000, 32.0000, 33.0000, 22.0000,
    29.0000, 32.0000, 25.0000, 31.0000, 24.0000, 33.0000, 32.0000, 35.0000, 18.0000, 39.0000,
    41.0000, 33.0000, 51.0000, 42.0000, 40.0000, 35.0000,
  ]

### eval/weak/avg_reward
  Total points: 66
  Min: -25.6369, Max: 2.4589, Mean: -1.5931
  Data: [
    -25.6369, -6.0534, -3.0113, -5.3008, -2.1803, -3.8760, 0.0590, -1.4982, -1.7002, -2.1664,
    -1.0226, 0.4467, 2.4589, -0.4227, 0.5411, -0.4007, -4.4933, -1.3757, -0.2059, -0.2030,
    -1.4710, -5.0041, -2.2273, -1.8880, -0.7864, 1.9483, 1.0536, -1.6273, 0.6220, 0.9930,
    -2.1817, -1.0470, 0.1391, 1.1959, 1.0414, -0.5352, 0.9854, -4.4072, -2.6528, -2.7975,
    -5.0260, -0.2557, 0.0664, -0.4357, 1.4845, -0.3157, -0.3406, -1.6958, 0.5747, -1.3157,
    -2.6760, 0.1455, -4.1231, -2.0779, -0.2286, -7.1413, -3.3569, -1.7412, -2.8611, -0.1454,
    -0.0816, 0.1874, 0.6608, -0.2110, -0.1675, 0.6194,
  ]

### eval/weak/loss_rate
  Total points: 66
  Min: 0.1500, Max: 0.6300, Mean: 0.3117
  Data: [
    0.4400, 0.4800, 0.3800, 0.3400, 0.3200, 0.4000, 0.3100, 0.3300, 0.3100, 0.3200,
    0.3200, 0.2300, 0.1500, 0.2500, 0.2300, 0.2600, 0.4800, 0.2700, 0.2700, 0.2800,
    0.3100, 0.5300, 0.3900, 0.3500, 0.3100, 0.2000, 0.1900, 0.3700, 0.2800, 0.2200,
    0.4000, 0.3400, 0.2700, 0.2400, 0.2200, 0.2200, 0.1700, 0.5600, 0.4500, 0.4100,
    0.5600, 0.2900, 0.2500, 0.2700, 0.1700, 0.2500, 0.2300, 0.3300, 0.1800, 0.2000,
    0.3900, 0.1900, 0.5300, 0.2900, 0.2200, 0.6300, 0.4500, 0.3300, 0.3300, 0.1700,
    0.2400, 0.2600, 0.2600, 0.3000, 0.2500, 0.2000,
  ]

### eval/weak/losses
  Total points: 66
  Min: 15.0000, Max: 63.0000, Mean: 31.1667
  Data: [
    44.0000, 48.0000, 38.0000, 34.0000, 32.0000, 40.0000, 31.0000, 33.0000, 31.0000, 32.0000,
    32.0000, 23.0000, 15.0000, 25.0000, 23.0000, 26.0000, 48.0000, 27.0000, 27.0000, 28.0000,
    31.0000, 53.0000, 39.0000, 35.0000, 31.0000, 20.0000, 19.0000, 37.0000, 28.0000, 22.0000,
    40.0000, 34.0000, 27.0000, 24.0000, 22.0000, 22.0000, 17.0000, 56.0000, 45.0000, 41.0000,
    56.0000, 29.0000, 25.0000, 27.0000, 17.0000, 25.0000, 23.0000, 33.0000, 18.0000, 20.0000,
    39.0000, 19.0000, 53.0000, 29.0000, 22.0000, 63.0000, 45.0000, 33.0000, 33.0000, 17.0000,
    24.0000, 26.0000, 26.0000, 30.0000, 25.0000, 20.0000,
  ]

### eval/weak/tie_rate
  Total points: 66
  Min: 0.1500, Max: 0.5600, Mean: 0.3318
  Data: [
    0.5400, 0.3300, 0.2800, 0.5300, 0.3900, 0.3600, 0.2000, 0.2900, 0.3400, 0.3300,
    0.2800, 0.3300, 0.3300, 0.3600, 0.3200, 0.3400, 0.3000, 0.4000, 0.2900, 0.2800,
    0.3400, 0.2300, 0.2900, 0.3500, 0.3100, 0.2800, 0.3600, 0.2700, 0.2500, 0.3300,
    0.2400, 0.2800, 0.2900, 0.2200, 0.2900, 0.4000, 0.3800, 0.1500, 0.2000, 0.2500,
    0.1900, 0.3200, 0.3700, 0.3700, 0.3700, 0.3900, 0.4200, 0.3200, 0.4400, 0.5600,
    0.3100, 0.4400, 0.2000, 0.4800, 0.4200, 0.2300, 0.2800, 0.3500, 0.4500, 0.5000,
    0.3700, 0.3200, 0.2600, 0.2900, 0.3400, 0.3800,
  ]

### eval/weak/ties
  Total points: 66
  Min: 15.0000, Max: 56.0000, Mean: 33.1818
  Data: [
    54.0000, 33.0000, 28.0000, 53.0000, 39.0000, 36.0000, 20.0000, 29.0000, 34.0000, 33.0000,
    28.0000, 33.0000, 33.0000, 36.0000, 32.0000, 34.0000, 30.0000, 40.0000, 29.0000, 28.0000,
    34.0000, 23.0000, 29.0000, 35.0000, 31.0000, 28.0000, 36.0000, 27.0000, 25.0000, 33.0000,
    24.0000, 28.0000, 29.0000, 22.0000, 29.0000, 40.0000, 38.0000, 15.0000, 20.0000, 25.0000,
    19.0000, 32.0000, 37.0000, 37.0000, 37.0000, 39.0000, 42.0000, 32.0000, 44.0000, 56.0000,
    31.0000, 44.0000, 20.0000, 48.0000, 42.0000, 23.0000, 28.0000, 35.0000, 45.0000, 50.0000,
    37.0000, 32.0000, 26.0000, 29.0000, 34.0000, 38.0000,
  ]

### eval/weak/win_rate
  Total points: 66
  Min: 0.0200, Max: 0.5400, Mean: 0.3565
  Data: [
    0.0200, 0.1900, 0.3400, 0.1300, 0.2900, 0.2400, 0.4900, 0.3800, 0.3500, 0.3500,
    0.4000, 0.4400, 0.5200, 0.3900, 0.4500, 0.4000, 0.2200, 0.3300, 0.4400, 0.4400,
    0.3500, 0.2400, 0.3200, 0.3000, 0.3800, 0.5200, 0.4500, 0.3600, 0.4700, 0.4500,
    0.3600, 0.3800, 0.4400, 0.5400, 0.4900, 0.3800, 0.4500, 0.2900, 0.3500, 0.3400,
    0.2500, 0.3900, 0.3800, 0.3600, 0.4600, 0.3600, 0.3500, 0.3500, 0.3800, 0.2400,
    0.3000, 0.3700, 0.2700, 0.2300, 0.3600, 0.1400, 0.2700, 0.3200, 0.2200, 0.3300,
    0.3900, 0.4200, 0.4800, 0.4100, 0.4100, 0.4200,
  ]

### eval/weak/win_rate_decisive
  Total points: 66
  Min: 0.0435, Max: 0.7761, Mean: 0.5347
  Data: [
    0.0435, 0.2836, 0.4722, 0.2766, 0.4754, 0.3750, 0.6125, 0.5352, 0.5303, 0.5224,
    0.5556, 0.6567, 0.7761, 0.6094, 0.6618, 0.6061, 0.3143, 0.5500, 0.6197, 0.6111,
    0.5303, 0.3117, 0.4507, 0.4615, 0.5507, 0.7222, 0.7031, 0.4932, 0.6267, 0.6716,
    0.4737, 0.5278, 0.6197, 0.6923, 0.6901, 0.6333, 0.7258, 0.3412, 0.4375, 0.4533,
    0.3086, 0.5735, 0.6032, 0.5714, 0.7302, 0.5902, 0.6034, 0.5147, 0.6786, 0.5455,
    0.4348, 0.6607, 0.3375, 0.4423, 0.6207, 0.1818, 0.3750, 0.4923, 0.4000, 0.6600,
    0.6190, 0.6176, 0.6486, 0.5775, 0.6212, 0.6774,
  ]

### eval/weak/wins
  Total points: 66
  Min: 2.0000, Max: 54.0000, Mean: 35.6515
  Data: [
    2.0000, 19.0000, 34.0000, 13.0000, 29.0000, 24.0000, 49.0000, 38.0000, 35.0000, 35.0000,
    40.0000, 44.0000, 52.0000, 39.0000, 45.0000, 40.0000, 22.0000, 33.0000, 44.0000, 44.0000,
    35.0000, 24.0000, 32.0000, 30.0000, 38.0000, 52.0000, 45.0000, 36.0000, 47.0000, 45.0000,
    36.0000, 38.0000, 44.0000, 54.0000, 49.0000, 38.0000, 45.0000, 29.0000, 35.0000, 34.0000,
    25.0000, 39.0000, 38.0000, 36.0000, 46.0000, 36.0000, 35.0000, 35.0000, 38.0000, 24.0000,
    30.0000, 37.0000, 27.0000, 23.0000, 36.0000, 14.0000, 27.0000, 32.0000, 22.0000, 33.0000,
    39.0000, 42.0000, 48.0000, 41.0000, 41.0000, 42.0000,
  ]

### gradients/actor_grad_norm
  Total points: 100
  Min: 0.0000, Max: 0.5419, Mean: 0.0329
  Data: [
    0.0000, 0.0000, 0.0000, 0.0000, 0.0000, 0.0000, 0.0000, 0.0000, 0.0000, 0.0000,
    0.0000, 0.0000, 0.0000, 0.0000, 0.0000, 0.0000, 0.0000, 0.0000, 0.0000, 0.0000,
    0.0000, 0.0000, 0.0000, 0.0000, 0.0000, 0.0000, 0.0000, 0.0000, 0.0000, 0.0000,
    0.0000, 0.0000, 0.0000, 0.0000, 0.0000, 0.0000, 0.0000, 0.0000, 0.0000, 0.0001,
    0.0108, 0.0103, 0.0166, 0.0126, 0.0176, 0.0148, 0.0183, 0.0306, 0.0255, 0.0222,
    0.0194, 0.2314, 0.0716, 0.0519, 0.0045, 0.0434, 0.0128, 0.0214, 0.0358, 0.0012,
    0.0116, 0.0960, 0.0435, 0.0689, 0.0125, 0.0196, 0.0223, 0.0024, 0.0280, 0.0380,
    0.0043, 0.0733, 0.0032, 0.0001, 0.1556, 0.1244, 0.0016, 0.5419, 0.1812, 0.0384,
    0.0451, 0.0716, 0.0141, 0.0137, 0.1044, 0.0040, 0.0035, 0.0578, 0.0182, 0.0296,
    0.0896, 0.1040, 0.0008, 0.0343, 0.0009, 0.2780, 0.0009, 0.2320, 0.0098, 0.0333,
  ]

### gradients/critic_grad_norm
  Total points: 100
  Min: 0.0000, Max: 3.1497, Mean: 0.7315
  Data: [
    0.0000, 0.0000, 0.0000, 0.0000, 0.0000, 0.0000, 0.0000, 0.0000, 0.0000, 0.0000,
    0.0000, 0.0000, 0.0000, 0.0000, 0.0000, 0.0000, 0.0000, 0.0000, 0.0000, 0.0000,
    0.0000, 0.0000, 0.0000, 0.0000, 0.0000, 0.0000, 0.0000, 0.0000, 0.0000, 0.0000,
    0.0000, 0.0000, 0.0000, 0.0000, 0.0000, 0.0000, 0.0000, 0.0000, 0.0000, 0.0826,
    0.6532, 0.6845, 0.5489, 0.8134, 0.5853, 0.6275, 0.7921, 0.5597, 0.5889, 0.5684,
    0.4282, 0.9831, 2.0885, 0.6471, 1.5900, 0.9622, 0.8506, 1.0940, 1.5070, 2.1179,
    1.8694, 1.1805, 0.7033, 1.2449, 3.1497, 1.2723, 1.6926, 1.4509, 1.7412, 0.9668,
    1.1945, 2.5978, 0.6821, 0.8308, 0.6930, 1.9495, 0.9516, 1.0161, 0.6983, 1.6769,
    1.2863, 2.4915, 0.8594, 1.0025, 1.0976, 1.7134, 1.8128, 2.4894, 0.5954, 0.8771,
    0.8052, 0.8151, 0.8164, 1.3527, 0.9257, 1.2853, 1.1982, 1.3091, 2.0628, 2.0234,
  ]

### hacking/pbrs_to_sparse_ratio
  Total points: 100
  Min: 0.1756, Max: 12.4018, Mean: 1.7004
  Data: [
    0.3095, 0.2307, 0.1925, 0.2232, 0.2062, 0.3031, 0.2355, 0.2444, 0.2461, 0.2953,
    1.0773, 0.3236, 0.2423, 0.2564, 2.0122, 0.2292, 0.2555, 0.4000, 0.1756, 0.4104,
    0.7822, 0.2423, 0.3120, 0.2130, 0.2329, 0.2603, 0.2003, 0.1934, 0.2594, 0.3080,
    0.2835, 0.7586, 0.1969, 0.2196, 1.9246, 0.3620, 0.1996, 0.2777, 0.2548, 0.2600,
    8.1672, 0.6225, 12.4018, 0.3250, 1.2020, 2.3326, 0.4224, 3.2886, 0.6119, 0.6488,
    2.4420, 1.6019, 1.3113, 3.8814, 1.4000, 8.4484, 1.6122, 1.1019, 0.5293, 6.1974,
    1.5057, 3.5240, 0.3185, 1.4278, 6.0262, 3.5428, 1.0263, 1.0180, 1.0010, 0.5273,
    2.3315, 0.2453, 6.5621, 1.0192, 1.3200, 1.6511, 1.2244, 0.8537, 0.7696, 1.0855,
    6.7237, 5.0540, 0.7403, 1.8218, 1.5725, 6.0182, 1.9682, 0.5503, 0.4915, 2.7617,
    3.0801, 3.7827, 4.4687, 8.2423, 4.4403, 3.0253, 1.1812, 0.5260, 0.3473, 2.1049,
  ]

### hacking/possession_hoarding_ratio
  Total points: 100
  Min: 0.0000, Max: 0.6893, Mean: 0.3634
  Data: [
    0.2438, 0.1333, 0.1917, 0.2131, 0.1333, 0.2849, 0.1375, 0.1583, 0.0143, 0.0889,
    0.2600, 0.0738, 0.1667, 0.2217, 0.0792, 0.0250, 0.4208, 0.1417, 0.0500, 0.3778,
    0.4500, 0.3790, 0.1538, 0.1143, 0.1741, 0.0800, 0.1471, 0.0000, 0.2164, 0.3333,
    0.2846, 0.3758, 0.1000, 0.0000, 0.2096, 0.1238, 0.3235, 0.2957, 0.1628, 0.0308,
    0.1500, 0.1000, 0.0000, 0.3691, 0.4741, 0.3829, 0.3319, 0.4915, 0.6055, 0.5214,
    0.3202, 0.5640, 0.4983, 0.5961, 0.5564, 0.5263, 0.6300, 0.4851, 0.6893, 0.5503,
    0.4975, 0.4632, 0.3472, 0.5242, 0.6318, 0.6300, 0.5851, 0.5576, 0.3524, 0.6714,
    0.5330, 0.1893, 0.5608, 0.4829, 0.3917, 0.3851, 0.3943, 0.4330, 0.3232, 0.4833,
    0.4329, 0.4905, 0.4243, 0.3832, 0.6124, 0.6563, 0.6153, 0.5500, 0.6067, 0.4490,
    0.5524, 0.5957, 0.4808, 0.5536, 0.6343, 0.6308, 0.6449, 0.3875, 0.4702, 0.5237,
  ]

### hacking/possession_no_shoot_count
  Total points: 100
  Min: 0.0000, Max: 26.3000, Mean: 9.5680
  Data: [
    2.1000, 0.4000, 1.2000, 1.3000, 0.4000, 1.4000, 0.5000, 1.1000, 0.1000, 0.7000,
    0.5000, 0.9000, 0.5000, 1.7000, 0.4000, 0.1000, 2.4000, 0.8000, 0.1000, 1.7000,
    2.3000, 4.1000, 0.8000, 0.4000, 2.2000, 0.4000, 2.5000, 0.0000, 1.8000, 1.4000,
    1.3000, 2.4000, 0.1000, 0.0000, 1.3000, 0.8000, 0.9000, 1.3000, 1.2000, 0.4000,
    0.2000, 0.2000, 0.0000, 7.7000, 5.8000, 6.0000, 10.5000, 11.1000, 8.0000, 13.5000,
    6.2000, 24.8000, 17.6000, 19.4000, 22.8000, 16.8000, 20.7000, 10.2000, 25.8000, 19.7000,
    20.2000, 14.2000, 7.2000, 20.0000, 16.6000, 25.1000, 15.5000, 22.5000, 11.5000, 24.8000,
    25.1000, 4.5000, 17.3000, 19.7000, 9.1000, 11.6000, 16.5000, 17.5000, 9.7000, 14.0000,
    13.8000, 12.5000, 16.4000, 15.8000, 20.9000, 17.4000, 21.4000, 19.5000, 18.2000, 18.0000,
    16.4000, 18.6000, 15.4000, 14.2000, 17.3000, 22.3000, 26.3000, 11.5000, 11.6000, 15.8000,
  ]

### losses/actor_loss
  Total points: 100
  Min: 0.0000, Max: 3.4091, Mean: 1.8451
  Data: [
    0.0000, 0.0000, 0.0000, 0.0000, 0.0000, 0.0000, 0.0000, 0.0000, 0.0000, 0.0000,
    0.0000, 0.0000, 0.0000, 0.0000, 0.0000, 0.0000, 0.0000, 0.0000, 0.0000, 0.0000,
    0.0000, 0.0000, 0.0000, 0.0000, 0.0000, 0.0000, 0.0000, 0.0000, 0.0000, 0.0000,
    0.0000, 0.0000, 0.0000, 0.0000, 0.0000, 0.0000, 0.0000, 0.0000, 0.0000, 0.0760,
    0.5667, 1.1109, 1.7796, 2.2552, 2.6255, 2.9727, 3.0647, 2.9981, 3.1923, 3.2747,
    3.2788, 3.2587, 3.2404, 3.2847, 3.2709, 3.3821, 3.4091, 3.3765, 3.3630, 3.2700,
    3.2938, 3.2541, 3.2727, 3.3010, 3.2775, 3.2599, 3.2032, 3.2369, 3.1669, 3.2032,
    3.1837, 3.1757, 3.1603, 3.1183, 3.1882, 3.0995, 3.1180, 3.1172, 3.2119, 3.1734,
    3.2765, 3.1376, 3.2932, 3.2532, 3.1544, 3.2323, 3.0986, 3.1493, 3.2322, 3.1890,
    3.1157, 3.2748, 3.1259, 3.0028, 3.1472, 3.1096, 3.1488, 3.1884, 3.2016, 3.1170,
  ]

### losses/critic_loss
  Total points: 100
  Min: 0.0000, Max: 0.1204, Mean: 0.0314
  Data: [
    0.0000, 0.0000, 0.0000, 0.0000, 0.0000, 0.0000, 0.0000, 0.0000, 0.0000, 0.0000,
    0.0000, 0.0000, 0.0000, 0.0000, 0.0000, 0.0000, 0.0000, 0.0000, 0.0000, 0.0000,
    0.0000, 0.0000, 0.0000, 0.0000, 0.0000, 0.0000, 0.0000, 0.0000, 0.0000, 0.0000,
    0.0000, 0.0000, 0.0000, 0.0000, 0.0000, 0.0000, 0.0000, 0.0000, 0.0000, 0.0360,
    0.0264, 0.0730, 0.0521, 0.0407, 0.0223, 0.0439, 0.0411, 0.0354, 0.0323, 0.0424,
    0.0328, 0.0650, 0.0603, 0.0611, 0.0586, 0.0539, 0.0461, 0.0599, 0.0456, 0.0403,
    0.0450, 0.0690, 0.0444, 0.0668, 0.0640, 0.0504, 0.0590, 0.0406, 0.0541, 0.0507,
    0.0496, 0.0750, 0.0305, 0.0375, 0.0251, 0.0620, 0.0562, 0.0545, 0.0421, 0.0753,
    0.0671, 0.0883, 0.0396, 0.0616, 0.0588, 0.1204, 0.0537, 0.0489, 0.0439, 0.0665,
    0.0425, 0.0421, 0.0578, 0.0474, 0.0504, 0.0379, 0.0562, 0.0682, 0.0385, 0.0337,
  ]

### pbrs/annealing_weight
  Total points: 100
  Min: 1.0000, Max: 1.0000, Mean: 1.0000
  Data: [
    1.0000, 1.0000, 1.0000, 1.0000, 1.0000, 1.0000, 1.0000, 1.0000, 1.0000, 1.0000,
    1.0000, 1.0000, 1.0000, 1.0000, 1.0000, 1.0000, 1.0000, 1.0000, 1.0000, 1.0000,
    1.0000, 1.0000, 1.0000, 1.0000, 1.0000, 1.0000, 1.0000, 1.0000, 1.0000, 1.0000,
    1.0000, 1.0000, 1.0000, 1.0000, 1.0000, 1.0000, 1.0000, 1.0000, 1.0000, 1.0000,
    1.0000, 1.0000, 1.0000, 1.0000, 1.0000, 1.0000, 1.0000, 1.0000, 1.0000, 1.0000,
    1.0000, 1.0000, 1.0000, 1.0000, 1.0000, 1.0000, 1.0000, 1.0000, 1.0000, 1.0000,
    1.0000, 1.0000, 1.0000, 1.0000, 1.0000, 1.0000, 1.0000, 1.0000, 1.0000, 1.0000,
    1.0000, 1.0000, 1.0000, 1.0000, 1.0000, 1.0000, 1.0000, 1.0000, 1.0000, 1.0000,
    1.0000, 1.0000, 1.0000, 1.0000, 1.0000, 1.0000, 1.0000, 1.0000, 1.0000, 1.0000,
    1.0000, 1.0000, 1.0000, 1.0000, 1.0000, 1.0000, 1.0000, 1.0000, 1.0000, 1.0000,
  ]

### pbrs/avg_per_episode
  Total points: 100
  Min: 3.3027, Max: 3.7803, Mean: 3.5301
  Data: [
    3.7515, 3.6934, 3.7129, 3.7476, 3.6966, 3.7444, 3.7518, 3.7431, 3.7477, 3.7641,
    3.7727, 3.7522, 3.7655, 3.7803, 3.7784, 3.7753, 3.7757, 3.7695, 3.7677, 3.7626,
    3.7695, 3.7621, 3.7717, 3.7707, 3.7670, 3.7634, 3.7656, 3.7645, 3.7641, 3.7636,
    3.7642, 3.7646, 3.7619, 3.7644, 3.7693, 3.7709, 3.7677, 3.7689, 3.7732, 3.7730,
    3.7614, 3.7397, 3.7236, 3.7054, 3.6931, 3.6848, 3.6750, 3.6628, 3.6522, 3.6432,
    3.3183, 3.3185, 3.3179, 3.3182, 3.3175, 3.3178, 3.3179, 3.3174, 3.3174, 3.3178,
    3.3178, 3.3179, 3.3172, 3.3170, 3.3173, 3.3184, 3.3178, 3.3177, 3.3175, 3.3167,
    3.3167, 3.3158, 3.3149, 3.3154, 3.3155, 3.3157, 3.3150, 3.3143, 3.3134, 3.3123,
    3.3127, 3.3114, 3.3117, 3.3118, 3.3117, 3.3116, 3.3117, 3.3110, 3.3101, 3.3089,
    3.3091, 3.3086, 3.3080, 3.3073, 3.3066, 3.3064, 3.3053, 3.3044, 3.3033, 3.3027,
  ]

### performance/cumulative_win_rate
  Total points: 100
  Min: 0.0709, Max: 0.2457, Mean: 0.1633
  Data: [
    0.0800, 0.0900, 0.0867, 0.0850, 0.0840, 0.0833, 0.0829, 0.0825, 0.0756, 0.0760,
    0.0709, 0.0717, 0.0738, 0.0743, 0.0760, 0.0737, 0.0776, 0.0811, 0.0789, 0.0780,
    0.0810, 0.0818, 0.0817, 0.0842, 0.0832, 0.0831, 0.0859, 0.0857, 0.0869, 0.0867,
    0.0865, 0.0881, 0.0873, 0.0859, 0.0857, 0.0861, 0.0838, 0.0821, 0.0815, 0.0805,
    0.0815, 0.0848, 0.0898, 0.0955, 0.0987, 0.1022, 0.1051, 0.1100, 0.1139, 0.1184,
    0.2371, 0.2373, 0.2373, 0.2372, 0.2372, 0.2370, 0.2381, 0.2383, 0.2384, 0.2389,
    0.2393, 0.2391, 0.2398, 0.2404, 0.2401, 0.2400, 0.2404, 0.2408, 0.2404, 0.2406,
    0.2402, 0.2405, 0.2402, 0.2405, 0.2404, 0.2408, 0.2412, 0.2416, 0.2422, 0.2425,
    0.2430, 0.2433, 0.2432, 0.2431, 0.2429, 0.2429, 0.2427, 0.2432, 0.2438, 0.2433,
    0.2434, 0.2436, 0.2437, 0.2441, 0.2440, 0.2443, 0.2443, 0.2447, 0.2453, 0.2457,
  ]

### performance/losses
  Total points: 100
  Min: 28.0000, Max: 4606.0000, Mean: 2429.4600
  Data: [
    28.0000, 52.0000, 75.0000, 101.0000, 131.0000, 153.0000, 182.0000, 205.0000, 231.0000, 255.0000,
    278.0000, 302.0000, 321.0000, 345.0000, 364.0000, 394.0000, 418.0000, 447.0000, 471.0000, 495.0000,
    519.0000, 542.0000, 558.0000, 578.0000, 610.0000, 637.0000, 660.0000, 687.0000, 707.0000, 733.0000,
    755.0000, 778.0000, 801.0000, 825.0000, 848.0000, 868.0000, 901.0000, 921.0000, 946.0000, 973.0000,
    997.0000, 1029.0000, 1051.0000, 1076.0000, 1098.0000, 1123.0000, 1143.0000, 1164.0000, 1185.0000, 1202.0000,
    3855.0000, 3871.0000, 3887.0000, 3906.0000, 3919.0000, 3933.0000, 3941.0000, 3960.0000, 3978.0000, 3991.0000,
    4001.0000, 4020.0000, 4038.0000, 4053.0000, 4074.0000, 4082.0000, 4091.0000, 4107.0000, 4129.0000, 4147.0000,
    4163.0000, 4186.0000, 4206.0000, 4219.0000, 4234.0000, 4249.0000, 4262.0000, 4276.0000, 4291.0000, 4311.0000,
    4325.0000, 4340.0000, 4359.0000, 4373.0000, 4387.0000, 4397.0000, 4413.0000, 4427.0000, 4444.0000, 4469.0000,
    4486.0000, 4499.0000, 4510.0000, 4521.0000, 4537.0000, 4549.0000, 4573.0000, 4588.0000, 4600.0000, 4606.0000,
  ]

### performance/ties
  Total points: 100
  Min: 18.0000, Max: 4182.0000, Mean: 2105.3800
  Data: [
    18.0000, 39.0000, 62.0000, 82.0000, 98.0000, 122.0000, 139.0000, 162.0000, 185.0000, 207.0000,
    233.0000, 255.0000, 281.0000, 303.0000, 329.0000, 347.0000, 366.0000, 380.0000, 404.0000, 427.0000,
    446.0000, 468.0000, 498.0000, 521.0000, 536.0000, 555.0000, 574.0000, 593.0000, 617.0000, 637.0000,
    661.0000, 681.0000, 705.0000, 729.0000, 752.0000, 777.0000, 794.0000, 823.0000, 845.0000, 866.0000,
    886.0000, 893.0000, 906.0000, 914.0000, 930.0000, 942.0000, 960.0000, 972.0000, 986.0000, 1002.0000,
    3164.0000, 3184.0000, 3206.0000, 3226.0000, 3251.0000, 3277.0000, 3297.0000, 3314.0000, 3333.0000, 3354.0000,
    3378.0000, 3399.0000, 3412.0000, 3429.0000, 3449.0000, 3480.0000, 3505.0000, 3523.0000, 3543.0000, 3561.0000,
    3587.0000, 3599.0000, 3620.0000, 3642.0000, 3666.0000, 3685.0000, 3705.0000, 3725.0000, 3742.0000, 3756.0000,
    3775.0000, 3794.0000, 3814.0000, 3839.0000, 3865.0000, 3893.0000, 3917.0000, 3936.0000, 3950.0000, 3968.0000,
    3988.0000, 4010.0000, 4036.0000, 4058.0000, 4081.0000, 4104.0000, 4117.0000, 4136.0000, 4155.0000, 4182.0000,
  ]

### performance/wins
  Total points: 100
  Min: 4.0000, Max: 2862.0000, Mean: 1315.1600
  Data: [
    4.0000, 9.0000, 13.0000, 17.0000, 21.0000, 25.0000, 29.0000, 33.0000, 34.0000, 38.0000,
    39.0000, 43.0000, 48.0000, 52.0000, 57.0000, 59.0000, 66.0000, 73.0000, 75.0000, 78.0000,
    85.0000, 90.0000, 94.0000, 101.0000, 104.0000, 108.0000, 116.0000, 120.0000, 126.0000, 130.0000,
    134.0000, 141.0000, 144.0000, 146.0000, 150.0000, 155.0000, 155.0000, 156.0000, 159.0000, 161.0000,
    167.0000, 178.0000, 193.0000, 210.0000, 222.0000, 235.0000, 247.0000, 264.0000, 279.0000, 296.0000,
    2181.0000, 2195.0000, 2207.0000, 2218.0000, 2230.0000, 2240.0000, 2262.0000, 2276.0000, 2289.0000, 2305.0000,
    2321.0000, 2331.0000, 2350.0000, 2368.0000, 2377.0000, 2388.0000, 2404.0000, 2420.0000, 2428.0000, 2442.0000,
    2450.0000, 2465.0000, 2474.0000, 2489.0000, 2500.0000, 2516.0000, 2533.0000, 2549.0000, 2567.0000, 2583.0000,
    2600.0000, 2616.0000, 2627.0000, 2638.0000, 2648.0000, 2660.0000, 2670.0000, 2687.0000, 2706.0000, 2713.0000,
    2726.0000, 2741.0000, 2754.0000, 2771.0000, 2782.0000, 2797.0000, 2810.0000, 2826.0000, 2845.0000, 2862.0000,
  ]

### rewards/p1
  Total points: 100
  Min: -19.3892, Max: 7.9840, Mean: -4.9557
  Data: [
    -11.5794, -12.7600, -15.7459, -13.4189, -14.6619, -19.3892, -17.1051, -15.1935, -15.4136, -16.3678,
    -16.5607, -12.3955, -12.9673, -15.5588, -7.6330, -17.7211, -13.4636, -3.7988, -17.5619, -9.6300,
    -13.1939, -10.8343, -15.1486, -16.2784, -14.2201, -15.1182, -14.3007, -18.9959, -10.1462, -13.4899,
    -13.1075, -12.3726, -17.6296, -19.2196, -9.2785, -13.5932, -16.5532, -16.8237, -14.4564, -13.0276,
    -3.6166, -6.8012, 0.0206, -0.4344, -0.8226, -5.3723, 1.4714, -0.7136, -0.2564, 3.0154,
    5.1418, 2.2921, -1.4197, -0.3694, -1.9006, -0.5495, 4.7148, 5.8641, 0.0301, 2.5505,
    4.7175, 1.6235, 0.1270, 2.6926, 0.7613, 1.8002, 7.9840, 1.5953, -1.5714, 3.5943,
    0.8233, -0.6937, -1.1886, 2.0966, -4.6280, -1.2888, 5.3863, 3.8248, 2.7172, 3.5938,
    2.7869, 7.9644, 2.9764, -0.0823, 0.2171, 3.9176, 1.5560, -0.3114, -0.7902, -3.0134,
    0.9058, -0.8581, -2.4220, 4.1569, 3.2674, 2.6801, 0.8020, 1.6435, 7.0606, 1.8780,
  ]

### rewards/p2
  Total points: 100
  Min: -4.9358, Max: 23.2619, Mean: 8.3459
  Data: [
    15.1881, 16.6340, 19.2742, 17.0903, 18.0446, 23.2619, 21.4039, 19.0823, 19.2487, 20.4037,
    20.3503, 15.9157, 16.6095, 19.6465, 11.5277, 21.4376, 17.6019, 6.8061, 20.7348, 13.3677,
    16.9221, 14.2853, 19.1298, 20.2375, 18.1654, 18.8543, 17.7950, 22.7376, 13.8665, 17.0901,
    16.5353, 16.4941, 21.5005, 23.1592, 12.8778, 16.9094, 20.3528, 20.4205, 18.8595, 17.1392,
    6.3214, 10.0781, 2.6817, 3.2775, 3.8390, 8.6805, 1.5004, 3.9752, 3.1759, -0.1020,
    -2.1051, 1.0890, 4.6101, 3.8989, 5.1348, 4.0291, -1.2613, -3.0574, 3.3131, 0.7421,
    -1.5011, 1.5811, 2.6326, 0.9098, 2.7376, 1.8499, -4.9358, 1.7819, 4.5276, -0.3981,
    2.5150, 3.3404, 4.3368, 1.4559, 7.6786, 4.2980, -2.3694, -0.9186, -0.0207, -0.8969,
    0.4630, -4.7870, 0.4211, 3.8547, 3.2818, -0.8673, 1.7738, 3.2806, 3.9264, 6.0835,
    2.2654, 4.1588, 5.5228, -1.1767, -0.0106, 0.4938, 2.5477, 1.2719, -4.3566, 1.0593,
  ]

### rewards/sparse_only
  Total points: 100
  Min: -23.2619, Max: 4.9358, Mean: -8.3459
  Data: [
    -15.1881, -16.6340, -19.2742, -17.0903, -18.0446, -23.2619, -21.4039, -19.0823, -19.2487, -20.4037,
    -20.3503, -15.9157, -16.6095, -19.6465, -11.5277, -21.4376, -17.6019, -6.8061, -20.7348, -13.3677,
    -16.9221, -14.2853, -19.1298, -20.2375, -18.1654, -18.8543, -17.7950, -22.7376, -13.8665, -17.0901,
    -16.5353, -16.4941, -21.5005, -23.1592, -12.8778, -16.9094, -20.3528, -20.4205, -18.8595, -17.1392,
    -6.3214, -10.0781, -2.6817, -3.2775, -3.8390, -8.6805, -1.5004, -3.9752, -3.1759, 0.1020,
    2.1051, -1.0890, -4.6101, -3.8989, -5.1348, -4.0291, 1.2613, 3.0574, -3.3131, -0.7421,
    1.5011, -1.5811, -2.6326, -0.9098, -2.7376, -1.8499, 4.9358, -1.7819, -4.5276, 0.3981,
    -2.5150, -3.3404, -4.3368, -1.4559, -7.6786, -4.2980, 2.3694, 0.9186, 0.0207, 0.8969,
    -0.4630, 4.7870, -0.4211, -3.8547, -3.2818, 0.8673, -1.7738, -3.2806, -3.9264, -6.0835,
    -2.2654, -4.1588, -5.5228, 1.1767, 0.0106, -0.4938, -2.5477, -1.2719, 4.3566, -1.0593,
  ]

### rewards/sparse_ratio
  Total points: 100
  Min: -130.4796, Max: 46.8238, Mean: -0.9468
  Data: [
    1.3116, 1.3036, 1.2241, 1.2736, 1.2307, 1.1997, 1.2513, 1.2560, 1.2488, 1.2466,
    1.2288, 1.2840, 1.2809, 1.2627, 1.5102, 1.2097, 1.3074, 1.7917, 1.1807, 1.3881,
    1.2826, 1.3185, 1.2628, 1.2432, 1.2774, 1.2471, 1.2443, 1.1970, 1.3667, 1.2669,
    1.2615, 1.3331, 1.2196, 1.2050, 1.3879, 1.2440, 1.2295, 1.2138, 1.3046, 1.3156,
    1.7479, 1.4818, -130.4796, 7.5444, 4.6671, 1.6158, -1.0197, 5.5709, 12.3887, 0.0338,
    0.4094, -0.4751, 3.2471, 10.5553, 2.7017, 7.3326, 0.2675, 0.5214, -110.1467, -0.2909,
    0.3182, -0.9739, -20.7240, -0.3379, -3.5959, -1.0276, 0.6182, -1.1170, 2.8813, 0.1108,
    -3.0550, 4.8155, 3.6488, -0.6944, 1.6592, 3.3350, 0.4399, 0.2402, 0.0076, 0.2496,
    -0.1661, 0.6010, -0.1415, 46.8238, -15.1165, 0.2214, -1.1399, 10.5359, 4.9688, 2.0188,
    -2.5011, 4.8463, 2.2802, 0.2831, 0.0032, -0.1843, -3.1768, -0.7739, 0.6170, -0.5641,
  ]

### scoring/goals_conceded
  Total points: 100
  Min: 28.0000, Max: 4606.0000, Mean: 2429.4600
  Data: [
    28.0000, 52.0000, 75.0000, 101.0000, 131.0000, 153.0000, 182.0000, 205.0000, 231.0000, 255.0000,
    278.0000, 302.0000, 321.0000, 345.0000, 364.0000, 394.0000, 418.0000, 447.0000, 471.0000, 495.0000,
    519.0000, 542.0000, 558.0000, 578.0000, 610.0000, 637.0000, 660.0000, 687.0000, 707.0000, 733.0000,
    755.0000, 778.0000, 801.0000, 825.0000, 848.0000, 868.0000, 901.0000, 921.0000, 946.0000, 973.0000,
    997.0000, 1029.0000, 1051.0000, 1076.0000, 1098.0000, 1123.0000, 1143.0000, 1164.0000, 1185.0000, 1202.0000,
    3855.0000, 3871.0000, 3887.0000, 3906.0000, 3919.0000, 3933.0000, 3941.0000, 3960.0000, 3978.0000, 3991.0000,
    4001.0000, 4020.0000, 4038.0000, 4053.0000, 4074.0000, 4082.0000, 4091.0000, 4107.0000, 4129.0000, 4147.0000,
    4163.0000, 4186.0000, 4206.0000, 4219.0000, 4234.0000, 4249.0000, 4262.0000, 4276.0000, 4291.0000, 4311.0000,
    4325.0000, 4340.0000, 4359.0000, 4373.0000, 4387.0000, 4397.0000, 4413.0000, 4427.0000, 4444.0000, 4469.0000,
    4486.0000, 4499.0000, 4510.0000, 4521.0000, 4537.0000, 4549.0000, 4573.0000, 4588.0000, 4600.0000, 4606.0000,
  ]

### scoring/goals_scored
  Total points: 100
  Min: 4.0000, Max: 2862.0000, Mean: 1315.1600
  Data: [
    4.0000, 9.0000, 13.0000, 17.0000, 21.0000, 25.0000, 29.0000, 33.0000, 34.0000, 38.0000,
    39.0000, 43.0000, 48.0000, 52.0000, 57.0000, 59.0000, 66.0000, 73.0000, 75.0000, 78.0000,
    85.0000, 90.0000, 94.0000, 101.0000, 104.0000, 108.0000, 116.0000, 120.0000, 126.0000, 130.0000,
    134.0000, 141.0000, 144.0000, 146.0000, 150.0000, 155.0000, 155.0000, 156.0000, 159.0000, 161.0000,
    167.0000, 178.0000, 193.0000, 210.0000, 222.0000, 235.0000, 247.0000, 264.0000, 279.0000, 296.0000,
    2181.0000, 2195.0000, 2207.0000, 2218.0000, 2230.0000, 2240.0000, 2262.0000, 2276.0000, 2289.0000, 2305.0000,
    2321.0000, 2331.0000, 2350.0000, 2368.0000, 2377.0000, 2388.0000, 2404.0000, 2420.0000, 2428.0000, 2442.0000,
    2450.0000, 2465.0000, 2474.0000, 2489.0000, 2500.0000, 2516.0000, 2533.0000, 2549.0000, 2567.0000, 2583.0000,
    2600.0000, 2616.0000, 2627.0000, 2638.0000, 2648.0000, 2660.0000, 2670.0000, 2687.0000, 2706.0000, 2713.0000,
    2726.0000, 2741.0000, 2754.0000, 2771.0000, 2782.0000, 2797.0000, 2810.0000, 2826.0000, 2845.0000, 2862.0000,
  ]

### selfplay/active
  Total points: 100
  Min: 0.0000, Max: 0.0000, Mean: 0.0000
  Data: [
    0.0000, 0.0000, 0.0000, 0.0000, 0.0000, 0.0000, 0.0000, 0.0000, 0.0000, 0.0000,
    0.0000, 0.0000, 0.0000, 0.0000, 0.0000, 0.0000, 0.0000, 0.0000, 0.0000, 0.0000,
    0.0000, 0.0000, 0.0000, 0.0000, 0.0000, 0.0000, 0.0000, 0.0000, 0.0000, 0.0000,
    0.0000, 0.0000, 0.0000, 0.0000, 0.0000, 0.0000, 0.0000, 0.0000, 0.0000, 0.0000,
    0.0000, 0.0000, 0.0000, 0.0000, 0.0000, 0.0000, 0.0000, 0.0000, 0.0000, 0.0000,
    0.0000, 0.0000, 0.0000, 0.0000, 0.0000, 0.0000, 0.0000, 0.0000, 0.0000, 0.0000,
    0.0000, 0.0000, 0.0000, 0.0000, 0.0000, 0.0000, 0.0000, 0.0000, 0.0000, 0.0000,
    0.0000, 0.0000, 0.0000, 0.0000, 0.0000, 0.0000, 0.0000, 0.0000, 0.0000, 0.0000,
    0.0000, 0.0000, 0.0000, 0.0000, 0.0000, 0.0000, 0.0000, 0.0000, 0.0000, 0.0000,
    0.0000, 0.0000, 0.0000, 0.0000, 0.0000, 0.0000, 0.0000, 0.0000, 0.0000, 0.0000,
  ]

### selfplay/episode_opponent_type_selfplay
  Total points: 100
  Min: 0.0000, Max: 0.0000, Mean: 0.0000
  Data: [
    0.0000, 0.0000, 0.0000, 0.0000, 0.0000, 0.0000, 0.0000, 0.0000, 0.0000, 0.0000,
    0.0000, 0.0000, 0.0000, 0.0000, 0.0000, 0.0000, 0.0000, 0.0000, 0.0000, 0.0000,
    0.0000, 0.0000, 0.0000, 0.0000, 0.0000, 0.0000, 0.0000, 0.0000, 0.0000, 0.0000,
    0.0000, 0.0000, 0.0000, 0.0000, 0.0000, 0.0000, 0.0000, 0.0000, 0.0000, 0.0000,
    0.0000, 0.0000, 0.0000, 0.0000, 0.0000, 0.0000, 0.0000, 0.0000, 0.0000, 0.0000,
    0.0000, 0.0000, 0.0000, 0.0000, 0.0000, 0.0000, 0.0000, 0.0000, 0.0000, 0.0000,
    0.0000, 0.0000, 0.0000, 0.0000, 0.0000, 0.0000, 0.0000, 0.0000, 0.0000, 0.0000,
    0.0000, 0.0000, 0.0000, 0.0000, 0.0000, 0.0000, 0.0000, 0.0000, 0.0000, 0.0000,
    0.0000, 0.0000, 0.0000, 0.0000, 0.0000, 0.0000, 0.0000, 0.0000, 0.0000, 0.0000,
    0.0000, 0.0000, 0.0000, 0.0000, 0.0000, 0.0000, 0.0000, 0.0000, 0.0000, 0.0000,
  ]

### selfplay/episode_opponent_type_strong
  Total points: 100
  Min: 0.0000, Max: 0.0000, Mean: 0.0000
  Data: [
    0.0000, 0.0000, 0.0000, 0.0000, 0.0000, 0.0000, 0.0000, 0.0000, 0.0000, 0.0000,
    0.0000, 0.0000, 0.0000, 0.0000, 0.0000, 0.0000, 0.0000, 0.0000, 0.0000, 0.0000,
    0.0000, 0.0000, 0.0000, 0.0000, 0.0000, 0.0000, 0.0000, 0.0000, 0.0000, 0.0000,
    0.0000, 0.0000, 0.0000, 0.0000, 0.0000, 0.0000, 0.0000, 0.0000, 0.0000, 0.0000,
    0.0000, 0.0000, 0.0000, 0.0000, 0.0000, 0.0000, 0.0000, 0.0000, 0.0000, 0.0000,
    0.0000, 0.0000, 0.0000, 0.0000, 0.0000, 0.0000, 0.0000, 0.0000, 0.0000, 0.0000,
    0.0000, 0.0000, 0.0000, 0.0000, 0.0000, 0.0000, 0.0000, 0.0000, 0.0000, 0.0000,
    0.0000, 0.0000, 0.0000, 0.0000, 0.0000, 0.0000, 0.0000, 0.0000, 0.0000, 0.0000,
    0.0000, 0.0000, 0.0000, 0.0000, 0.0000, 0.0000, 0.0000, 0.0000, 0.0000, 0.0000,
    0.0000, 0.0000, 0.0000, 0.0000, 0.0000, 0.0000, 0.0000, 0.0000, 0.0000, 0.0000,
  ]

### selfplay/episode_opponent_type_weak
  Total points: 100
  Min: 1.0000, Max: 1.0000, Mean: 1.0000
  Data: [
    1.0000, 1.0000, 1.0000, 1.0000, 1.0000, 1.0000, 1.0000, 1.0000, 1.0000, 1.0000,
    1.0000, 1.0000, 1.0000, 1.0000, 1.0000, 1.0000, 1.0000, 1.0000, 1.0000, 1.0000,
    1.0000, 1.0000, 1.0000, 1.0000, 1.0000, 1.0000, 1.0000, 1.0000, 1.0000, 1.0000,
    1.0000, 1.0000, 1.0000, 1.0000, 1.0000, 1.0000, 1.0000, 1.0000, 1.0000, 1.0000,
    1.0000, 1.0000, 1.0000, 1.0000, 1.0000, 1.0000, 1.0000, 1.0000, 1.0000, 1.0000,
    1.0000, 1.0000, 1.0000, 1.0000, 1.0000, 1.0000, 1.0000, 1.0000, 1.0000, 1.0000,
    1.0000, 1.0000, 1.0000, 1.0000, 1.0000, 1.0000, 1.0000, 1.0000, 1.0000, 1.0000,
    1.0000, 1.0000, 1.0000, 1.0000, 1.0000, 1.0000, 1.0000, 1.0000, 1.0000, 1.0000,
    1.0000, 1.0000, 1.0000, 1.0000, 1.0000, 1.0000, 1.0000, 1.0000, 1.0000, 1.0000,
    1.0000, 1.0000, 1.0000, 1.0000, 1.0000, 1.0000, 1.0000, 1.0000, 1.0000, 1.0000,
  ]

### selfplay/pool_size
  Total points: 100
  Min: 0.0000, Max: 0.0000, Mean: 0.0000
  Data: [
    0.0000, 0.0000, 0.0000, 0.0000, 0.0000, 0.0000, 0.0000, 0.0000, 0.0000, 0.0000,
    0.0000, 0.0000, 0.0000, 0.0000, 0.0000, 0.0000, 0.0000, 0.0000, 0.0000, 0.0000,
    0.0000, 0.0000, 0.0000, 0.0000, 0.0000, 0.0000, 0.0000, 0.0000, 0.0000, 0.0000,
    0.0000, 0.0000, 0.0000, 0.0000, 0.0000, 0.0000, 0.0000, 0.0000, 0.0000, 0.0000,
    0.0000, 0.0000, 0.0000, 0.0000, 0.0000, 0.0000, 0.0000, 0.0000, 0.0000, 0.0000,
    0.0000, 0.0000, 0.0000, 0.0000, 0.0000, 0.0000, 0.0000, 0.0000, 0.0000, 0.0000,
    0.0000, 0.0000, 0.0000, 0.0000, 0.0000, 0.0000, 0.0000, 0.0000, 0.0000, 0.0000,
    0.0000, 0.0000, 0.0000, 0.0000, 0.0000, 0.0000, 0.0000, 0.0000, 0.0000, 0.0000,
    0.0000, 0.0000, 0.0000, 0.0000, 0.0000, 0.0000, 0.0000, 0.0000, 0.0000, 0.0000,
    0.0000, 0.0000, 0.0000, 0.0000, 0.0000, 0.0000, 0.0000, 0.0000, 0.0000, 0.0000,
  ]

### selfplay/weak_ratio_target
  Total points: 100
  Min: 0.5000, Max: 0.5000, Mean: 0.5000
  Data: [
    0.5000, 0.5000, 0.5000, 0.5000, 0.5000, 0.5000, 0.5000, 0.5000, 0.5000, 0.5000,
    0.5000, 0.5000, 0.5000, 0.5000, 0.5000, 0.5000, 0.5000, 0.5000, 0.5000, 0.5000,
    0.5000, 0.5000, 0.5000, 0.5000, 0.5000, 0.5000, 0.5000, 0.5000, 0.5000, 0.5000,
    0.5000, 0.5000, 0.5000, 0.5000, 0.5000, 0.5000, 0.5000, 0.5000, 0.5000, 0.5000,
    0.5000, 0.5000, 0.5000, 0.5000, 0.5000, 0.5000, 0.5000, 0.5000, 0.5000, 0.5000,
    0.5000, 0.5000, 0.5000, 0.5000, 0.5000, 0.5000, 0.5000, 0.5000, 0.5000, 0.5000,
    0.5000, 0.5000, 0.5000, 0.5000, 0.5000, 0.5000, 0.5000, 0.5000, 0.5000, 0.5000,
    0.5000, 0.5000, 0.5000, 0.5000, 0.5000, 0.5000, 0.5000, 0.5000, 0.5000, 0.5000,
    0.5000, 0.5000, 0.5000, 0.5000, 0.5000, 0.5000, 0.5000, 0.5000, 0.5000, 0.5000,
    0.5000, 0.5000, 0.5000, 0.5000, 0.5000, 0.5000, 0.5000, 0.5000, 0.5000, 0.5000,
  ]

### training/avg_episode_length
  Total points: 100
  Min: 75.5000, Max: 221.9000, Mean: 154.2510
  Data: [
    132.6000, 169.2000, 132.6000, 132.3000, 155.4000, 176.9000, 177.6000, 160.5000, 172.5000, 169.1000,
    171.1000, 170.1000, 152.7000, 190.5000, 174.0000, 151.4000, 178.6000, 92.5000, 133.0000, 161.7000,
    161.1000, 155.6000, 182.1000, 179.9000, 159.3000, 143.5000, 143.7000, 161.0000, 147.2000, 155.8000,
    141.5000, 191.7000, 163.4000, 196.1000, 140.1000, 120.4000, 140.4000, 162.2000, 191.9000, 196.1000,
    93.6000, 124.8000, 86.1000, 98.0000, 142.5000, 139.7000, 123.0000, 168.6000, 128.8000, 134.0000,
    137.8000, 196.7000, 171.1000, 204.5000, 194.0000, 198.1000, 163.9000, 111.5000, 164.9000, 173.5000,
    176.4000, 192.6000, 91.2000, 202.8000, 170.4000, 221.9000, 151.1000, 156.6000, 131.6000, 145.1000,
    186.4000, 75.5000, 164.9000, 167.9000, 123.5000, 122.2000, 143.7000, 119.0000, 93.5000, 110.6000,
    173.4000, 141.2000, 163.7000, 204.7000, 197.1000, 153.0000, 180.9000, 137.6000, 139.8000, 150.9000,
    150.8000, 171.7000, 163.2000, 146.4000, 173.6000, 168.8000, 164.7000, 127.5000, 103.5000, 123.3000,
  ]

### training/calls_per_episode
  Total points: 100
  Min: 0.0000, Max: 0.0000, Mean: 0.0000
  Data: [
    0.0000, 0.0000, 0.0000, 0.0000, 0.0000, 0.0000, 0.0000, 0.0000, 0.0000, 0.0000,
    0.0000, 0.0000, 0.0000, 0.0000, 0.0000, 0.0000, 0.0000, 0.0000, 0.0000, 0.0000,
    0.0000, 0.0000, 0.0000, 0.0000, 0.0000, 0.0000, 0.0000, 0.0000, 0.0000, 0.0000,
    0.0000, 0.0000, 0.0000, 0.0000, 0.0000, 0.0000, 0.0000, 0.0000, 0.0000, 0.0000,
    0.0000, 0.0000, 0.0000, 0.0000, 0.0000, 0.0000, 0.0000, 0.0000, 0.0000, 0.0000,
    0.0000, 0.0000, 0.0000, 0.0000, 0.0000, 0.0000, 0.0000, 0.0000, 0.0000, 0.0000,
    0.0000, 0.0000, 0.0000, 0.0000, 0.0000, 0.0000, 0.0000, 0.0000, 0.0000, 0.0000,
    0.0000, 0.0000, 0.0000, 0.0000, 0.0000, 0.0000, 0.0000, 0.0000, 0.0000, 0.0000,
    0.0000, 0.0000, 0.0000, 0.0000, 0.0000, 0.0000, 0.0000, 0.0000, 0.0000, 0.0000,
    0.0000, 0.0000, 0.0000, 0.0000, 0.0000, 0.0000, 0.0000, 0.0000, 0.0000, 0.0000,
  ]

### training/episode
  Total points: 100
  Min: 50.0000, Max: 11650.0000, Mean: 5850.0000
  Data: [
    50.0000, 100.0000, 150.0000, 200.0000, 250.0000, 300.0000, 350.0000, 400.0000, 450.0000, 500.0000,
    550.0000, 600.0000, 650.0000, 700.0000, 750.0000, 800.0000, 850.0000, 900.0000, 950.0000, 1000.0000,
    1050.0000, 1100.0000, 1150.0000, 1200.0000, 1250.0000, 1300.0000, 1350.0000, 1400.0000, 1450.0000, 1500.0000,
    1550.0000, 1600.0000, 1650.0000, 1700.0000, 1750.0000, 1800.0000, 1850.0000, 1900.0000, 1950.0000, 2000.0000,
    2050.0000, 2100.0000, 2150.0000, 2200.0000, 2250.0000, 2300.0000, 2350.0000, 2400.0000, 2450.0000, 2500.0000,
    9200.0000, 9250.0000, 9300.0000, 9350.0000, 9400.0000, 9450.0000, 9500.0000, 9550.0000, 9600.0000, 9650.0000,
    9700.0000, 9750.0000, 9800.0000, 9850.0000, 9900.0000, 9950.0000, 10000.0000, 10050.0000, 10100.0000, 10150.0000,
    10200.0000, 10250.0000, 10300.0000, 10350.0000, 10400.0000, 10450.0000, 10500.0000, 10550.0000, 10600.0000, 10650.0000,
    10700.0000, 10750.0000, 10800.0000, 10850.0000, 10900.0000, 10950.0000, 11000.0000, 11050.0000, 11100.0000, 11150.0000,
    11200.0000, 11250.0000, 11300.0000, 11350.0000, 11400.0000, 11450.0000, 11500.0000, 11550.0000, 11600.0000, 11650.0000,
  ]

### training/eps_per_sec
  Total points: 100
  Min: 0.1851, Max: 6.6486, Mean: 2.4367
  Data: [
    5.0450, 6.1895, 5.6968, 5.7955, 6.6486, 5.2579, 5.9829, 5.9075, 5.6987, 5.6089,
    5.3453, 6.2383, 5.2925, 5.3893, 5.6363, 6.1119, 6.0138, 6.5732, 5.6291, 5.9710,
    5.7053, 6.1012, 4.9030, 5.6651, 6.2839, 6.1479, 5.8026, 6.0889, 5.6775, 5.9731,
    5.5413, 5.8285, 5.7987, 5.5977, 5.4190, 5.5391, 6.3545, 5.2319, 5.5486, 3.6723,
    0.1851, 0.2925, 0.2063, 0.2938, 0.1938, 0.2932, 0.1900, 0.2857, 0.1932, 0.2848,
    0.2936, 0.2163, 0.2975, 0.1971, 0.2955, 0.2123, 0.2872, 0.1987, 0.2932, 0.1908,
    0.2940, 0.2064, 0.2922, 0.2008, 0.2983, 0.1977, 0.2934, 0.1913, 0.2890, 0.1980,
    0.2948, 0.2028, 0.2874, 0.2051, 0.2890, 0.2003, 0.2966, 0.2030, 0.2988, 0.1996,
    0.2935, 0.1961, 0.2895, 0.2072, 0.2926, 0.1928, 0.2966, 0.1955, 0.2980, 0.2064,
    0.2911, 0.1954, 0.2864, 0.1950, 0.2961, 0.1982, 0.2900, 0.2076, 0.2995, 0.1944,
  ]

### training/epsilon
  Total points: 100
  Min: 0.4620, Max: 1.0000, Mean: 0.7531
  Data: [
    1.0000, 1.0000, 1.0000, 1.0000, 1.0000, 1.0000, 1.0000, 1.0000, 1.0000, 1.0000,
    1.0000, 1.0000, 1.0000, 1.0000, 1.0000, 1.0000, 1.0000, 1.0000, 1.0000, 1.0000,
    1.0000, 1.0000, 1.0000, 1.0000, 1.0000, 1.0000, 1.0000, 1.0000, 1.0000, 1.0000,
    1.0000, 1.0000, 1.0000, 1.0000, 1.0000, 1.0000, 1.0000, 1.0000, 1.0000, 0.9999,
    0.9959, 0.9920, 0.9880, 0.9840, 0.9801, 0.9762, 0.9723, 0.9684, 0.9646, 0.9607,
    0.5621, 0.5598, 0.5576, 0.5554, 0.5532, 0.5510, 0.5488, 0.5466, 0.5444, 0.5422,
    0.5400, 0.5379, 0.5357, 0.5336, 0.5315, 0.5293, 0.5272, 0.5251, 0.5230, 0.5209,
    0.5189, 0.5168, 0.5147, 0.5127, 0.5106, 0.5086, 0.5066, 0.5045, 0.5025, 0.5005,
    0.4985, 0.4965, 0.4945, 0.4926, 0.4906, 0.4887, 0.4867, 0.4848, 0.4828, 0.4809,
    0.4790, 0.4771, 0.4752, 0.4733, 0.4714, 0.4695, 0.4676, 0.4657, 0.4639, 0.4620,
  ]

### training/pbrs_enabled
  Total points: 100
  Min: 1.0000, Max: 1.0000, Mean: 1.0000
  Data: [
    1.0000, 1.0000, 1.0000, 1.0000, 1.0000, 1.0000, 1.0000, 1.0000, 1.0000, 1.0000,
    1.0000, 1.0000, 1.0000, 1.0000, 1.0000, 1.0000, 1.0000, 1.0000, 1.0000, 1.0000,
    1.0000, 1.0000, 1.0000, 1.0000, 1.0000, 1.0000, 1.0000, 1.0000, 1.0000, 1.0000,
    1.0000, 1.0000, 1.0000, 1.0000, 1.0000, 1.0000, 1.0000, 1.0000, 1.0000, 1.0000,
    1.0000, 1.0000, 1.0000, 1.0000, 1.0000, 1.0000, 1.0000, 1.0000, 1.0000, 1.0000,
    1.0000, 1.0000, 1.0000, 1.0000, 1.0000, 1.0000, 1.0000, 1.0000, 1.0000, 1.0000,
    1.0000, 1.0000, 1.0000, 1.0000, 1.0000, 1.0000, 1.0000, 1.0000, 1.0000, 1.0000,
    1.0000, 1.0000, 1.0000, 1.0000, 1.0000, 1.0000, 1.0000, 1.0000, 1.0000, 1.0000,
    1.0000, 1.0000, 1.0000, 1.0000, 1.0000, 1.0000, 1.0000, 1.0000, 1.0000, 1.0000,
    1.0000, 1.0000, 1.0000, 1.0000, 1.0000, 1.0000, 1.0000, 1.0000, 1.0000, 1.0000,
  ]

### values/Q_avg
  Total points: 66
  Min: -3.8422, Max: 0.0706, Mean: -2.1935
  Data: [
    0.0683, 0.0368, 0.0508, 0.0344, 0.0236, 0.0665, 0.0706, 0.0318, 0.0443, 0.0336,
    0.0502, 0.0297, 0.0279, 0.0394, 0.0653, 0.0590, 0.0514, 0.0392, 0.0433, -0.1213,
    -0.9623, -2.2782, -3.0044, -3.3499, -3.0701, -3.4935, -3.5631, -3.4278, -3.4298, -3.5021,
    -3.6537, -3.5574, -3.2869, -3.8422, -3.2911, -3.1928, -3.2799, -2.9652, -3.3487, -3.0338,
    -3.2959, -3.0602, -3.1317, -3.3005, -3.2591, -3.2060, -3.0974, -3.1952, -3.0448, -3.0840,
    -3.1481, -3.0625, -3.2044, -3.1644, -3.0294, -2.9610, -3.1324, -3.2039, -3.3113, -3.2904,
    -3.0955, -3.1819, -3.0410, -3.1338, -3.2208, -3.1271,
  ]

### values/Q_max
  Total points: 66
  Min: -1.9665, Max: 10.1335, Mean: 2.2019
  Data: [
    0.3453, 0.3362, 0.3352, 0.3019, 0.3337, 0.3275, 0.3195, 0.3119, 0.3152, 0.3270,
    0.3860, 0.3100, 0.3691, 0.3506, 0.3612, 0.3196, 0.3537, 0.3234, 0.3454, 0.2635,
    0.9477, 0.4801, 0.7726, 1.0091, 2.8339, -0.0325, -1.2537, -1.3825, -1.3904, 6.8617,
    1.5718, 4.6812, 7.6379, -1.7010, 6.2322, 6.7942, 5.7881, 8.4423, 5.8009, 9.7193,
    -1.3954, 10.1335, 7.9288, -1.4868, 9.5727, 9.6007, 9.7608, -1.5363, 9.7223, 7.5090,
    -1.6804, 10.0233, -1.4286, -1.4688, -1.5257, 8.4078, 8.3838, -1.9274, -1.4265, -1.8056,
    -1.6606, -1.7575, -1.5118, -1.9665, -1.7794, 8.1912,
  ]

### values/Q_min
  Total points: 66
  Min: -7.5460, Max: -0.2047, Mean: -5.1067
  Data: [
    -0.2314, -0.2265, -0.2484, -0.2468, -0.3545, -0.2287, -0.2207, -0.2856, -0.2633, -0.2772,
    -0.3485, -0.2381, -0.3015, -0.2352, -0.2681, -0.2122, -0.3449, -0.2047, -0.3316, -0.3970,
    -7.4043, -7.4635, -7.4266, -7.3987, -7.5460, -7.3933, -7.4601, -7.3782, -7.4570, -7.2712,
    -7.3743, -7.4457, -7.0585, -7.5225, -7.3012, -7.4894, -7.4106, -7.3699, -7.3160, -7.0955,
    -7.3310, -7.4325, -6.0746, -7.3012, -6.8627, -7.3886, -7.3937, -6.5165, -7.4277, -5.8980,
    -6.7544, -7.3406, -6.8624, -6.5662, -7.1351, -7.4705, -7.1758, -7.3734, -7.1874, -7.4534,
    -7.1636, -7.4128, -6.4167, -7.2667, -7.4901, -7.3002,
  ]

### values/Q_std
  Total points: 66
  Min: 0.1199, Max: 2.4168, Mean: 1.0120
  Data: [
    0.1426, 0.1338, 0.1346, 0.1417, 0.1358, 0.1445, 0.1366, 0.1230, 0.1323, 0.1384,
    0.1466, 0.1305, 0.1509, 0.1225, 0.1380, 0.1311, 0.1345, 0.1199, 0.1428, 0.1554,
    1.5534, 1.8615, 1.6557, 1.4693, 1.3996, 1.3915, 1.1122, 1.0268, 1.0427, 1.9202,
    1.3142, 1.5311, 1.4968, 1.2565, 1.3037, 1.3635, 1.5210, 1.8347, 1.4701, 2.1613,
    1.2193, 2.1775, 1.3505, 0.9999, 1.6318, 2.1018, 1.9329, 0.9214, 1.7080, 1.3162,
    0.8745, 2.4168, 1.0238, 1.0071, 0.8727, 1.5013, 1.4753, 1.1749, 1.0059, 1.1480,
    0.8754, 0.9855, 0.8691, 1.0498, 1.1053, 1.6259,
  ]

### vf_reg/active_ratio
  Total points: 96
  Min: 0.7219, Max: 0.9098, Mean: 0.7954
  Data: [
    0.9090, 0.9098, 0.9083, 0.9039, 0.9011, 0.9008, 0.8992, 0.8918, 0.8917, 0.8890,
    0.8826, 0.8789, 0.8800, 0.8752, 0.8758, 0.8749, 0.8742, 0.8694, 0.8712, 0.8635,
    0.8642, 0.8644, 0.8563, 0.8540, 0.8566, 0.8584, 0.8439, 0.8498, 0.8493, 0.8537,
    0.8377, 0.8411, 0.8458, 0.8411, 0.8395, 0.8418, 0.8373, 0.8310, 0.8330, 0.8289,
    0.8331, 0.8297, 0.8328, 0.8250, 0.8242, 0.8193, 0.8258, 0.8180, 0.7270, 0.7390,
    0.7284, 0.7243, 0.7251, 0.7320, 0.7317, 0.7307, 0.7271, 0.7326, 0.7292, 0.7353,
    0.7330, 0.7302, 0.7344, 0.7326, 0.7365, 0.7291, 0.7219, 0.7353, 0.7322, 0.7289,
    0.7279, 0.7302, 0.7346, 0.7408, 0.7272, 0.7277, 0.7267, 0.7390, 0.7281, 0.7314,
    0.7342, 0.7239, 0.7334, 0.7319, 0.7302, 0.7278, 0.7284, 0.7321, 0.7314, 0.7323,
    0.7302, 0.7302, 0.7294, 0.7308, 0.7302, 0.7280,
  ]

### vf_reg/q_advantage_mean
  Total points: 96
  Min: 0.0049, Max: 0.0495, Mean: 0.0164
  Data: [
    0.0049, 0.0495, 0.0420, 0.0417, 0.0329, 0.0300, 0.0299, 0.0291, 0.0277, 0.0264,
    0.0260, 0.0247, 0.0247, 0.0248, 0.0254, 0.0246, 0.0235, 0.0228, 0.0233, 0.0238,
    0.0232, 0.0240, 0.0234, 0.0229, 0.0231, 0.0220, 0.0214, 0.0215, 0.0212, 0.0207,
    0.0213, 0.0226, 0.0218, 0.0217, 0.0221, 0.0229, 0.0210, 0.0220, 0.0217, 0.0215,
    0.0208, 0.0189, 0.0203, 0.0195, 0.0200, 0.0205, 0.0204, 0.0204, 0.0081, 0.0076,
    0.0081, 0.0077, 0.0082, 0.0075, 0.0077, 0.0077, 0.0086, 0.0081, 0.0086, 0.0090,
    0.0079, 0.0095, 0.0085, 0.0091, 0.0102, 0.0101, 0.0091, 0.0093, 0.0075, 0.0085,
    0.0090, 0.0091, 0.0080, 0.0087, 0.0078, 0.0090, 0.0086, 0.0086, 0.0087, 0.0083,
    0.0091, 0.0085, 0.0097, 0.0088, 0.0097, 0.0092, 0.0087, 0.0080, 0.0090, 0.0091,
    0.0090, 0.0080, 0.0089, 0.0088, 0.0094, 0.0084,
  ]

### vf_reg/reg_loss
  Total points: 96
  Min: 0.0000, Max: 0.0003, Mean: 0.0002
  Data: [
    0.0000, 0.0001, 0.0001, 0.0001, 0.0001, 0.0002, 0.0001, 0.0001, 0.0001, 0.0001,
    0.0001, 0.0001, 0.0001, 0.0001, 0.0001, 0.0001, 0.0001, 0.0001, 0.0001, 0.0001,
    0.0001, 0.0001, 0.0001, 0.0001, 0.0001, 0.0001, 0.0002, 0.0002, 0.0002, 0.0002,
    0.0002, 0.0002, 0.0002, 0.0002, 0.0002, 0.0002, 0.0002, 0.0002, 0.0002, 0.0002,
    0.0002, 0.0002, 0.0002, 0.0002, 0.0002, 0.0002, 0.0002, 0.0002, 0.0002, 0.0002,
    0.0002, 0.0003, 0.0002, 0.0002, 0.0002, 0.0002, 0.0002, 0.0002, 0.0002, 0.0002,
    0.0002, 0.0002, 0.0002, 0.0002, 0.0002, 0.0002, 0.0002, 0.0002, 0.0002, 0.0002,
    0.0002, 0.0002, 0.0002, 0.0002, 0.0002, 0.0002, 0.0002, 0.0002, 0.0002, 0.0002,
    0.0002, 0.0002, 0.0002, 0.0002, 0.0002, 0.0002, 0.0002, 0.0002, 0.0002, 0.0002,
    0.0002, 0.0002, 0.0002, 0.0002, 0.0002, 0.0002,
  ]

### vf_reg/violation_ratio
  Total points: 96
  Min: 0.0463, Max: 0.3064, Mean: 0.2223
  Data: [
    0.1381, 0.0463, 0.0591, 0.0787, 0.1181, 0.1291, 0.1126, 0.1091, 0.1125, 0.1007,
    0.1013, 0.1053, 0.1160, 0.1202, 0.1164, 0.1325, 0.1288, 0.1621, 0.1502, 0.1427,
    0.1540, 0.1554, 0.1434, 0.1587, 0.1573, 0.1657, 0.1632, 0.1679, 0.1800, 0.1731,
    0.1833, 0.1705, 0.1860, 0.1801, 0.1747, 0.1914, 0.1878, 0.1889, 0.1848, 0.1918,
    0.1903, 0.1981, 0.1940, 0.2030, 0.1949, 0.1973, 0.1932, 0.2034, 0.2955, 0.2963,
    0.2890, 0.2927, 0.2962, 0.2912, 0.2925, 0.2938, 0.2846, 0.2909, 0.2948, 0.2833,
    0.3029, 0.2825, 0.2966, 0.2921, 0.2839, 0.2945, 0.3018, 0.3064, 0.2959, 0.2927,
    0.2879, 0.2928, 0.3052, 0.3061, 0.2973, 0.2925, 0.3009, 0.2927, 0.2839, 0.3012,
    0.2929, 0.3001, 0.2894, 0.3031, 0.2803, 0.2766, 0.2808, 0.3002, 0.2878, 0.2871,
    0.2859, 0.2881, 0.2907, 0.2896, 0.2794, 0.2908,
  ]
