================================================================================
W&B RUN DATA: strong-then-sp-continued-weak-long35qclip-TD3-Hockey-NORMAL-strong-lr0.0003-seed55
================================================================================

## RUN METADATA
Run ID: e7zg2wg2
Created: 2026-01-10T23:35:47Z
State: running
Duration: 38848.892992226 seconds

## CONFIGURATION
  algorithm: TD3
  mode: NORMAL
  opponent: strong
  learning_rate_actor: 0.0003
  learning_rate_critic: 0.0003
  batch_size: 512
  buffer_size: 1000000
  max_episodes: 100000
  random_seed: 55
  self_play_start: 50000
  self_play_pool_size: 25
  gamma: 0.99
  tau: 0.005

## FINAL SUMMARY

## NOTE: Data discretized to fit 100000 char limit
  Showing ~50 points per metric (of 480 total)

## METRICS DATA

### behavior/action_magnitude_avg
  Total points: 100
  Min: 0.9544, Max: 1.2799, Mean: 1.1564
  Data: [
    1.0595, 1.0825, 1.0553, 1.0698, 1.0255, 1.0385, 1.0386, 1.0747, 1.0627, 1.0847,
    1.0758, 1.1023, 1.0665, 1.0677, 1.0372, 1.0373, 1.0822, 1.0498, 1.0734, 1.1133,
    1.0698, 1.1337, 1.0204, 1.0769, 1.0271, 1.0204, 1.0937, 1.0417, 1.1129, 1.1554,
    1.0007, 1.0180, 1.1524, 1.0766, 1.1473, 1.0710, 1.0811, 1.0850, 1.0887, 1.0428,
    0.9812, 1.0402, 1.0957, 1.1523, 0.9544, 1.0773, 1.0880, 1.1185, 1.1253, 1.1016,
    1.2278, 1.2674, 1.2506, 1.2437, 1.2578, 1.2425, 1.2608, 1.2163, 1.2412, 1.2333,
    1.2684, 1.2347, 1.2284, 1.2356, 1.2360, 1.2449, 1.2584, 1.2351, 1.2351, 1.2612,
    1.2505, 1.2014, 1.2302, 1.2373, 1.2626, 1.2236, 1.2353, 1.2642, 1.2135, 1.2508,
    1.2409, 1.2394, 1.2799, 1.2500, 1.2340, 1.2343, 1.2542, 1.2578, 1.2491, 1.2098,
    1.2473, 1.2174, 1.2509, 1.2348, 1.2397, 1.2185, 1.2470, 1.2713, 1.2519, 1.2192,
  ]

### behavior/action_magnitude_max
  Total points: 100
  Min: 1.3960, Max: 1.4142, Mean: 1.4126
  Data: [
    1.4142, 1.4142, 1.4124, 1.4142, 1.4142, 1.4113, 1.4142, 1.4142, 1.4064, 1.4142,
    1.4142, 1.4117, 1.4142, 1.4142, 1.4142, 1.4142, 1.4142, 1.4142, 1.4090, 1.4031,
    1.4142, 1.4142, 1.4142, 1.3960, 1.4142, 1.4142, 1.4119, 1.4008, 1.4142, 1.4142,
    1.4142, 1.4142, 1.4005, 1.4142, 1.4142, 1.4142, 1.4110, 1.4142, 1.4142, 1.4049,
    1.4142, 1.4142, 1.4130, 1.4142, 1.4079, 1.4142, 1.4142, 1.4142, 1.4069, 1.4142,
    1.4142, 1.4142, 1.4127, 1.4067, 1.4142, 1.4142, 1.4140, 1.4142, 1.4142, 1.4139,
    1.4142, 1.4114, 1.4124, 1.4109, 1.4142, 1.4142, 1.4116, 1.4084, 1.4142, 1.4142,
    1.4142, 1.4142, 1.4142, 1.4132, 1.4139, 1.4142, 1.4141, 1.4142, 1.4138, 1.4142,
    1.4142, 1.4134, 1.4142, 1.4139, 1.4132, 1.4142, 1.4142, 1.4100, 1.4103, 1.4142,
    1.4137, 1.4128, 1.4141, 1.4131, 1.4142, 1.4142, 1.4142, 1.4142, 1.4103, 1.4093,
  ]

### behavior/dist_to_puck_avg
  Total points: 100
  Min: 2.1108, Max: 3.1382, Mean: 2.7057
  Data: [
    3.0688, 2.6839, 3.0043, 2.7386, 2.6175, 2.6856, 2.8520, 2.8120, 2.8126, 2.6125,
    2.7166, 2.6850, 2.5664, 2.9408, 3.1382, 2.6925, 3.0624, 3.0884, 2.9054, 2.7130,
    2.7143, 2.4654, 2.6622, 2.3698, 2.5286, 2.1841, 2.3132, 2.3483, 2.4894, 2.3903,
    2.5443, 2.2861, 2.1108, 2.6133, 2.1799, 2.1763, 2.5462, 2.5051, 2.7973, 2.6631,
    2.9371, 2.4010, 2.4765, 2.6027, 2.5046, 2.9527, 2.3862, 2.3558, 2.7240, 2.6103,
    2.6259, 2.7749, 2.7657, 2.6347, 2.6880, 2.7310, 2.6955, 2.8651, 2.8307, 2.8870,
    2.7089, 2.7290, 2.8714, 2.8417, 2.7128, 2.7001, 2.8349, 2.5988, 2.7760, 2.6244,
    2.6558, 2.4995, 2.8934, 2.8399, 2.7440, 2.7360, 2.8512, 2.8504, 2.7030, 2.8602,
    2.7393, 2.7775, 2.8833, 2.8890, 2.7102, 2.7833, 2.7268, 2.8601, 2.5955, 2.8489,
    2.8495, 2.8842, 3.0761, 2.8157, 2.9485, 2.9024, 2.8364, 3.0497, 2.8269, 2.8019,
  ]

### behavior/dist_to_puck_min
  Total points: 100
  Min: 0.2816, Max: 0.8773, Mean: 0.4745
  Data: [
    0.4480, 0.6673, 0.4437, 0.4749, 0.4760, 0.7160, 0.4605, 0.5673, 0.6925, 0.4336,
    0.3027, 0.4111, 0.3739, 0.5718, 0.7513, 0.3442, 0.5132, 0.3148, 0.6510, 0.7431,
    0.4476, 0.5635, 0.3045, 0.5827, 0.4153, 0.3367, 0.6080, 0.3940, 0.3662, 0.4631,
    0.4450, 0.4725, 0.7368, 0.3333, 0.4262, 0.4427, 0.3924, 0.4055, 0.3875, 0.3168,
    0.4287, 0.2816, 0.5660, 0.3991, 0.5872, 0.4189, 0.8773, 0.5820, 0.4549, 0.6319,
    0.5505, 0.3761, 0.4841, 0.5397, 0.4331, 0.3135, 0.3653, 0.5535, 0.5690, 0.4489,
    0.4471, 0.4148, 0.3982, 0.4910, 0.4975, 0.4317, 0.4682, 0.5792, 0.6804, 0.6087,
    0.4503, 0.4412, 0.5614, 0.4445, 0.6598, 0.5259, 0.6472, 0.3863, 0.4026, 0.4890,
    0.4286, 0.4600, 0.4716, 0.3209, 0.5112, 0.4749, 0.4285, 0.3311, 0.5537, 0.3580,
    0.4071, 0.3635, 0.3079, 0.7037, 0.4491, 0.3379, 0.3771, 0.3086, 0.4785, 0.2926,
  ]

### behavior/distance_traveled
  Total points: 100
  Min: 4.7734, Max: 19.1513, Mean: 13.2293
  Data: [
    10.4745, 9.6491, 13.5131, 11.4693, 16.0628, 12.3491, 14.3393, 11.6394, 14.0756, 14.1966,
    15.1842, 14.2719, 10.1105, 11.8392, 16.5659, 17.9685, 12.4377, 16.4796, 10.6373, 8.4479,
    13.7379, 10.5012, 17.4628, 15.6138, 13.3654, 11.2227, 11.7028, 11.0424, 10.7219, 12.0723,
    12.8901, 9.7308, 4.7734, 15.3636, 11.7288, 9.5001, 12.4624, 12.9806, 14.5518, 15.6210,
    16.1971, 13.9544, 7.7980, 10.5073, 10.9304, 18.0795, 8.1467, 7.4121, 12.8635, 8.9651,
    12.6351, 14.5160, 12.9049, 10.3110, 15.9885, 12.4641, 15.6828, 17.1699, 10.0127, 10.9340,
    14.3303, 14.5921, 14.7153, 14.8084, 12.4213, 13.2706, 12.3398, 10.8685, 13.2364, 11.3313,
    14.1429, 14.1412, 18.4535, 14.6803, 9.4694, 13.0716, 12.5326, 15.0109, 15.9482, 13.6664,
    12.5594, 16.6793, 12.3932, 16.4322, 13.1014, 15.0047, 14.9408, 14.0086, 11.5004, 19.1513,
    14.6853, 18.5823, 16.5855, 11.0519, 16.3137, 17.9811, 13.4087, 14.3760, 12.1738, 12.7389,
  ]

### behavior/lazy_action_ratio
  Total points: 100
  Min: 0.0000, Max: 0.0126, Mean: 0.0018
  Data: [
    0.0029, 0.0034, 0.0012, 0.0033, 0.0028, 0.0053, 0.0020, 0.0013, 0.0034, 0.0044,
    0.0017, 0.0004, 0.0014, 0.0025, 0.0004, 0.0024, 0.0049, 0.0063, 0.0018, 0.0000,
    0.0004, 0.0013, 0.0043, 0.0027, 0.0077, 0.0015, 0.0028, 0.0020, 0.0000, 0.0004,
    0.0106, 0.0079, 0.0000, 0.0036, 0.0011, 0.0059, 0.0005, 0.0042, 0.0004, 0.0084,
    0.0053, 0.0082, 0.0054, 0.0056, 0.0126, 0.0031, 0.0075, 0.0040, 0.0000, 0.0073,
    0.0004, 0.0000, 0.0000, 0.0000, 0.0000, 0.0000, 0.0004, 0.0000, 0.0000, 0.0000,
    0.0000, 0.0000, 0.0000, 0.0004, 0.0000, 0.0000, 0.0000, 0.0045, 0.0000, 0.0004,
    0.0000, 0.0000, 0.0004, 0.0000, 0.0000, 0.0000, 0.0000, 0.0000, 0.0004, 0.0000,
    0.0000, 0.0000, 0.0000, 0.0000, 0.0000, 0.0004, 0.0000, 0.0000, 0.0000, 0.0000,
    0.0000, 0.0000, 0.0000, 0.0000, 0.0000, 0.0000, 0.0000, 0.0000, 0.0000, 0.0000,
  ]

### behavior/puck_touches
  Total points: 100
  Min: 0.6000, Max: 4.6000, Mean: 2.1720
  Data: [
    1.8000, 1.0000, 1.5000, 2.3000, 1.9000, 1.1000, 2.1000, 1.3000, 1.5000, 1.6000,
    2.8000, 1.9000, 1.9000, 1.4000, 1.1000, 4.6000, 2.6000, 2.0000, 0.6000, 1.0000,
    1.8000, 2.9000, 2.1000, 1.5000, 1.3000, 1.0000, 1.8000, 2.0000, 1.7000, 1.1000,
    2.2000, 1.0000, 0.6000, 3.1000, 1.9000, 1.0000, 3.9000, 1.6000, 1.9000, 2.5000,
    1.8000, 2.3000, 1.4000, 1.5000, 1.0000, 2.2000, 1.2000, 1.3000, 2.5000, 0.8000,
    1.7000, 3.0000, 2.3000, 2.1000, 2.8000, 2.8000, 2.9000, 3.5000, 2.7000, 2.9000,
    2.6000, 2.8000, 3.2000, 3.1000, 2.9000, 3.0000, 2.3000, 1.4000, 1.9000, 1.8000,
    2.2000, 2.3000, 3.4000, 2.2000, 1.7000, 2.8000, 1.1000, 2.4000, 3.6000, 2.1000,
    1.9000, 2.6000, 1.7000, 2.8000, 2.2000, 2.8000, 2.5000, 2.3000, 1.5000, 3.5000,
    4.1000, 3.2000, 3.3000, 2.3000, 3.3000, 3.5000, 2.6000, 2.5000, 1.5000, 2.7000,
  ]

### behavior/time_near_puck
  Total points: 100
  Min: 0.6000, Max: 27.5000, Mean: 8.3340
  Data: [
    6.1000, 3.4000, 4.3000, 7.6000, 14.3000, 5.5000, 14.9000, 8.2000, 8.7000, 8.6000,
    17.1000, 13.9000, 12.4000, 8.0000, 8.9000, 15.0000, 10.5000, 12.1000, 8.0000, 8.7000,
    16.0000, 16.0000, 18.6000, 16.8000, 13.0000, 10.8000, 13.8000, 20.6000, 19.3000, 13.8000,
    21.7000, 12.2000, 7.2000, 26.3000, 22.1000, 9.8000, 22.9000, 16.7000, 19.7000, 27.5000,
    21.1000, 27.0000, 15.4000, 15.5000, 11.1000, 22.7000, 14.5000, 12.8000, 22.7000, 11.4000,
    1.9000, 2.6000, 1.4000, 2.2000, 3.5000, 2.7000, 4.0000, 2.5000, 2.9000, 2.8000,
    2.4000, 2.9000, 3.7000, 1.7000, 2.2000, 3.2000, 2.2000, 0.9000, 1.0000, 0.9000,
    2.0000, 2.1000, 2.0000, 1.8000, 1.5000, 2.6000, 0.6000, 2.0000, 3.2000, 1.7000,
    1.7000, 2.5000, 2.2000, 2.7000, 2.1000, 2.6000, 2.2000, 2.6000, 1.5000, 3.3000,
    3.8000, 5.1000, 2.8000, 2.1000, 3.2000, 3.1000, 1.5000, 2.7000, 1.1000, 2.3000,
  ]

### behavior/velocity_avg
  Total points: 100
  Min: 0.0882, Max: 0.1336, Mean: 0.1063
  Data: [
    0.1019, 0.0978, 0.0990, 0.1009, 0.1104, 0.1018, 0.1014, 0.1036, 0.1110, 0.1059,
    0.1003, 0.1166, 0.1048, 0.1046, 0.1044, 0.1089, 0.0912, 0.0949, 0.1051, 0.1248,
    0.1171, 0.1173, 0.1127, 0.1195, 0.1004, 0.1048, 0.1064, 0.1105, 0.0982, 0.0981,
    0.0889, 0.1137, 0.1336, 0.0912, 0.1094, 0.1118, 0.1005, 0.1113, 0.0952, 0.0986,
    0.1007, 0.0882, 0.1015, 0.0924, 0.1074, 0.1018, 0.1020, 0.1056, 0.0962, 0.1054,
    0.1172, 0.1072, 0.1081, 0.1321, 0.1164, 0.1139, 0.1149, 0.1024, 0.1095, 0.1066,
    0.1158, 0.1008, 0.0957, 0.1178, 0.1099, 0.1169, 0.1052, 0.1132, 0.1108, 0.1098,
    0.1186, 0.1063, 0.1056, 0.1061, 0.1285, 0.1207, 0.1052, 0.1115, 0.0989, 0.1046,
    0.1063, 0.1134, 0.1214, 0.1006, 0.0958, 0.1026, 0.1149, 0.0989, 0.1228, 0.0974,
    0.0946, 0.0992, 0.0895, 0.1136, 0.0935, 0.1016, 0.0974, 0.0907, 0.1102, 0.1018,
  ]

### behavior/velocity_max
  Total points: 100
  Min: 0.2218, Max: 0.2381, Mean: 0.2290
  Data: [
    0.2329, 0.2248, 0.2321, 0.2310, 0.2283, 0.2291, 0.2224, 0.2236, 0.2304, 0.2250,
    0.2252, 0.2252, 0.2276, 0.2264, 0.2299, 0.2357, 0.2262, 0.2292, 0.2281, 0.2290,
    0.2270, 0.2286, 0.2291, 0.2336, 0.2263, 0.2310, 0.2252, 0.2272, 0.2240, 0.2316,
    0.2339, 0.2262, 0.2267, 0.2262, 0.2288, 0.2254, 0.2297, 0.2251, 0.2257, 0.2260,
    0.2257, 0.2218, 0.2294, 0.2311, 0.2302, 0.2296, 0.2316, 0.2331, 0.2271, 0.2221,
    0.2266, 0.2323, 0.2282, 0.2293, 0.2292, 0.2236, 0.2371, 0.2286, 0.2262, 0.2273,
    0.2350, 0.2299, 0.2283, 0.2328, 0.2300, 0.2310, 0.2269, 0.2309, 0.2299, 0.2282,
    0.2282, 0.2326, 0.2356, 0.2239, 0.2273, 0.2270, 0.2257, 0.2293, 0.2308, 0.2381,
    0.2258, 0.2322, 0.2328, 0.2259, 0.2261, 0.2284, 0.2286, 0.2236, 0.2338, 0.2367,
    0.2236, 0.2365, 0.2380, 0.2301, 0.2357, 0.2339, 0.2339, 0.2286, 0.2254, 0.2265,
  ]

### eval/strong/avg_reward
  Total points: 18
  Min: -8.3050, Max: -2.7616, Mean: -4.9030
  Data: [
    -6.9128, -4.6467, -3.6169, -7.4651, -5.3606, -4.3804, -5.7341, -8.3050, -4.3747, -3.2536,
    -6.4470, -2.7616, -3.6779, -4.0294, -3.6707, -4.0660, -5.4079, -4.1437,
  ]

### eval/strong/loss_rate
  Total points: 18
  Min: 0.3400, Max: 0.6200, Mean: 0.4444
  Data: [
    0.6200, 0.4800, 0.4200, 0.5800, 0.4800, 0.4000, 0.4800, 0.5000, 0.4600, 0.3400,
    0.4200, 0.3800, 0.4000, 0.3400, 0.3800, 0.4800, 0.4600, 0.3800,
  ]

### eval/strong/losses
  Total points: 18
  Min: 17.0000, Max: 31.0000, Mean: 22.2222
  Data: [
    31.0000, 24.0000, 21.0000, 29.0000, 24.0000, 20.0000, 24.0000, 25.0000, 23.0000, 17.0000,
    21.0000, 19.0000, 20.0000, 17.0000, 19.0000, 24.0000, 23.0000, 19.0000,
  ]

### eval/strong/tie_rate
  Total points: 18
  Min: 0.1800, Max: 0.5000, Mean: 0.3256
  Data: [
    0.1800, 0.2200, 0.2400, 0.2600, 0.2400, 0.3000, 0.3800, 0.4000, 0.2600, 0.4200,
    0.3600, 0.3200, 0.3400, 0.5000, 0.4000, 0.2400, 0.3600, 0.4400,
  ]

### eval/strong/ties
  Total points: 18
  Min: 9.0000, Max: 25.0000, Mean: 16.2778
  Data: [
    9.0000, 11.0000, 12.0000, 13.0000, 12.0000, 15.0000, 19.0000, 20.0000, 13.0000, 21.0000,
    18.0000, 16.0000, 17.0000, 25.0000, 20.0000, 12.0000, 18.0000, 22.0000,
  ]

### eval/strong/win_rate
  Total points: 18
  Min: 0.1000, Max: 0.3400, Mean: 0.2300
  Data: [
    0.2000, 0.3000, 0.3400, 0.1600, 0.2800, 0.3000, 0.1400, 0.1000, 0.2800, 0.2400,
    0.2200, 0.3000, 0.2600, 0.1600, 0.2200, 0.2800, 0.1800, 0.1800,
  ]

### eval/strong/win_rate_decisive
  Total points: 18
  Min: 0.1667, Max: 0.4474, Mean: 0.3395
  Data: [
    0.2439, 0.3846, 0.4474, 0.2162, 0.3684, 0.4286, 0.2258, 0.1667, 0.3784, 0.4138,
    0.3438, 0.4412, 0.3939, 0.3200, 0.3667, 0.3684, 0.2812, 0.3214,
  ]

### eval/strong/wins
  Total points: 18
  Min: 5.0000, Max: 17.0000, Mean: 11.5000
  Data: [
    10.0000, 15.0000, 17.0000, 8.0000, 14.0000, 15.0000, 7.0000, 5.0000, 14.0000, 12.0000,
    11.0000, 15.0000, 13.0000, 8.0000, 11.0000, 14.0000, 9.0000, 9.0000,
  ]

### eval/weak/avg_reward
  Total points: 18
  Min: -9.7136, Max: -2.5737, Mean: -6.1211
  Data: [
    -4.4955, -4.1515, -5.3531, -7.3054, -9.7136, -7.4542, -9.0290, -4.2880, -5.4699, -5.7965,
    -8.6328, -4.9511, -4.8848, -6.7349, -7.9694, -2.5737, -5.8634, -5.5131,
  ]

### eval/weak/loss_rate
  Total points: 18
  Min: 0.3000, Max: 0.7800, Mean: 0.5378
  Data: [
    0.5000, 0.5000, 0.5800, 0.6000, 0.7800, 0.6400, 0.7400, 0.3000, 0.5600, 0.4600,
    0.4800, 0.4400, 0.5200, 0.4600, 0.6400, 0.3000, 0.6200, 0.5600,
  ]

### eval/weak/losses
  Total points: 18
  Min: 15.0000, Max: 39.0000, Mean: 26.8889
  Data: [
    25.0000, 25.0000, 29.0000, 30.0000, 39.0000, 32.0000, 37.0000, 15.0000, 28.0000, 23.0000,
    24.0000, 22.0000, 26.0000, 23.0000, 32.0000, 15.0000, 31.0000, 28.0000,
  ]

### eval/weak/tie_rate
  Total points: 18
  Min: 0.1400, Max: 0.5000, Mean: 0.2833
  Data: [
    0.2000, 0.2200, 0.1400, 0.2800, 0.1400, 0.1800, 0.2000, 0.4600, 0.2400, 0.4200,
    0.4200, 0.3800, 0.2600, 0.4600, 0.2600, 0.5000, 0.1400, 0.2000,
  ]

### eval/weak/ties
  Total points: 18
  Min: 7.0000, Max: 25.0000, Mean: 14.1667
  Data: [
    10.0000, 11.0000, 7.0000, 14.0000, 7.0000, 9.0000, 10.0000, 23.0000, 12.0000, 21.0000,
    21.0000, 19.0000, 13.0000, 23.0000, 13.0000, 25.0000, 7.0000, 10.0000,
  ]

### eval/weak/win_rate
  Total points: 18
  Min: 0.0600, Max: 0.3000, Mean: 0.1789
  Data: [
    0.3000, 0.2800, 0.2800, 0.1200, 0.0800, 0.1800, 0.0600, 0.2400, 0.2000, 0.1200,
    0.1000, 0.1800, 0.2200, 0.0800, 0.1000, 0.2000, 0.2400, 0.2400,
  ]

### eval/weak/win_rate_decisive
  Total points: 18
  Min: 0.0750, Max: 0.4444, Mean: 0.2528
  Data: [
    0.3750, 0.3590, 0.3256, 0.1667, 0.0930, 0.2195, 0.0750, 0.4444, 0.2632, 0.2069,
    0.1724, 0.2903, 0.2973, 0.1481, 0.1351, 0.4000, 0.2791, 0.3000,
  ]

### eval/weak/wins
  Total points: 18
  Min: 3.0000, Max: 15.0000, Mean: 8.9444
  Data: [
    15.0000, 14.0000, 14.0000, 6.0000, 4.0000, 9.0000, 3.0000, 12.0000, 10.0000, 6.0000,
    5.0000, 9.0000, 11.0000, 4.0000, 5.0000, 10.0000, 12.0000, 12.0000,
  ]

### losses/actor_loss
  Total points: 100
  Min: -0.9323, Max: 7.8222, Mean: 4.7886
  Data: [
    -0.9323, -0.2851, -0.2351, -0.2467, 1.9216, 2.0201, 2.5409, 3.1318, 3.2648, 3.3329,
    3.4726, 3.8922, 4.2004, 4.1834, 4.4258, 4.6720, 4.6968, 5.0117, 5.2741, 5.3893,
    5.6265, 5.6833, 6.0611, 6.0353, 6.2627, 6.3025, 6.3933, 6.5294, 6.4725, 6.4930,
    6.5715, 6.5251, 6.6255, 6.7734, 6.8846, 6.8830, 7.1565, 7.1518, 7.2326, 7.3433,
    7.4653, 7.4707, 7.4498, 7.5834, 7.6405, 7.6694, 7.7019, 7.7618, 7.7413, 7.8222,
    4.3400, 4.3121, 4.2994, 4.2900, 4.2610, 4.2259, 4.1492, 4.1485, 4.1328, 4.0660,
    4.0648, 3.9810, 3.8758, 3.7267, 3.8211, 3.8676, 3.8555, 3.8729, 3.8053, 3.8042,
    3.8511, 3.8643, 3.8858, 3.8853, 3.8712, 3.8795, 3.9636, 3.8400, 3.8951, 3.9256,
    3.9131, 3.9217, 3.9444, 4.0125, 4.0952, 4.0576, 4.1397, 4.1791, 4.6547, 4.7263,
    4.7356, 4.8614, 5.1083, 5.0708, 5.1032, 4.9974, 5.1412, 5.0165, 5.1296, 5.2501,
  ]

### losses/critic_loss
  Total points: 100
  Min: 0.0723, Max: 0.3602, Mean: 0.1247
  Data: [
    0.3602, 0.3528, 0.3437, 0.3544, 0.2605, 0.2626, 0.2065, 0.1852, 0.2142, 0.1878,
    0.1876, 0.1441, 0.1437, 0.1422, 0.1363, 0.1367, 0.1418, 0.1242, 0.1128, 0.1180,
    0.1103, 0.1111, 0.1038, 0.1142, 0.1132, 0.0937, 0.1010, 0.1112, 0.1077, 0.1025,
    0.1071, 0.0938, 0.1036, 0.0962, 0.0723, 0.1072, 0.0982, 0.1079, 0.0971, 0.0996,
    0.1014, 0.1063, 0.1160, 0.1054, 0.1203, 0.0977, 0.1011, 0.0989, 0.0926, 0.0921,
    0.0912, 0.0980, 0.0849, 0.0872, 0.0939, 0.0806, 0.0884, 0.0982, 0.0980, 0.1101,
    0.1084, 0.0964, 0.1217, 0.1188, 0.1002, 0.1120, 0.1157, 0.1024, 0.1081, 0.1037,
    0.1066, 0.1121, 0.1186, 0.1248, 0.1236, 0.1100, 0.0982, 0.1159, 0.1183, 0.1252,
    0.1210, 0.1240, 0.1142, 0.1195, 0.1011, 0.1104, 0.1223, 0.0970, 0.0925, 0.0991,
    0.0954, 0.1102, 0.0972, 0.1050, 0.0845, 0.0937, 0.0907, 0.1111, 0.1154, 0.0977,
  ]

### pbrs/avg_per_episode
  Total points: 100
  Min: 0.0009, Max: 0.0023, Mean: 0.0016
  Data: [
    0.0022, 0.0021, 0.0021, 0.0021, 0.0021, 0.0021, 0.0021, 0.0021, 0.0021, 0.0021,
    0.0021, 0.0021, 0.0021, 0.0021, 0.0021, 0.0022, 0.0022, 0.0021, 0.0021, 0.0022,
    0.0022, 0.0022, 0.0022, 0.0022, 0.0022, 0.0022, 0.0022, 0.0023, 0.0023, 0.0023,
    0.0023, 0.0023, 0.0023, 0.0023, 0.0023, 0.0023, 0.0023, 0.0023, 0.0023, 0.0023,
    0.0023, 0.0023, 0.0023, 0.0023, 0.0023, 0.0023, 0.0023, 0.0023, 0.0023, 0.0023,
    0.0010, 0.0010, 0.0010, 0.0010, 0.0010, 0.0010, 0.0010, 0.0010, 0.0010, 0.0009,
    0.0009, 0.0009, 0.0009, 0.0009, 0.0009, 0.0009, 0.0009, 0.0009, 0.0009, 0.0009,
    0.0009, 0.0009, 0.0009, 0.0009, 0.0009, 0.0009, 0.0009, 0.0009, 0.0009, 0.0009,
    0.0009, 0.0009, 0.0009, 0.0009, 0.0009, 0.0009, 0.0009, 0.0009, 0.0009, 0.0009,
    0.0009, 0.0009, 0.0009, 0.0009, 0.0009, 0.0009, 0.0009, 0.0009, 0.0009, 0.0009,
  ]

### performance/cumulative_win_rate
  Total points: 100
  Min: 0.2145, Max: 0.2750, Mean: 0.2293
  Data: [
    0.2500, 0.2562, 0.2500, 0.2750, 0.2481, 0.2482, 0.2364, 0.2268, 0.2198, 0.2193,
    0.2223, 0.2186, 0.2200, 0.2222, 0.2227, 0.2240, 0.2227, 0.2211, 0.2192, 0.2185,
    0.2203, 0.2203, 0.2145, 0.2161, 0.2159, 0.2152, 0.2155, 0.2161, 0.2159, 0.2171,
    0.2167, 0.2168, 0.2169, 0.2212, 0.2216, 0.2222, 0.2321, 0.2325, 0.2328, 0.2345,
    0.2359, 0.2362, 0.2373, 0.2379, 0.2397, 0.2396, 0.2407, 0.2440, 0.2446, 0.2444,
    0.2275, 0.2275, 0.2279, 0.2283, 0.2284, 0.2285, 0.2285, 0.2287, 0.2287, 0.2289,
    0.2290, 0.2290, 0.2295, 0.2297, 0.2297, 0.2297, 0.2297, 0.2299, 0.2299, 0.2299,
    0.2299, 0.2299, 0.2299, 0.2300, 0.2300, 0.2300, 0.2300, 0.2300, 0.2300, 0.2295,
    0.2295, 0.2296, 0.2297, 0.2296, 0.2295, 0.2295, 0.2295, 0.2296, 0.2294, 0.2295,
    0.2295, 0.2299, 0.2301, 0.2303, 0.2303, 0.2303, 0.2303, 0.2303, 0.2304, 0.2307,
  ]

### performance/losses
  Total points: 100
  Min: 11.0000, Max: 22722.0000, Mean: 11375.3600
  Data: [
    11.0000, 72.0000, 79.0000, 85.0000, 236.0000, 244.0000, 291.0000, 370.0000, 392.0000, 404.0000,
    431.0000, 551.0000, 562.0000, 591.0000, 618.0000, 687.0000, 705.0000, 777.0000, 811.0000, 876.0000,
    959.0000, 1010.0000, 1124.0000, 1160.0000, 1238.0000, 1275.0000, 1351.0000, 1395.0000, 1420.0000, 1426.0000,
    1468.0000, 1491.0000, 1539.0000, 1608.0000, 1628.0000, 1644.0000, 1796.0000, 1814.0000, 1841.0000, 1884.0000,
    1963.0000, 1971.0000, 1978.0000, 1995.0000, 2061.0000, 2089.0000, 2127.0000, 2182.0000, 2188.0000, 2199.0000,
    20424.0000, 20449.0000, 20551.0000, 20602.0000, 20617.0000, 20622.0000, 20662.0000, 20783.0000, 20828.0000, 20887.0000,
    20905.0000, 20933.0000, 21079.0000, 21131.0000, 21203.0000, 21267.0000, 21275.0000, 21312.0000, 21352.0000, 21397.0000,
    21416.0000, 21434.0000, 21441.0000, 21471.0000, 21479.0000, 21531.0000, 21578.0000, 21605.0000, 21610.0000, 21736.0000,
    21759.0000, 21812.0000, 21860.0000, 21935.0000, 22033.0000, 22038.0000, 22066.0000, 22071.0000, 22251.0000, 22294.0000,
    22302.0000, 22366.0000, 22447.0000, 22494.0000, 22560.0000, 22570.0000, 22579.0000, 22586.0000, 22594.0000, 22722.0000,
  ]

### performance/ties
  Total points: 100
  Min: 4.0000, Max: 16772.0000, Mean: 8205.7500
  Data: [
    4.0000, 47.0000, 56.0000, 60.0000, 170.0000, 177.0000, 213.0000, 264.0000, 279.0000, 283.0000,
    300.0000, 371.0000, 374.0000, 389.0000, 408.0000, 446.0000, 461.0000, 516.0000, 532.0000, 562.0000,
    616.0000, 643.0000, 714.0000, 737.0000, 785.0000, 797.0000, 830.0000, 847.0000, 854.0000, 860.0000,
    882.0000, 890.0000, 920.0000, 962.0000, 972.0000, 985.0000, 1076.0000, 1087.0000, 1105.0000, 1132.0000,
    1185.0000, 1191.0000, 1195.0000, 1206.0000, 1254.0000, 1272.0000, 1290.0000, 1326.0000, 1332.0000, 1337.0000,
    14709.0000, 14730.0000, 14797.0000, 14836.0000, 14847.0000, 14852.0000, 14872.0000, 14975.0000, 15023.0000, 15077.0000,
    15085.0000, 15118.0000, 15228.0000, 15289.0000, 15340.0000, 15386.0000, 15392.0000, 15420.0000, 15460.0000, 15489.0000,
    15502.0000, 15515.0000, 15526.0000, 15552.0000, 15557.0000, 15597.0000, 15627.0000, 15648.0000, 15658.0000, 15770.0000,
    15795.0000, 15845.0000, 15886.0000, 15969.0000, 16075.0000, 16084.0000, 16119.0000, 16127.0000, 16341.0000, 16370.0000,
    16391.0000, 16446.0000, 16511.0000, 16546.0000, 16631.0000, 16639.0000, 16645.0000, 16654.0000, 16658.0000, 16772.0000,
  ]

### performance/wins
  Total points: 100
  Min: 5.0000, Max: 11846.0000, Mean: 5832.0900
  Data: [
    5.0000, 41.0000, 45.0000, 55.0000, 134.0000, 139.0000, 156.0000, 186.0000, 189.0000, 193.0000,
    209.0000, 258.0000, 264.0000, 280.0000, 294.0000, 327.0000, 334.0000, 367.0000, 377.0000, 402.0000,
    445.0000, 467.0000, 502.0000, 523.0000, 557.0000, 568.0000, 599.0000, 618.0000, 626.0000, 634.0000,
    650.0000, 659.0000, 681.0000, 730.0000, 740.0000, 751.0000, 868.0000, 879.0000, 894.0000, 924.0000,
    972.0000, 978.0000, 987.0000, 999.0000, 1045.0000, 1059.0000, 1083.0000, 1132.0000, 1140.0000, 1144.0000,
    10347.0000, 10361.0000, 10432.0000, 10482.0000, 10496.0000, 10506.0000, 10526.0000, 10602.0000, 10629.0000, 10676.0000,
    10690.0000, 10709.0000, 10813.0000, 10860.0000, 10897.0000, 10927.0000, 10933.0000, 10968.0000, 10988.0000, 11014.0000,
    11022.0000, 11031.0000, 11033.0000, 11057.0000, 11064.0000, 11092.0000, 11115.0000, 11127.0000, 11132.0000, 11174.0000,
    11186.0000, 11223.0000, 11254.0000, 11296.0000, 11352.0000, 11358.0000, 11375.0000, 11382.0000, 11488.0000, 11516.0000,
    11527.0000, 11588.0000, 11642.0000, 11680.0000, 11729.0000, 11731.0000, 11736.0000, 11740.0000, 11748.0000, 11846.0000,
  ]

### rewards/p1
  Total points: 100
  Min: -13.4613, Max: 0.7602, Mean: -5.5702
  Data: [
    -8.3219, -12.6670, -8.0080, -4.4262, -8.6556, -7.8648, -10.3731, -12.4673, -10.0598, -8.4982,
    -6.4187, -7.8847, -8.3197, -2.9208, -9.4934, -6.8067, -9.1924, -6.0267, -10.9810, -7.3449,
    -9.7431, -3.6311, -8.0341, -7.9872, -12.6964, -8.2785, -8.9525, -1.6944, -3.3853, -1.7259,
    -8.0499, -13.4613, -3.4193, -4.1486, -5.0192, -1.8129, -7.0463, -5.1365, -7.1069, -9.1382,
    -8.8424, -7.1442, 0.0604, -6.7669, -5.8949, -8.5317, -5.8010, -1.3048, 0.4298, -5.8242,
    -1.3035, -5.0940, -2.6135, -0.9379, -4.5140, 0.2317, -4.8501, -4.5544, -7.7209, 0.4537,
    -6.3976, -3.2829, -5.1015, -6.3990, -6.1224, -6.1931, -5.1714, -4.1746, -5.1660, -3.0529,
    -9.8700, -6.3595, -6.2525, 0.4123, -2.8685, -7.5145, -4.9178, -2.5361, -1.3357, -9.3224,
    -5.0106, -3.6756, -4.1663, -5.5372, -2.2514, -1.1149, -7.7780, 0.7602, -7.7615, -1.5164,
    -0.7573, -4.7125, -4.2737, -1.5722, -4.3005, -7.9893, -5.0387, -5.8783, -1.9468, -3.1546,
  ]

### rewards/p2
  Total points: 100
  Min: 0.0000, Max: 0.0000, Mean: 0.0000
  Data: [
    0.0000, 0.0000, 0.0000, 0.0000, 0.0000, 0.0000, 0.0000, 0.0000, 0.0000, 0.0000,
    0.0000, 0.0000, 0.0000, 0.0000, 0.0000, 0.0000, 0.0000, 0.0000, 0.0000, 0.0000,
    0.0000, 0.0000, 0.0000, 0.0000, 0.0000, 0.0000, 0.0000, 0.0000, 0.0000, 0.0000,
    0.0000, 0.0000, 0.0000, 0.0000, 0.0000, 0.0000, 0.0000, 0.0000, 0.0000, 0.0000,
    0.0000, 0.0000, 0.0000, 0.0000, 0.0000, 0.0000, 0.0000, 0.0000, 0.0000, 0.0000,
    0.0000, 0.0000, 0.0000, 0.0000, 0.0000, 0.0000, 0.0000, 0.0000, 0.0000, 0.0000,
    0.0000, 0.0000, 0.0000, 0.0000, 0.0000, 0.0000, 0.0000, 0.0000, 0.0000, 0.0000,
    0.0000, 0.0000, 0.0000, 0.0000, 0.0000, 0.0000, 0.0000, 0.0000, 0.0000, 0.0000,
    0.0000, 0.0000, 0.0000, 0.0000, 0.0000, 0.0000, 0.0000, 0.0000, 0.0000, 0.0000,
    0.0000, 0.0000, 0.0000, 0.0000, 0.0000, 0.0000, 0.0000, 0.0000, 0.0000, 0.0000,
  ]

### rewards/sparse_only
  Total points: 100
  Min: 0.0000, Max: 0.0000, Mean: 0.0000
  Data: [
    0.0000, 0.0000, 0.0000, 0.0000, 0.0000, 0.0000, 0.0000, 0.0000, 0.0000, 0.0000,
    0.0000, 0.0000, 0.0000, 0.0000, 0.0000, 0.0000, 0.0000, 0.0000, 0.0000, 0.0000,
    0.0000, 0.0000, 0.0000, 0.0000, 0.0000, 0.0000, 0.0000, 0.0000, 0.0000, 0.0000,
    0.0000, 0.0000, 0.0000, 0.0000, 0.0000, 0.0000, 0.0000, 0.0000, 0.0000, 0.0000,
    0.0000, 0.0000, 0.0000, 0.0000, 0.0000, 0.0000, 0.0000, 0.0000, 0.0000, 0.0000,
    0.0000, 0.0000, 0.0000, 0.0000, 0.0000, 0.0000, 0.0000, 0.0000, 0.0000, 0.0000,
    0.0000, 0.0000, 0.0000, 0.0000, 0.0000, 0.0000, 0.0000, 0.0000, 0.0000, 0.0000,
    0.0000, 0.0000, 0.0000, 0.0000, 0.0000, 0.0000, 0.0000, 0.0000, 0.0000, 0.0000,
    0.0000, 0.0000, 0.0000, 0.0000, 0.0000, 0.0000, 0.0000, 0.0000, 0.0000, 0.0000,
    0.0000, 0.0000, 0.0000, 0.0000, 0.0000, 0.0000, 0.0000, 0.0000, 0.0000, 0.0000,
  ]

### rewards/sparse_ratio
  Total points: 100
  Min: 0.0000, Max: 0.0000, Mean: 0.0000
  Data: [
    0.0000, 0.0000, 0.0000, 0.0000, 0.0000, 0.0000, 0.0000, 0.0000, 0.0000, 0.0000,
    0.0000, 0.0000, 0.0000, 0.0000, 0.0000, 0.0000, 0.0000, 0.0000, 0.0000, 0.0000,
    0.0000, 0.0000, 0.0000, 0.0000, 0.0000, 0.0000, 0.0000, 0.0000, 0.0000, 0.0000,
    0.0000, 0.0000, 0.0000, 0.0000, 0.0000, 0.0000, 0.0000, 0.0000, 0.0000, 0.0000,
    0.0000, 0.0000, 0.0000, 0.0000, 0.0000, 0.0000, 0.0000, 0.0000, 0.0000, 0.0000,
    0.0000, 0.0000, 0.0000, 0.0000, 0.0000, 0.0000, 0.0000, 0.0000, 0.0000, 0.0000,
    0.0000, 0.0000, 0.0000, 0.0000, 0.0000, 0.0000, 0.0000, 0.0000, 0.0000, 0.0000,
    0.0000, 0.0000, 0.0000, 0.0000, 0.0000, 0.0000, 0.0000, 0.0000, 0.0000, 0.0000,
    0.0000, 0.0000, 0.0000, 0.0000, 0.0000, 0.0000, 0.0000, 0.0000, 0.0000, 0.0000,
    0.0000, 0.0000, 0.0000, 0.0000, 0.0000, 0.0000, 0.0000, 0.0000, 0.0000, 0.0000,
  ]

### scoring/goals_conceded
  Total points: 100
  Min: 11.0000, Max: 22722.0000, Mean: 11375.3600
  Data: [
    11.0000, 72.0000, 79.0000, 85.0000, 236.0000, 244.0000, 291.0000, 370.0000, 392.0000, 404.0000,
    431.0000, 551.0000, 562.0000, 591.0000, 618.0000, 687.0000, 705.0000, 777.0000, 811.0000, 876.0000,
    959.0000, 1010.0000, 1124.0000, 1160.0000, 1238.0000, 1275.0000, 1351.0000, 1395.0000, 1420.0000, 1426.0000,
    1468.0000, 1491.0000, 1539.0000, 1608.0000, 1628.0000, 1644.0000, 1796.0000, 1814.0000, 1841.0000, 1884.0000,
    1963.0000, 1971.0000, 1978.0000, 1995.0000, 2061.0000, 2089.0000, 2127.0000, 2182.0000, 2188.0000, 2199.0000,
    20424.0000, 20449.0000, 20551.0000, 20602.0000, 20617.0000, 20622.0000, 20662.0000, 20783.0000, 20828.0000, 20887.0000,
    20905.0000, 20933.0000, 21079.0000, 21131.0000, 21203.0000, 21267.0000, 21275.0000, 21312.0000, 21352.0000, 21397.0000,
    21416.0000, 21434.0000, 21441.0000, 21471.0000, 21479.0000, 21531.0000, 21578.0000, 21605.0000, 21610.0000, 21736.0000,
    21759.0000, 21812.0000, 21860.0000, 21935.0000, 22033.0000, 22038.0000, 22066.0000, 22071.0000, 22251.0000, 22294.0000,
    22302.0000, 22366.0000, 22447.0000, 22494.0000, 22560.0000, 22570.0000, 22579.0000, 22586.0000, 22594.0000, 22722.0000,
  ]

### scoring/goals_scored
  Total points: 100
  Min: 5.0000, Max: 11846.0000, Mean: 5832.0900
  Data: [
    5.0000, 41.0000, 45.0000, 55.0000, 134.0000, 139.0000, 156.0000, 186.0000, 189.0000, 193.0000,
    209.0000, 258.0000, 264.0000, 280.0000, 294.0000, 327.0000, 334.0000, 367.0000, 377.0000, 402.0000,
    445.0000, 467.0000, 502.0000, 523.0000, 557.0000, 568.0000, 599.0000, 618.0000, 626.0000, 634.0000,
    650.0000, 659.0000, 681.0000, 730.0000, 740.0000, 751.0000, 868.0000, 879.0000, 894.0000, 924.0000,
    972.0000, 978.0000, 987.0000, 999.0000, 1045.0000, 1059.0000, 1083.0000, 1132.0000, 1140.0000, 1144.0000,
    10347.0000, 10361.0000, 10432.0000, 10482.0000, 10496.0000, 10506.0000, 10526.0000, 10602.0000, 10629.0000, 10676.0000,
    10690.0000, 10709.0000, 10813.0000, 10860.0000, 10897.0000, 10927.0000, 10933.0000, 10968.0000, 10988.0000, 11014.0000,
    11022.0000, 11031.0000, 11033.0000, 11057.0000, 11064.0000, 11092.0000, 11115.0000, 11127.0000, 11132.0000, 11174.0000,
    11186.0000, 11223.0000, 11254.0000, 11296.0000, 11352.0000, 11358.0000, 11375.0000, 11382.0000, 11488.0000, 11516.0000,
    11527.0000, 11588.0000, 11642.0000, 11680.0000, 11729.0000, 11731.0000, 11736.0000, 11740.0000, 11748.0000, 11846.0000,
  ]

### selfplay/active
  Total points: 100
  Min: 0.0000, Max: 0.0000, Mean: 0.0000
  Data: [
    0.0000, 0.0000, 0.0000, 0.0000, 0.0000, 0.0000, 0.0000, 0.0000, 0.0000, 0.0000,
    0.0000, 0.0000, 0.0000, 0.0000, 0.0000, 0.0000, 0.0000, 0.0000, 0.0000, 0.0000,
    0.0000, 0.0000, 0.0000, 0.0000, 0.0000, 0.0000, 0.0000, 0.0000, 0.0000, 0.0000,
    0.0000, 0.0000, 0.0000, 0.0000, 0.0000, 0.0000, 0.0000, 0.0000, 0.0000, 0.0000,
    0.0000, 0.0000, 0.0000, 0.0000, 0.0000, 0.0000, 0.0000, 0.0000, 0.0000, 0.0000,
    0.0000, 0.0000, 0.0000, 0.0000, 0.0000, 0.0000, 0.0000, 0.0000, 0.0000, 0.0000,
    0.0000, 0.0000, 0.0000, 0.0000, 0.0000, 0.0000, 0.0000, 0.0000, 0.0000, 0.0000,
    0.0000, 0.0000, 0.0000, 0.0000, 0.0000, 0.0000, 0.0000, 0.0000, 0.0000, 0.0000,
    0.0000, 0.0000, 0.0000, 0.0000, 0.0000, 0.0000, 0.0000, 0.0000, 0.0000, 0.0000,
    0.0000, 0.0000, 0.0000, 0.0000, 0.0000, 0.0000, 0.0000, 0.0000, 0.0000, 0.0000,
  ]

### selfplay/anchor_ratio_current
  Total points: 100
  Min: 0.5000, Max: 0.5000, Mean: 0.5000
  Data: [
    0.5000, 0.5000, 0.5000, 0.5000, 0.5000, 0.5000, 0.5000, 0.5000, 0.5000, 0.5000,
    0.5000, 0.5000, 0.5000, 0.5000, 0.5000, 0.5000, 0.5000, 0.5000, 0.5000, 0.5000,
    0.5000, 0.5000, 0.5000, 0.5000, 0.5000, 0.5000, 0.5000, 0.5000, 0.5000, 0.5000,
    0.5000, 0.5000, 0.5000, 0.5000, 0.5000, 0.5000, 0.5000, 0.5000, 0.5000, 0.5000,
    0.5000, 0.5000, 0.5000, 0.5000, 0.5000, 0.5000, 0.5000, 0.5000, 0.5000, 0.5000,
    0.5000, 0.5000, 0.5000, 0.5000, 0.5000, 0.5000, 0.5000, 0.5000, 0.5000, 0.5000,
    0.5000, 0.5000, 0.5000, 0.5000, 0.5000, 0.5000, 0.5000, 0.5000, 0.5000, 0.5000,
    0.5000, 0.5000, 0.5000, 0.5000, 0.5000, 0.5000, 0.5000, 0.5000, 0.5000, 0.5000,
    0.5000, 0.5000, 0.5000, 0.5000, 0.5000, 0.5000, 0.5000, 0.5000, 0.5000, 0.5000,
    0.5000, 0.5000, 0.5000, 0.5000, 0.5000, 0.5000, 0.5000, 0.5000, 0.5000, 0.5000,
  ]

### selfplay/best_eval_vs_weak
  Total points: 100
  Min: 0.0000, Max: 0.0000, Mean: 0.0000
  Data: [
    0.0000, 0.0000, 0.0000, 0.0000, 0.0000, 0.0000, 0.0000, 0.0000, 0.0000, 0.0000,
    0.0000, 0.0000, 0.0000, 0.0000, 0.0000, 0.0000, 0.0000, 0.0000, 0.0000, 0.0000,
    0.0000, 0.0000, 0.0000, 0.0000, 0.0000, 0.0000, 0.0000, 0.0000, 0.0000, 0.0000,
    0.0000, 0.0000, 0.0000, 0.0000, 0.0000, 0.0000, 0.0000, 0.0000, 0.0000, 0.0000,
    0.0000, 0.0000, 0.0000, 0.0000, 0.0000, 0.0000, 0.0000, 0.0000, 0.0000, 0.0000,
    0.0000, 0.0000, 0.0000, 0.0000, 0.0000, 0.0000, 0.0000, 0.0000, 0.0000, 0.0000,
    0.0000, 0.0000, 0.0000, 0.0000, 0.0000, 0.0000, 0.0000, 0.0000, 0.0000, 0.0000,
    0.0000, 0.0000, 0.0000, 0.0000, 0.0000, 0.0000, 0.0000, 0.0000, 0.0000, 0.0000,
    0.0000, 0.0000, 0.0000, 0.0000, 0.0000, 0.0000, 0.0000, 0.0000, 0.0000, 0.0000,
    0.0000, 0.0000, 0.0000, 0.0000, 0.0000, 0.0000, 0.0000, 0.0000, 0.0000, 0.0000,
  ]

### selfplay/consecutive_eval_drops
  Total points: 100
  Min: 0.0000, Max: 0.0000, Mean: 0.0000
  Data: [
    0.0000, 0.0000, 0.0000, 0.0000, 0.0000, 0.0000, 0.0000, 0.0000, 0.0000, 0.0000,
    0.0000, 0.0000, 0.0000, 0.0000, 0.0000, 0.0000, 0.0000, 0.0000, 0.0000, 0.0000,
    0.0000, 0.0000, 0.0000, 0.0000, 0.0000, 0.0000, 0.0000, 0.0000, 0.0000, 0.0000,
    0.0000, 0.0000, 0.0000, 0.0000, 0.0000, 0.0000, 0.0000, 0.0000, 0.0000, 0.0000,
    0.0000, 0.0000, 0.0000, 0.0000, 0.0000, 0.0000, 0.0000, 0.0000, 0.0000, 0.0000,
    0.0000, 0.0000, 0.0000, 0.0000, 0.0000, 0.0000, 0.0000, 0.0000, 0.0000, 0.0000,
    0.0000, 0.0000, 0.0000, 0.0000, 0.0000, 0.0000, 0.0000, 0.0000, 0.0000, 0.0000,
    0.0000, 0.0000, 0.0000, 0.0000, 0.0000, 0.0000, 0.0000, 0.0000, 0.0000, 0.0000,
    0.0000, 0.0000, 0.0000, 0.0000, 0.0000, 0.0000, 0.0000, 0.0000, 0.0000, 0.0000,
    0.0000, 0.0000, 0.0000, 0.0000, 0.0000, 0.0000, 0.0000, 0.0000, 0.0000, 0.0000,
  ]

### selfplay/episode_opponent_type_selfplay
  Total points: 100
  Min: 0.0000, Max: 0.0000, Mean: 0.0000
  Data: [
    0.0000, 0.0000, 0.0000, 0.0000, 0.0000, 0.0000, 0.0000, 0.0000, 0.0000, 0.0000,
    0.0000, 0.0000, 0.0000, 0.0000, 0.0000, 0.0000, 0.0000, 0.0000, 0.0000, 0.0000,
    0.0000, 0.0000, 0.0000, 0.0000, 0.0000, 0.0000, 0.0000, 0.0000, 0.0000, 0.0000,
    0.0000, 0.0000, 0.0000, 0.0000, 0.0000, 0.0000, 0.0000, 0.0000, 0.0000, 0.0000,
    0.0000, 0.0000, 0.0000, 0.0000, 0.0000, 0.0000, 0.0000, 0.0000, 0.0000, 0.0000,
    0.0000, 0.0000, 0.0000, 0.0000, 0.0000, 0.0000, 0.0000, 0.0000, 0.0000, 0.0000,
    0.0000, 0.0000, 0.0000, 0.0000, 0.0000, 0.0000, 0.0000, 0.0000, 0.0000, 0.0000,
    0.0000, 0.0000, 0.0000, 0.0000, 0.0000, 0.0000, 0.0000, 0.0000, 0.0000, 0.0000,
    0.0000, 0.0000, 0.0000, 0.0000, 0.0000, 0.0000, 0.0000, 0.0000, 0.0000, 0.0000,
    0.0000, 0.0000, 0.0000, 0.0000, 0.0000, 0.0000, 0.0000, 0.0000, 0.0000, 0.0000,
  ]

### selfplay/episode_opponent_type_strong
  Total points: 100
  Min: 1.0000, Max: 1.0000, Mean: 1.0000
  Data: [
    1.0000, 1.0000, 1.0000, 1.0000, 1.0000, 1.0000, 1.0000, 1.0000, 1.0000, 1.0000,
    1.0000, 1.0000, 1.0000, 1.0000, 1.0000, 1.0000, 1.0000, 1.0000, 1.0000, 1.0000,
    1.0000, 1.0000, 1.0000, 1.0000, 1.0000, 1.0000, 1.0000, 1.0000, 1.0000, 1.0000,
    1.0000, 1.0000, 1.0000, 1.0000, 1.0000, 1.0000, 1.0000, 1.0000, 1.0000, 1.0000,
    1.0000, 1.0000, 1.0000, 1.0000, 1.0000, 1.0000, 1.0000, 1.0000, 1.0000, 1.0000,
    1.0000, 1.0000, 1.0000, 1.0000, 1.0000, 1.0000, 1.0000, 1.0000, 1.0000, 1.0000,
    1.0000, 1.0000, 1.0000, 1.0000, 1.0000, 1.0000, 1.0000, 1.0000, 1.0000, 1.0000,
    1.0000, 1.0000, 1.0000, 1.0000, 1.0000, 1.0000, 1.0000, 1.0000, 1.0000, 1.0000,
    1.0000, 1.0000, 1.0000, 1.0000, 1.0000, 1.0000, 1.0000, 1.0000, 1.0000, 1.0000,
    1.0000, 1.0000, 1.0000, 1.0000, 1.0000, 1.0000, 1.0000, 1.0000, 1.0000, 1.0000,
  ]

### selfplay/episode_opponent_type_weak
  Total points: 100
  Min: 0.0000, Max: 0.0000, Mean: 0.0000
  Data: [
    0.0000, 0.0000, 0.0000, 0.0000, 0.0000, 0.0000, 0.0000, 0.0000, 0.0000, 0.0000,
    0.0000, 0.0000, 0.0000, 0.0000, 0.0000, 0.0000, 0.0000, 0.0000, 0.0000, 0.0000,
    0.0000, 0.0000, 0.0000, 0.0000, 0.0000, 0.0000, 0.0000, 0.0000, 0.0000, 0.0000,
    0.0000, 0.0000, 0.0000, 0.0000, 0.0000, 0.0000, 0.0000, 0.0000, 0.0000, 0.0000,
    0.0000, 0.0000, 0.0000, 0.0000, 0.0000, 0.0000, 0.0000, 0.0000, 0.0000, 0.0000,
    0.0000, 0.0000, 0.0000, 0.0000, 0.0000, 0.0000, 0.0000, 0.0000, 0.0000, 0.0000,
    0.0000, 0.0000, 0.0000, 0.0000, 0.0000, 0.0000, 0.0000, 0.0000, 0.0000, 0.0000,
    0.0000, 0.0000, 0.0000, 0.0000, 0.0000, 0.0000, 0.0000, 0.0000, 0.0000, 0.0000,
    0.0000, 0.0000, 0.0000, 0.0000, 0.0000, 0.0000, 0.0000, 0.0000, 0.0000, 0.0000,
    0.0000, 0.0000, 0.0000, 0.0000, 0.0000, 0.0000, 0.0000, 0.0000, 0.0000, 0.0000,
  ]

### selfplay/pool_size
  Total points: 100
  Min: 0.0000, Max: 0.0000, Mean: 0.0000
  Data: [
    0.0000, 0.0000, 0.0000, 0.0000, 0.0000, 0.0000, 0.0000, 0.0000, 0.0000, 0.0000,
    0.0000, 0.0000, 0.0000, 0.0000, 0.0000, 0.0000, 0.0000, 0.0000, 0.0000, 0.0000,
    0.0000, 0.0000, 0.0000, 0.0000, 0.0000, 0.0000, 0.0000, 0.0000, 0.0000, 0.0000,
    0.0000, 0.0000, 0.0000, 0.0000, 0.0000, 0.0000, 0.0000, 0.0000, 0.0000, 0.0000,
    0.0000, 0.0000, 0.0000, 0.0000, 0.0000, 0.0000, 0.0000, 0.0000, 0.0000, 0.0000,
    0.0000, 0.0000, 0.0000, 0.0000, 0.0000, 0.0000, 0.0000, 0.0000, 0.0000, 0.0000,
    0.0000, 0.0000, 0.0000, 0.0000, 0.0000, 0.0000, 0.0000, 0.0000, 0.0000, 0.0000,
    0.0000, 0.0000, 0.0000, 0.0000, 0.0000, 0.0000, 0.0000, 0.0000, 0.0000, 0.0000,
    0.0000, 0.0000, 0.0000, 0.0000, 0.0000, 0.0000, 0.0000, 0.0000, 0.0000, 0.0000,
    0.0000, 0.0000, 0.0000, 0.0000, 0.0000, 0.0000, 0.0000, 0.0000, 0.0000, 0.0000,
  ]

### selfplay/rollback_enabled
  Total points: 100
  Min: 1.0000, Max: 1.0000, Mean: 1.0000
  Data: [
    1.0000, 1.0000, 1.0000, 1.0000, 1.0000, 1.0000, 1.0000, 1.0000, 1.0000, 1.0000,
    1.0000, 1.0000, 1.0000, 1.0000, 1.0000, 1.0000, 1.0000, 1.0000, 1.0000, 1.0000,
    1.0000, 1.0000, 1.0000, 1.0000, 1.0000, 1.0000, 1.0000, 1.0000, 1.0000, 1.0000,
    1.0000, 1.0000, 1.0000, 1.0000, 1.0000, 1.0000, 1.0000, 1.0000, 1.0000, 1.0000,
    1.0000, 1.0000, 1.0000, 1.0000, 1.0000, 1.0000, 1.0000, 1.0000, 1.0000, 1.0000,
    1.0000, 1.0000, 1.0000, 1.0000, 1.0000, 1.0000, 1.0000, 1.0000, 1.0000, 1.0000,
    1.0000, 1.0000, 1.0000, 1.0000, 1.0000, 1.0000, 1.0000, 1.0000, 1.0000, 1.0000,
    1.0000, 1.0000, 1.0000, 1.0000, 1.0000, 1.0000, 1.0000, 1.0000, 1.0000, 1.0000,
    1.0000, 1.0000, 1.0000, 1.0000, 1.0000, 1.0000, 1.0000, 1.0000, 1.0000, 1.0000,
    1.0000, 1.0000, 1.0000, 1.0000, 1.0000, 1.0000, 1.0000, 1.0000, 1.0000, 1.0000,
  ]

### selfplay/weak_ratio_target
  Total points: 100
  Min: 0.5000, Max: 0.5000, Mean: 0.5000
  Data: [
    0.5000, 0.5000, 0.5000, 0.5000, 0.5000, 0.5000, 0.5000, 0.5000, 0.5000, 0.5000,
    0.5000, 0.5000, 0.5000, 0.5000, 0.5000, 0.5000, 0.5000, 0.5000, 0.5000, 0.5000,
    0.5000, 0.5000, 0.5000, 0.5000, 0.5000, 0.5000, 0.5000, 0.5000, 0.5000, 0.5000,
    0.5000, 0.5000, 0.5000, 0.5000, 0.5000, 0.5000, 0.5000, 0.5000, 0.5000, 0.5000,
    0.5000, 0.5000, 0.5000, 0.5000, 0.5000, 0.5000, 0.5000, 0.5000, 0.5000, 0.5000,
    0.5000, 0.5000, 0.5000, 0.5000, 0.5000, 0.5000, 0.5000, 0.5000, 0.5000, 0.5000,
    0.5000, 0.5000, 0.5000, 0.5000, 0.5000, 0.5000, 0.5000, 0.5000, 0.5000, 0.5000,
    0.5000, 0.5000, 0.5000, 0.5000, 0.5000, 0.5000, 0.5000, 0.5000, 0.5000, 0.5000,
    0.5000, 0.5000, 0.5000, 0.5000, 0.5000, 0.5000, 0.5000, 0.5000, 0.5000, 0.5000,
    0.5000, 0.5000, 0.5000, 0.5000, 0.5000, 0.5000, 0.5000, 0.5000, 0.5000, 0.5000,
  ]

### strategic/attack_diversity_bonus
  Total points: 100
  Min: 0.0000, Max: 0.0000, Mean: 0.0000
  Data: [
    0.0000, 0.0000, 0.0000, 0.0000, 0.0000, 0.0000, 0.0000, 0.0000, 0.0000, 0.0000,
    0.0000, 0.0000, 0.0000, 0.0000, 0.0000, 0.0000, 0.0000, 0.0000, 0.0000, 0.0000,
    0.0000, 0.0000, 0.0000, 0.0000, 0.0000, 0.0000, 0.0000, 0.0000, 0.0000, 0.0000,
    0.0000, 0.0000, 0.0000, 0.0000, 0.0000, 0.0000, 0.0000, 0.0000, 0.0000, 0.0000,
    0.0000, 0.0000, 0.0000, 0.0000, 0.0000, 0.0000, 0.0000, 0.0000, 0.0000, 0.0000,
    0.0000, 0.0000, 0.0000, 0.0000, 0.0000, 0.0000, 0.0000, 0.0000, 0.0000, 0.0000,
    0.0000, 0.0000, 0.0000, 0.0000, 0.0000, 0.0000, 0.0000, 0.0000, 0.0000, 0.0000,
    0.0000, 0.0000, 0.0000, 0.0000, 0.0000, 0.0000, 0.0000, 0.0000, 0.0000, 0.0000,
    0.0000, 0.0000, 0.0000, 0.0000, 0.0000, 0.0000, 0.0000, 0.0000, 0.0000, 0.0000,
    0.0000, 0.0000, 0.0000, 0.0000, 0.0000, 0.0000, 0.0000, 0.0000, 0.0000, 0.0000,
  ]

### strategic/attack_sides_unique
  Total points: 100
  Min: 0.0000, Max: 0.0000, Mean: 0.0000
  Data: [
    0.0000, 0.0000, 0.0000, 0.0000, 0.0000, 0.0000, 0.0000, 0.0000, 0.0000, 0.0000,
    0.0000, 0.0000, 0.0000, 0.0000, 0.0000, 0.0000, 0.0000, 0.0000, 0.0000, 0.0000,
    0.0000, 0.0000, 0.0000, 0.0000, 0.0000, 0.0000, 0.0000, 0.0000, 0.0000, 0.0000,
    0.0000, 0.0000, 0.0000, 0.0000, 0.0000, 0.0000, 0.0000, 0.0000, 0.0000, 0.0000,
    0.0000, 0.0000, 0.0000, 0.0000, 0.0000, 0.0000, 0.0000, 0.0000, 0.0000, 0.0000,
    0.0000, 0.0000, 0.0000, 0.0000, 0.0000, 0.0000, 0.0000, 0.0000, 0.0000, 0.0000,
    0.0000, 0.0000, 0.0000, 0.0000, 0.0000, 0.0000, 0.0000, 0.0000, 0.0000, 0.0000,
    0.0000, 0.0000, 0.0000, 0.0000, 0.0000, 0.0000, 0.0000, 0.0000, 0.0000, 0.0000,
    0.0000, 0.0000, 0.0000, 0.0000, 0.0000, 0.0000, 0.0000, 0.0000, 0.0000, 0.0000,
    0.0000, 0.0000, 0.0000, 0.0000, 0.0000, 0.0000, 0.0000, 0.0000, 0.0000, 0.0000,
  ]

### strategic/forcing_bonus
  Total points: 100
  Min: 0.0000, Max: 0.0000, Mean: 0.0000
  Data: [
    0.0000, 0.0000, 0.0000, 0.0000, 0.0000, 0.0000, 0.0000, 0.0000, 0.0000, 0.0000,
    0.0000, 0.0000, 0.0000, 0.0000, 0.0000, 0.0000, 0.0000, 0.0000, 0.0000, 0.0000,
    0.0000, 0.0000, 0.0000, 0.0000, 0.0000, 0.0000, 0.0000, 0.0000, 0.0000, 0.0000,
    0.0000, 0.0000, 0.0000, 0.0000, 0.0000, 0.0000, 0.0000, 0.0000, 0.0000, 0.0000,
    0.0000, 0.0000, 0.0000, 0.0000, 0.0000, 0.0000, 0.0000, 0.0000, 0.0000, 0.0000,
    0.0000, 0.0000, 0.0000, 0.0000, 0.0000, 0.0000, 0.0000, 0.0000, 0.0000, 0.0000,
    0.0000, 0.0000, 0.0000, 0.0000, 0.0000, 0.0000, 0.0000, 0.0000, 0.0000, 0.0000,
    0.0000, 0.0000, 0.0000, 0.0000, 0.0000, 0.0000, 0.0000, 0.0000, 0.0000, 0.0000,
    0.0000, 0.0000, 0.0000, 0.0000, 0.0000, 0.0000, 0.0000, 0.0000, 0.0000, 0.0000,
    0.0000, 0.0000, 0.0000, 0.0000, 0.0000, 0.0000, 0.0000, 0.0000, 0.0000, 0.0000,
  ]

### strategic/opponent_avg_movement
  Total points: 100
  Min: 0.0000, Max: 0.0000, Mean: 0.0000
  Data: [
    0.0000, 0.0000, 0.0000, 0.0000, 0.0000, 0.0000, 0.0000, 0.0000, 0.0000, 0.0000,
    0.0000, 0.0000, 0.0000, 0.0000, 0.0000, 0.0000, 0.0000, 0.0000, 0.0000, 0.0000,
    0.0000, 0.0000, 0.0000, 0.0000, 0.0000, 0.0000, 0.0000, 0.0000, 0.0000, 0.0000,
    0.0000, 0.0000, 0.0000, 0.0000, 0.0000, 0.0000, 0.0000, 0.0000, 0.0000, 0.0000,
    0.0000, 0.0000, 0.0000, 0.0000, 0.0000, 0.0000, 0.0000, 0.0000, 0.0000, 0.0000,
    0.0000, 0.0000, 0.0000, 0.0000, 0.0000, 0.0000, 0.0000, 0.0000, 0.0000, 0.0000,
    0.0000, 0.0000, 0.0000, 0.0000, 0.0000, 0.0000, 0.0000, 0.0000, 0.0000, 0.0000,
    0.0000, 0.0000, 0.0000, 0.0000, 0.0000, 0.0000, 0.0000, 0.0000, 0.0000, 0.0000,
    0.0000, 0.0000, 0.0000, 0.0000, 0.0000, 0.0000, 0.0000, 0.0000, 0.0000, 0.0000,
    0.0000, 0.0000, 0.0000, 0.0000, 0.0000, 0.0000, 0.0000, 0.0000, 0.0000, 0.0000,
  ]

### strategic/opponent_total_movement
  Total points: 100
  Min: 0.0000, Max: 0.0000, Mean: 0.0000
  Data: [
    0.0000, 0.0000, 0.0000, 0.0000, 0.0000, 0.0000, 0.0000, 0.0000, 0.0000, 0.0000,
    0.0000, 0.0000, 0.0000, 0.0000, 0.0000, 0.0000, 0.0000, 0.0000, 0.0000, 0.0000,
    0.0000, 0.0000, 0.0000, 0.0000, 0.0000, 0.0000, 0.0000, 0.0000, 0.0000, 0.0000,
    0.0000, 0.0000, 0.0000, 0.0000, 0.0000, 0.0000, 0.0000, 0.0000, 0.0000, 0.0000,
    0.0000, 0.0000, 0.0000, 0.0000, 0.0000, 0.0000, 0.0000, 0.0000, 0.0000, 0.0000,
    0.0000, 0.0000, 0.0000, 0.0000, 0.0000, 0.0000, 0.0000, 0.0000, 0.0000, 0.0000,
    0.0000, 0.0000, 0.0000, 0.0000, 0.0000, 0.0000, 0.0000, 0.0000, 0.0000, 0.0000,
    0.0000, 0.0000, 0.0000, 0.0000, 0.0000, 0.0000, 0.0000, 0.0000, 0.0000, 0.0000,
    0.0000, 0.0000, 0.0000, 0.0000, 0.0000, 0.0000, 0.0000, 0.0000, 0.0000, 0.0000,
    0.0000, 0.0000, 0.0000, 0.0000, 0.0000, 0.0000, 0.0000, 0.0000, 0.0000, 0.0000,
  ]

### strategic/shot_quality_ratio
  Total points: 100
  Min: 0.0000, Max: 0.0000, Mean: 0.0000
  Data: [
    0.0000, 0.0000, 0.0000, 0.0000, 0.0000, 0.0000, 0.0000, 0.0000, 0.0000, 0.0000,
    0.0000, 0.0000, 0.0000, 0.0000, 0.0000, 0.0000, 0.0000, 0.0000, 0.0000, 0.0000,
    0.0000, 0.0000, 0.0000, 0.0000, 0.0000, 0.0000, 0.0000, 0.0000, 0.0000, 0.0000,
    0.0000, 0.0000, 0.0000, 0.0000, 0.0000, 0.0000, 0.0000, 0.0000, 0.0000, 0.0000,
    0.0000, 0.0000, 0.0000, 0.0000, 0.0000, 0.0000, 0.0000, 0.0000, 0.0000, 0.0000,
    0.0000, 0.0000, 0.0000, 0.0000, 0.0000, 0.0000, 0.0000, 0.0000, 0.0000, 0.0000,
    0.0000, 0.0000, 0.0000, 0.0000, 0.0000, 0.0000, 0.0000, 0.0000, 0.0000, 0.0000,
    0.0000, 0.0000, 0.0000, 0.0000, 0.0000, 0.0000, 0.0000, 0.0000, 0.0000, 0.0000,
    0.0000, 0.0000, 0.0000, 0.0000, 0.0000, 0.0000, 0.0000, 0.0000, 0.0000, 0.0000,
    0.0000, 0.0000, 0.0000, 0.0000, 0.0000, 0.0000, 0.0000, 0.0000, 0.0000, 0.0000,
  ]

### strategic/shots_blocked
  Total points: 100
  Min: 0.0000, Max: 0.0000, Mean: 0.0000
  Data: [
    0.0000, 0.0000, 0.0000, 0.0000, 0.0000, 0.0000, 0.0000, 0.0000, 0.0000, 0.0000,
    0.0000, 0.0000, 0.0000, 0.0000, 0.0000, 0.0000, 0.0000, 0.0000, 0.0000, 0.0000,
    0.0000, 0.0000, 0.0000, 0.0000, 0.0000, 0.0000, 0.0000, 0.0000, 0.0000, 0.0000,
    0.0000, 0.0000, 0.0000, 0.0000, 0.0000, 0.0000, 0.0000, 0.0000, 0.0000, 0.0000,
    0.0000, 0.0000, 0.0000, 0.0000, 0.0000, 0.0000, 0.0000, 0.0000, 0.0000, 0.0000,
    0.0000, 0.0000, 0.0000, 0.0000, 0.0000, 0.0000, 0.0000, 0.0000, 0.0000, 0.0000,
    0.0000, 0.0000, 0.0000, 0.0000, 0.0000, 0.0000, 0.0000, 0.0000, 0.0000, 0.0000,
    0.0000, 0.0000, 0.0000, 0.0000, 0.0000, 0.0000, 0.0000, 0.0000, 0.0000, 0.0000,
    0.0000, 0.0000, 0.0000, 0.0000, 0.0000, 0.0000, 0.0000, 0.0000, 0.0000, 0.0000,
    0.0000, 0.0000, 0.0000, 0.0000, 0.0000, 0.0000, 0.0000, 0.0000, 0.0000, 0.0000,
  ]

### strategic/shots_clear
  Total points: 100
  Min: 0.0000, Max: 0.0000, Mean: 0.0000
  Data: [
    0.0000, 0.0000, 0.0000, 0.0000, 0.0000, 0.0000, 0.0000, 0.0000, 0.0000, 0.0000,
    0.0000, 0.0000, 0.0000, 0.0000, 0.0000, 0.0000, 0.0000, 0.0000, 0.0000, 0.0000,
    0.0000, 0.0000, 0.0000, 0.0000, 0.0000, 0.0000, 0.0000, 0.0000, 0.0000, 0.0000,
    0.0000, 0.0000, 0.0000, 0.0000, 0.0000, 0.0000, 0.0000, 0.0000, 0.0000, 0.0000,
    0.0000, 0.0000, 0.0000, 0.0000, 0.0000, 0.0000, 0.0000, 0.0000, 0.0000, 0.0000,
    0.0000, 0.0000, 0.0000, 0.0000, 0.0000, 0.0000, 0.0000, 0.0000, 0.0000, 0.0000,
    0.0000, 0.0000, 0.0000, 0.0000, 0.0000, 0.0000, 0.0000, 0.0000, 0.0000, 0.0000,
    0.0000, 0.0000, 0.0000, 0.0000, 0.0000, 0.0000, 0.0000, 0.0000, 0.0000, 0.0000,
    0.0000, 0.0000, 0.0000, 0.0000, 0.0000, 0.0000, 0.0000, 0.0000, 0.0000, 0.0000,
    0.0000, 0.0000, 0.0000, 0.0000, 0.0000, 0.0000, 0.0000, 0.0000, 0.0000, 0.0000,
  ]

### training/avg_episode_length
  Total points: 100
  Min: 37.5000, Max: 199.5000, Mean: 141.4860
  Data: [
    120.2000, 127.5000, 151.6000, 123.9000, 157.4000, 148.4000, 153.2000, 130.0000, 139.5000, 142.6000,
    152.2000, 134.8000, 109.6000, 131.3000, 164.6000, 167.7000, 159.8000, 177.8000, 131.7000, 82.7000,
    131.0000, 110.1000, 171.5000, 140.5000, 142.2000, 112.0000, 134.2000, 109.5000, 116.0000, 145.5000,
    164.3000, 97.6000, 37.5000, 178.3000, 118.7000, 97.9000, 139.7000, 122.9000, 163.5000, 170.3000,
    167.4000, 159.5000, 79.7000, 141.1000, 128.1000, 188.6000, 93.5000, 83.2000, 142.5000, 101.4000,
    125.4000, 158.8000, 145.2000, 86.3000, 151.3000, 132.8000, 144.4000, 184.2000, 114.3000, 119.7000,
    140.3000, 168.5000, 175.5000, 144.2000, 136.1000, 127.8000, 136.2000, 112.9000, 134.3000, 123.0000,
    138.8000, 149.5000, 192.0000, 150.7000, 88.2000, 130.2000, 140.0000, 154.4000, 174.6000, 152.1000,
    136.9000, 166.2000, 121.3000, 178.7000, 158.9000, 169.3000, 149.6000, 163.6000, 103.3000, 199.5000,
    183.6000, 193.6000, 197.4000, 117.3000, 191.8000, 185.3000, 154.7000, 170.6000, 135.5000, 145.1000,
  ]

### training/calls_per_episode
  Total points: 100
  Min: 0.0000, Max: 0.0000, Mean: 0.0000
  Data: [
    0.0000, 0.0000, 0.0000, 0.0000, 0.0000, 0.0000, 0.0000, 0.0000, 0.0000, 0.0000,
    0.0000, 0.0000, 0.0000, 0.0000, 0.0000, 0.0000, 0.0000, 0.0000, 0.0000, 0.0000,
    0.0000, 0.0000, 0.0000, 0.0000, 0.0000, 0.0000, 0.0000, 0.0000, 0.0000, 0.0000,
    0.0000, 0.0000, 0.0000, 0.0000, 0.0000, 0.0000, 0.0000, 0.0000, 0.0000, 0.0000,
    0.0000, 0.0000, 0.0000, 0.0000, 0.0000, 0.0000, 0.0000, 0.0000, 0.0000, 0.0000,
    0.0000, 0.0000, 0.0000, 0.0000, 0.0000, 0.0000, 0.0000, 0.0000, 0.0000, 0.0000,
    0.0000, 0.0000, 0.0000, 0.0000, 0.0000, 0.0000, 0.0000, 0.0000, 0.0000, 0.0000,
    0.0000, 0.0000, 0.0000, 0.0000, 0.0000, 0.0000, 0.0000, 0.0000, 0.0000, 0.0000,
    0.0000, 0.0000, 0.0000, 0.0000, 0.0000, 0.0000, 0.0000, 0.0000, 0.0000, 0.0000,
    0.0000, 0.0000, 0.0000, 0.0000, 0.0000, 0.0000, 0.0000, 0.0000, 0.0000, 0.0000,
  ]

### training/episode
  Total points: 100
  Min: 33520.0000, Max: 84840.0000, Mean: 58913.2000
  Data: [
    33520.0000, 33660.0000, 33680.0000, 33700.0000, 34040.0000, 34060.0000, 34160.0000, 34320.0000, 34360.0000, 34380.0000,
    34440.0000, 34680.0000, 34700.0000, 34760.0000, 34820.0000, 34960.0000, 35000.0000, 35160.0000, 35220.0000, 35340.0000,
    35520.0000, 35620.0000, 35840.0000, 35920.0000, 36080.0000, 36140.0000, 36280.0000, 36360.0000, 36400.0000, 36420.0000,
    36500.0000, 36540.0000, 36640.0000, 36800.0000, 36840.0000, 36880.0000, 37240.0000, 37280.0000, 37340.0000, 37440.0000,
    37620.0000, 37640.0000, 37660.0000, 37700.0000, 37860.0000, 37920.0000, 38000.0000, 38140.0000, 38160.0000, 38180.0000,
    78980.0000, 79040.0000, 79280.0000, 79420.0000, 79460.0000, 79480.0000, 79560.0000, 79860.0000, 79980.0000, 80140.0000,
    80180.0000, 80260.0000, 80620.0000, 80780.0000, 80940.0000, 81080.0000, 81100.0000, 81200.0000, 81300.0000, 81400.0000,
    81440.0000, 81480.0000, 81500.0000, 81580.0000, 81600.0000, 81720.0000, 81820.0000, 81880.0000, 81900.0000, 82180.0000,
    82240.0000, 82380.0000, 82500.0000, 82700.0000, 82960.0000, 82980.0000, 83060.0000, 83080.0000, 83580.0000, 83680.0000,
    83720.0000, 83900.0000, 84100.0000, 84220.0000, 84420.0000, 84440.0000, 84460.0000, 84480.0000, 84500.0000, 84840.0000,
  ]

### training/eps_per_sec
  Total points: 100
  Min: 0.2534, Max: 1791.8019, Mean: 19.5670
  Data: [
    1791.8019, 1.9197, 1.4404, 1.7844, 1.4189, 1.6685, 1.4130, 1.7915, 1.6845, 1.7816,
    1.7796, 1.7262, 1.9133, 1.7554, 1.7514, 1.6787, 1.5640, 1.6147, 1.7660, 2.1804,
    0.2534, 1.7936, 1.5454, 1.4855, 1.7421, 1.9233, 2.2140, 2.0260, 2.0020, 1.5240,
    1.4050, 2.3008, 2.0723, 1.4318, 1.7648, 1.8239, 1.5813, 1.8026, 1.8009, 1.5265,
    1.5339, 1.5020, 1.9947, 1.9543, 1.7685, 1.5630, 1.8721, 2.4235, 1.6313, 1.7849,
    1.4830, 1.5122, 1.4644, 2.1157, 1.6549, 2.0486, 1.8356, 1.4991, 1.5763, 1.7732,
    1.9714, 1.3243, 1.1533, 1.8399, 1.8541, 1.5459, 1.6332, 2.2123, 1.7096, 1.5822,
    1.5508, 1.4902, 1.4382, 1.7510, 1.8224, 1.7123, 1.5633, 1.7620, 1.3324, 1.6249,
    1.5025, 1.3542, 1.4764, 1.3481, 1.5373, 1.4857, 2.1174, 1.4184, 1.6315, 1.4212,
    1.1753, 1.3864, 1.3930, 1.8142, 1.5338, 1.4386, 1.4091, 1.3207, 2.0826, 1.5391,
  ]

### training/epsilon
  Total points: 100
  Min: 0.1658, Max: 0.9993, Mean: 0.5515
  Data: [
    0.9993, 0.9944, 0.9937, 0.9930, 0.9813, 0.9806, 0.9772, 0.9717, 0.9703, 0.9697,
    0.9676, 0.9595, 0.9589, 0.9569, 0.9549, 0.9502, 0.9489, 0.9436, 0.9416, 0.9376,
    0.9317, 0.9285, 0.9214, 0.9188, 0.9137, 0.9117, 0.9073, 0.9047, 0.9035, 0.9028,
    0.9003, 0.8991, 0.8959, 0.8909, 0.8897, 0.8884, 0.8773, 0.8761, 0.8742, 0.8712,
    0.8657, 0.8651, 0.8645, 0.8633, 0.8585, 0.8567, 0.8543, 0.8501, 0.8495, 0.8489,
    0.2036, 0.2031, 0.2014, 0.2004, 0.2002, 0.2000, 0.1995, 0.1974, 0.1966, 0.1955,
    0.1952, 0.1946, 0.1922, 0.1911, 0.1901, 0.1891, 0.1890, 0.1883, 0.1877, 0.1870,
    0.1868, 0.1865, 0.1864, 0.1858, 0.1857, 0.1849, 0.1843, 0.1839, 0.1838, 0.1820,
    0.1816, 0.1807, 0.1800, 0.1787, 0.1771, 0.1770, 0.1765, 0.1763, 0.1733, 0.1727,
    0.1724, 0.1714, 0.1702, 0.1694, 0.1683, 0.1681, 0.1680, 0.1679, 0.1678, 0.1658,
  ]

### training/lr_actor
  Total points: 100
  Min: 0.0002, Max: 0.0003, Mean: 0.0002
  Data: [
    0.0003, 0.0003, 0.0003, 0.0003, 0.0003, 0.0003, 0.0003, 0.0003, 0.0003, 0.0003,
    0.0003, 0.0003, 0.0003, 0.0003, 0.0003, 0.0003, 0.0003, 0.0003, 0.0003, 0.0003,
    0.0003, 0.0003, 0.0003, 0.0003, 0.0003, 0.0003, 0.0003, 0.0003, 0.0003, 0.0003,
    0.0003, 0.0003, 0.0003, 0.0003, 0.0003, 0.0003, 0.0003, 0.0003, 0.0003, 0.0003,
    0.0003, 0.0003, 0.0003, 0.0003, 0.0003, 0.0003, 0.0003, 0.0003, 0.0003, 0.0003,
    0.0002, 0.0002, 0.0002, 0.0002, 0.0002, 0.0002, 0.0002, 0.0002, 0.0002, 0.0002,
    0.0002, 0.0002, 0.0002, 0.0002, 0.0002, 0.0002, 0.0002, 0.0002, 0.0002, 0.0002,
    0.0002, 0.0002, 0.0002, 0.0002, 0.0002, 0.0002, 0.0002, 0.0002, 0.0002, 0.0002,
    0.0002, 0.0002, 0.0002, 0.0002, 0.0002, 0.0002, 0.0002, 0.0002, 0.0002, 0.0002,
    0.0002, 0.0002, 0.0002, 0.0002, 0.0002, 0.0002, 0.0002, 0.0002, 0.0002, 0.0002,
  ]

### training/lr_critic
  Total points: 100
  Min: 0.0002, Max: 0.0003, Mean: 0.0002
  Data: [
    0.0003, 0.0003, 0.0003, 0.0003, 0.0003, 0.0003, 0.0003, 0.0003, 0.0003, 0.0003,
    0.0003, 0.0003, 0.0003, 0.0003, 0.0003, 0.0003, 0.0003, 0.0003, 0.0003, 0.0003,
    0.0003, 0.0003, 0.0003, 0.0003, 0.0003, 0.0003, 0.0003, 0.0003, 0.0003, 0.0003,
    0.0003, 0.0003, 0.0003, 0.0003, 0.0003, 0.0003, 0.0003, 0.0003, 0.0003, 0.0003,
    0.0003, 0.0003, 0.0003, 0.0003, 0.0003, 0.0003, 0.0003, 0.0003, 0.0003, 0.0003,
    0.0002, 0.0002, 0.0002, 0.0002, 0.0002, 0.0002, 0.0002, 0.0002, 0.0002, 0.0002,
    0.0002, 0.0002, 0.0002, 0.0002, 0.0002, 0.0002, 0.0002, 0.0002, 0.0002, 0.0002,
    0.0002, 0.0002, 0.0002, 0.0002, 0.0002, 0.0002, 0.0002, 0.0002, 0.0002, 0.0002,
    0.0002, 0.0002, 0.0002, 0.0002, 0.0002, 0.0002, 0.0002, 0.0002, 0.0002, 0.0002,
    0.0002, 0.0002, 0.0002, 0.0002, 0.0002, 0.0002, 0.0002, 0.0002, 0.0002, 0.0002,
  ]

### training/pbrs_enabled
  Total points: 100
  Min: 1.0000, Max: 1.0000, Mean: 1.0000
  Data: [
    1.0000, 1.0000, 1.0000, 1.0000, 1.0000, 1.0000, 1.0000, 1.0000, 1.0000, 1.0000,
    1.0000, 1.0000, 1.0000, 1.0000, 1.0000, 1.0000, 1.0000, 1.0000, 1.0000, 1.0000,
    1.0000, 1.0000, 1.0000, 1.0000, 1.0000, 1.0000, 1.0000, 1.0000, 1.0000, 1.0000,
    1.0000, 1.0000, 1.0000, 1.0000, 1.0000, 1.0000, 1.0000, 1.0000, 1.0000, 1.0000,
    1.0000, 1.0000, 1.0000, 1.0000, 1.0000, 1.0000, 1.0000, 1.0000, 1.0000, 1.0000,
    1.0000, 1.0000, 1.0000, 1.0000, 1.0000, 1.0000, 1.0000, 1.0000, 1.0000, 1.0000,
    1.0000, 1.0000, 1.0000, 1.0000, 1.0000, 1.0000, 1.0000, 1.0000, 1.0000, 1.0000,
    1.0000, 1.0000, 1.0000, 1.0000, 1.0000, 1.0000, 1.0000, 1.0000, 1.0000, 1.0000,
    1.0000, 1.0000, 1.0000, 1.0000, 1.0000, 1.0000, 1.0000, 1.0000, 1.0000, 1.0000,
    1.0000, 1.0000, 1.0000, 1.0000, 1.0000, 1.0000, 1.0000, 1.0000, 1.0000, 1.0000,
  ]

### training/tie_penalty
  Total points: 100
  Min: 0.0000, Max: 0.0000, Mean: 0.0000
  Data: [
    0.0000, 0.0000, 0.0000, 0.0000, 0.0000, 0.0000, 0.0000, 0.0000, 0.0000, 0.0000,
    0.0000, 0.0000, 0.0000, 0.0000, 0.0000, 0.0000, 0.0000, 0.0000, 0.0000, 0.0000,
    0.0000, 0.0000, 0.0000, 0.0000, 0.0000, 0.0000, 0.0000, 0.0000, 0.0000, 0.0000,
    0.0000, 0.0000, 0.0000, 0.0000, 0.0000, 0.0000, 0.0000, 0.0000, 0.0000, 0.0000,
    0.0000, 0.0000, 0.0000, 0.0000, 0.0000, 0.0000, 0.0000, 0.0000, 0.0000, 0.0000,
    0.0000, 0.0000, 0.0000, 0.0000, 0.0000, 0.0000, 0.0000, 0.0000, 0.0000, 0.0000,
    0.0000, 0.0000, 0.0000, 0.0000, 0.0000, 0.0000, 0.0000, 0.0000, 0.0000, 0.0000,
    0.0000, 0.0000, 0.0000, 0.0000, 0.0000, 0.0000, 0.0000, 0.0000, 0.0000, 0.0000,
    0.0000, 0.0000, 0.0000, 0.0000, 0.0000, 0.0000, 0.0000, 0.0000, 0.0000, 0.0000,
    0.0000, 0.0000, 0.0000, 0.0000, 0.0000, 0.0000, 0.0000, 0.0000, 0.0000, 0.0000,
  ]

### values/Q_avg
  Total points: 50
  Min: -8.5388, Max: -0.4463, Mean: -5.7835
  Data: [
    -0.4463, -3.6332, -4.2093, -6.5158, -6.9424, -6.9659, -7.3775, -8.0960, -7.9626, -7.7008,
    -8.2114, -8.5388, -7.8368, -8.1814, -7.5342, -7.5775, -7.9872, -8.3493, -8.2780, -8.1836,
    -8.1939, -8.3807, -7.4480, -6.7122, -4.3613, -4.8641, -5.2457, -5.3552, -5.6021, -5.9362,
    -5.5646, -5.2061, -4.9007, -4.4491, -4.3901, -4.3869, -3.8583, -3.7074, -3.2137, -3.9385,
    -3.9310, -4.0363, -4.2028, -4.1042, -3.7786, -4.2375, -4.3002, -3.9039, -4.9037, -5.5350,
  ]

### values/Q_max
  Total points: 50
  Min: -0.5345, Max: 18.2071, Mean: 7.2828
  Data: [
    18.2071, 8.0233, 4.9011, 1.2705, 1.7334, 9.6368, 1.2950, 0.5135, -0.0686, 6.9451,
    1.5899, 10.7207, 7.1896, 8.6636, 10.6080, 10.2753, 5.7655, -0.5345, 9.2339, 9.4972,
    7.2190, 8.1515, 7.5960, 5.9264, 10.0821, 6.6709, 9.8805, 8.8943, 2.6937, 10.0035,
    3.8450, 6.5332, 9.8773, 9.9005, 9.9843, 9.8429, 10.1389, 10.0671, 10.4708, 9.0685,
    9.5962, 1.4874, 4.9312, 7.9960, 6.4068, 8.1601, 7.3982, 9.4377, 8.8756, 7.5384,
  ]

### values/Q_min
  Total points: 50
  Min: -19.9021, Max: -10.1706, Mean: -13.2942
  Data: [
    -19.9021, -14.1088, -13.8187, -15.0812, -11.8407, -14.1158, -13.9897, -15.5627, -14.9658, -16.1795,
    -15.9002, -15.5793, -17.6368, -16.2049, -18.3465, -16.6906, -17.6106, -16.5812, -16.8898, -16.0201,
    -15.5053, -15.9664, -16.3122, -15.4797, -12.6832, -10.9150, -10.4597, -11.1068, -11.5308, -11.3940,
    -11.1321, -10.6600, -11.4693, -10.6796, -11.6115, -10.2864, -11.2808, -10.4573, -10.7905, -10.5713,
    -11.4082, -10.6425, -10.9046, -10.2257, -10.2330, -10.7287, -10.1706, -10.6570, -10.7655, -11.6552,
  ]

### values/Q_std
  Total points: 50
  Min: 2.3450, Max: 8.9239, Mean: 3.5215
  Data: [
    8.9239, 5.1901, 4.5306, 2.9043, 3.1198, 3.6364, 2.5486, 3.1712, 2.6810, 3.1480,
    2.9167, 3.5750, 3.6125, 3.6812, 3.9088, 4.0923, 3.1398, 2.5522, 4.2032, 4.2337,
    4.3606, 3.5651, 4.6883, 4.5487, 3.9853, 2.6151, 2.6218, 3.4605, 2.3450, 3.1840,
    2.8618, 3.0101, 3.3646, 3.5254, 3.1981, 3.2804, 3.5396, 3.7218, 3.5803, 3.0872,
    3.4177, 2.5757, 3.0365, 3.0041, 2.8630, 3.0753, 3.2523, 4.0383, 3.0872, 3.4112,
  ]
