================================================================================
W&B RUN DATA: strong-long-400-part-1-TD3-Hockey-NORMAL-weak-lr0.0003-seed53
================================================================================

## RUN METADATA
Run ID: py9d6vvg
Created: 2026-01-10T15:11:04Z
State: running
Duration: 4529.638066304 seconds

## CONFIGURATION
  algorithm: TD3
  mode: NORMAL
  opponent: weak
  learning_rate_actor: 0.0003
  learning_rate_critic: 0.0003
  batch_size: 512
  buffer_size: 1000000
  max_episodes: 100000
  random_seed: 53
  self_play_start: 50000
  self_play_pool_size: 25
  gamma: 0.99
  tau: 0.005

## FINAL SUMMARY

## NOTE: Data discretized to fit 100000 char limit
  Showing ~50 points per metric (of 408 total)

## METRICS DATA

### behavior/action_magnitude_avg
  Total points: 100
  Min: 0.6621, Max: 1.1459, Mean: 0.9383
  Data: [
    0.7686, 0.8705, 0.8508, 0.8477, 0.8559, 0.7966, 0.7398, 0.9555, 0.8327, 0.7390,
    0.7521, 0.8338, 0.7508, 0.8407, 0.7732, 0.8322, 0.7492, 0.7639, 0.8938, 0.8518,
    0.7646, 0.7553, 0.7729, 0.7940, 0.7503, 0.8807, 0.7415, 0.7834, 0.6894, 0.8198,
    0.7854, 0.8412, 0.7279, 0.7847, 0.8548, 0.8862, 0.7479, 0.8784, 0.7876, 0.8067,
    0.8441, 0.8584, 0.8644, 0.6621, 0.7034, 0.6912, 0.8249, 0.6903, 0.8395, 0.7025,
    1.1164, 1.0841, 1.1009, 1.0738, 1.1213, 1.1390, 1.0446, 1.1000, 1.0832, 1.1234,
    1.1459, 1.0835, 1.0292, 1.0892, 1.0628, 1.0724, 1.0421, 1.1384, 1.0802, 1.0642,
    1.0822, 1.1097, 1.0514, 1.0616, 0.9960, 0.9866, 1.0699, 1.0789, 1.0833, 1.1263,
    1.1016, 1.0589, 1.0805, 1.0548, 1.1171, 1.0173, 1.1337, 1.0910, 1.0764, 1.0941,
    1.0551, 1.0325, 1.0405, 1.0768, 1.0657, 1.1328, 1.1085, 1.0626, 1.0658, 1.0912,
  ]

### behavior/action_magnitude_max
  Total points: 100
  Min: 1.1269, Max: 1.4142, Mean: 1.3401
  Data: [
    1.2650, 1.3248, 1.2790, 1.3115, 1.2865, 1.2640, 1.2835, 1.3552, 1.2730, 1.3056,
    1.2291, 1.2893, 1.2101, 1.2810, 1.2222, 1.2949, 1.2627, 1.2718, 1.3220, 1.3122,
    1.2281, 1.2194, 1.2480, 1.2928, 1.2035, 1.3003, 1.2455, 1.3213, 1.1834, 1.2465,
    1.3025, 1.2495, 1.1895, 1.3397, 1.3035, 1.3607, 1.1907, 1.3008, 1.3067, 1.2893,
    1.2908, 1.3019, 1.3544, 1.1534, 1.1269, 1.2480, 1.3818, 1.1957, 1.2295, 1.1623,
    1.4142, 1.4142, 1.4104, 1.4142, 1.4142, 1.3998, 1.3980, 1.4123, 1.4100, 1.4142,
    1.4117, 1.4142, 1.3993, 1.4142, 1.4142, 1.4114, 1.4129, 1.4132, 1.4140, 1.4142,
    1.4142, 1.4142, 1.4142, 1.4142, 1.4142, 1.4075, 1.4142, 1.4142, 1.4142, 1.4142,
    1.4049, 1.4142, 1.4142, 1.4142, 1.4142, 1.4142, 1.4142, 1.4142, 1.4119, 1.4084,
    1.4142, 1.4110, 1.4142, 1.4017, 1.4142, 1.4142, 1.4142, 1.4142, 1.4078, 1.4123,
  ]

### behavior/dist_to_puck_avg
  Total points: 100
  Min: 2.3033, Max: 4.1609, Mean: 3.1624
  Data: [
    3.4600, 3.9296, 3.8321, 3.7692, 3.4716, 3.6315, 3.5938, 3.7168, 3.8108, 3.5053,
    3.4025, 3.5960, 3.5526, 3.6131, 3.5698, 3.6463, 3.3482, 3.6219, 3.5396, 4.0725,
    3.6586, 3.6729, 3.7148, 3.4582, 3.3730, 3.6366, 3.6617, 3.5760, 3.3528, 3.7991,
    3.6063, 3.3760, 3.2853, 4.1609, 3.6893, 3.6192, 3.7575, 3.7240, 3.4028, 3.6618,
    3.9631, 3.7842, 3.6237, 3.3479, 3.4888, 3.8742, 3.5350, 3.7391, 4.0471, 3.5169,
    2.6593, 2.6714, 2.7361, 2.8733, 2.6271, 2.6115, 2.5502, 2.6727, 2.7465, 2.4682,
    2.8175, 2.8428, 2.9142, 3.0605, 2.9150, 2.6788, 2.7023, 2.6433, 2.7737, 2.6971,
    2.8687, 2.4082, 2.8423, 2.7662, 3.1641, 2.7834, 2.7616, 2.4428, 2.8509, 2.7580,
    2.5945, 2.4552, 2.5226, 2.6524, 2.4808, 2.5030, 2.8767, 2.5394, 2.4385, 2.7555,
    2.6696, 2.7986, 2.6639, 2.5345, 2.6143, 2.5741, 2.3033, 2.9054, 2.4604, 2.7985,
  ]

### behavior/dist_to_puck_min
  Total points: 100
  Min: 0.2620, Max: 2.0688, Mean: 0.9070
  Data: [
    0.7194, 1.5228, 1.4651, 1.4723, 1.6512, 1.6435, 1.4758, 1.3687, 1.3823, 0.9921,
    1.6653, 1.2321, 1.3934, 2.0688, 1.6577, 1.1582, 1.4082, 1.1422, 1.1632, 1.1071,
    1.8197, 1.3173, 1.8346, 1.5071, 1.1701, 1.5286, 1.1916, 1.2777, 1.1712, 1.6479,
    1.4071, 1.6492, 0.9968, 1.0083, 1.6302, 1.4606, 1.3871, 1.9036, 1.0620, 1.6778,
    1.5205, 1.6443, 1.0582, 1.1997, 1.3766, 1.8146, 0.7644, 1.9022, 1.8276, 1.5017,
    0.3173, 0.3867, 0.8105, 0.3340, 0.3715, 0.4054, 0.3933, 0.4334, 0.3492, 0.3522,
    0.4759, 0.4312, 0.4295, 0.2649, 0.2976, 0.3916, 0.3947, 0.4314, 0.4749, 0.2878,
    0.4219, 0.3758, 0.4177, 0.4178, 0.3562, 0.4026, 0.4177, 0.3915, 0.3913, 0.4780,
    0.5075, 0.4571, 0.4410, 0.2782, 0.3574, 0.3607, 0.4249, 0.3428, 0.3079, 0.3923,
    0.3415, 0.3523, 0.4895, 0.3422, 0.2687, 0.3770, 0.4270, 0.3656, 0.2620, 0.5556,
  ]

### behavior/distance_traveled
  Total points: 100
  Min: 5.0056, Max: 16.5369, Mean: 9.8513
  Data: [
    8.8253, 7.9604, 5.0056, 8.3237, 5.9165, 6.3558, 9.4663, 8.7917, 6.9072, 9.3310,
    8.0756, 8.3312, 8.1448, 7.4062, 6.9850, 6.1489, 6.5632, 8.5736, 6.3942, 8.1038,
    10.7189, 8.0867, 7.0294, 8.9168, 7.2472, 8.0321, 7.1011, 8.1550, 7.0544, 5.7588,
    8.5245, 7.9580, 6.2355, 8.4128, 6.8538, 9.4582, 6.7554, 6.9761, 10.7965, 6.9771,
    8.1149, 7.7237, 6.6998, 6.3056, 6.6976, 7.8055, 9.3298, 7.4368, 5.3650, 6.3799,
    11.2356, 10.5723, 9.7961, 11.0816, 13.4901, 10.5944, 15.5804, 13.1537, 13.4432, 8.0000,
    9.1198, 12.9472, 12.7490, 12.7611, 16.5369, 12.0800, 11.4991, 7.9919, 10.8833, 11.3900,
    11.5464, 13.8201, 10.3850, 12.8027, 16.4644, 12.3829, 13.5838, 9.7426, 12.3604, 11.4694,
    9.1373, 15.2271, 9.8501, 15.0743, 12.0168, 13.3571, 13.1758, 15.1324, 9.3666, 11.7359,
    15.7360, 12.2227, 11.0492, 11.9970, 12.1423, 12.6361, 6.9765, 12.1967, 14.2983, 11.8265,
  ]

### behavior/lazy_action_ratio
  Total points: 100
  Min: 0.0000, Max: 0.0388, Mean: 0.0091
  Data: [
    0.0388, 0.0113, 0.0091, 0.0232, 0.0133, 0.0155, 0.0249, 0.0085, 0.0110, 0.0200,
    0.0212, 0.0110, 0.0111, 0.0103, 0.0147, 0.0271, 0.0210, 0.0126, 0.0092, 0.0120,
    0.0167, 0.0129, 0.0241, 0.0202, 0.0166, 0.0217, 0.0094, 0.0283, 0.0186, 0.0099,
    0.0162, 0.0157, 0.0154, 0.0192, 0.0204, 0.0117, 0.0162, 0.0120, 0.0074, 0.0051,
    0.0109, 0.0155, 0.0046, 0.0288, 0.0088, 0.0272, 0.0189, 0.0150, 0.0109, 0.0280,
    0.0012, 0.0044, 0.0000, 0.0015, 0.0012, 0.0013, 0.0036, 0.0008, 0.0017, 0.0000,
    0.0020, 0.0038, 0.0000, 0.0024, 0.0020, 0.0011, 0.0008, 0.0014, 0.0020, 0.0000,
    0.0028, 0.0004, 0.0000, 0.0021, 0.0012, 0.0033, 0.0004, 0.0000, 0.0009, 0.0020,
    0.0024, 0.0089, 0.0010, 0.0037, 0.0033, 0.0079, 0.0007, 0.0006, 0.0016, 0.0013,
    0.0025, 0.0047, 0.0026, 0.0004, 0.0032, 0.0012, 0.0015, 0.0004, 0.0066, 0.0004,
  ]

### behavior/puck_touches
  Total points: 100
  Min: 0.0000, Max: 3.3000, Mean: 1.2260
  Data: [
    1.2000, 1.0000, 0.2000, 0.2000, 0.1000, 0.2000, 0.3000, 0.7000, 0.7000, 0.2000,
    0.0000, 0.5000, 0.2000, 0.0000, 0.0000, 0.4000, 0.3000, 1.0000, 0.9000, 0.6000,
    0.1000, 0.4000, 0.0000, 0.2000, 0.7000, 0.1000, 0.7000, 0.5000, 0.5000, 0.2000,
    1.2000, 0.1000, 0.5000, 0.6000, 1.0000, 1.3000, 0.4000, 0.1000, 0.6000, 0.1000,
    0.2000, 0.2000, 0.4000, 0.3000, 0.1000, 0.1000, 2.2000, 0.0000, 0.2000, 0.0000,
    1.8000, 1.4000, 1.2000, 1.5000, 2.1000, 1.7000, 2.4000, 1.6000, 2.0000, 1.1000,
    1.6000, 2.4000, 1.9000, 2.7000, 2.2000, 1.7000, 1.7000, 0.9000, 1.4000, 2.2000,
    1.2000, 1.8000, 1.7000, 3.3000, 2.6000, 1.3000, 1.8000, 1.2000, 2.0000, 2.3000,
    1.4000, 2.5000, 2.0000, 2.6000, 2.6000, 1.7000, 2.1000, 3.3000, 1.8000, 1.9000,
    2.4000, 2.8000, 1.7000, 2.0000, 2.9000, 2.8000, 2.5000, 3.1000, 2.8000, 1.3000,
  ]

### behavior/time_near_puck
  Total points: 100
  Min: 0.0000, Max: 21.6000, Mean: 8.2580
  Data: [
    6.8000, 2.7000, 1.6000, 2.8000, 1.4000, 1.4000, 1.6000, 5.5000, 6.2000, 2.7000,
    0.0000, 3.0000, 1.5000, 0.0000, 0.0000, 2.7000, 3.1000, 4.4000, 6.7000, 5.6000,
    1.3000, 4.2000, 0.0000, 2.6000, 6.0000, 1.5000, 6.0000, 3.7000, 6.4000, 1.6000,
    8.2000, 1.4000, 5.6000, 5.7000, 4.2000, 3.0000, 4.0000, 0.8000, 5.0000, 1.3000,
    1.6000, 2.9000, 2.9000, 2.9000, 0.1000, 1.3000, 7.7000, 0.0000, 1.5000, 0.0000,
    16.8000, 9.4000, 8.8000, 12.0000, 19.8000, 13.4000, 18.5000, 11.8000, 11.2000, 8.4000,
    8.1000, 16.2000, 14.5000, 21.3000, 15.5000, 14.6000, 12.1000, 10.1000, 10.4000, 13.1000,
    6.6000, 13.2000, 12.8000, 16.7000, 15.8000, 7.2000, 8.3000, 9.6000, 9.1000, 17.2000,
    8.3000, 20.2000, 10.7000, 17.0000, 17.4000, 12.7000, 14.0000, 21.6000, 7.5000, 10.0000,
    17.8000, 13.8000, 12.3000, 14.5000, 19.6000, 19.1000, 13.2000, 12.4000, 20.6000, 7.5000,
  ]

### behavior/velocity_avg
  Total points: 100
  Min: 0.0393, Max: 0.1231, Mean: 0.0809
  Data: [
    0.0533, 0.0516, 0.0465, 0.0598, 0.0585, 0.0479, 0.0564, 0.0509, 0.0393, 0.0605,
    0.0643, 0.0491, 0.0608, 0.0713, 0.0629, 0.0451, 0.0510, 0.0615, 0.0531, 0.0515,
    0.0667, 0.0493, 0.0605, 0.0618, 0.0621, 0.0548, 0.0589, 0.0650, 0.0568, 0.0538,
    0.0601, 0.0622, 0.0615, 0.0469, 0.0506, 0.0618, 0.0569, 0.0549, 0.0633, 0.0608,
    0.0477, 0.0509, 0.0440, 0.0606, 0.0528, 0.0568, 0.0520, 0.0606, 0.0523, 0.0582,
    0.1049, 0.1062, 0.1067, 0.0968, 0.1088, 0.1125, 0.1159, 0.1195, 0.1154, 0.1122,
    0.1217, 0.1081, 0.0854, 0.0764, 0.0978, 0.1099, 0.1122, 0.0892, 0.1011, 0.1084,
    0.1126, 0.0891, 0.1068, 0.1001, 0.1039, 0.1114, 0.1086, 0.1113, 0.1043, 0.1186,
    0.1005, 0.0989, 0.1084, 0.0932, 0.1091, 0.0981, 0.1123, 0.1029, 0.1208, 0.1142,
    0.1055, 0.1163, 0.1093, 0.1055, 0.1000, 0.1017, 0.1031, 0.0950, 0.0992, 0.1231,
  ]

### behavior/velocity_max
  Total points: 100
  Min: 0.1823, Max: 0.2327, Mean: 0.2104
  Data: [
    0.1905, 0.1997, 0.1832, 0.2027, 0.1839, 0.1899, 0.1996, 0.1990, 0.1852, 0.1903,
    0.2015, 0.1836, 0.1849, 0.2004, 0.1944, 0.1845, 0.1950, 0.2068, 0.2106, 0.1995,
    0.2018, 0.1870, 0.1903, 0.2053, 0.1958, 0.2068, 0.1985, 0.1988, 0.1864, 0.1932,
    0.1980, 0.2117, 0.2044, 0.2014, 0.1924, 0.2058, 0.1901, 0.2073, 0.1895, 0.2036,
    0.1912, 0.2127, 0.1934, 0.1823, 0.1905, 0.1957, 0.2005, 0.1872, 0.1973, 0.1907,
    0.2232, 0.2240, 0.2212, 0.2200, 0.2314, 0.2294, 0.2241, 0.2272, 0.2327, 0.2306,
    0.2249, 0.2237, 0.2250, 0.2293, 0.2289, 0.2262, 0.2179, 0.2242, 0.2268, 0.2275,
    0.2283, 0.2249, 0.2212, 0.2231, 0.2249, 0.2228, 0.2300, 0.2246, 0.2223, 0.2232,
    0.2230, 0.2273, 0.2205, 0.2242, 0.2247, 0.2243, 0.2222, 0.2242, 0.2258, 0.2308,
    0.2229, 0.2245, 0.2261, 0.2232, 0.2244, 0.2238, 0.2181, 0.2229, 0.2261, 0.2232,
  ]

### eval/strong/avg_reward
  Total points: 16
  Min: -30.7761, Max: -2.5327, Mean: -8.3428
  Data: [
    -29.1928, -30.7761, -8.0537, -8.3850, -6.8716, -4.2097, -4.0180, -2.5327, -4.2101, -4.0642,
    -5.3557, -3.4445, -6.0142, -4.5544, -5.8425, -5.9600,
  ]

### eval/strong/loss_rate
  Total points: 16
  Min: 0.3200, Max: 0.5600, Mean: 0.4500
  Data: [
    0.3200, 0.4200, 0.4400, 0.5600, 0.5600, 0.3600, 0.4400, 0.4000, 0.4200, 0.4400,
    0.4600, 0.4400, 0.5200, 0.5000, 0.4200, 0.5000,
  ]

### eval/strong/losses
  Total points: 16
  Min: 16.0000, Max: 28.0000, Mean: 22.5000
  Data: [
    16.0000, 21.0000, 22.0000, 28.0000, 28.0000, 18.0000, 22.0000, 20.0000, 21.0000, 22.0000,
    23.0000, 22.0000, 26.0000, 25.0000, 21.0000, 25.0000,
  ]

### eval/strong/tie_rate
  Total points: 16
  Min: 0.2200, Max: 0.6200, Mean: 0.3187
  Data: [
    0.6200, 0.5400, 0.3600, 0.3000, 0.2200, 0.3800, 0.2800, 0.2200, 0.3200, 0.2600,
    0.3000, 0.2200, 0.2600, 0.2200, 0.3600, 0.2400,
  ]

### eval/strong/ties
  Total points: 16
  Min: 11.0000, Max: 31.0000, Mean: 15.9375
  Data: [
    31.0000, 27.0000, 18.0000, 15.0000, 11.0000, 19.0000, 14.0000, 11.0000, 16.0000, 13.0000,
    15.0000, 11.0000, 13.0000, 11.0000, 18.0000, 12.0000,
  ]

### eval/strong/win_rate
  Total points: 16
  Min: 0.0400, Max: 0.3800, Mean: 0.2313
  Data: [
    0.0600, 0.0400, 0.2000, 0.1400, 0.2200, 0.2600, 0.2800, 0.3800, 0.2600, 0.3000,
    0.2400, 0.3400, 0.2200, 0.2800, 0.2200, 0.2600,
  ]

### eval/strong/win_rate_decisive
  Total points: 16
  Min: 0.0870, Max: 0.4872, Mean: 0.3277
  Data: [
    0.1579, 0.0870, 0.3125, 0.2000, 0.2821, 0.4194, 0.3889, 0.4872, 0.3824, 0.4054,
    0.3429, 0.4359, 0.2973, 0.3590, 0.3438, 0.3421,
  ]

### eval/strong/wins
  Total points: 16
  Min: 2.0000, Max: 19.0000, Mean: 11.5625
  Data: [
    3.0000, 2.0000, 10.0000, 7.0000, 11.0000, 13.0000, 14.0000, 19.0000, 13.0000, 15.0000,
    12.0000, 17.0000, 11.0000, 14.0000, 11.0000, 13.0000,
  ]

### eval/weak/avg_reward
  Total points: 16
  Min: -28.1418, Max: -2.1680, Mean: -7.9065
  Data: [
    -28.1418, -27.7983, -7.7992, -6.3109, -6.1271, -7.8856, -5.7586, -4.1592, -6.3706, -3.0492,
    -3.8076, -2.1680, -4.8604, -2.4010, -5.1998, -4.6676,
  ]

### eval/weak/loss_rate
  Total points: 16
  Min: 0.3800, Max: 0.6800, Mean: 0.5275
  Data: [
    0.4000, 0.4000, 0.6600, 0.6000, 0.6400, 0.6800, 0.6200, 0.5200, 0.6200, 0.4000,
    0.4600, 0.3800, 0.5400, 0.4000, 0.5800, 0.5400,
  ]

### eval/weak/losses
  Total points: 16
  Min: 19.0000, Max: 34.0000, Mean: 26.3750
  Data: [
    20.0000, 20.0000, 33.0000, 30.0000, 32.0000, 34.0000, 31.0000, 26.0000, 31.0000, 20.0000,
    23.0000, 19.0000, 27.0000, 20.0000, 29.0000, 27.0000,
  ]

### eval/weak/tie_rate
  Total points: 16
  Min: 0.1400, Max: 0.5800, Mean: 0.2612
  Data: [
    0.5600, 0.5800, 0.1400, 0.2400, 0.1600, 0.1800, 0.1600, 0.2000, 0.1800, 0.3200,
    0.2600, 0.3200, 0.2000, 0.2600, 0.2000, 0.2200,
  ]

### eval/weak/ties
  Total points: 16
  Min: 7.0000, Max: 29.0000, Mean: 13.0625
  Data: [
    28.0000, 29.0000, 7.0000, 12.0000, 8.0000, 9.0000, 8.0000, 10.0000, 9.0000, 16.0000,
    13.0000, 16.0000, 10.0000, 13.0000, 10.0000, 11.0000,
  ]

### eval/weak/win_rate
  Total points: 16
  Min: 0.0200, Max: 0.3400, Mean: 0.2112
  Data: [
    0.0400, 0.0200, 0.2000, 0.1600, 0.2000, 0.1400, 0.2200, 0.2800, 0.2000, 0.2800,
    0.2800, 0.3000, 0.2600, 0.3400, 0.2200, 0.2400,
  ]

### eval/weak/win_rate_decisive
  Total points: 16
  Min: 0.0476, Max: 0.4595, Mean: 0.2778
  Data: [
    0.0909, 0.0476, 0.2326, 0.2105, 0.2381, 0.1707, 0.2619, 0.3500, 0.2439, 0.4118,
    0.3784, 0.4412, 0.3250, 0.4595, 0.2750, 0.3077,
  ]

### eval/weak/wins
  Total points: 16
  Min: 1.0000, Max: 17.0000, Mean: 10.5625
  Data: [
    2.0000, 1.0000, 10.0000, 8.0000, 10.0000, 7.0000, 11.0000, 14.0000, 10.0000, 14.0000,
    14.0000, 15.0000, 13.0000, 17.0000, 11.0000, 12.0000,
  ]

### losses/actor_loss
  Total points: 100
  Min: 0.0000, Max: 0.8985, Mean: 0.3099
  Data: [
    0.0000, 0.0000, 0.0000, 0.0000, 0.0000, 0.0000, 0.0000, 0.0000, 0.0000, 0.0000,
    0.0000, 0.0000, 0.0000, 0.0000, 0.0000, 0.0000, 0.0000, 0.0000, 0.0000, 0.0000,
    0.0000, 0.0000, 0.0000, 0.0000, 0.0000, 0.0000, 0.0000, 0.0000, 0.0000, 0.0000,
    0.0000, 0.0000, 0.0000, 0.0000, 0.0000, 0.0000, 0.0000, 0.0000, 0.0000, 0.0000,
    0.0000, 0.0000, 0.0000, 0.0000, 0.0000, 0.0000, 0.0000, 0.0000, 0.0000, 0.3483,
    0.8985, 0.6245, 0.7769, 0.6560, 0.6323, 0.6522, 0.6933, 0.5296, 0.6239, 0.7897,
    0.5902, 0.5706, 0.5536, 0.7442, 0.7171, 0.6410, 0.7942, 0.7702, 0.3254, 0.5154,
    0.4564, 0.5964, 0.5462, 0.6768, 0.6821, 0.6262, 0.5406, 0.6453, 0.7466, 0.4664,
    0.4519, 0.4591, 0.5376, 0.8247, 0.5131, 0.6712, 0.5711, 0.7396, 0.3739, 0.6039,
    0.6465, 0.6297, 0.5381, 0.5568, 0.6721, 0.7259, 0.5042, 0.4884, 0.5260, 0.5233,
  ]

### losses/critic_loss
  Total points: 100
  Min: 0.0000, Max: 0.3438, Mean: 0.1531
  Data: [
    0.0000, 0.0000, 0.0000, 0.0000, 0.0000, 0.0000, 0.0000, 0.0000, 0.0000, 0.0000,
    0.0000, 0.0000, 0.0000, 0.0000, 0.0000, 0.0000, 0.0000, 0.0000, 0.0000, 0.0000,
    0.0000, 0.0000, 0.0000, 0.0000, 0.0000, 0.0000, 0.0000, 0.0000, 0.0000, 0.0000,
    0.0000, 0.0000, 0.0000, 0.0000, 0.0000, 0.0000, 0.0000, 0.0000, 0.0000, 0.0000,
    0.0000, 0.0000, 0.0000, 0.0000, 0.0000, 0.0000, 0.0000, 0.0000, 0.0000, 0.0617,
    0.2779, 0.2609, 0.3232, 0.2975, 0.2902, 0.2868, 0.3047, 0.2775, 0.3119, 0.2816,
    0.3023, 0.3429, 0.2825, 0.3011, 0.2992, 0.2792, 0.3104, 0.2987, 0.2787, 0.2915,
    0.2733, 0.3194, 0.3013, 0.2749, 0.2903, 0.2889, 0.3013, 0.3098, 0.3238, 0.3193,
    0.2879, 0.3011, 0.2939, 0.3116, 0.3300, 0.3224, 0.3400, 0.2949, 0.3150, 0.2933,
    0.3278, 0.3378, 0.3355, 0.3244, 0.3250, 0.3438, 0.3246, 0.2929, 0.3094, 0.3373,
  ]

### pbrs/avg_per_episode
  Total points: 100
  Min: 0.0020, Max: 0.0049, Mean: 0.0038
  Data: [
    0.0020, 0.0024, 0.0025, 0.0026, 0.0025, 0.0026, 0.0026, 0.0026, 0.0025, 0.0025,
    0.0025, 0.0025, 0.0025, 0.0025, 0.0025, 0.0026, 0.0026, 0.0026, 0.0026, 0.0026,
    0.0026, 0.0026, 0.0026, 0.0026, 0.0027, 0.0027, 0.0028, 0.0027, 0.0028, 0.0028,
    0.0028, 0.0028, 0.0028, 0.0028, 0.0028, 0.0028, 0.0028, 0.0028, 0.0028, 0.0028,
    0.0028, 0.0028, 0.0028, 0.0028, 0.0028, 0.0028, 0.0028, 0.0028, 0.0028, 0.0028,
    0.0049, 0.0049, 0.0049, 0.0049, 0.0049, 0.0049, 0.0049, 0.0049, 0.0049, 0.0049,
    0.0049, 0.0049, 0.0049, 0.0049, 0.0049, 0.0049, 0.0049, 0.0049, 0.0049, 0.0049,
    0.0049, 0.0049, 0.0049, 0.0049, 0.0048, 0.0049, 0.0049, 0.0049, 0.0049, 0.0049,
    0.0049, 0.0049, 0.0049, 0.0049, 0.0049, 0.0049, 0.0049, 0.0049, 0.0049, 0.0049,
    0.0049, 0.0049, 0.0049, 0.0049, 0.0049, 0.0049, 0.0049, 0.0049, 0.0049, 0.0049,
  ]

### performance/cumulative_win_rate
  Total points: 100
  Min: 0.0167, Max: 0.1955, Mean: 0.1131
  Data: [
    0.0500, 0.0250, 0.0167, 0.0250, 0.0200, 0.0333, 0.0357, 0.0375, 0.0333, 0.0350,
    0.0318, 0.0333, 0.0346, 0.0321, 0.0300, 0.0312, 0.0324, 0.0333, 0.0342, 0.0350,
    0.0405, 0.0409, 0.0391, 0.0375, 0.0380, 0.0385, 0.0389, 0.0393, 0.0397, 0.0400,
    0.0387, 0.0375, 0.0394, 0.0382, 0.0386, 0.0375, 0.0378, 0.0368, 0.0372, 0.0362,
    0.0354, 0.0345, 0.0349, 0.0341, 0.0333, 0.0326, 0.0340, 0.0354, 0.0357, 0.0350,
    0.1876, 0.1878, 0.1878, 0.1878, 0.1876, 0.1879, 0.1879, 0.1884, 0.1883, 0.1882,
    0.1889, 0.1895, 0.1899, 0.1899, 0.1902, 0.1905, 0.1904, 0.1903, 0.1906, 0.1909,
    0.1906, 0.1904, 0.1906, 0.1908, 0.1906, 0.1908, 0.1905, 0.1907, 0.1907, 0.1911,
    0.1911, 0.1914, 0.1918, 0.1920, 0.1919, 0.1919, 0.1923, 0.1924, 0.1926, 0.1928,
    0.1930, 0.1934, 0.1936, 0.1939, 0.1942, 0.1944, 0.1948, 0.1951, 0.1951, 0.1955,
  ]

### performance/losses
  Total points: 100
  Min: 7.0000, Max: 4513.0000, Mean: 2232.9800
  Data: [
    7.0000, 17.0000, 26.0000, 34.0000, 42.0000, 49.0000, 57.0000, 64.0000, 70.0000, 76.0000,
    86.0000, 92.0000, 98.0000, 108.0000, 116.0000, 126.0000, 135.0000, 142.0000, 152.0000, 158.0000,
    162.0000, 170.0000, 181.0000, 190.0000, 199.0000, 210.0000, 221.0000, 229.0000, 240.0000, 250.0000,
    259.0000, 267.0000, 276.0000, 285.0000, 295.0000, 305.0000, 313.0000, 321.0000, 328.0000, 336.0000,
    342.0000, 349.0000, 356.0000, 366.0000, 374.0000, 385.0000, 393.0000, 403.0000, 413.0000, 420.0000,
    3999.0000, 4011.0000, 4022.0000, 4034.0000, 4045.0000, 4055.0000, 4067.0000, 4076.0000, 4089.0000, 4103.0000,
    4111.0000, 4120.0000, 4129.0000, 4138.0000, 4144.0000, 4150.0000, 4159.0000, 4172.0000, 4183.0000, 4194.0000,
    4204.0000, 4213.0000, 4224.0000, 4235.0000, 4245.0000, 4258.0000, 4271.0000, 4281.0000, 4292.0000, 4301.0000,
    4314.0000, 4323.0000, 4334.0000, 4345.0000, 4359.0000, 4369.0000, 4378.0000, 4387.0000, 4399.0000, 4411.0000,
    4420.0000, 4430.0000, 4442.0000, 4452.0000, 4461.0000, 4470.0000, 4481.0000, 4490.0000, 4502.0000, 4513.0000,
  ]

### performance/ties
  Total points: 100
  Min: 12.0000, Max: 2052.0000, Mean: 1115.0200
  Data: [
    12.0000, 22.0000, 33.0000, 44.0000, 56.0000, 67.0000, 78.0000, 90.0000, 104.0000, 117.0000,
    127.0000, 140.0000, 153.0000, 163.0000, 175.0000, 184.0000, 194.0000, 206.0000, 215.0000, 228.0000,
    241.0000, 252.0000, 261.0000, 272.0000, 282.0000, 290.0000, 298.0000, 309.0000, 317.0000, 326.0000,
    337.0000, 349.0000, 358.0000, 369.0000, 378.0000, 388.0000, 399.0000, 411.0000, 423.0000, 435.0000,
    449.0000, 462.0000, 474.0000, 484.0000, 496.0000, 505.0000, 515.0000, 523.0000, 532.0000, 545.0000,
    1834.0000, 1837.0000, 1842.0000, 1846.0000, 1853.0000, 1857.0000, 1861.0000, 1865.0000, 1869.0000, 1872.0000,
    1875.0000, 1878.0000, 1882.0000, 1889.0000, 1897.0000, 1905.0000, 1913.0000, 1917.0000, 1920.0000, 1923.0000,
    1931.0000, 1940.0000, 1944.0000, 1947.0000, 1955.0000, 1957.0000, 1962.0000, 1967.0000, 1972.0000, 1976.0000,
    1979.0000, 1984.0000, 1986.0000, 1990.0000, 1993.0000, 1999.0000, 2003.0000, 2009.0000, 2012.0000, 2014.0000,
    2020.0000, 2023.0000, 2025.0000, 2029.0000, 2034.0000, 2039.0000, 2041.0000, 2046.0000, 2050.0000, 2052.0000,
  ]

### performance/wins
  Total points: 100
  Min: 1.0000, Max: 1595.0000, Mean: 742.0000
  Data: [
    1.0000, 1.0000, 1.0000, 2.0000, 2.0000, 4.0000, 5.0000, 6.0000, 6.0000, 7.0000,
    7.0000, 8.0000, 9.0000, 9.0000, 9.0000, 10.0000, 11.0000, 12.0000, 13.0000, 14.0000,
    17.0000, 18.0000, 18.0000, 18.0000, 19.0000, 20.0000, 21.0000, 22.0000, 23.0000, 24.0000,
    24.0000, 24.0000, 26.0000, 26.0000, 27.0000, 27.0000, 28.0000, 28.0000, 29.0000, 29.0000,
    29.0000, 29.0000, 30.0000, 30.0000, 30.0000, 30.0000, 32.0000, 34.0000, 35.0000, 35.0000,
    1347.0000, 1352.0000, 1356.0000, 1360.0000, 1362.0000, 1368.0000, 1372.0000, 1379.0000, 1382.0000, 1385.0000,
    1394.0000, 1402.0000, 1409.0000, 1413.0000, 1419.0000, 1425.0000, 1428.0000, 1431.0000, 1437.0000, 1443.0000,
    1445.0000, 1447.0000, 1452.0000, 1458.0000, 1460.0000, 1465.0000, 1467.0000, 1472.0000, 1476.0000, 1483.0000,
    1487.0000, 1493.0000, 1500.0000, 1505.0000, 1508.0000, 1512.0000, 1519.0000, 1524.0000, 1529.0000, 1535.0000,
    1540.0000, 1547.0000, 1553.0000, 1559.0000, 1565.0000, 1571.0000, 1578.0000, 1584.0000, 1588.0000, 1595.0000,
  ]

### rewards/p1
  Total points: 100
  Min: -33.9440, Max: 25.2431, Mean: -7.6820
  Data: [
    -16.2137, -29.9300, -30.2451, -30.1042, -28.1801, -25.0925, -20.8664, -24.6903, -26.6386, -17.2426,
    -25.8693, -23.4309, -22.6970, -27.6865, -28.2455, -22.9332, -24.1595, -13.0479, -17.7715, -20.5311,
    -18.9948, -24.2257, -30.2225, -22.9049, -18.2687, -27.7675, -14.7672, -21.8839, -14.4262, -29.2440,
    -25.9884, -28.3736, -22.8813, -17.8238, -29.9682, -18.9455, -16.0626, -26.5904, -20.3512, -33.9440,
    -25.4461, -25.0901, -24.9059, -20.6990, -24.4717, -27.6727, -7.1681, -28.6057, -24.6607, -28.0108,
    18.9018, 6.6314, 3.4490, 6.7591, 7.2999, 5.3645, 8.5091, 5.0934, 2.9594, -0.2902,
    2.3335, 12.3311, 4.9963, 25.2431, 16.4916, 14.2579, 1.4493, 9.2989, 12.8364, 11.4237,
    4.7814, 1.4974, 4.6577, 10.8195, 11.4662, 2.2196, 8.6727, 2.0148, -0.6107, 9.3055,
    5.7079, 9.4146, 5.1420, 6.2023, 6.8170, 7.0997, 14.5349, 10.5374, 1.7221, 11.0146,
    14.7124, 5.5811, 7.0527, 9.8989, 10.4061, 12.5852, 7.6066, 6.6157, 13.0361, 11.8885,
  ]

### rewards/p2
  Total points: 100
  Min: 0.0000, Max: 0.0000, Mean: 0.0000
  Data: [
    0.0000, 0.0000, 0.0000, 0.0000, 0.0000, 0.0000, 0.0000, 0.0000, 0.0000, 0.0000,
    0.0000, 0.0000, 0.0000, 0.0000, 0.0000, 0.0000, 0.0000, 0.0000, 0.0000, 0.0000,
    0.0000, 0.0000, 0.0000, 0.0000, 0.0000, 0.0000, 0.0000, 0.0000, 0.0000, 0.0000,
    0.0000, 0.0000, 0.0000, 0.0000, 0.0000, 0.0000, 0.0000, 0.0000, 0.0000, 0.0000,
    0.0000, 0.0000, 0.0000, 0.0000, 0.0000, 0.0000, 0.0000, 0.0000, 0.0000, 0.0000,
    0.0000, 0.0000, 0.0000, 0.0000, 0.0000, 0.0000, 0.0000, 0.0000, 0.0000, 0.0000,
    0.0000, 0.0000, 0.0000, 0.0000, 0.0000, 0.0000, 0.0000, 0.0000, 0.0000, 0.0000,
    0.0000, 0.0000, 0.0000, 0.0000, 0.0000, 0.0000, 0.0000, 0.0000, 0.0000, 0.0000,
    0.0000, 0.0000, 0.0000, 0.0000, 0.0000, 0.0000, 0.0000, 0.0000, 0.0000, 0.0000,
    0.0000, 0.0000, 0.0000, 0.0000, 0.0000, 0.0000, 0.0000, 0.0000, 0.0000, 0.0000,
  ]

### rewards/sparse_only
  Total points: 100
  Min: 0.0000, Max: 0.0000, Mean: 0.0000
  Data: [
    0.0000, 0.0000, 0.0000, 0.0000, 0.0000, 0.0000, 0.0000, 0.0000, 0.0000, 0.0000,
    0.0000, 0.0000, 0.0000, 0.0000, 0.0000, 0.0000, 0.0000, 0.0000, 0.0000, 0.0000,
    0.0000, 0.0000, 0.0000, 0.0000, 0.0000, 0.0000, 0.0000, 0.0000, 0.0000, 0.0000,
    0.0000, 0.0000, 0.0000, 0.0000, 0.0000, 0.0000, 0.0000, 0.0000, 0.0000, 0.0000,
    0.0000, 0.0000, 0.0000, 0.0000, 0.0000, 0.0000, 0.0000, 0.0000, 0.0000, 0.0000,
    0.0000, 0.0000, 0.0000, 0.0000, 0.0000, 0.0000, 0.0000, 0.0000, 0.0000, 0.0000,
    0.0000, 0.0000, 0.0000, 0.0000, 0.0000, 0.0000, 0.0000, 0.0000, 0.0000, 0.0000,
    0.0000, 0.0000, 0.0000, 0.0000, 0.0000, 0.0000, 0.0000, 0.0000, 0.0000, 0.0000,
    0.0000, 0.0000, 0.0000, 0.0000, 0.0000, 0.0000, 0.0000, 0.0000, 0.0000, 0.0000,
    0.0000, 0.0000, 0.0000, 0.0000, 0.0000, 0.0000, 0.0000, 0.0000, 0.0000, 0.0000,
  ]

### rewards/sparse_ratio
  Total points: 100
  Min: 0.0000, Max: 0.0000, Mean: 0.0000
  Data: [
    0.0000, 0.0000, 0.0000, 0.0000, 0.0000, 0.0000, 0.0000, 0.0000, 0.0000, 0.0000,
    0.0000, 0.0000, 0.0000, 0.0000, 0.0000, 0.0000, 0.0000, 0.0000, 0.0000, 0.0000,
    0.0000, 0.0000, 0.0000, 0.0000, 0.0000, 0.0000, 0.0000, 0.0000, 0.0000, 0.0000,
    0.0000, 0.0000, 0.0000, 0.0000, 0.0000, 0.0000, 0.0000, 0.0000, 0.0000, 0.0000,
    0.0000, 0.0000, 0.0000, 0.0000, 0.0000, 0.0000, 0.0000, 0.0000, 0.0000, 0.0000,
    0.0000, 0.0000, 0.0000, 0.0000, 0.0000, 0.0000, 0.0000, 0.0000, 0.0000, 0.0000,
    0.0000, 0.0000, 0.0000, 0.0000, 0.0000, 0.0000, 0.0000, 0.0000, 0.0000, 0.0000,
    0.0000, 0.0000, 0.0000, 0.0000, 0.0000, 0.0000, 0.0000, 0.0000, 0.0000, 0.0000,
    0.0000, 0.0000, 0.0000, 0.0000, 0.0000, 0.0000, 0.0000, 0.0000, 0.0000, 0.0000,
    0.0000, 0.0000, 0.0000, 0.0000, 0.0000, 0.0000, 0.0000, 0.0000, 0.0000, 0.0000,
  ]

### scoring/goals_conceded
  Total points: 100
  Min: 7.0000, Max: 4513.0000, Mean: 2232.9800
  Data: [
    7.0000, 17.0000, 26.0000, 34.0000, 42.0000, 49.0000, 57.0000, 64.0000, 70.0000, 76.0000,
    86.0000, 92.0000, 98.0000, 108.0000, 116.0000, 126.0000, 135.0000, 142.0000, 152.0000, 158.0000,
    162.0000, 170.0000, 181.0000, 190.0000, 199.0000, 210.0000, 221.0000, 229.0000, 240.0000, 250.0000,
    259.0000, 267.0000, 276.0000, 285.0000, 295.0000, 305.0000, 313.0000, 321.0000, 328.0000, 336.0000,
    342.0000, 349.0000, 356.0000, 366.0000, 374.0000, 385.0000, 393.0000, 403.0000, 413.0000, 420.0000,
    3999.0000, 4011.0000, 4022.0000, 4034.0000, 4045.0000, 4055.0000, 4067.0000, 4076.0000, 4089.0000, 4103.0000,
    4111.0000, 4120.0000, 4129.0000, 4138.0000, 4144.0000, 4150.0000, 4159.0000, 4172.0000, 4183.0000, 4194.0000,
    4204.0000, 4213.0000, 4224.0000, 4235.0000, 4245.0000, 4258.0000, 4271.0000, 4281.0000, 4292.0000, 4301.0000,
    4314.0000, 4323.0000, 4334.0000, 4345.0000, 4359.0000, 4369.0000, 4378.0000, 4387.0000, 4399.0000, 4411.0000,
    4420.0000, 4430.0000, 4442.0000, 4452.0000, 4461.0000, 4470.0000, 4481.0000, 4490.0000, 4502.0000, 4513.0000,
  ]

### scoring/goals_scored
  Total points: 100
  Min: 1.0000, Max: 1595.0000, Mean: 742.0000
  Data: [
    1.0000, 1.0000, 1.0000, 2.0000, 2.0000, 4.0000, 5.0000, 6.0000, 6.0000, 7.0000,
    7.0000, 8.0000, 9.0000, 9.0000, 9.0000, 10.0000, 11.0000, 12.0000, 13.0000, 14.0000,
    17.0000, 18.0000, 18.0000, 18.0000, 19.0000, 20.0000, 21.0000, 22.0000, 23.0000, 24.0000,
    24.0000, 24.0000, 26.0000, 26.0000, 27.0000, 27.0000, 28.0000, 28.0000, 29.0000, 29.0000,
    29.0000, 29.0000, 30.0000, 30.0000, 30.0000, 30.0000, 32.0000, 34.0000, 35.0000, 35.0000,
    1347.0000, 1352.0000, 1356.0000, 1360.0000, 1362.0000, 1368.0000, 1372.0000, 1379.0000, 1382.0000, 1385.0000,
    1394.0000, 1402.0000, 1409.0000, 1413.0000, 1419.0000, 1425.0000, 1428.0000, 1431.0000, 1437.0000, 1443.0000,
    1445.0000, 1447.0000, 1452.0000, 1458.0000, 1460.0000, 1465.0000, 1467.0000, 1472.0000, 1476.0000, 1483.0000,
    1487.0000, 1493.0000, 1500.0000, 1505.0000, 1508.0000, 1512.0000, 1519.0000, 1524.0000, 1529.0000, 1535.0000,
    1540.0000, 1547.0000, 1553.0000, 1559.0000, 1565.0000, 1571.0000, 1578.0000, 1584.0000, 1588.0000, 1595.0000,
  ]

### selfplay/active
  Total points: 100
  Min: 0.0000, Max: 0.0000, Mean: 0.0000
  Data: [
    0.0000, 0.0000, 0.0000, 0.0000, 0.0000, 0.0000, 0.0000, 0.0000, 0.0000, 0.0000,
    0.0000, 0.0000, 0.0000, 0.0000, 0.0000, 0.0000, 0.0000, 0.0000, 0.0000, 0.0000,
    0.0000, 0.0000, 0.0000, 0.0000, 0.0000, 0.0000, 0.0000, 0.0000, 0.0000, 0.0000,
    0.0000, 0.0000, 0.0000, 0.0000, 0.0000, 0.0000, 0.0000, 0.0000, 0.0000, 0.0000,
    0.0000, 0.0000, 0.0000, 0.0000, 0.0000, 0.0000, 0.0000, 0.0000, 0.0000, 0.0000,
    0.0000, 0.0000, 0.0000, 0.0000, 0.0000, 0.0000, 0.0000, 0.0000, 0.0000, 0.0000,
    0.0000, 0.0000, 0.0000, 0.0000, 0.0000, 0.0000, 0.0000, 0.0000, 0.0000, 0.0000,
    0.0000, 0.0000, 0.0000, 0.0000, 0.0000, 0.0000, 0.0000, 0.0000, 0.0000, 0.0000,
    0.0000, 0.0000, 0.0000, 0.0000, 0.0000, 0.0000, 0.0000, 0.0000, 0.0000, 0.0000,
    0.0000, 0.0000, 0.0000, 0.0000, 0.0000, 0.0000, 0.0000, 0.0000, 0.0000, 0.0000,
  ]

### selfplay/anchor_ratio_current
  Total points: 100
  Min: 0.5000, Max: 0.5000, Mean: 0.5000
  Data: [
    0.5000, 0.5000, 0.5000, 0.5000, 0.5000, 0.5000, 0.5000, 0.5000, 0.5000, 0.5000,
    0.5000, 0.5000, 0.5000, 0.5000, 0.5000, 0.5000, 0.5000, 0.5000, 0.5000, 0.5000,
    0.5000, 0.5000, 0.5000, 0.5000, 0.5000, 0.5000, 0.5000, 0.5000, 0.5000, 0.5000,
    0.5000, 0.5000, 0.5000, 0.5000, 0.5000, 0.5000, 0.5000, 0.5000, 0.5000, 0.5000,
    0.5000, 0.5000, 0.5000, 0.5000, 0.5000, 0.5000, 0.5000, 0.5000, 0.5000, 0.5000,
    0.5000, 0.5000, 0.5000, 0.5000, 0.5000, 0.5000, 0.5000, 0.5000, 0.5000, 0.5000,
    0.5000, 0.5000, 0.5000, 0.5000, 0.5000, 0.5000, 0.5000, 0.5000, 0.5000, 0.5000,
    0.5000, 0.5000, 0.5000, 0.5000, 0.5000, 0.5000, 0.5000, 0.5000, 0.5000, 0.5000,
    0.5000, 0.5000, 0.5000, 0.5000, 0.5000, 0.5000, 0.5000, 0.5000, 0.5000, 0.5000,
    0.5000, 0.5000, 0.5000, 0.5000, 0.5000, 0.5000, 0.5000, 0.5000, 0.5000, 0.5000,
  ]

### selfplay/best_eval_vs_weak
  Total points: 100
  Min: 0.0000, Max: 0.0000, Mean: 0.0000
  Data: [
    0.0000, 0.0000, 0.0000, 0.0000, 0.0000, 0.0000, 0.0000, 0.0000, 0.0000, 0.0000,
    0.0000, 0.0000, 0.0000, 0.0000, 0.0000, 0.0000, 0.0000, 0.0000, 0.0000, 0.0000,
    0.0000, 0.0000, 0.0000, 0.0000, 0.0000, 0.0000, 0.0000, 0.0000, 0.0000, 0.0000,
    0.0000, 0.0000, 0.0000, 0.0000, 0.0000, 0.0000, 0.0000, 0.0000, 0.0000, 0.0000,
    0.0000, 0.0000, 0.0000, 0.0000, 0.0000, 0.0000, 0.0000, 0.0000, 0.0000, 0.0000,
    0.0000, 0.0000, 0.0000, 0.0000, 0.0000, 0.0000, 0.0000, 0.0000, 0.0000, 0.0000,
    0.0000, 0.0000, 0.0000, 0.0000, 0.0000, 0.0000, 0.0000, 0.0000, 0.0000, 0.0000,
    0.0000, 0.0000, 0.0000, 0.0000, 0.0000, 0.0000, 0.0000, 0.0000, 0.0000, 0.0000,
    0.0000, 0.0000, 0.0000, 0.0000, 0.0000, 0.0000, 0.0000, 0.0000, 0.0000, 0.0000,
    0.0000, 0.0000, 0.0000, 0.0000, 0.0000, 0.0000, 0.0000, 0.0000, 0.0000, 0.0000,
  ]

### selfplay/consecutive_eval_drops
  Total points: 100
  Min: 0.0000, Max: 0.0000, Mean: 0.0000
  Data: [
    0.0000, 0.0000, 0.0000, 0.0000, 0.0000, 0.0000, 0.0000, 0.0000, 0.0000, 0.0000,
    0.0000, 0.0000, 0.0000, 0.0000, 0.0000, 0.0000, 0.0000, 0.0000, 0.0000, 0.0000,
    0.0000, 0.0000, 0.0000, 0.0000, 0.0000, 0.0000, 0.0000, 0.0000, 0.0000, 0.0000,
    0.0000, 0.0000, 0.0000, 0.0000, 0.0000, 0.0000, 0.0000, 0.0000, 0.0000, 0.0000,
    0.0000, 0.0000, 0.0000, 0.0000, 0.0000, 0.0000, 0.0000, 0.0000, 0.0000, 0.0000,
    0.0000, 0.0000, 0.0000, 0.0000, 0.0000, 0.0000, 0.0000, 0.0000, 0.0000, 0.0000,
    0.0000, 0.0000, 0.0000, 0.0000, 0.0000, 0.0000, 0.0000, 0.0000, 0.0000, 0.0000,
    0.0000, 0.0000, 0.0000, 0.0000, 0.0000, 0.0000, 0.0000, 0.0000, 0.0000, 0.0000,
    0.0000, 0.0000, 0.0000, 0.0000, 0.0000, 0.0000, 0.0000, 0.0000, 0.0000, 0.0000,
    0.0000, 0.0000, 0.0000, 0.0000, 0.0000, 0.0000, 0.0000, 0.0000, 0.0000, 0.0000,
  ]

### selfplay/episode_opponent_type_selfplay
  Total points: 100
  Min: 0.0000, Max: 0.0000, Mean: 0.0000
  Data: [
    0.0000, 0.0000, 0.0000, 0.0000, 0.0000, 0.0000, 0.0000, 0.0000, 0.0000, 0.0000,
    0.0000, 0.0000, 0.0000, 0.0000, 0.0000, 0.0000, 0.0000, 0.0000, 0.0000, 0.0000,
    0.0000, 0.0000, 0.0000, 0.0000, 0.0000, 0.0000, 0.0000, 0.0000, 0.0000, 0.0000,
    0.0000, 0.0000, 0.0000, 0.0000, 0.0000, 0.0000, 0.0000, 0.0000, 0.0000, 0.0000,
    0.0000, 0.0000, 0.0000, 0.0000, 0.0000, 0.0000, 0.0000, 0.0000, 0.0000, 0.0000,
    0.0000, 0.0000, 0.0000, 0.0000, 0.0000, 0.0000, 0.0000, 0.0000, 0.0000, 0.0000,
    0.0000, 0.0000, 0.0000, 0.0000, 0.0000, 0.0000, 0.0000, 0.0000, 0.0000, 0.0000,
    0.0000, 0.0000, 0.0000, 0.0000, 0.0000, 0.0000, 0.0000, 0.0000, 0.0000, 0.0000,
    0.0000, 0.0000, 0.0000, 0.0000, 0.0000, 0.0000, 0.0000, 0.0000, 0.0000, 0.0000,
    0.0000, 0.0000, 0.0000, 0.0000, 0.0000, 0.0000, 0.0000, 0.0000, 0.0000, 0.0000,
  ]

### selfplay/episode_opponent_type_strong
  Total points: 100
  Min: 0.0000, Max: 0.0000, Mean: 0.0000
  Data: [
    0.0000, 0.0000, 0.0000, 0.0000, 0.0000, 0.0000, 0.0000, 0.0000, 0.0000, 0.0000,
    0.0000, 0.0000, 0.0000, 0.0000, 0.0000, 0.0000, 0.0000, 0.0000, 0.0000, 0.0000,
    0.0000, 0.0000, 0.0000, 0.0000, 0.0000, 0.0000, 0.0000, 0.0000, 0.0000, 0.0000,
    0.0000, 0.0000, 0.0000, 0.0000, 0.0000, 0.0000, 0.0000, 0.0000, 0.0000, 0.0000,
    0.0000, 0.0000, 0.0000, 0.0000, 0.0000, 0.0000, 0.0000, 0.0000, 0.0000, 0.0000,
    0.0000, 0.0000, 0.0000, 0.0000, 0.0000, 0.0000, 0.0000, 0.0000, 0.0000, 0.0000,
    0.0000, 0.0000, 0.0000, 0.0000, 0.0000, 0.0000, 0.0000, 0.0000, 0.0000, 0.0000,
    0.0000, 0.0000, 0.0000, 0.0000, 0.0000, 0.0000, 0.0000, 0.0000, 0.0000, 0.0000,
    0.0000, 0.0000, 0.0000, 0.0000, 0.0000, 0.0000, 0.0000, 0.0000, 0.0000, 0.0000,
    0.0000, 0.0000, 0.0000, 0.0000, 0.0000, 0.0000, 0.0000, 0.0000, 0.0000, 0.0000,
  ]

### selfplay/episode_opponent_type_weak
  Total points: 100
  Min: 1.0000, Max: 1.0000, Mean: 1.0000
  Data: [
    1.0000, 1.0000, 1.0000, 1.0000, 1.0000, 1.0000, 1.0000, 1.0000, 1.0000, 1.0000,
    1.0000, 1.0000, 1.0000, 1.0000, 1.0000, 1.0000, 1.0000, 1.0000, 1.0000, 1.0000,
    1.0000, 1.0000, 1.0000, 1.0000, 1.0000, 1.0000, 1.0000, 1.0000, 1.0000, 1.0000,
    1.0000, 1.0000, 1.0000, 1.0000, 1.0000, 1.0000, 1.0000, 1.0000, 1.0000, 1.0000,
    1.0000, 1.0000, 1.0000, 1.0000, 1.0000, 1.0000, 1.0000, 1.0000, 1.0000, 1.0000,
    1.0000, 1.0000, 1.0000, 1.0000, 1.0000, 1.0000, 1.0000, 1.0000, 1.0000, 1.0000,
    1.0000, 1.0000, 1.0000, 1.0000, 1.0000, 1.0000, 1.0000, 1.0000, 1.0000, 1.0000,
    1.0000, 1.0000, 1.0000, 1.0000, 1.0000, 1.0000, 1.0000, 1.0000, 1.0000, 1.0000,
    1.0000, 1.0000, 1.0000, 1.0000, 1.0000, 1.0000, 1.0000, 1.0000, 1.0000, 1.0000,
    1.0000, 1.0000, 1.0000, 1.0000, 1.0000, 1.0000, 1.0000, 1.0000, 1.0000, 1.0000,
  ]

### selfplay/pool_size
  Total points: 100
  Min: 0.0000, Max: 0.0000, Mean: 0.0000
  Data: [
    0.0000, 0.0000, 0.0000, 0.0000, 0.0000, 0.0000, 0.0000, 0.0000, 0.0000, 0.0000,
    0.0000, 0.0000, 0.0000, 0.0000, 0.0000, 0.0000, 0.0000, 0.0000, 0.0000, 0.0000,
    0.0000, 0.0000, 0.0000, 0.0000, 0.0000, 0.0000, 0.0000, 0.0000, 0.0000, 0.0000,
    0.0000, 0.0000, 0.0000, 0.0000, 0.0000, 0.0000, 0.0000, 0.0000, 0.0000, 0.0000,
    0.0000, 0.0000, 0.0000, 0.0000, 0.0000, 0.0000, 0.0000, 0.0000, 0.0000, 0.0000,
    0.0000, 0.0000, 0.0000, 0.0000, 0.0000, 0.0000, 0.0000, 0.0000, 0.0000, 0.0000,
    0.0000, 0.0000, 0.0000, 0.0000, 0.0000, 0.0000, 0.0000, 0.0000, 0.0000, 0.0000,
    0.0000, 0.0000, 0.0000, 0.0000, 0.0000, 0.0000, 0.0000, 0.0000, 0.0000, 0.0000,
    0.0000, 0.0000, 0.0000, 0.0000, 0.0000, 0.0000, 0.0000, 0.0000, 0.0000, 0.0000,
    0.0000, 0.0000, 0.0000, 0.0000, 0.0000, 0.0000, 0.0000, 0.0000, 0.0000, 0.0000,
  ]

### selfplay/rollback_enabled
  Total points: 100
  Min: 1.0000, Max: 1.0000, Mean: 1.0000
  Data: [
    1.0000, 1.0000, 1.0000, 1.0000, 1.0000, 1.0000, 1.0000, 1.0000, 1.0000, 1.0000,
    1.0000, 1.0000, 1.0000, 1.0000, 1.0000, 1.0000, 1.0000, 1.0000, 1.0000, 1.0000,
    1.0000, 1.0000, 1.0000, 1.0000, 1.0000, 1.0000, 1.0000, 1.0000, 1.0000, 1.0000,
    1.0000, 1.0000, 1.0000, 1.0000, 1.0000, 1.0000, 1.0000, 1.0000, 1.0000, 1.0000,
    1.0000, 1.0000, 1.0000, 1.0000, 1.0000, 1.0000, 1.0000, 1.0000, 1.0000, 1.0000,
    1.0000, 1.0000, 1.0000, 1.0000, 1.0000, 1.0000, 1.0000, 1.0000, 1.0000, 1.0000,
    1.0000, 1.0000, 1.0000, 1.0000, 1.0000, 1.0000, 1.0000, 1.0000, 1.0000, 1.0000,
    1.0000, 1.0000, 1.0000, 1.0000, 1.0000, 1.0000, 1.0000, 1.0000, 1.0000, 1.0000,
    1.0000, 1.0000, 1.0000, 1.0000, 1.0000, 1.0000, 1.0000, 1.0000, 1.0000, 1.0000,
    1.0000, 1.0000, 1.0000, 1.0000, 1.0000, 1.0000, 1.0000, 1.0000, 1.0000, 1.0000,
  ]

### selfplay/weak_ratio_target
  Total points: 100
  Min: 0.5000, Max: 0.5000, Mean: 0.5000
  Data: [
    0.5000, 0.5000, 0.5000, 0.5000, 0.5000, 0.5000, 0.5000, 0.5000, 0.5000, 0.5000,
    0.5000, 0.5000, 0.5000, 0.5000, 0.5000, 0.5000, 0.5000, 0.5000, 0.5000, 0.5000,
    0.5000, 0.5000, 0.5000, 0.5000, 0.5000, 0.5000, 0.5000, 0.5000, 0.5000, 0.5000,
    0.5000, 0.5000, 0.5000, 0.5000, 0.5000, 0.5000, 0.5000, 0.5000, 0.5000, 0.5000,
    0.5000, 0.5000, 0.5000, 0.5000, 0.5000, 0.5000, 0.5000, 0.5000, 0.5000, 0.5000,
    0.5000, 0.5000, 0.5000, 0.5000, 0.5000, 0.5000, 0.5000, 0.5000, 0.5000, 0.5000,
    0.5000, 0.5000, 0.5000, 0.5000, 0.5000, 0.5000, 0.5000, 0.5000, 0.5000, 0.5000,
    0.5000, 0.5000, 0.5000, 0.5000, 0.5000, 0.5000, 0.5000, 0.5000, 0.5000, 0.5000,
    0.5000, 0.5000, 0.5000, 0.5000, 0.5000, 0.5000, 0.5000, 0.5000, 0.5000, 0.5000,
    0.5000, 0.5000, 0.5000, 0.5000, 0.5000, 0.5000, 0.5000, 0.5000, 0.5000, 0.5000,
  ]

### strategic/attack_diversity_bonus
  Total points: 100
  Min: 0.0000, Max: 3.0000, Mean: 0.4100
  Data: [
    0.0000, 0.0000, 0.0000, 0.0000, 0.0000, 0.0000, 0.0000, 0.0000, 0.0000, 0.0000,
    0.0000, 0.0000, 0.0000, 0.0000, 0.0000, 0.0000, 0.0000, 0.0000, 0.0000, 0.0000,
    0.0000, 2.0000, 0.0000, 0.0000, 0.0000, 0.0000, 0.0000, 0.0000, 0.0000, 0.0000,
    0.0000, 0.0000, 0.0000, 0.0000, 0.0000, 0.0000, 0.0000, 0.0000, 0.0000, 0.0000,
    0.0000, 0.0000, 0.0000, 0.0000, 0.0000, 0.0000, 0.0000, 0.0000, 0.0000, 0.0000,
    2.0000, 0.0000, 0.0000, 0.0000, 0.0000, 0.0000, 3.0000, 0.0000, 2.0000, 0.0000,
    0.0000, 3.0000, 2.0000, 2.0000, 0.0000, 0.0000, 0.0000, 0.0000, 0.0000, 2.0000,
    0.0000, 0.0000, 2.0000, 0.0000, 0.0000, 0.0000, 0.0000, 0.0000, 3.0000, 0.0000,
    0.0000, 0.0000, 2.0000, 0.0000, 0.0000, 0.0000, 3.0000, 0.0000, 0.0000, 0.0000,
    2.0000, 3.0000, 2.0000, 0.0000, 2.0000, 2.0000, 0.0000, 0.0000, 2.0000, 0.0000,
  ]

### strategic/attack_sides_unique
  Total points: 100
  Min: 0.0000, Max: 3.0000, Mean: 0.7500
  Data: [
    0.0000, 0.0000, 1.0000, 0.0000, 0.0000, 0.0000, 1.0000, 1.0000, 1.0000, 1.0000,
    0.0000, 1.0000, 1.0000, 0.0000, 0.0000, 1.0000, 1.0000, 0.0000, 1.0000, 0.0000,
    1.0000, 2.0000, 0.0000, 0.0000, 0.0000, 1.0000, 1.0000, 0.0000, 0.0000, 0.0000,
    0.0000, 0.0000, 1.0000, 0.0000, 0.0000, 0.0000, 0.0000, 0.0000, 0.0000, 0.0000,
    0.0000, 0.0000, 0.0000, 0.0000, 0.0000, 0.0000, 1.0000, 0.0000, 0.0000, 0.0000,
    2.0000, 1.0000, 1.0000, 1.0000, 1.0000, 0.0000, 3.0000, 1.0000, 2.0000, 1.0000,
    1.0000, 3.0000, 2.0000, 2.0000, 1.0000, 1.0000, 0.0000, 0.0000, 1.0000, 2.0000,
    1.0000, 0.0000, 2.0000, 0.0000, 0.0000, 1.0000, 1.0000, 1.0000, 3.0000, 1.0000,
    0.0000, 1.0000, 2.0000, 1.0000, 0.0000, 1.0000, 3.0000, 1.0000, 0.0000, 0.0000,
    2.0000, 3.0000, 2.0000, 0.0000, 2.0000, 2.0000, 0.0000, 0.0000, 2.0000, 0.0000,
  ]

### strategic/forcing_bonus
  Total points: 100
  Min: 0.0000, Max: 2.0000, Mean: 0.7746
  Data: [
    0.0000, 2.0000, 1.8050, 0.0000, 0.0000, 1.3321, 1.4440, 0.0000, 0.0000, 2.0000,
    0.0000, 1.5176, 2.0000, 0.0000, 0.0000, 1.1357, 1.5915, 0.0000, 2.0000, 0.0000,
    0.0000, 2.0000, 0.0000, 0.0000, 0.0000, 2.0000, 2.0000, 0.0000, 0.0000, 0.0000,
    1.1431, 0.0000, 0.0000, 1.6708, 0.0000, 0.0000, 0.0000, 0.0000, 0.0000, 0.0000,
    2.0000, 0.0000, 1.1897, 0.0000, 0.0000, 0.0000, 1.1629, 0.0000, 0.0000, 0.0000,
    2.0000, 2.0000, 1.9319, 0.0000, 0.0000, 0.0000, 1.6335, 1.2386, 1.0611, 0.0000,
    0.0000, 1.3080, 1.9529, 1.7165, 1.8941, 0.0000, 0.0000, 0.0000, 1.0645, 1.2875,
    1.5328, 0.0000, 1.7341, 0.0000, 0.0000, 1.3858, 1.3766, 1.7025, 1.6859, 1.1228,
    0.0000, 2.0000, 0.0000, 2.0000, 0.0000, 1.0662, 1.2936, 1.0986, 0.0000, 0.0000,
    2.0000, 2.0000, 1.4667, 0.0000, 1.3982, 2.0000, 0.0000, 0.0000, 1.5115, 0.0000,
  ]

### strategic/opponent_avg_movement
  Total points: 100
  Min: 0.0281, Max: 0.1032, Mean: 0.0588
  Data: [
    0.0899, 0.0410, 0.0654, 0.0645, 0.0900, 0.0854, 0.0392, 0.0460, 0.0383, 0.0649,
    0.0756, 0.0305, 0.0417, 0.0811, 0.0845, 0.0397, 0.0421, 0.0768, 0.0502, 0.0699,
    0.0618, 0.0432, 0.0877, 0.0676, 0.0628, 0.0524, 0.0424, 0.0759, 0.0915, 0.0880,
    0.0672, 0.0743, 0.0449, 0.0336, 0.1032, 0.0737, 0.0748, 0.0762, 0.0734, 0.0740,
    0.0584, 0.0749, 0.0708, 0.0735, 0.0643, 0.0645, 0.0493, 0.0635, 0.0644, 0.0674,
    0.0438, 0.0448, 0.0657, 0.0431, 0.0532, 0.0576, 0.0623, 0.0394, 0.0418, 0.0594,
    0.0583, 0.0481, 0.0392, 0.0345, 0.0380, 0.0527, 0.0643, 0.0881, 0.0463, 0.0511,
    0.0544, 0.0802, 0.0367, 0.0680, 0.0597, 0.0420, 0.0444, 0.0587, 0.0461, 0.0610,
    0.0652, 0.0587, 0.0505, 0.0446, 0.0472, 0.0476, 0.0472, 0.0327, 0.0652, 0.0618,
    0.0414, 0.0575, 0.0564, 0.0619, 0.0281, 0.0560, 0.0747, 0.0463, 0.0687, 0.0520,
  ]

### strategic/opponent_total_movement
  Total points: 100
  Min: 1.6714, Max: 16.1511, Mean: 5.8792
  Data: [
    2.6960, 10.2123, 9.0249, 2.9653, 2.7896, 6.6607, 7.2202, 3.7698, 4.8282, 16.1511,
    2.4192, 7.5881, 10.3838, 3.8907, 2.7054, 5.6784, 7.9576, 2.3043, 10.3831, 2.1663,
    3.3374, 10.7651, 2.7201, 3.9233, 3.0156, 10.1051, 10.5626, 2.3532, 2.7464, 2.7270,
    5.7156, 3.5641, 3.6329, 8.3540, 3.0974, 2.2851, 4.1912, 4.3438, 2.2756, 2.2936,
    14.5316, 3.9720, 5.9485, 2.2056, 1.9283, 2.7725, 5.8144, 2.6652, 2.7673, 2.0879,
    10.8998, 10.4929, 9.6597, 4.7800, 3.6680, 1.6714, 8.1674, 6.1931, 5.3056, 4.7498,
    4.2536, 6.5399, 9.7643, 8.5826, 9.4706, 3.7921, 3.4070, 2.6445, 5.3225, 6.4375,
    7.6638, 3.6872, 8.6705, 3.8103, 3.5214, 6.9289, 6.8829, 8.5125, 8.4296, 5.6140,
    2.6722, 14.6223, 4.2914, 11.0958, 3.4917, 5.3309, 6.4679, 5.4928, 4.3703, 3.9529,
    10.3073, 14.3254, 7.3336, 4.8305, 6.9908, 13.9319, 3.2138, 4.6265, 7.5576, 4.9903,
  ]

### strategic/shot_quality_ratio
  Total points: 100
  Min: 0.0000, Max: 1.0000, Mean: 0.4867
  Data: [
    0.0000, 0.0000, 1.0000, 0.0000, 0.0000, 0.0000, 1.0000, 0.9000, 1.0000, 1.0000,
    0.0000, 1.0000, 1.0000, 0.0000, 0.0000, 1.0000, 1.0000, 0.0000, 1.0000, 0.0000,
    1.0000, 0.7143, 0.0000, 0.0000, 0.0000, 1.0000, 1.0000, 0.0000, 0.0000, 0.0000,
    0.0000, 0.0000, 0.6667, 0.0000, 0.0000, 0.0000, 0.0000, 0.0000, 0.0000, 0.0000,
    0.0000, 0.0000, 0.0000, 0.0000, 0.0000, 0.0000, 1.0000, 0.0000, 0.0000, 0.0000,
    1.0000, 1.0000, 1.0000, 0.9091, 1.0000, 0.0000, 1.0000, 0.9000, 1.0000, 0.8571,
    0.5714, 0.7391, 0.8750, 0.7143, 0.7500, 0.9091, 0.0000, 0.0000, 1.0000, 1.0000,
    1.0000, 0.0000, 0.9667, 0.0000, 0.0000, 1.0000, 1.0000, 0.7500, 1.0000, 1.0000,
    0.0000, 1.0000, 1.0000, 1.0000, 0.0000, 1.0000, 1.0000, 1.0000, 0.0000, 0.0000,
    0.8571, 1.0000, 0.7273, 0.0000, 1.0000, 0.8667, 0.0000, 0.0000, 1.0000, 0.0000,
  ]

### strategic/shots_blocked
  Total points: 100
  Min: 0.0000, Max: 6.0000, Mean: 0.4500
  Data: [
    0.0000, 0.0000, 0.0000, 0.0000, 0.0000, 3.0000, 0.0000, 1.0000, 0.0000, 0.0000,
    0.0000, 0.0000, 0.0000, 0.0000, 0.0000, 0.0000, 0.0000, 0.0000, 0.0000, 0.0000,
    0.0000, 4.0000, 0.0000, 0.0000, 0.0000, 0.0000, 0.0000, 0.0000, 0.0000, 0.0000,
    0.0000, 0.0000, 4.0000, 0.0000, 0.0000, 0.0000, 0.0000, 0.0000, 0.0000, 0.0000,
    0.0000, 0.0000, 0.0000, 0.0000, 0.0000, 0.0000, 0.0000, 0.0000, 0.0000, 0.0000,
    0.0000, 0.0000, 0.0000, 1.0000, 0.0000, 0.0000, 0.0000, 1.0000, 0.0000, 1.0000,
    3.0000, 6.0000, 2.0000, 2.0000, 4.0000, 1.0000, 0.0000, 0.0000, 0.0000, 0.0000,
    0.0000, 0.0000, 1.0000, 0.0000, 0.0000, 0.0000, 0.0000, 2.0000, 0.0000, 0.0000,
    0.0000, 0.0000, 0.0000, 0.0000, 0.0000, 0.0000, 0.0000, 0.0000, 0.0000, 0.0000,
    4.0000, 0.0000, 3.0000, 0.0000, 0.0000, 2.0000, 0.0000, 0.0000, 0.0000, 0.0000,
  ]

### strategic/shots_clear
  Total points: 100
  Min: 0.0000, Max: 35.0000, Mean: 4.7000
  Data: [
    0.0000, 0.0000, 1.0000, 0.0000, 0.0000, 0.0000, 1.0000, 9.0000, 1.0000, 7.0000,
    0.0000, 5.0000, 11.0000, 0.0000, 0.0000, 2.0000, 2.0000, 0.0000, 3.0000, 0.0000,
    13.0000, 10.0000, 0.0000, 0.0000, 0.0000, 2.0000, 7.0000, 0.0000, 0.0000, 0.0000,
    0.0000, 0.0000, 8.0000, 0.0000, 0.0000, 0.0000, 0.0000, 0.0000, 0.0000, 0.0000,
    0.0000, 0.0000, 0.0000, 0.0000, 0.0000, 0.0000, 2.0000, 0.0000, 0.0000, 0.0000,
    7.0000, 4.0000, 3.0000, 10.0000, 2.0000, 0.0000, 19.0000, 9.0000, 6.0000, 6.0000,
    4.0000, 17.0000, 14.0000, 5.0000, 12.0000, 10.0000, 0.0000, 0.0000, 6.0000, 13.0000,
    5.0000, 0.0000, 29.0000, 0.0000, 0.0000, 10.0000, 2.0000, 6.0000, 7.0000, 8.0000,
    0.0000, 14.0000, 7.0000, 2.0000, 0.0000, 12.0000, 12.0000, 19.0000, 0.0000, 0.0000,
    24.0000, 16.0000, 8.0000, 0.0000, 35.0000, 13.0000, 0.0000, 0.0000, 10.0000, 0.0000,
  ]

### training/avg_episode_length
  Total points: 100
  Min: 81.9000, Max: 204.2000, Mean: 148.2610
  Data: [
    185.4000, 187.6000, 174.8000, 174.2000, 149.1000, 163.8000, 183.2000, 202.3000, 196.2000, 177.4000,
    155.0000, 189.2000, 166.9000, 143.8000, 142.7000, 154.7000, 160.3000, 176.2000, 166.7000, 185.4000,
    186.8000, 181.0000, 151.2000, 170.5000, 150.4000, 182.5000, 153.3000, 159.1000, 139.0000, 157.9000,
    170.1000, 170.9000, 138.2000, 199.7000, 163.9000, 177.5000, 152.8000, 170.5000, 194.9000, 165.1000,
    204.2000, 192.2000, 182.5000, 130.4000, 165.9000, 167.5000, 198.9000, 144.6000, 143.5000, 143.3000,
    137.2000, 110.8000, 104.7000, 125.4000, 137.3000, 101.1000, 144.8000, 121.1000, 126.3000, 86.4000,
    92.0000, 140.5000, 159.2000, 182.2000, 177.5000, 125.4000, 110.0000, 121.9000, 125.0000, 107.6000,
    120.7000, 164.1000, 112.3000, 142.8000, 164.2000, 118.0000, 130.6000, 88.8000, 137.0000, 108.9000,
    99.2000, 154.7000, 101.2000, 168.5000, 131.7000, 146.3000, 126.4000, 165.7000, 83.1000, 116.8000,
    155.0000, 116.9000, 103.7000, 123.9000, 128.8000, 135.6000, 81.9000, 153.5000, 159.9000, 106.3000,
  ]

### training/calls_per_episode
  Total points: 100
  Min: 0.0000, Max: 0.0000, Mean: 0.0000
  Data: [
    0.0000, 0.0000, 0.0000, 0.0000, 0.0000, 0.0000, 0.0000, 0.0000, 0.0000, 0.0000,
    0.0000, 0.0000, 0.0000, 0.0000, 0.0000, 0.0000, 0.0000, 0.0000, 0.0000, 0.0000,
    0.0000, 0.0000, 0.0000, 0.0000, 0.0000, 0.0000, 0.0000, 0.0000, 0.0000, 0.0000,
    0.0000, 0.0000, 0.0000, 0.0000, 0.0000, 0.0000, 0.0000, 0.0000, 0.0000, 0.0000,
    0.0000, 0.0000, 0.0000, 0.0000, 0.0000, 0.0000, 0.0000, 0.0000, 0.0000, 0.0000,
    0.0000, 0.0000, 0.0000, 0.0000, 0.0000, 0.0000, 0.0000, 0.0000, 0.0000, 0.0000,
    0.0000, 0.0000, 0.0000, 0.0000, 0.0000, 0.0000, 0.0000, 0.0000, 0.0000, 0.0000,
    0.0000, 0.0000, 0.0000, 0.0000, 0.0000, 0.0000, 0.0000, 0.0000, 0.0000, 0.0000,
    0.0000, 0.0000, 0.0000, 0.0000, 0.0000, 0.0000, 0.0000, 0.0000, 0.0000, 0.0000,
    0.0000, 0.0000, 0.0000, 0.0000, 0.0000, 0.0000, 0.0000, 0.0000, 0.0000, 0.0000,
  ]

### training/episode
  Total points: 100
  Min: 20.0000, Max: 8160.0000, Mean: 4090.0000
  Data: [
    20.0000, 40.0000, 60.0000, 80.0000, 100.0000, 120.0000, 140.0000, 160.0000, 180.0000, 200.0000,
    220.0000, 240.0000, 260.0000, 280.0000, 300.0000, 320.0000, 340.0000, 360.0000, 380.0000, 400.0000,
    420.0000, 440.0000, 460.0000, 480.0000, 500.0000, 520.0000, 540.0000, 560.0000, 580.0000, 600.0000,
    620.0000, 640.0000, 660.0000, 680.0000, 700.0000, 720.0000, 740.0000, 760.0000, 780.0000, 800.0000,
    820.0000, 840.0000, 860.0000, 880.0000, 900.0000, 920.0000, 940.0000, 960.0000, 980.0000, 1000.0000,
    7180.0000, 7200.0000, 7220.0000, 7240.0000, 7260.0000, 7280.0000, 7300.0000, 7320.0000, 7340.0000, 7360.0000,
    7380.0000, 7400.0000, 7420.0000, 7440.0000, 7460.0000, 7480.0000, 7500.0000, 7520.0000, 7540.0000, 7560.0000,
    7580.0000, 7600.0000, 7620.0000, 7640.0000, 7660.0000, 7680.0000, 7700.0000, 7720.0000, 7740.0000, 7760.0000,
    7780.0000, 7800.0000, 7820.0000, 7840.0000, 7860.0000, 7880.0000, 7900.0000, 7920.0000, 7940.0000, 7960.0000,
    7980.0000, 8000.0000, 8020.0000, 8040.0000, 8060.0000, 8080.0000, 8100.0000, 8120.0000, 8140.0000, 8160.0000,
  ]

### training/episode_block_size
  Total points: 100
  Min: 20.0000, Max: 20.0000, Mean: 20.0000
  Data: [
    20.0000, 20.0000, 20.0000, 20.0000, 20.0000, 20.0000, 20.0000, 20.0000, 20.0000, 20.0000,
    20.0000, 20.0000, 20.0000, 20.0000, 20.0000, 20.0000, 20.0000, 20.0000, 20.0000, 20.0000,
    20.0000, 20.0000, 20.0000, 20.0000, 20.0000, 20.0000, 20.0000, 20.0000, 20.0000, 20.0000,
    20.0000, 20.0000, 20.0000, 20.0000, 20.0000, 20.0000, 20.0000, 20.0000, 20.0000, 20.0000,
    20.0000, 20.0000, 20.0000, 20.0000, 20.0000, 20.0000, 20.0000, 20.0000, 20.0000, 20.0000,
    20.0000, 20.0000, 20.0000, 20.0000, 20.0000, 20.0000, 20.0000, 20.0000, 20.0000, 20.0000,
    20.0000, 20.0000, 20.0000, 20.0000, 20.0000, 20.0000, 20.0000, 20.0000, 20.0000, 20.0000,
    20.0000, 20.0000, 20.0000, 20.0000, 20.0000, 20.0000, 20.0000, 20.0000, 20.0000, 20.0000,
    20.0000, 20.0000, 20.0000, 20.0000, 20.0000, 20.0000, 20.0000, 20.0000, 20.0000, 20.0000,
    20.0000, 20.0000, 20.0000, 20.0000, 20.0000, 20.0000, 20.0000, 20.0000, 20.0000, 20.0000,
  ]

### training/episodes_in_current_block
  Total points: 100
  Min: 20.0000, Max: 8160.0000, Mean: 4090.0000
  Data: [
    20.0000, 40.0000, 60.0000, 80.0000, 100.0000, 120.0000, 140.0000, 160.0000, 180.0000, 200.0000,
    220.0000, 240.0000, 260.0000, 280.0000, 300.0000, 320.0000, 340.0000, 360.0000, 380.0000, 400.0000,
    420.0000, 440.0000, 460.0000, 480.0000, 500.0000, 520.0000, 540.0000, 560.0000, 580.0000, 600.0000,
    620.0000, 640.0000, 660.0000, 680.0000, 700.0000, 720.0000, 740.0000, 760.0000, 780.0000, 800.0000,
    820.0000, 840.0000, 860.0000, 880.0000, 900.0000, 920.0000, 940.0000, 960.0000, 980.0000, 1000.0000,
    7180.0000, 7200.0000, 7220.0000, 7240.0000, 7260.0000, 7280.0000, 7300.0000, 7320.0000, 7340.0000, 7360.0000,
    7380.0000, 7400.0000, 7420.0000, 7440.0000, 7460.0000, 7480.0000, 7500.0000, 7520.0000, 7540.0000, 7560.0000,
    7580.0000, 7600.0000, 7620.0000, 7640.0000, 7660.0000, 7680.0000, 7700.0000, 7720.0000, 7740.0000, 7760.0000,
    7780.0000, 7800.0000, 7820.0000, 7840.0000, 7860.0000, 7880.0000, 7900.0000, 7920.0000, 7940.0000, 7960.0000,
    7980.0000, 8000.0000, 8020.0000, 8040.0000, 8060.0000, 8080.0000, 8100.0000, 8120.0000, 8140.0000, 8160.0000,
  ]

### training/eps_per_sec
  Total points: 100
  Min: 0.2583, Max: 6.4923, Mean: 3.5710
  Data: [
    3.5945, 5.4056, 5.3276, 4.9506, 5.1814, 5.0935, 5.3956, 5.2892, 4.7880, 5.0346,
    5.8457, 4.8753, 5.0523, 5.8594, 5.5621, 5.2897, 5.7120, 5.3606, 5.4881, 4.8678,
    4.8308, 5.0046, 6.1224, 5.4610, 5.7592, 0.2583, 5.9503, 5.3246, 6.4923, 5.8499,
    5.5375, 5.2559, 6.2586, 4.7205, 6.1976, 5.5624, 5.4862, 5.1339, 5.0004, 5.5566,
    4.5361, 4.9377, 4.9348, 6.0602, 5.3743, 6.3247, 5.2151, 6.3634, 5.8565, 2.3258,
    2.0313, 2.1014, 2.1704, 2.0051, 1.7577, 1.9261, 1.8647, 2.4092, 1.7651, 2.2222,
    2.5102, 1.9175, 2.0690, 1.5724, 1.6772, 1.6552, 1.7824, 0.2597, 2.4418, 2.2023,
    1.6466, 1.4245, 2.2906, 1.8938, 1.4690, 2.3837, 1.8168, 1.7455, 1.9823, 2.1790,
    2.1704, 1.6827, 2.3054, 1.6647, 1.6960, 1.6405, 2.0084, 1.5978, 2.1500, 2.1412,
    1.5913, 2.1611, 0.2760, 2.1874, 2.0000, 1.8904, 2.4087, 1.8858, 2.1672, 2.6420,
  ]

### training/epsilon
  Total points: 100
  Min: 0.7516, Max: 0.9993, Mean: 0.8735
  Data: [
    0.9993, 0.9986, 0.9979, 0.9972, 0.9965, 0.9958, 0.9951, 0.9944, 0.9937, 0.9930,
    0.9923, 0.9916, 0.9909, 0.9902, 0.9896, 0.9889, 0.9882, 0.9875, 0.9868, 0.9861,
    0.9854, 0.9847, 0.9840, 0.9833, 0.9827, 0.9820, 0.9813, 0.9806, 0.9799, 0.9792,
    0.9785, 0.9778, 0.9772, 0.9765, 0.9758, 0.9751, 0.9744, 0.9738, 0.9731, 0.9724,
    0.9717, 0.9710, 0.9703, 0.9697, 0.9690, 0.9683, 0.9676, 0.9670, 0.9663, 0.9656,
    0.7778, 0.7772, 0.7767, 0.7762, 0.7756, 0.7751, 0.7745, 0.7740, 0.7734, 0.7729,
    0.7724, 0.7718, 0.7713, 0.7707, 0.7702, 0.7697, 0.7691, 0.7686, 0.7680, 0.7675,
    0.7670, 0.7664, 0.7659, 0.7654, 0.7648, 0.7643, 0.7638, 0.7632, 0.7627, 0.7622,
    0.7616, 0.7611, 0.7606, 0.7600, 0.7595, 0.7590, 0.7584, 0.7579, 0.7574, 0.7568,
    0.7563, 0.7558, 0.7553, 0.7547, 0.7542, 0.7537, 0.7531, 0.7526, 0.7521, 0.7516,
  ]

### training/lr_actor
  Total points: 100
  Min: 0.0003, Max: 0.0003, Mean: 0.0003
  Data: [
    0.0003, 0.0003, 0.0003, 0.0003, 0.0003, 0.0003, 0.0003, 0.0003, 0.0003, 0.0003,
    0.0003, 0.0003, 0.0003, 0.0003, 0.0003, 0.0003, 0.0003, 0.0003, 0.0003, 0.0003,
    0.0003, 0.0003, 0.0003, 0.0003, 0.0003, 0.0003, 0.0003, 0.0003, 0.0003, 0.0003,
    0.0003, 0.0003, 0.0003, 0.0003, 0.0003, 0.0003, 0.0003, 0.0003, 0.0003, 0.0003,
    0.0003, 0.0003, 0.0003, 0.0003, 0.0003, 0.0003, 0.0003, 0.0003, 0.0003, 0.0003,
    0.0003, 0.0003, 0.0003, 0.0003, 0.0003, 0.0003, 0.0003, 0.0003, 0.0003, 0.0003,
    0.0003, 0.0003, 0.0003, 0.0003, 0.0003, 0.0003, 0.0003, 0.0003, 0.0003, 0.0003,
    0.0003, 0.0003, 0.0003, 0.0003, 0.0003, 0.0003, 0.0003, 0.0003, 0.0003, 0.0003,
    0.0003, 0.0003, 0.0003, 0.0003, 0.0003, 0.0003, 0.0003, 0.0003, 0.0003, 0.0003,
    0.0003, 0.0003, 0.0003, 0.0003, 0.0003, 0.0003, 0.0003, 0.0003, 0.0003, 0.0003,
  ]

### training/lr_critic
  Total points: 100
  Min: 0.0003, Max: 0.0003, Mean: 0.0003
  Data: [
    0.0003, 0.0003, 0.0003, 0.0003, 0.0003, 0.0003, 0.0003, 0.0003, 0.0003, 0.0003,
    0.0003, 0.0003, 0.0003, 0.0003, 0.0003, 0.0003, 0.0003, 0.0003, 0.0003, 0.0003,
    0.0003, 0.0003, 0.0003, 0.0003, 0.0003, 0.0003, 0.0003, 0.0003, 0.0003, 0.0003,
    0.0003, 0.0003, 0.0003, 0.0003, 0.0003, 0.0003, 0.0003, 0.0003, 0.0003, 0.0003,
    0.0003, 0.0003, 0.0003, 0.0003, 0.0003, 0.0003, 0.0003, 0.0003, 0.0003, 0.0003,
    0.0003, 0.0003, 0.0003, 0.0003, 0.0003, 0.0003, 0.0003, 0.0003, 0.0003, 0.0003,
    0.0003, 0.0003, 0.0003, 0.0003, 0.0003, 0.0003, 0.0003, 0.0003, 0.0003, 0.0003,
    0.0003, 0.0003, 0.0003, 0.0003, 0.0003, 0.0003, 0.0003, 0.0003, 0.0003, 0.0003,
    0.0003, 0.0003, 0.0003, 0.0003, 0.0003, 0.0003, 0.0003, 0.0003, 0.0003, 0.0003,
    0.0003, 0.0003, 0.0003, 0.0003, 0.0003, 0.0003, 0.0003, 0.0003, 0.0003, 0.0003,
  ]

### training/pbrs_enabled
  Total points: 100
  Min: 1.0000, Max: 1.0000, Mean: 1.0000
  Data: [
    1.0000, 1.0000, 1.0000, 1.0000, 1.0000, 1.0000, 1.0000, 1.0000, 1.0000, 1.0000,
    1.0000, 1.0000, 1.0000, 1.0000, 1.0000, 1.0000, 1.0000, 1.0000, 1.0000, 1.0000,
    1.0000, 1.0000, 1.0000, 1.0000, 1.0000, 1.0000, 1.0000, 1.0000, 1.0000, 1.0000,
    1.0000, 1.0000, 1.0000, 1.0000, 1.0000, 1.0000, 1.0000, 1.0000, 1.0000, 1.0000,
    1.0000, 1.0000, 1.0000, 1.0000, 1.0000, 1.0000, 1.0000, 1.0000, 1.0000, 1.0000,
    1.0000, 1.0000, 1.0000, 1.0000, 1.0000, 1.0000, 1.0000, 1.0000, 1.0000, 1.0000,
    1.0000, 1.0000, 1.0000, 1.0000, 1.0000, 1.0000, 1.0000, 1.0000, 1.0000, 1.0000,
    1.0000, 1.0000, 1.0000, 1.0000, 1.0000, 1.0000, 1.0000, 1.0000, 1.0000, 1.0000,
    1.0000, 1.0000, 1.0000, 1.0000, 1.0000, 1.0000, 1.0000, 1.0000, 1.0000, 1.0000,
    1.0000, 1.0000, 1.0000, 1.0000, 1.0000, 1.0000, 1.0000, 1.0000, 1.0000, 1.0000,
  ]

### training/tie_penalty
  Total points: 100
  Min: -3.0000, Max: 0.0000, Mean: -0.5400
  Data: [
    0.0000, -3.0000, 0.0000, 0.0000, 0.0000, 0.0000, 0.0000, 0.0000, 0.0000, -3.0000,
    0.0000, -3.0000, -3.0000, 0.0000, 0.0000, 0.0000, 0.0000, 0.0000, 0.0000, 0.0000,
    0.0000, -3.0000, 0.0000, 0.0000, 0.0000, 0.0000, -3.0000, 0.0000, 0.0000, 0.0000,
    0.0000, 0.0000, 0.0000, -3.0000, 0.0000, 0.0000, 0.0000, 0.0000, 0.0000, 0.0000,
    -3.0000, 0.0000, 0.0000, 0.0000, 0.0000, 0.0000, 0.0000, 0.0000, 0.0000, 0.0000,
    -3.0000, 0.0000, 0.0000, 0.0000, 0.0000, 0.0000, 0.0000, 0.0000, 0.0000, 0.0000,
    0.0000, 0.0000, -3.0000, -3.0000, -3.0000, 0.0000, 0.0000, 0.0000, 0.0000, 0.0000,
    0.0000, 0.0000, 0.0000, 0.0000, 0.0000, 0.0000, 0.0000, 0.0000, 0.0000, 0.0000,
    0.0000, -3.0000, 0.0000, -3.0000, 0.0000, 0.0000, 0.0000, 0.0000, 0.0000, 0.0000,
    -3.0000, -3.0000, 0.0000, 0.0000, -3.0000, -3.0000, 0.0000, 0.0000, 0.0000, 0.0000,
  ]

### values/Q_avg
  Total points: 50
  Min: -1.9962, Max: 1.6717, Mean: -0.4673
  Data: [
    -0.0567, -0.0662, -0.0623, -0.0608, -0.0547, -0.0566, -0.0643, -0.0802, -0.0550, -0.3758,
    -0.6306, -1.0633, -0.9546, -1.1894, -1.3019, -1.2628, -1.6289, -1.0519, -1.9962, -1.2513,
    -1.6051, -1.1458, -1.2926, -1.1655, -1.3294, -1.5995, -1.5494, 0.0531, -0.1252, 0.0066,
    0.3875, 0.3563, 0.5119, 1.2432, 0.0021, 1.6717, 0.3226, -1.1643, -0.5635, 0.0170,
    -1.1562, -0.9898, -1.1569, -0.5065, 0.1905, 0.3587, -0.6618, 0.0209, 1.0008, -0.2326,
  ]

### values/Q_max
  Total points: 50
  Min: 0.0726, Max: 25.0000, Mean: 13.5070
  Data: [
    0.2658, 0.1528, 0.2381, 0.1851, 0.2330, 0.2285, 0.1997, 0.2683, 0.1758, 0.0726,
    0.8910, 1.4236, 1.8865, 2.3467, 3.1075, 3.3352, 3.4510, 4.3995, 4.9608, 5.4176,
    6.2579, 8.6037, 9.7088, 11.3711, 11.8990, 14.3181, 13.0601, 25.0000, 25.0000, 18.8653,
    25.0000, 25.0000, 25.0000, 25.0000, 25.0000, 25.0000, 25.0000, 25.0000, 25.0000, 23.0264,
    25.0000, 25.0000, 25.0000, 25.0000, 25.0000, 25.0000, 25.0000, 25.0000, 25.0000, 25.0000,
  ]

### values/Q_min
  Total points: 50
  Min: -18.8076, Max: -0.2622, Mean: -9.2380
  Data: [
    -0.2831, -0.2956, -0.3252, -0.2703, -0.2870, -0.2622, -0.2646, -0.3183, -0.2977, -0.6193,
    -1.3354, -2.2208, -2.9917, -5.3278, -5.6075, -7.5769, -5.8421, -8.6549, -8.1888, -9.9477,
    -11.0765, -12.7544, -10.9757, -10.7553, -13.2720, -13.8687, -12.2211, -12.7660, -13.2226, -11.8121,
    -13.1479, -12.9043, -15.5421, -13.2852, -11.2942, -11.7937, -14.8799, -15.1285, -15.5247, -14.6525,
    -11.4504, -14.3551, -14.3272, -13.4561, -16.6605, -10.8484, -14.3677, -18.8076, -11.0862, -14.7487,
  ]

### values/Q_std
  Total points: 50
  Min: 0.0873, Max: 9.2401, Mean: 4.8077
  Data: [
    0.0922, 0.0883, 0.1020, 0.0900, 0.1007, 0.1060, 0.0873, 0.1014, 0.0975, 0.1652,
    0.5522, 0.9034, 1.3625, 1.8386, 1.9796, 2.4636, 2.4728, 2.9446, 2.8145, 3.2978,
    3.8124, 4.1782, 4.6972, 5.4264, 5.5006, 5.9128, 6.1052, 7.1963, 7.6675, 6.9175,
    8.3411, 8.7512, 8.6644, 7.8665, 8.6027, 7.4494, 8.8260, 7.9674, 7.7795, 7.7775,
    6.8671, 9.2401, 8.1001, 7.5194, 7.7765, 6.7866, 8.3420, 8.9996, 8.0562, 7.6001,
  ]
