================================================================================
W&B RUN DATA: weak-long-35qclip-TD3-Hockey-NORMAL-weak-lr0.0003-seed53
================================================================================

## RUN METADATA
Run ID: 69cid58m
Created: 2026-01-10T16:50:34Z
State: running
Duration: 62749.958378952 seconds

## CONFIGURATION
  algorithm: TD3
  mode: NORMAL
  opponent: weak
  learning_rate_actor: 0.0003
  learning_rate_critic: 0.0003
  batch_size: 512
  buffer_size: 1000000
  max_episodes: 100000
  random_seed: 53
  self_play_start: 50000
  self_play_pool_size: 25
  gamma: 0.99
  tau: 0.005

## FINAL SUMMARY

## NOTE: Data discretized to fit 100000 char limit
  Showing ~50 points per metric (of 484 total)

## METRICS DATA

### behavior/action_magnitude_avg
  Total points: 100
  Min: 0.7586, Max: 1.3394, Mean: 1.1656
  Data: [
    0.7691, 0.9555, 0.8327, 0.8824, 0.8109, 0.7711, 0.7586, 1.1316, 0.9937, 1.0680,
    0.9819, 0.9826, 1.0565, 1.1180, 1.1277, 1.1492, 1.1356, 1.1063, 1.1311, 1.0737,
    1.0790, 1.0549, 1.1068, 1.0459, 1.1197, 1.0549, 1.0525, 1.1353, 1.1024, 1.0607,
    1.0208, 1.0596, 1.1401, 1.0571, 1.0274, 0.9904, 1.0965, 1.0846, 1.0816, 1.1216,
    1.0825, 1.1246, 0.9886, 1.0171, 1.0912, 1.0236, 1.0716, 1.0699, 1.0455, 1.0640,
    1.2438, 1.3032, 1.2894, 1.3101, 1.3063, 1.2554, 1.3099, 1.2587, 1.2588, 1.3194,
    1.2486, 1.3097, 1.2904, 1.3343, 1.2915, 1.2264, 1.3037, 1.2690, 1.2822, 1.3266,
    1.3013, 1.2967, 1.2600, 1.3011, 1.3206, 1.3175, 1.2716, 1.2923, 1.3188, 1.2635,
    1.2923, 1.2910, 1.2875, 1.2788, 1.2944, 1.2871, 1.2979, 1.2989, 1.2964, 1.3308,
    1.2890, 1.2671, 1.2992, 1.2968, 1.3394, 1.3334, 1.2671, 1.3189, 1.2807, 1.3267,
  ]

### behavior/action_magnitude_max
  Total points: 100
  Min: 1.2485, Max: 1.4142, Mean: 1.4012
  Data: [
    1.2650, 1.3552, 1.2730, 1.3537, 1.2485, 1.2547, 1.2924, 1.3689, 1.4028, 1.4112,
    1.3646, 1.3704, 1.3844, 1.4091, 1.4111, 1.4084, 1.3895, 1.3985, 1.4008, 1.4028,
    1.4142, 1.4068, 1.3698, 1.4142, 1.4084, 1.4134, 1.4142, 1.3811, 1.4142, 1.4142,
    1.4142, 1.4058, 1.4142, 1.4142, 1.4088, 1.3895, 1.4142, 1.4142, 1.4082, 1.4138,
    1.4133, 1.4142, 1.4063, 1.4120, 1.4100, 1.4142, 1.4142, 1.4142, 1.4142, 1.4104,
    1.4131, 1.4142, 1.4119, 1.4142, 1.4142, 1.4142, 1.4141, 1.4138, 1.4133, 1.4140,
    1.4126, 1.4142, 1.4142, 1.4142, 1.4142, 1.4129, 1.4125, 1.4142, 1.4140, 1.4141,
    1.4142, 1.4142, 1.4126, 1.4142, 1.4138, 1.4142, 1.4091, 1.4142, 1.4141, 1.4119,
    1.4142, 1.4142, 1.4111, 1.4140, 1.4142, 1.4142, 1.4138, 1.4142, 1.4142, 1.4142,
    1.4142, 1.4142, 1.4140, 1.4142, 1.4142, 1.4141, 1.4128, 1.4141, 1.4142, 1.4142,
  ]

### behavior/dist_to_puck_avg
  Total points: 100
  Min: 1.8030, Max: 3.9507, Mean: 2.6613
  Data: [
    3.4709, 3.7167, 3.8106, 3.8391, 3.3833, 3.9507, 3.7205, 2.5036, 2.5573, 2.6259,
    2.9693, 2.8403, 2.6865, 2.8114, 2.7846, 2.7852, 2.6432, 2.7122, 2.6646, 2.7137,
    2.7795, 2.5845, 2.7598, 3.0625, 2.6951, 2.8172, 2.7945, 2.7825, 2.7416, 2.7988,
    2.7566, 2.4824, 2.7360, 2.7758, 2.6059, 2.6974, 2.7926, 2.6620, 2.9470, 2.6200,
    2.6885, 2.3791, 2.9932, 2.9395, 2.5997, 2.7019, 2.6879, 2.7483, 2.7830, 2.5469,
    2.5410, 2.4222, 2.4660, 1.8030, 2.5775, 2.8990, 2.5596, 2.5084, 2.5601, 2.3361,
    2.4996, 2.4708, 2.5943, 1.8433, 2.5691, 2.3914, 2.2996, 2.4224, 2.5209, 2.0947,
    2.4177, 2.0189, 2.4431, 2.6813, 2.2901, 2.5854, 2.5451, 2.6241, 1.9640, 2.6206,
    2.3840, 2.4332, 2.6604, 2.3248, 2.6124, 2.6945, 2.7160, 2.7012, 2.4599, 2.3713,
    2.7477, 2.6125, 2.4766, 2.5261, 2.2230, 2.1812, 2.9849, 2.5987, 2.5933, 2.1149,
  ]

### behavior/dist_to_puck_min
  Total points: 100
  Min: 0.2237, Max: 1.7634, Mean: 0.5235
  Data: [
    0.7194, 1.3687, 1.3823, 1.4820, 0.9803, 1.4550, 1.7634, 0.7068, 0.6010, 0.6351,
    0.5662, 0.5266, 0.8243, 0.7401, 0.7300, 0.4947, 0.6268, 0.4826, 0.7299, 0.6769,
    0.9049, 0.5956, 0.7536, 0.4298, 0.3357, 0.4285, 0.3794, 0.8508, 0.5441, 0.7056,
    0.5372, 0.4042, 0.5993, 0.6410, 0.3157, 0.5847, 0.6826, 0.3594, 0.6944, 0.4077,
    0.4392, 0.4890, 0.4652, 0.5111, 0.5364, 0.5845, 0.3612, 0.4794, 0.2825, 0.3172,
    0.2900, 0.5616, 0.3097, 0.2431, 0.6112, 0.2555, 0.3410, 0.2551, 0.2362, 0.5768,
    0.2844, 0.4688, 0.3746, 0.4038, 0.3674, 0.6182, 0.4370, 0.2357, 0.3783, 0.4708,
    0.3402, 0.3860, 0.2758, 0.3493, 0.4449, 0.6928, 0.2793, 0.4760, 0.2862, 0.2245,
    0.2845, 0.2260, 0.3410, 0.2300, 0.2697, 0.4352, 0.4584, 0.4410, 0.2237, 0.4548,
    0.3894, 0.2920, 0.3929, 0.3977, 0.3781, 0.5318, 0.4221, 0.6478, 0.5595, 0.3838,
  ]

### behavior/distance_traveled
  Total points: 100
  Min: 5.4496, Max: 22.1236, Mean: 12.7049
  Data: [
    9.0479, 8.7866, 6.9040, 8.1501, 8.0558, 7.0806, 7.8316, 6.6973, 8.8703, 6.5367,
    6.0080, 10.5752, 6.7804, 8.5629, 8.7484, 9.8935, 5.7449, 7.7734, 5.4496, 10.0455,
    8.3347, 11.8151, 9.6822, 13.4152, 9.2754, 12.2177, 10.7250, 9.5349, 9.8196, 11.6459,
    11.8348, 11.9295, 8.5744, 12.1939, 9.2339, 10.7507, 11.0006, 10.9599, 12.9753, 12.2983,
    15.1425, 10.3240, 13.8344, 12.7156, 6.7940, 15.5482, 8.2079, 11.9006, 15.3980, 10.6153,
    16.9048, 13.7405, 11.1999, 18.3605, 15.7895, 19.2728, 13.5116, 19.9936, 17.5447, 9.4554,
    13.9851, 13.3223, 15.8533, 13.5346, 14.7856, 9.9343, 10.3933, 19.5950, 12.7144, 13.8673,
    13.7214, 15.0353, 17.5609, 19.8332, 11.4086, 7.5503, 18.6652, 17.7424, 14.4923, 14.7046,
    18.8243, 18.5685, 19.5993, 19.8154, 21.4406, 18.0540, 16.8172, 18.8606, 22.1236, 13.5464,
    16.9677, 17.5991, 17.4704, 17.5379, 11.9674, 13.7086, 12.4695, 11.5239, 13.1309, 9.7523,
  ]

### behavior/lazy_action_ratio
  Total points: 100
  Min: 0.0000, Max: 0.0392, Mean: 0.0021
  Data: [
    0.0392, 0.0085, 0.0110, 0.0178, 0.0044, 0.0254, 0.0110, 0.0008, 0.0004, 0.0000,
    0.0004, 0.0013, 0.0106, 0.0012, 0.0012, 0.0004, 0.0000, 0.0004, 0.0010, 0.0012,
    0.0008, 0.0041, 0.0000, 0.0016, 0.0028, 0.0016, 0.0023, 0.0000, 0.0009, 0.0000,
    0.0057, 0.0034, 0.0004, 0.0033, 0.0044, 0.0028, 0.0024, 0.0011, 0.0045, 0.0020,
    0.0000, 0.0010, 0.0017, 0.0026, 0.0032, 0.0024, 0.0024, 0.0030, 0.0008, 0.0041,
    0.0000, 0.0000, 0.0000, 0.0000, 0.0000, 0.0000, 0.0000, 0.0000, 0.0004, 0.0000,
    0.0006, 0.0004, 0.0000, 0.0000, 0.0000, 0.0012, 0.0000, 0.0000, 0.0008, 0.0000,
    0.0000, 0.0000, 0.0006, 0.0000, 0.0000, 0.0000, 0.0000, 0.0000, 0.0006, 0.0000,
    0.0000, 0.0004, 0.0000, 0.0000, 0.0006, 0.0004, 0.0000, 0.0000, 0.0000, 0.0000,
    0.0000, 0.0000, 0.0000, 0.0000, 0.0000, 0.0000, 0.0000, 0.0005, 0.0004, 0.0000,
  ]

### behavior/puck_touches
  Total points: 100
  Min: 0.2000, Max: 5.6000, Mean: 2.3210
  Data: [
    1.2000, 0.7000, 0.7000, 1.0000, 0.7000, 0.2000, 0.4000, 0.6000, 1.2000, 0.8000,
    0.9000, 1.6000, 1.2000, 0.9000, 1.1000, 1.6000, 0.9000, 1.4000, 0.9000, 1.9000,
    1.4000, 2.0000, 2.1000, 1.7000, 2.2000, 2.7000, 2.1000, 0.9000, 1.7000, 0.8000,
    1.0000, 1.9000, 1.5000, 2.0000, 2.1000, 2.0000, 1.8000, 1.9000, 1.4000, 2.2000,
    2.3000, 1.2000, 2.2000, 2.5000, 1.2000, 1.7000, 1.6000, 2.2000, 3.5000, 3.7000,
    3.7000, 1.7000, 2.2000, 5.6000, 3.7000, 4.4000, 1.5000, 5.5000, 4.6000, 1.7000,
    3.3000, 1.7000, 1.9000, 4.0000, 3.6000, 1.5000, 1.9000, 4.8000, 3.3000, 2.1000,
    2.4000, 1.7000, 3.4000, 2.6000, 2.5000, 0.7000, 3.7000, 3.4000, 4.1000, 3.3000,
    3.4000, 4.0000, 4.8000, 4.0000, 3.7000, 2.7000, 2.6000, 1.8000, 5.4000, 1.9000,
    3.6000, 4.2000, 2.7000, 3.2000, 4.0000, 3.4000, 1.9000, 2.0000, 2.2000, 2.7000,
  ]

### behavior/time_near_puck
  Total points: 100
  Min: 0.6000, Max: 51.4000, Mean: 17.7890
  Data: [
    6.8000, 5.5000, 6.2000, 3.5000, 8.4000, 1.7000, 5.5000, 2.6000, 0.8000, 3.8000,
    0.6000, 3.6000, 2.4000, 2.1000, 4.5000, 13.0000, 5.4000, 11.4000, 5.0000, 14.4000,
    8.4000, 15.1000, 5.5000, 14.9000, 18.6000, 14.2000, 10.9000, 4.1000, 12.9000, 5.3000,
    5.9000, 13.3000, 11.4000, 12.1000, 13.4000, 12.2000, 15.1000, 12.2000, 9.8000, 12.1000,
    13.1000, 4.4000, 14.1000, 16.7000, 7.4000, 10.7000, 2.9000, 10.3000, 8.6000, 16.8000,
    35.6000, 17.6000, 16.1000, 49.3000, 26.9000, 32.4000, 9.4000, 51.4000, 39.0000, 18.5000,
    26.6000, 18.1000, 20.3000, 44.2000, 26.9000, 8.9000, 18.6000, 44.8000, 24.3000, 19.3000,
    26.3000, 12.9000, 36.7000, 28.4000, 8.4000, 3.5000, 34.9000, 20.7000, 38.7000, 32.5000,
    28.0000, 36.7000, 30.2000, 40.7000, 34.0000, 26.0000, 20.2000, 16.6000, 50.1000, 22.1000,
    30.3000, 27.7000, 25.1000, 23.3000, 29.7000, 34.8000, 19.3000, 16.4000, 14.1000, 22.8000,
  ]

### behavior/velocity_avg
  Total points: 100
  Min: 0.0392, Max: 0.1355, Mean: 0.1028
  Data: [
    0.0542, 0.0508, 0.0392, 0.0524, 0.0496, 0.0531, 0.0608, 0.0837, 0.0566, 0.0731,
    0.0925, 0.0847, 0.0805, 0.0892, 0.0895, 0.0772, 0.0998, 0.0899, 0.0976, 0.0942,
    0.1158, 0.1073, 0.1115, 0.0908, 0.0871, 0.1138, 0.0935, 0.1238, 0.1080, 0.1146,
    0.0986, 0.1085, 0.1087, 0.0912, 0.0816, 0.1014, 0.0991, 0.0934, 0.1180, 0.1144,
    0.0976, 0.1086, 0.1197, 0.0964, 0.1090, 0.1005, 0.0960, 0.1023, 0.1090, 0.0939,
    0.0999, 0.1157, 0.1163, 0.1023, 0.1228, 0.0993, 0.1206, 0.1040, 0.0891, 0.1206,
    0.1010, 0.1152, 0.1228, 0.1139, 0.1088, 0.1102, 0.1229, 0.1087, 0.1027, 0.1271,
    0.0971, 0.1153, 0.1062, 0.1229, 0.1349, 0.1355, 0.0992, 0.1249, 0.1182, 0.1001,
    0.1131, 0.1130, 0.1127, 0.1129, 0.1097, 0.1202, 0.1185, 0.1299, 0.1170, 0.1178,
    0.1093, 0.1111, 0.1235, 0.1235, 0.1144, 0.1126, 0.0996, 0.1252, 0.1163, 0.1201,
  ]

### behavior/velocity_max
  Total points: 100
  Min: 0.1852, Max: 0.2424, Mean: 0.2249
  Data: [
    0.1905, 0.1990, 0.1852, 0.1983, 0.2046, 0.1901, 0.1933, 0.2217, 0.2154, 0.2139,
    0.2190, 0.2138, 0.2146, 0.2235, 0.2216, 0.2215, 0.2154, 0.2120, 0.2194, 0.2243,
    0.2188, 0.2230, 0.2230, 0.2274, 0.2197, 0.2250, 0.2208, 0.2259, 0.2260, 0.2241,
    0.2251, 0.2210, 0.2233, 0.2206, 0.2200, 0.2201, 0.2276, 0.2287, 0.2293, 0.2274,
    0.2284, 0.2250, 0.2271, 0.2240, 0.2219, 0.2256, 0.2195, 0.2276, 0.2255, 0.2251,
    0.2282, 0.2227, 0.2269, 0.2315, 0.2356, 0.2314, 0.2320, 0.2252, 0.2246, 0.2281,
    0.2245, 0.2358, 0.2356, 0.2293, 0.2274, 0.2250, 0.2291, 0.2369, 0.2190, 0.2330,
    0.2288, 0.2337, 0.2249, 0.2357, 0.2312, 0.2282, 0.2347, 0.2411, 0.2343, 0.2234,
    0.2345, 0.2342, 0.2371, 0.2292, 0.2418, 0.2333, 0.2424, 0.2393, 0.2343, 0.2283,
    0.2293, 0.2317, 0.2357, 0.2384, 0.2307, 0.2297, 0.2191, 0.2345, 0.2328, 0.2288,
  ]

### eval/selfplay/avg_reward
  Total points: 5
  Min: -3.6841, Max: 1.8161, Mean: -1.5851
  Data: [
    -0.3929, 1.8161, -2.2653, -3.6841, -3.3995,
  ]

### eval/selfplay/loss_rate
  Total points: 5
  Min: 0.2000, Max: 0.5400, Mean: 0.3280
  Data: [
    0.2000, 0.2200, 0.3200, 0.5400, 0.3600,
  ]

### eval/selfplay/losses
  Total points: 5
  Min: 10.0000, Max: 27.0000, Mean: 16.4000
  Data: [
    10.0000, 11.0000, 16.0000, 27.0000, 18.0000,
  ]

### eval/selfplay/opponent_age
  Total points: 5
  Min: -41999.0000, Max: -5999.0000, Mean: -25099.0000
  Data: [
    -5999.0000, -17999.0000, -22499.0000, -36999.0000, -41999.0000,
  ]

### eval/selfplay/tie_rate
  Total points: 5
  Min: 0.1200, Max: 0.3800, Mean: 0.2560
  Data: [
    0.3800, 0.2000, 0.2200, 0.1200, 0.3600,
  ]

### eval/selfplay/ties
  Total points: 5
  Min: 6.0000, Max: 19.0000, Mean: 12.8000
  Data: [
    19.0000, 10.0000, 11.0000, 6.0000, 18.0000,
  ]

### eval/selfplay/win_rate
  Total points: 5
  Min: 0.2800, Max: 0.5800, Mean: 0.4160
  Data: [
    0.4200, 0.5800, 0.4600, 0.3400, 0.2800,
  ]

### eval/selfplay/win_rate_decisive
  Total points: 5
  Min: 0.3864, Max: 0.7250, Mean: 0.5632
  Data: [
    0.6774, 0.7250, 0.5897, 0.3864, 0.4375,
  ]

### eval/selfplay/wins
  Total points: 5
  Min: 14.0000, Max: 29.0000, Mean: 20.8000
  Data: [
    21.0000, 29.0000, 23.0000, 17.0000, 14.0000,
  ]

### eval/strong/avg_reward
  Total points: 21
  Min: -9.5176, Max: -2.1213, Mean: -5.4787
  Data: [
    -8.9442, -9.5176, -4.2801, -5.0133, -3.7517, -7.1278, -3.1229, -5.7834, -4.1414, -6.2011,
    -6.9238, -7.1795, -3.6488, -5.6963, -6.4032, -5.0180, -6.6218, -3.4946, -2.1213, -2.9691,
    -7.0937,
  ]

### eval/strong/loss_rate
  Total points: 21
  Min: 0.2000, Max: 0.6800, Mean: 0.4505
  Data: [
    0.6800, 0.6400, 0.4400, 0.4600, 0.4000, 0.5200, 0.4400, 0.5000, 0.4000, 0.5200,
    0.4800, 0.5400, 0.2600, 0.4000, 0.5200, 0.4000, 0.4800, 0.3400, 0.2000, 0.3000,
    0.5400,
  ]

### eval/strong/losses
  Total points: 21
  Min: 10.0000, Max: 34.0000, Mean: 22.5238
  Data: [
    34.0000, 32.0000, 22.0000, 23.0000, 20.0000, 26.0000, 22.0000, 25.0000, 20.0000, 26.0000,
    24.0000, 27.0000, 13.0000, 20.0000, 26.0000, 20.0000, 24.0000, 17.0000, 10.0000, 15.0000,
    27.0000,
  ]

### eval/strong/tie_rate
  Total points: 21
  Min: 0.1800, Max: 0.5800, Mean: 0.3438
  Data: [
    0.1800, 0.2600, 0.2800, 0.3200, 0.2800, 0.3600, 0.2000, 0.1800, 0.3000, 0.2000,
    0.4400, 0.3200, 0.5800, 0.4800, 0.3200, 0.4200, 0.4200, 0.4000, 0.5400, 0.4200,
    0.3200,
  ]

### eval/strong/ties
  Total points: 21
  Min: 9.0000, Max: 29.0000, Mean: 17.1905
  Data: [
    9.0000, 13.0000, 14.0000, 16.0000, 14.0000, 18.0000, 10.0000, 9.0000, 15.0000, 10.0000,
    22.0000, 16.0000, 29.0000, 24.0000, 16.0000, 21.0000, 21.0000, 20.0000, 27.0000, 21.0000,
    16.0000,
  ]

### eval/strong/win_rate
  Total points: 21
  Min: 0.0800, Max: 0.3600, Mean: 0.2057
  Data: [
    0.1400, 0.1000, 0.2800, 0.2200, 0.3200, 0.1200, 0.3600, 0.3200, 0.3000, 0.2800,
    0.0800, 0.1400, 0.1600, 0.1200, 0.1600, 0.1800, 0.1000, 0.2600, 0.2600, 0.2800,
    0.1400,
  ]

### eval/strong/win_rate_decisive
  Total points: 21
  Min: 0.1351, Max: 0.5652, Mean: 0.3159
  Data: [
    0.1707, 0.1351, 0.3889, 0.3235, 0.4444, 0.1875, 0.4500, 0.3902, 0.4286, 0.3500,
    0.1429, 0.2059, 0.3810, 0.2308, 0.2353, 0.3103, 0.1724, 0.4333, 0.5652, 0.4828,
    0.2059,
  ]

### eval/strong/wins
  Total points: 21
  Min: 4.0000, Max: 18.0000, Mean: 10.2857
  Data: [
    7.0000, 5.0000, 14.0000, 11.0000, 16.0000, 6.0000, 18.0000, 16.0000, 15.0000, 14.0000,
    4.0000, 7.0000, 8.0000, 6.0000, 8.0000, 9.0000, 5.0000, 13.0000, 13.0000, 14.0000,
    7.0000,
  ]

### eval/weak/avg_reward
  Total points: 21
  Min: -7.7639, Max: 2.5294, Mean: -2.3313
  Data: [
    -7.5280, -7.7639, -3.9004, -4.7594, -5.7848, -3.1942, 1.4785, 1.4352, 2.4684, 2.5294,
    -1.0803, -1.2749, -1.0883, -4.9080, -3.2155, -4.0911, -4.4636, -0.9639, -3.1773, 0.5780,
    -0.2535,
  ]

### eval/weak/loss_rate
  Total points: 21
  Min: 0.0800, Max: 0.7400, Mean: 0.3590
  Data: [
    0.6000, 0.7400, 0.4800, 0.5200, 0.5400, 0.4000, 0.1400, 0.2000, 0.0800, 0.1600,
    0.1400, 0.2600, 0.2000, 0.5000, 0.3600, 0.5200, 0.5000, 0.3200, 0.3800, 0.2400,
    0.2600,
  ]

### eval/weak/losses
  Total points: 21
  Min: 4.0000, Max: 37.0000, Mean: 17.9524
  Data: [
    30.0000, 37.0000, 24.0000, 26.0000, 27.0000, 20.0000, 7.0000, 10.0000, 4.0000, 8.0000,
    7.0000, 13.0000, 10.0000, 25.0000, 18.0000, 26.0000, 25.0000, 16.0000, 19.0000, 12.0000,
    13.0000,
  ]

### eval/weak/tie_rate
  Total points: 21
  Min: 0.0800, Max: 0.6800, Mean: 0.3448
  Data: [
    0.2400, 0.0800, 0.2200, 0.2400, 0.2800, 0.3400, 0.4200, 0.3200, 0.4400, 0.2800,
    0.6800, 0.4600, 0.5600, 0.3600, 0.4400, 0.2200, 0.3000, 0.3200, 0.3600, 0.3200,
    0.3600,
  ]

### eval/weak/ties
  Total points: 21
  Min: 4.0000, Max: 34.0000, Mean: 17.2381
  Data: [
    12.0000, 4.0000, 11.0000, 12.0000, 14.0000, 17.0000, 21.0000, 16.0000, 22.0000, 14.0000,
    34.0000, 23.0000, 28.0000, 18.0000, 22.0000, 11.0000, 15.0000, 16.0000, 18.0000, 16.0000,
    18.0000,
  ]

### eval/weak/win_rate
  Total points: 21
  Min: 0.1400, Max: 0.5600, Mean: 0.2962
  Data: [
    0.1600, 0.1800, 0.3000, 0.2400, 0.1800, 0.2600, 0.4400, 0.4800, 0.4800, 0.5600,
    0.1800, 0.2800, 0.2400, 0.1400, 0.2000, 0.2600, 0.2000, 0.3600, 0.2600, 0.4400,
    0.3800,
  ]

### eval/weak/win_rate_decisive
  Total points: 21
  Min: 0.1957, Max: 0.8571, Mean: 0.4689
  Data: [
    0.2105, 0.1957, 0.3846, 0.3158, 0.2500, 0.3939, 0.7586, 0.7059, 0.8571, 0.7778,
    0.5625, 0.5185, 0.5455, 0.2188, 0.3571, 0.3333, 0.2857, 0.5294, 0.4062, 0.6471,
    0.5938,
  ]

### eval/weak/wins
  Total points: 21
  Min: 7.0000, Max: 28.0000, Mean: 14.8095
  Data: [
    8.0000, 9.0000, 15.0000, 12.0000, 9.0000, 13.0000, 22.0000, 24.0000, 24.0000, 28.0000,
    9.0000, 14.0000, 12.0000, 7.0000, 10.0000, 13.0000, 10.0000, 18.0000, 13.0000, 22.0000,
    19.0000,
  ]

### losses/actor_loss
  Total points: 100
  Min: 0.0000, Max: 1.4589, Mean: 1.0747
  Data: [
    0.0000, 0.0000, 0.0000, 0.0000, 0.0000, 0.0000, 0.0000, 0.9265, 1.1401, 1.2247,
    1.3053, 1.3506, 1.3500, 0.9339, 1.0979, 1.0782, 1.1076, 0.8851, 0.9224, 1.0884,
    0.9977, 1.3441, 1.3775, 1.4589, 1.3766, 1.4004, 1.3102, 1.0912, 1.2848, 1.0798,
    1.1855, 1.0456, 0.8614, 1.0234, 0.9661, 0.9393, 1.0575, 1.0472, 1.0286, 0.9725,
    1.0035, 0.9894, 1.1469, 1.3021, 1.0979, 1.4071, 0.8550, 0.5794, 0.4081, 0.4992,
    1.1783, 1.2974, 1.3428, 1.2601, 1.2200, 1.2398, 1.0913, 1.1579, 1.2256, 1.4398,
    1.2846, 1.2091, 1.2058, 1.2911, 1.2640, 1.3019, 1.1415, 1.2968, 1.2719, 1.1019,
    1.2684, 1.0801, 1.2279, 1.1618, 1.3986, 1.3489, 1.3291, 1.1882, 1.2404, 1.2217,
    1.1700, 1.0689, 1.2652, 1.2581, 1.2057, 1.0555, 1.2514, 1.1431, 1.0478, 1.2945,
    1.1636, 1.1039, 1.0758, 1.1349, 1.1640, 1.1336, 1.3218, 1.1823, 1.2405, 1.3574,
  ]

### losses/critic_loss
  Total points: 100
  Min: 0.0000, Max: 0.3664, Mean: 0.2330
  Data: [
    0.0000, 0.0000, 0.0000, 0.0000, 0.0000, 0.0000, 0.0000, 0.0377, 0.0379, 0.0430,
    0.0458, 0.0624, 0.0672, 0.1075, 0.1236, 0.1655, 0.1427, 0.1397, 0.1545, 0.1908,
    0.1646, 0.1908, 0.2092, 0.2248, 0.1887, 0.1913, 0.2265, 0.2565, 0.2396, 0.2345,
    0.2501, 0.2776, 0.2804, 0.2724, 0.3408, 0.3103, 0.3664, 0.3081, 0.3455, 0.3007,
    0.3177, 0.3201, 0.3586, 0.3484, 0.3140, 0.2793, 0.2704, 0.2780, 0.2477, 0.2630,
    0.2838, 0.2352, 0.2488, 0.2762, 0.2439, 0.2404, 0.2876, 0.2727, 0.2548, 0.2740,
    0.2277, 0.2650, 0.2871, 0.2793, 0.2637, 0.3114, 0.3053, 0.2805, 0.2839, 0.2783,
    0.2692, 0.2946, 0.2827, 0.2786, 0.2373, 0.3207, 0.2557, 0.2816, 0.2894, 0.2674,
    0.3031, 0.2811, 0.2501, 0.2987, 0.2791, 0.2585, 0.2835, 0.2696, 0.3273, 0.2937,
    0.2577, 0.2684, 0.2613, 0.3107, 0.2669, 0.2973, 0.2592, 0.2996, 0.2670, 0.2924,
  ]

### pbrs/annealing_weight
  Total points: 100
  Min: 0.0000, Max: 1.0000, Mean: 0.5000
  Data: [
    1.0000, 1.0000, 1.0000, 1.0000, 1.0000, 1.0000, 1.0000, 1.0000, 1.0000, 1.0000,
    1.0000, 1.0000, 1.0000, 1.0000, 1.0000, 1.0000, 1.0000, 1.0000, 1.0000, 1.0000,
    1.0000, 1.0000, 1.0000, 1.0000, 1.0000, 1.0000, 1.0000, 1.0000, 1.0000, 1.0000,
    1.0000, 1.0000, 1.0000, 1.0000, 1.0000, 1.0000, 1.0000, 1.0000, 1.0000, 1.0000,
    1.0000, 1.0000, 1.0000, 1.0000, 1.0000, 1.0000, 1.0000, 1.0000, 1.0000, 1.0000,
    0.0000, 0.0000, 0.0000, 0.0000, 0.0000, 0.0000, 0.0000, 0.0000, 0.0000, 0.0000,
    0.0000, 0.0000, 0.0000, 0.0000, 0.0000, 0.0000, 0.0000, 0.0000, 0.0000, 0.0000,
    0.0000, 0.0000, 0.0000, 0.0000, 0.0000, 0.0000, 0.0000, 0.0000, 0.0000, 0.0000,
    0.0000, 0.0000, 0.0000, 0.0000, 0.0000, 0.0000, 0.0000, 0.0000, 0.0000, 0.0000,
    0.0000, 0.0000, 0.0000, 0.0000, 0.0000, 0.0000, 0.0000, 0.0000, 0.0000, 0.0000,
  ]

### pbrs/avg_per_episode
  Total points: 100
  Min: 0.0020, Max: 0.0049, Mean: 0.0037
  Data: [
    0.0020, 0.0026, 0.0025, 0.0028, 0.0028, 0.0028, 0.0028, 0.0032, 0.0035, 0.0035,
    0.0037, 0.0038, 0.0041, 0.0044, 0.0044, 0.0045, 0.0045, 0.0045, 0.0046, 0.0046,
    0.0046, 0.0047, 0.0048, 0.0048, 0.0048, 0.0048, 0.0048, 0.0048, 0.0048, 0.0048,
    0.0048, 0.0049, 0.0049, 0.0049, 0.0049, 0.0049, 0.0049, 0.0049, 0.0049, 0.0049,
    0.0049, 0.0049, 0.0049, 0.0049, 0.0049, 0.0049, 0.0049, 0.0049, 0.0049, 0.0049,
    0.0032, 0.0032, 0.0032, 0.0032, 0.0032, 0.0032, 0.0032, 0.0032, 0.0032, 0.0032,
    0.0032, 0.0032, 0.0032, 0.0032, 0.0032, 0.0032, 0.0031, 0.0031, 0.0031, 0.0031,
    0.0031, 0.0031, 0.0031, 0.0031, 0.0031, 0.0031, 0.0030, 0.0030, 0.0030, 0.0030,
    0.0030, 0.0030, 0.0030, 0.0030, 0.0030, 0.0030, 0.0030, 0.0030, 0.0030, 0.0030,
    0.0029, 0.0029, 0.0029, 0.0029, 0.0029, 0.0029, 0.0029, 0.0029, 0.0029, 0.0029,
  ]

### performance/cumulative_win_rate
  Total points: 100
  Min: 0.0318, Max: 0.3042, Mean: 0.2190
  Data: [
    0.0500, 0.0375, 0.0333, 0.0321, 0.0318, 0.0341, 0.0330, 0.0556, 0.0596, 0.0607,
    0.0741, 0.0779, 0.0990, 0.1202, 0.1212, 0.1273, 0.1276, 0.1288, 0.1297, 0.1309,
    0.1368, 0.1437, 0.1490, 0.1519, 0.1540, 0.1593, 0.1620, 0.1639, 0.1644, 0.1652,
    0.1674, 0.1697, 0.1731, 0.1732, 0.1752, 0.1773, 0.1832, 0.1834, 0.1832, 0.1834,
    0.1840, 0.1849, 0.1849, 0.1870, 0.1876, 0.1891, 0.1893, 0.1940, 0.1947, 0.1949,
    0.3042, 0.3042, 0.3040, 0.3040, 0.3039, 0.3038, 0.3038, 0.3039, 0.3036, 0.3036,
    0.3036, 0.3036, 0.3037, 0.3036, 0.3035, 0.3034, 0.3034, 0.3035, 0.3033, 0.3033,
    0.3033, 0.3031, 0.3028, 0.3028, 0.3025, 0.3025, 0.3025, 0.3024, 0.3022, 0.3022,
    0.3023, 0.3023, 0.3019, 0.3017, 0.3016, 0.3013, 0.3012, 0.3012, 0.3012, 0.3012,
    0.3011, 0.3011, 0.3011, 0.3010, 0.3010, 0.3009, 0.3009, 0.3009, 0.3009, 0.3009,
  ]

### performance/losses
  Total points: 100
  Min: 7.0000, Max: 29592.0000, Mean: 15276.4300
  Data: [
    7.0000, 64.0000, 70.0000, 233.0000, 276.0000, 348.0000, 393.0000, 564.0000, 697.0000, 720.0000,
    818.0000, 854.0000, 1042.0000, 1405.0000, 1440.0000, 1573.0000, 1599.0000, 1610.0000, 1668.0000, 1695.0000,
    1879.0000, 2149.0000, 2241.0000, 2342.0000, 2392.0000, 2513.0000, 2554.0000, 2672.0000, 2746.0000, 2784.0000,
    2860.0000, 2930.0000, 3017.0000, 3026.0000, 3132.0000, 3219.0000, 3514.0000, 3550.0000, 3581.0000, 3615.0000,
    3637.0000, 3680.0000, 3714.0000, 4049.0000, 4104.0000, 4319.0000, 4635.0000, 4767.0000, 4830.0000, 4864.0000,
    26742.0000, 26769.0000, 26839.0000, 26931.0000, 26955.0000, 27020.0000, 27041.0000, 27065.0000, 27159.0000, 27172.0000,
    27176.0000, 27226.0000, 27259.0000, 27292.0000, 27342.0000, 27421.0000, 27432.0000, 27465.0000, 27527.0000, 27664.0000,
    27704.0000, 28001.0000, 28203.0000, 28230.0000, 28339.0000, 28369.0000, 28396.0000, 28432.0000, 28601.0000, 28650.0000,
    28753.0000, 28758.0000, 28872.0000, 28927.0000, 28960.0000, 29126.0000, 29164.0000, 29178.0000, 29250.0000, 29272.0000,
    29312.0000, 29324.0000, 29329.0000, 29455.0000, 29473.0000, 29483.0000, 29490.0000, 29535.0000, 29577.0000, 29592.0000,
  ]

### performance/ties
  Total points: 100
  Min: 12.0000, Max: 27735.0000, Mean: 13749.5200
  Data: [
    12.0000, 90.0000, 104.0000, 309.0000, 363.0000, 444.0000, 516.0000, 626.0000, 676.0000, 689.0000,
    719.0000, 732.0000, 778.0000, 865.0000, 880.0000, 923.0000, 931.0000, 934.0000, 943.0000, 947.0000,
    1004.0000, 1088.0000, 1112.0000, 1152.0000, 1161.0000, 1203.0000, 1217.0000, 1241.0000, 1265.0000, 1273.0000,
    1303.0000, 1321.0000, 1349.0000, 1356.0000, 1388.0000, 1421.0000, 1550.0000, 1562.0000, 1581.0000, 1595.0000,
    1602.0000, 1618.0000, 1633.0000, 1756.0000, 1778.0000, 1876.0000, 2013.0000, 2084.0000, 2112.0000, 2124.0000,
    24929.0000, 24959.0000, 25001.0000, 25088.0000, 25112.0000, 25168.0000, 25200.0000, 25243.0000, 25322.0000, 25325.0000,
    25336.0000, 25377.0000, 25412.0000, 25438.0000, 25484.0000, 25562.0000, 25578.0000, 25608.0000, 25688.0000, 25784.0000,
    25818.0000, 26054.0000, 26250.0000, 26280.0000, 26383.0000, 26398.0000, 26459.0000, 26483.0000, 26647.0000, 26686.0000,
    26798.0000, 26810.0000, 26947.0000, 27036.0000, 27081.0000, 27274.0000, 27313.0000, 27325.0000, 27409.0000, 27432.0000,
    27480.0000, 27498.0000, 27502.0000, 27627.0000, 27652.0000, 27659.0000, 27667.0000, 27692.0000, 27724.0000, 27735.0000,
  ]

### performance/wins
  Total points: 100
  Min: 1.0000, Max: 24673.0000, Mean: 12178.0500
  Data: [
    1.0000, 6.0000, 6.0000, 18.0000, 21.0000, 28.0000, 31.0000, 70.0000, 87.0000, 91.0000,
    123.0000, 134.0000, 200.0000, 310.0000, 320.0000, 364.0000, 370.0000, 376.0000, 389.0000, 398.0000,
    457.0000, 543.0000, 587.0000, 626.0000, 647.0000, 704.0000, 729.0000, 767.0000, 789.0000, 803.0000,
    837.0000, 869.0000, 914.0000, 918.0000, 960.0000, 1000.0000, 1136.0000, 1148.0000, 1158.0000, 1170.0000,
    1181.0000, 1202.0000, 1213.0000, 1335.0000, 1358.0000, 1445.0000, 1552.0000, 1649.0000, 1678.0000, 1692.0000,
    22589.0000, 22612.0000, 22640.0000, 22721.0000, 22733.0000, 22772.0000, 22799.0000, 22832.0000, 22879.0000, 22883.0000,
    22888.0000, 22937.0000, 22969.0000, 22990.0000, 23014.0000, 23077.0000, 23090.0000, 23127.0000, 23165.0000, 23272.0000,
    23298.0000, 23505.0000, 23647.0000, 23670.0000, 23738.0000, 23753.0000, 23785.0000, 23805.0000, 23932.0000, 23964.0000,
    24069.0000, 24072.0000, 24141.0000, 24177.0000, 24199.0000, 24320.0000, 24343.0000, 24357.0000, 24421.0000, 24436.0000,
    24468.0000, 24478.0000, 24489.0000, 24578.0000, 24595.0000, 24598.0000, 24603.0000, 24633.0000, 24659.0000, 24673.0000,
  ]

### rewards/p1
  Total points: 100
  Min: -26.6269, Max: 31.9653, Mean: 7.1420
  Data: [
    -16.2212, -24.6850, -26.6269, -21.2188, -21.2551, -22.1458, -10.4568, -4.6278, -1.0404, -2.9965,
    0.5010, 8.2576, -0.6438, -6.7691, -1.6785, 10.9250, -3.1940, 4.2818, -1.9825, 0.4233,
    2.9100, 5.6305, -0.4211, 7.8425, 10.8142, 5.3772, 7.2263, 1.8964, 8.0875, -2.3715,
    -5.1099, 3.9936, 1.8708, 11.9541, 7.8264, 14.6490, 9.5258, 8.0547, 2.0208, 4.0466,
    5.2487, 5.6830, 2.4456, 4.7983, 4.9825, 0.0501, 3.1632, 6.1795, 11.4482, 8.3909,
    26.0487, 4.3003, 9.6496, 12.0671, 13.2657, 29.3320, 8.5894, 28.0053, 31.9653, -3.4491,
    19.8638, 14.5438, 9.1653, 7.7849, 16.1787, -0.3276, 8.6049, 27.0367, 15.5369, -1.6792,
    5.7594, 2.1448, 22.5728, 21.5656, 2.9764, 0.9924, 22.2407, 9.5185, 7.8435, 23.7557,
    14.4138, 24.4391, 21.7084, 25.2148, 22.1466, 12.8042, 8.9897, 9.7486, 29.1945, 5.4731,
    19.9289, 21.2557, 16.5320, 14.8997, 6.9520, 1.7219, 23.3752, 11.1121, 6.2817, 5.0926,
  ]

### rewards/p2
  Total points: 100
  Min: 0.0000, Max: 0.0000, Mean: 0.0000
  Data: [
    0.0000, 0.0000, 0.0000, 0.0000, 0.0000, 0.0000, 0.0000, 0.0000, 0.0000, 0.0000,
    0.0000, 0.0000, 0.0000, 0.0000, 0.0000, 0.0000, 0.0000, 0.0000, 0.0000, 0.0000,
    0.0000, 0.0000, 0.0000, 0.0000, 0.0000, 0.0000, 0.0000, 0.0000, 0.0000, 0.0000,
    0.0000, 0.0000, 0.0000, 0.0000, 0.0000, 0.0000, 0.0000, 0.0000, 0.0000, 0.0000,
    0.0000, 0.0000, 0.0000, 0.0000, 0.0000, 0.0000, 0.0000, 0.0000, 0.0000, 0.0000,
    0.0000, 0.0000, 0.0000, 0.0000, 0.0000, 0.0000, 0.0000, 0.0000, 0.0000, 0.0000,
    0.0000, 0.0000, 0.0000, 0.0000, 0.0000, 0.0000, 0.0000, 0.0000, 0.0000, 0.0000,
    0.0000, 0.0000, 0.0000, 0.0000, 0.0000, 0.0000, 0.0000, 0.0000, 0.0000, 0.0000,
    0.0000, 0.0000, 0.0000, 0.0000, 0.0000, 0.0000, 0.0000, 0.0000, 0.0000, 0.0000,
    0.0000, 0.0000, 0.0000, 0.0000, 0.0000, 0.0000, 0.0000, 0.0000, 0.0000, 0.0000,
  ]

### rewards/sparse_only
  Total points: 100
  Min: 0.0000, Max: 0.0000, Mean: 0.0000
  Data: [
    0.0000, 0.0000, 0.0000, 0.0000, 0.0000, 0.0000, 0.0000, 0.0000, 0.0000, 0.0000,
    0.0000, 0.0000, 0.0000, 0.0000, 0.0000, 0.0000, 0.0000, 0.0000, 0.0000, 0.0000,
    0.0000, 0.0000, 0.0000, 0.0000, 0.0000, 0.0000, 0.0000, 0.0000, 0.0000, 0.0000,
    0.0000, 0.0000, 0.0000, 0.0000, 0.0000, 0.0000, 0.0000, 0.0000, 0.0000, 0.0000,
    0.0000, 0.0000, 0.0000, 0.0000, 0.0000, 0.0000, 0.0000, 0.0000, 0.0000, 0.0000,
    0.0000, 0.0000, 0.0000, 0.0000, 0.0000, 0.0000, 0.0000, 0.0000, 0.0000, 0.0000,
    0.0000, 0.0000, 0.0000, 0.0000, 0.0000, 0.0000, 0.0000, 0.0000, 0.0000, 0.0000,
    0.0000, 0.0000, 0.0000, 0.0000, 0.0000, 0.0000, 0.0000, 0.0000, 0.0000, 0.0000,
    0.0000, 0.0000, 0.0000, 0.0000, 0.0000, 0.0000, 0.0000, 0.0000, 0.0000, 0.0000,
    0.0000, 0.0000, 0.0000, 0.0000, 0.0000, 0.0000, 0.0000, 0.0000, 0.0000, 0.0000,
  ]

### rewards/sparse_ratio
  Total points: 100
  Min: 0.0000, Max: 0.0000, Mean: 0.0000
  Data: [
    0.0000, 0.0000, 0.0000, 0.0000, 0.0000, 0.0000, 0.0000, 0.0000, 0.0000, 0.0000,
    0.0000, 0.0000, 0.0000, 0.0000, 0.0000, 0.0000, 0.0000, 0.0000, 0.0000, 0.0000,
    0.0000, 0.0000, 0.0000, 0.0000, 0.0000, 0.0000, 0.0000, 0.0000, 0.0000, 0.0000,
    0.0000, 0.0000, 0.0000, 0.0000, 0.0000, 0.0000, 0.0000, 0.0000, 0.0000, 0.0000,
    0.0000, 0.0000, 0.0000, 0.0000, 0.0000, 0.0000, 0.0000, 0.0000, 0.0000, 0.0000,
    0.0000, 0.0000, 0.0000, 0.0000, 0.0000, 0.0000, 0.0000, 0.0000, 0.0000, 0.0000,
    0.0000, 0.0000, 0.0000, 0.0000, 0.0000, 0.0000, 0.0000, 0.0000, 0.0000, 0.0000,
    0.0000, 0.0000, 0.0000, 0.0000, 0.0000, 0.0000, 0.0000, 0.0000, 0.0000, 0.0000,
    0.0000, 0.0000, 0.0000, 0.0000, 0.0000, 0.0000, 0.0000, 0.0000, 0.0000, 0.0000,
    0.0000, 0.0000, 0.0000, 0.0000, 0.0000, 0.0000, 0.0000, 0.0000, 0.0000, 0.0000,
  ]

### scoring/goals_conceded
  Total points: 100
  Min: 7.0000, Max: 29592.0000, Mean: 15276.4300
  Data: [
    7.0000, 64.0000, 70.0000, 233.0000, 276.0000, 348.0000, 393.0000, 564.0000, 697.0000, 720.0000,
    818.0000, 854.0000, 1042.0000, 1405.0000, 1440.0000, 1573.0000, 1599.0000, 1610.0000, 1668.0000, 1695.0000,
    1879.0000, 2149.0000, 2241.0000, 2342.0000, 2392.0000, 2513.0000, 2554.0000, 2672.0000, 2746.0000, 2784.0000,
    2860.0000, 2930.0000, 3017.0000, 3026.0000, 3132.0000, 3219.0000, 3514.0000, 3550.0000, 3581.0000, 3615.0000,
    3637.0000, 3680.0000, 3714.0000, 4049.0000, 4104.0000, 4319.0000, 4635.0000, 4767.0000, 4830.0000, 4864.0000,
    26742.0000, 26769.0000, 26839.0000, 26931.0000, 26955.0000, 27020.0000, 27041.0000, 27065.0000, 27159.0000, 27172.0000,
    27176.0000, 27226.0000, 27259.0000, 27292.0000, 27342.0000, 27421.0000, 27432.0000, 27465.0000, 27527.0000, 27664.0000,
    27704.0000, 28001.0000, 28203.0000, 28230.0000, 28339.0000, 28369.0000, 28396.0000, 28432.0000, 28601.0000, 28650.0000,
    28753.0000, 28758.0000, 28872.0000, 28927.0000, 28960.0000, 29126.0000, 29164.0000, 29178.0000, 29250.0000, 29272.0000,
    29312.0000, 29324.0000, 29329.0000, 29455.0000, 29473.0000, 29483.0000, 29490.0000, 29535.0000, 29577.0000, 29592.0000,
  ]

### scoring/goals_scored
  Total points: 100
  Min: 1.0000, Max: 24673.0000, Mean: 12178.0500
  Data: [
    1.0000, 6.0000, 6.0000, 18.0000, 21.0000, 28.0000, 31.0000, 70.0000, 87.0000, 91.0000,
    123.0000, 134.0000, 200.0000, 310.0000, 320.0000, 364.0000, 370.0000, 376.0000, 389.0000, 398.0000,
    457.0000, 543.0000, 587.0000, 626.0000, 647.0000, 704.0000, 729.0000, 767.0000, 789.0000, 803.0000,
    837.0000, 869.0000, 914.0000, 918.0000, 960.0000, 1000.0000, 1136.0000, 1148.0000, 1158.0000, 1170.0000,
    1181.0000, 1202.0000, 1213.0000, 1335.0000, 1358.0000, 1445.0000, 1552.0000, 1649.0000, 1678.0000, 1692.0000,
    22589.0000, 22612.0000, 22640.0000, 22721.0000, 22733.0000, 22772.0000, 22799.0000, 22832.0000, 22879.0000, 22883.0000,
    22888.0000, 22937.0000, 22969.0000, 22990.0000, 23014.0000, 23077.0000, 23090.0000, 23127.0000, 23165.0000, 23272.0000,
    23298.0000, 23505.0000, 23647.0000, 23670.0000, 23738.0000, 23753.0000, 23785.0000, 23805.0000, 23932.0000, 23964.0000,
    24069.0000, 24072.0000, 24141.0000, 24177.0000, 24199.0000, 24320.0000, 24343.0000, 24357.0000, 24421.0000, 24436.0000,
    24468.0000, 24478.0000, 24489.0000, 24578.0000, 24595.0000, 24598.0000, 24603.0000, 24633.0000, 24659.0000, 24673.0000,
  ]

### selfplay/active
  Total points: 100
  Min: 0.0000, Max: 1.0000, Mean: 0.5000
  Data: [
    0.0000, 0.0000, 0.0000, 0.0000, 0.0000, 0.0000, 0.0000, 0.0000, 0.0000, 0.0000,
    0.0000, 0.0000, 0.0000, 0.0000, 0.0000, 0.0000, 0.0000, 0.0000, 0.0000, 0.0000,
    0.0000, 0.0000, 0.0000, 0.0000, 0.0000, 0.0000, 0.0000, 0.0000, 0.0000, 0.0000,
    0.0000, 0.0000, 0.0000, 0.0000, 0.0000, 0.0000, 0.0000, 0.0000, 0.0000, 0.0000,
    0.0000, 0.0000, 0.0000, 0.0000, 0.0000, 0.0000, 0.0000, 0.0000, 0.0000, 0.0000,
    1.0000, 1.0000, 1.0000, 1.0000, 1.0000, 1.0000, 1.0000, 1.0000, 1.0000, 1.0000,
    1.0000, 1.0000, 1.0000, 1.0000, 1.0000, 1.0000, 1.0000, 1.0000, 1.0000, 1.0000,
    1.0000, 1.0000, 1.0000, 1.0000, 1.0000, 1.0000, 1.0000, 1.0000, 1.0000, 1.0000,
    1.0000, 1.0000, 1.0000, 1.0000, 1.0000, 1.0000, 1.0000, 1.0000, 1.0000, 1.0000,
    1.0000, 1.0000, 1.0000, 1.0000, 1.0000, 1.0000, 1.0000, 1.0000, 1.0000, 1.0000,
  ]

### selfplay/anchor_balance_score
  Total points: 100
  Min: 0.8571, Max: 1.0000, Mean: 0.9971
  Data: [
    0.8571, 1.0000, 1.0000, 1.0000, 1.0000, 1.0000, 1.0000, 0.9825, 1.0000, 1.0000,
    1.0000, 1.0000, 0.9885, 1.0000, 1.0000, 1.0000, 0.9915, 0.9916, 1.0000, 0.9924,
    1.0000, 0.9928, 0.9929, 0.9932, 0.9932, 0.9934, 1.0000, 0.9935, 1.0000, 1.0000,
    0.9942, 1.0000, 0.9945, 1.0000, 0.9950, 0.9950, 1.0000, 0.9956, 1.0000, 0.9957,
    0.9957, 1.0000, 1.0000, 1.0000, 1.0000, 0.9962, 1.0000, 1.0000, 1.0000, 0.9963,
    1.0000, 1.0000, 0.9993, 1.0000, 0.9993, 1.0000, 0.9993, 0.9993, 1.0000, 1.0000,
    0.9993, 0.9993, 1.0000, 0.9993, 1.0000, 0.9993, 1.0000, 0.9993, 1.0000, 1.0000,
    0.9993, 0.9993, 1.0000, 0.9993, 1.0000, 0.9994, 0.9994, 1.0000, 1.0000, 1.0000,
    0.9994, 1.0000, 1.0000, 1.0000, 0.9994, 1.0000, 1.0000, 1.0000, 1.0000, 1.0000,
    0.9994, 0.9994, 1.0000, 0.9994, 0.9994, 0.9994, 1.0000, 0.9994, 0.9994, 1.0000,
  ]

### selfplay/anchor_ratio_current
  Total points: 100
  Min: 0.5000, Max: 0.7000, Mean: 0.6000
  Data: [
    0.5000, 0.5000, 0.5000, 0.5000, 0.5000, 0.5000, 0.5000, 0.5000, 0.5000, 0.5000,
    0.5000, 0.5000, 0.5000, 0.5000, 0.5000, 0.5000, 0.5000, 0.5000, 0.5000, 0.5000,
    0.5000, 0.5000, 0.5000, 0.5000, 0.5000, 0.5000, 0.5000, 0.5000, 0.5000, 0.5000,
    0.5000, 0.5000, 0.5000, 0.5000, 0.5000, 0.5000, 0.5000, 0.5000, 0.5000, 0.5000,
    0.5000, 0.5000, 0.5000, 0.5000, 0.5000, 0.5000, 0.5000, 0.5000, 0.5000, 0.5000,
    0.7000, 0.7000, 0.7000, 0.7000, 0.7000, 0.7000, 0.7000, 0.7000, 0.7000, 0.7000,
    0.7000, 0.7000, 0.7000, 0.7000, 0.7000, 0.7000, 0.7000, 0.7000, 0.7000, 0.7000,
    0.7000, 0.7000, 0.7000, 0.7000, 0.7000, 0.7000, 0.7000, 0.7000, 0.7000, 0.7000,
    0.7000, 0.7000, 0.7000, 0.7000, 0.7000, 0.7000, 0.7000, 0.7000, 0.7000, 0.7000,
    0.7000, 0.7000, 0.7000, 0.7000, 0.7000, 0.7000, 0.7000, 0.7000, 0.7000, 0.7000,
  ]

### selfplay/anchor_strong_episodes
  Total points: 100
  Min: 4.0000, Max: 842.0000, Mean: 423.7300
  Data: [
    4.0000, 9.0000, 20.0000, 22.0000, 27.0000, 28.0000, 28.0000, 28.0000, 32.0000, 36.0000,
    38.0000, 39.0000, 43.0000, 44.0000, 50.0000, 54.0000, 59.0000, 59.0000, 63.0000, 65.0000,
    69.0000, 70.0000, 71.0000, 74.0000, 74.0000, 76.0000, 77.0000, 78.0000, 78.0000, 83.0000,
    85.0000, 86.0000, 92.0000, 94.0000, 99.0000, 99.0000, 107.0000, 115.0000, 116.0000, 116.0000,
    116.0000, 119.0000, 122.0000, 124.0000, 129.0000, 131.0000, 131.0000, 131.0000, 131.0000, 136.0000,
    699.0000, 701.0000, 703.0000, 708.0000, 710.0000, 713.0000, 714.0000, 716.0000, 720.0000, 720.0000,
    720.0000, 724.0000, 725.0000, 727.0000, 729.0000, 732.0000, 733.0000, 734.0000, 738.0000, 743.0000,
    744.0000, 757.0000, 766.0000, 768.0000, 773.0000, 774.0000, 776.0000, 778.0000, 785.0000, 787.0000,
    794.0000, 794.0000, 801.0000, 805.0000, 808.0000, 818.0000, 820.0000, 821.0000, 825.0000, 826.0000,
    828.0000, 829.0000, 830.0000, 838.0000, 839.0000, 839.0000, 839.0000, 841.0000, 842.0000, 842.0000,
  ]

### selfplay/anchor_strong_ratio
  Total points: 100
  Min: 0.4912, Max: 0.5714, Mean: 0.5007
  Data: [
    0.5714, 0.5000, 0.5000, 0.5000, 0.5000, 0.5000, 0.5000, 0.4912, 0.5000, 0.5000,
    0.5000, 0.5000, 0.4943, 0.5000, 0.5000, 0.5000, 0.5043, 0.4958, 0.5000, 0.4962,
    0.5000, 0.5036, 0.5035, 0.5034, 0.5034, 0.5033, 0.5000, 0.5032, 0.5000, 0.5000,
    0.4971, 0.5000, 0.5027, 0.5000, 0.4975, 0.4975, 0.5000, 0.5022, 0.5000, 0.4979,
    0.4979, 0.5000, 0.5000, 0.5000, 0.5000, 0.5019, 0.5000, 0.5000, 0.5000, 0.5018,
    0.5000, 0.5000, 0.5004, 0.5000, 0.5004, 0.5000, 0.4997, 0.4997, 0.5000, 0.5000,
    0.4997, 0.5003, 0.5000, 0.5003, 0.5000, 0.4997, 0.5000, 0.4997, 0.5000, 0.5000,
    0.4997, 0.5003, 0.5000, 0.5003, 0.5000, 0.5003, 0.4997, 0.5000, 0.5000, 0.5000,
    0.5003, 0.5000, 0.5000, 0.5000, 0.5003, 0.5000, 0.5000, 0.5000, 0.5000, 0.5000,
    0.4997, 0.4997, 0.5000, 0.5003, 0.5003, 0.5003, 0.5000, 0.5003, 0.5003, 0.5000,
  ]

### selfplay/anchor_weak_episodes
  Total points: 100
  Min: 3.0000, Max: 842.0000, Mean: 423.6500
  Data: [
    3.0000, 9.0000, 20.0000, 22.0000, 27.0000, 28.0000, 28.0000, 29.0000, 32.0000, 36.0000,
    38.0000, 39.0000, 44.0000, 44.0000, 50.0000, 54.0000, 58.0000, 60.0000, 63.0000, 66.0000,
    69.0000, 69.0000, 70.0000, 73.0000, 73.0000, 75.0000, 77.0000, 77.0000, 78.0000, 83.0000,
    86.0000, 86.0000, 91.0000, 94.0000, 100.0000, 100.0000, 107.0000, 114.0000, 116.0000, 117.0000,
    117.0000, 119.0000, 122.0000, 124.0000, 129.0000, 130.0000, 131.0000, 131.0000, 131.0000, 135.0000,
    699.0000, 701.0000, 702.0000, 708.0000, 709.0000, 713.0000, 715.0000, 717.0000, 720.0000, 720.0000,
    721.0000, 723.0000, 725.0000, 726.0000, 729.0000, 733.0000, 733.0000, 735.0000, 738.0000, 743.0000,
    745.0000, 756.0000, 766.0000, 767.0000, 773.0000, 773.0000, 777.0000, 778.0000, 785.0000, 787.0000,
    793.0000, 794.0000, 801.0000, 805.0000, 807.0000, 818.0000, 820.0000, 821.0000, 825.0000, 826.0000,
    829.0000, 830.0000, 830.0000, 837.0000, 838.0000, 838.0000, 839.0000, 840.0000, 841.0000, 842.0000,
  ]

### selfplay/anchor_weak_ratio
  Total points: 100
  Min: 0.4286, Max: 0.5088, Mean: 0.4993
  Data: [
    0.4286, 0.5000, 0.5000, 0.5000, 0.5000, 0.5000, 0.5000, 0.5088, 0.5000, 0.5000,
    0.5000, 0.5000, 0.5057, 0.5000, 0.5000, 0.5000, 0.4957, 0.5042, 0.5000, 0.5038,
    0.5000, 0.4964, 0.4965, 0.4966, 0.4966, 0.4967, 0.5000, 0.4968, 0.5000, 0.5000,
    0.5029, 0.5000, 0.4973, 0.5000, 0.5025, 0.5025, 0.5000, 0.4978, 0.5000, 0.5021,
    0.5021, 0.5000, 0.5000, 0.5000, 0.5000, 0.4981, 0.5000, 0.5000, 0.5000, 0.4982,
    0.5000, 0.5000, 0.4996, 0.5000, 0.4996, 0.5000, 0.5003, 0.5003, 0.5000, 0.5000,
    0.5003, 0.4997, 0.5000, 0.4997, 0.5000, 0.5003, 0.5000, 0.5003, 0.5000, 0.5000,
    0.5003, 0.4997, 0.5000, 0.4997, 0.5000, 0.4997, 0.5003, 0.5000, 0.5000, 0.5000,
    0.4997, 0.5000, 0.5000, 0.5000, 0.4997, 0.5000, 0.5000, 0.5000, 0.5000, 0.5000,
    0.5003, 0.5003, 0.5000, 0.4997, 0.4997, 0.4997, 0.5000, 0.4997, 0.4997, 0.5000,
  ]

### selfplay/best_eval_vs_weak
  Total points: 100
  Min: 0.0000, Max: 1.0000, Mean: 0.5000
  Data: [
    0.0000, 0.0000, 0.0000, 0.0000, 0.0000, 0.0000, 0.0000, 0.0000, 0.0000, 0.0000,
    0.0000, 0.0000, 0.0000, 0.0000, 0.0000, 0.0000, 0.0000, 0.0000, 0.0000, 0.0000,
    0.0000, 0.0000, 0.0000, 0.0000, 0.0000, 0.0000, 0.0000, 0.0000, 0.0000, 0.0000,
    0.0000, 0.0000, 0.0000, 0.0000, 0.0000, 0.0000, 0.0000, 0.0000, 0.0000, 0.0000,
    0.0000, 0.0000, 0.0000, 0.0000, 0.0000, 0.0000, 0.0000, 0.0000, 0.0000, 0.0000,
    1.0000, 1.0000, 1.0000, 1.0000, 1.0000, 1.0000, 1.0000, 1.0000, 1.0000, 1.0000,
    1.0000, 1.0000, 1.0000, 1.0000, 1.0000, 1.0000, 1.0000, 1.0000, 1.0000, 1.0000,
    1.0000, 1.0000, 1.0000, 1.0000, 1.0000, 1.0000, 1.0000, 1.0000, 1.0000, 1.0000,
    1.0000, 1.0000, 1.0000, 1.0000, 1.0000, 1.0000, 1.0000, 1.0000, 1.0000, 1.0000,
    1.0000, 1.0000, 1.0000, 1.0000, 1.0000, 1.0000, 1.0000, 1.0000, 1.0000, 1.0000,
  ]

### selfplay/consecutive_eval_drops
  Total points: 100
  Min: 0.0000, Max: 83.0000, Mean: 38.0000
  Data: [
    0.0000, 0.0000, 0.0000, 0.0000, 0.0000, 0.0000, 0.0000, 0.0000, 0.0000, 0.0000,
    0.0000, 0.0000, 0.0000, 0.0000, 0.0000, 0.0000, 0.0000, 0.0000, 0.0000, 0.0000,
    0.0000, 0.0000, 0.0000, 0.0000, 0.0000, 0.0000, 0.0000, 0.0000, 0.0000, 0.0000,
    0.0000, 0.0000, 0.0000, 0.0000, 0.0000, 0.0000, 0.0000, 0.0000, 0.0000, 0.0000,
    0.0000, 0.0000, 0.0000, 0.0000, 0.0000, 0.0000, 0.0000, 0.0000, 0.0000, 0.0000,
    68.0000, 68.0000, 68.0000, 69.0000, 69.0000, 69.0000, 70.0000, 70.0000, 70.0000, 70.0000,
    70.0000, 71.0000, 71.0000, 71.0000, 71.0000, 72.0000, 72.0000, 72.0000, 72.0000, 73.0000,
    73.0000, 75.0000, 76.0000, 76.0000, 76.0000, 77.0000, 77.0000, 77.0000, 78.0000, 78.0000,
    79.0000, 79.0000, 79.0000, 80.0000, 80.0000, 81.0000, 81.0000, 81.0000, 82.0000, 82.0000,
    82.0000, 82.0000, 82.0000, 83.0000, 83.0000, 83.0000, 83.0000, 83.0000, 83.0000, 83.0000,
  ]

### selfplay/episode_opponent_type_selfplay
  Total points: 100
  Min: 0.0000, Max: 1.0000, Mean: 0.1700
  Data: [
    0.0000, 0.0000, 0.0000, 0.0000, 0.0000, 0.0000, 0.0000, 0.0000, 0.0000, 0.0000,
    0.0000, 0.0000, 0.0000, 0.0000, 0.0000, 0.0000, 0.0000, 0.0000, 0.0000, 0.0000,
    0.0000, 0.0000, 0.0000, 0.0000, 0.0000, 0.0000, 0.0000, 0.0000, 0.0000, 0.0000,
    0.0000, 0.0000, 0.0000, 0.0000, 0.0000, 0.0000, 0.0000, 0.0000, 0.0000, 0.0000,
    0.0000, 0.0000, 0.0000, 0.0000, 0.0000, 0.0000, 0.0000, 0.0000, 0.0000, 0.0000,
    0.0000, 0.0000, 1.0000, 1.0000, 0.0000, 0.0000, 1.0000, 0.0000, 0.0000, 1.0000,
    0.0000, 0.0000, 0.0000, 1.0000, 0.0000, 1.0000, 1.0000, 0.0000, 0.0000, 1.0000,
    1.0000, 1.0000, 0.0000, 0.0000, 1.0000, 1.0000, 0.0000, 0.0000, 1.0000, 0.0000,
    0.0000, 0.0000, 0.0000, 0.0000, 0.0000, 0.0000, 0.0000, 0.0000, 0.0000, 1.0000,
    0.0000, 0.0000, 0.0000, 0.0000, 1.0000, 1.0000, 0.0000, 0.0000, 0.0000, 1.0000,
  ]

### selfplay/episode_opponent_type_strong
  Total points: 100
  Min: 0.0000, Max: 1.0000, Mean: 0.1700
  Data: [
    0.0000, 0.0000, 0.0000, 0.0000, 0.0000, 0.0000, 0.0000, 0.0000, 0.0000, 0.0000,
    0.0000, 0.0000, 0.0000, 0.0000, 0.0000, 0.0000, 0.0000, 0.0000, 0.0000, 0.0000,
    0.0000, 0.0000, 0.0000, 0.0000, 0.0000, 0.0000, 0.0000, 0.0000, 0.0000, 0.0000,
    0.0000, 0.0000, 0.0000, 0.0000, 0.0000, 0.0000, 0.0000, 0.0000, 0.0000, 0.0000,
    0.0000, 0.0000, 0.0000, 0.0000, 0.0000, 0.0000, 0.0000, 0.0000, 0.0000, 0.0000,
    0.0000, 1.0000, 0.0000, 0.0000, 1.0000, 0.0000, 0.0000, 0.0000, 0.0000, 0.0000,
    0.0000, 1.0000, 1.0000, 0.0000, 1.0000, 0.0000, 0.0000, 0.0000, 0.0000, 0.0000,
    0.0000, 0.0000, 0.0000, 1.0000, 0.0000, 0.0000, 0.0000, 1.0000, 0.0000, 0.0000,
    1.0000, 0.0000, 1.0000, 0.0000, 1.0000, 1.0000, 1.0000, 1.0000, 0.0000, 0.0000,
    0.0000, 0.0000, 1.0000, 1.0000, 0.0000, 0.0000, 0.0000, 1.0000, 1.0000, 0.0000,
  ]

### selfplay/episode_opponent_type_weak
  Total points: 100
  Min: 0.0000, Max: 1.0000, Mean: 0.6600
  Data: [
    1.0000, 1.0000, 1.0000, 1.0000, 1.0000, 1.0000, 1.0000, 1.0000, 1.0000, 1.0000,
    1.0000, 1.0000, 1.0000, 1.0000, 1.0000, 1.0000, 1.0000, 1.0000, 1.0000, 1.0000,
    1.0000, 1.0000, 1.0000, 1.0000, 1.0000, 1.0000, 1.0000, 1.0000, 1.0000, 1.0000,
    1.0000, 1.0000, 1.0000, 1.0000, 1.0000, 1.0000, 1.0000, 1.0000, 1.0000, 1.0000,
    1.0000, 1.0000, 1.0000, 1.0000, 1.0000, 1.0000, 1.0000, 1.0000, 1.0000, 1.0000,
    1.0000, 0.0000, 0.0000, 0.0000, 0.0000, 1.0000, 0.0000, 1.0000, 1.0000, 0.0000,
    1.0000, 0.0000, 0.0000, 0.0000, 0.0000, 0.0000, 0.0000, 1.0000, 1.0000, 0.0000,
    0.0000, 0.0000, 1.0000, 0.0000, 0.0000, 0.0000, 1.0000, 0.0000, 0.0000, 1.0000,
    0.0000, 1.0000, 0.0000, 1.0000, 0.0000, 0.0000, 0.0000, 0.0000, 1.0000, 0.0000,
    1.0000, 1.0000, 0.0000, 0.0000, 0.0000, 0.0000, 1.0000, 0.0000, 0.0000, 0.0000,
  ]

### selfplay/opponent_age_episodes
  Total points: 100
  Min: -46999.0000, Max: 0.0000, Mean: -20394.1000
  Data: [
    0.0000, 0.0000, 0.0000, -999.0000, 0.0000, -999.0000, 0.0000, 0.0000, -499.0000, -1499.0000,
    0.0000, 0.0000, -999.0000, -1499.0000, -2499.0000, -2499.0000, -1499.0000, -1499.0000, -1499.0000, -999.0000,
    -2999.0000, -2999.0000, -3999.0000, -2499.0000, -2499.0000, -1999.0000, -1999.0000, -2999.0000, -4499.0000, -1499.0000,
    -999.0000, -999.0000, -4499.0000, -3499.0000, -999.0000, -5499.0000, -1999.0000, -499.0000, 0.0000, 0.0000,
    -1999.0000, -2499.0000, -6499.0000, -2999.0000, -2499.0000, -2999.0000, -4499.0000, -4499.0000, -6999.0000, -4499.0000,
    -34999.0000, -34999.0000, -29499.0000, -39999.0000, -39999.0000, -32499.0000, -29999.0000, -38499.0000, -39499.0000, -31999.0000,
    -31999.0000, -31499.0000, -39999.0000, -38999.0000, -35999.0000, -39999.0000, -32499.0000, -33999.0000, -36999.0000, -41999.0000,
    -36499.0000, -42999.0000, -31499.0000, -42999.0000, -31499.0000, -35499.0000, -35499.0000, -39999.0000, -36999.0000, -39999.0000,
    -32999.0000, -32999.0000, -44999.0000, -37999.0000, -37999.0000, -42999.0000, -45499.0000, -45499.0000, -39999.0000, -42999.0000,
    -46499.0000, -46499.0000, -46499.0000, -40499.0000, -46999.0000, -44499.0000, -44499.0000, -39999.0000, -43999.0000, -41999.0000,
  ]

### selfplay/opponent_checkpoint_episode
  Total points: 100
  Min: 34501.0000, Max: 81500.0000, Mean: 54895.1000
  Data: [
    34501.0000, 34501.0000, 34501.0000, 35500.0000, 34501.0000, 35500.0000, 34501.0000, 34501.0000, 35000.0000, 36000.0000,
    34501.0000, 34501.0000, 35500.0000, 36000.0000, 37000.0000, 37000.0000, 36000.0000, 36000.0000, 36000.0000, 35500.0000,
    37500.0000, 37500.0000, 38500.0000, 37000.0000, 37000.0000, 36500.0000, 36500.0000, 37500.0000, 39000.0000, 36000.0000,
    35500.0000, 35500.0000, 39000.0000, 38000.0000, 35500.0000, 40000.0000, 36500.0000, 35000.0000, 34501.0000, 34501.0000,
    36500.0000, 37000.0000, 41000.0000, 37500.0000, 37000.0000, 37500.0000, 39000.0000, 39000.0000, 41500.0000, 39000.0000,
    69500.0000, 69500.0000, 64000.0000, 74500.0000, 74500.0000, 67000.0000, 64500.0000, 73000.0000, 74000.0000, 66500.0000,
    66500.0000, 66000.0000, 74500.0000, 73500.0000, 70500.0000, 74500.0000, 67000.0000, 68500.0000, 71500.0000, 76500.0000,
    71000.0000, 77500.0000, 66000.0000, 77500.0000, 66000.0000, 70000.0000, 70000.0000, 74500.0000, 71500.0000, 74500.0000,
    67500.0000, 67500.0000, 79500.0000, 72500.0000, 72500.0000, 77500.0000, 80000.0000, 80000.0000, 74500.0000, 77500.0000,
    81000.0000, 81000.0000, 81000.0000, 75000.0000, 81500.0000, 79000.0000, 79000.0000, 74500.0000, 78500.0000, 76500.0000,
  ]

### selfplay/opponent_pool_index
  Total points: 100
  Min: 0.0000, Max: 24.0000, Mean: 9.3100
  Data: [
    0.0000, 0.0000, 0.0000, 2.0000, 0.0000, 2.0000, 0.0000, 0.0000, 1.0000, 3.0000,
    0.0000, 0.0000, 2.0000, 3.0000, 5.0000, 5.0000, 3.0000, 3.0000, 3.0000, 2.0000,
    6.0000, 6.0000, 8.0000, 5.0000, 5.0000, 4.0000, 4.0000, 6.0000, 9.0000, 3.0000,
    2.0000, 2.0000, 9.0000, 7.0000, 2.0000, 11.0000, 4.0000, 1.0000, 0.0000, 0.0000,
    4.0000, 5.0000, 13.0000, 6.0000, 5.0000, 6.0000, 9.0000, 9.0000, 14.0000, 9.0000,
    15.0000, 15.0000, 4.0000, 24.0000, 24.0000, 9.0000, 3.0000, 20.0000, 22.0000, 7.0000,
    7.0000, 6.0000, 22.0000, 20.0000, 14.0000, 21.0000, 6.0000, 9.0000, 15.0000, 24.0000,
    13.0000, 24.0000, 0.0000, 23.0000, 0.0000, 7.0000, 7.0000, 16.0000, 9.0000, 15.0000,
    0.0000, 0.0000, 24.0000, 9.0000, 9.0000, 18.0000, 23.0000, 23.0000, 11.0000, 17.0000,
    24.0000, 24.0000, 24.0000, 12.0000, 24.0000, 19.0000, 19.0000, 10.0000, 18.0000, 14.0000,
  ]

### selfplay/pfsp_avg_winrate
  Total points: 100
  Min: 0.3037, Max: 0.4911, Mean: 0.3702
  Data: [
    0.3500, 0.4400, 0.4367, 0.4911, 0.4900, 0.4400, 0.4050, 0.4050, 0.4387, 0.4325,
    0.4292, 0.4342, 0.4460, 0.4385, 0.4367, 0.4657, 0.4800, 0.4800, 0.4565, 0.4580,
    0.4558, 0.4558, 0.4612, 0.4445, 0.4218, 0.4194, 0.4194, 0.4164, 0.4172, 0.4113,
    0.4172, 0.4172, 0.4188, 0.4178, 0.4189, 0.4215, 0.3912, 0.3872, 0.3774, 0.3774,
    0.3745, 0.3752, 0.3738, 0.3848, 0.3833, 0.3855, 0.3811, 0.3837, 0.3854, 0.3794,
    0.3398, 0.3398, 0.3323, 0.3350, 0.3350, 0.3358, 0.3339, 0.3379, 0.3210, 0.3195,
    0.3195, 0.3175, 0.3226, 0.3226, 0.3237, 0.3220, 0.3233, 0.3235, 0.3225, 0.3236,
    0.3229, 0.3198, 0.3127, 0.3137, 0.3088, 0.3037, 0.3037, 0.3055, 0.3134, 0.3116,
    0.3154, 0.3154, 0.3137, 0.3130, 0.3130, 0.3151, 0.3124, 0.3124, 0.3155, 0.3161,
    0.3154, 0.3154, 0.3154, 0.3217, 0.3228, 0.3158, 0.3158, 0.3202, 0.3175, 0.3195,
  ]

### selfplay/pfsp_diversity_metric
  Total points: 100
  Min: 0.0000, Max: 0.0897, Mean: 0.0610
  Data: [
    0.0000, 0.0400, 0.0533, 0.0885, 0.0829, 0.0294, 0.0384, 0.0384, 0.0275, 0.0205,
    0.0298, 0.0259, 0.0326, 0.0351, 0.0709, 0.0897, 0.0808, 0.0808, 0.0428, 0.0427,
    0.0546, 0.0546, 0.0527, 0.0603, 0.0704, 0.0686, 0.0686, 0.0706, 0.0670, 0.0628,
    0.0643, 0.0643, 0.0661, 0.0657, 0.0719, 0.0694, 0.0645, 0.0758, 0.0732, 0.0732,
    0.0780, 0.0780, 0.0786, 0.0744, 0.0699, 0.0670, 0.0699, 0.0763, 0.0747, 0.0708,
    0.0648, 0.0648, 0.0627, 0.0606, 0.0606, 0.0593, 0.0580, 0.0603, 0.0649, 0.0647,
    0.0647, 0.0653, 0.0660, 0.0660, 0.0642, 0.0640, 0.0628, 0.0618, 0.0571, 0.0580,
    0.0583, 0.0599, 0.0629, 0.0612, 0.0622, 0.0583, 0.0583, 0.0568, 0.0635, 0.0639,
    0.0658, 0.0658, 0.0644, 0.0659, 0.0659, 0.0643, 0.0643, 0.0643, 0.0632, 0.0631,
    0.0618, 0.0618, 0.0618, 0.0673, 0.0662, 0.0554, 0.0554, 0.0549, 0.0528, 0.0521,
  ]

### selfplay/pfsp_max_winrate
  Total points: 100
  Min: 0.3500, Max: 0.6500, Mean: 0.4939
  Data: [
    0.3500, 0.4800, 0.4900, 0.6000, 0.6000, 0.4700, 0.4500, 0.4500, 0.4750, 0.4500,
    0.4667, 0.4667, 0.5000, 0.5000, 0.5500, 0.6500, 0.6500, 0.6500, 0.5125, 0.5125,
    0.5500, 0.5500, 0.5500, 0.5500, 0.5500, 0.5500, 0.5500, 0.5500, 0.5500, 0.5500,
    0.5500, 0.5500, 0.5500, 0.5500, 0.5500, 0.5500, 0.5500, 0.5500, 0.5500, 0.5500,
    0.5500, 0.5500, 0.5500, 0.5500, 0.5200, 0.5200, 0.5400, 0.5800, 0.5800, 0.5600,
    0.4375, 0.4375, 0.4375, 0.4375, 0.4375, 0.4375, 0.4375, 0.4375, 0.4375, 0.4375,
    0.4375, 0.4375, 0.4375, 0.4375, 0.4375, 0.4500, 0.4500, 0.4500, 0.4000, 0.4000,
    0.4000, 0.4000, 0.4000, 0.4000, 0.4000, 0.4000, 0.4000, 0.4000, 0.5000, 0.5000,
    0.5000, 0.5000, 0.5000, 0.5000, 0.5000, 0.5000, 0.5000, 0.5000, 0.5000, 0.5000,
    0.5000, 0.5000, 0.5000, 0.5000, 0.5000, 0.4500, 0.4500, 0.4500, 0.4250, 0.4250,
  ]

### selfplay/pfsp_median_winrate
  Total points: 100
  Min: 0.3000, Max: 0.4900, Mean: 0.3676
  Data: [
    0.3500, 0.4400, 0.4367, 0.4900, 0.4700, 0.4500, 0.4100, 0.4100, 0.4400, 0.4400,
    0.4250, 0.4350, 0.4500, 0.4300, 0.4250, 0.4500, 0.4500, 0.4500, 0.4500, 0.4600,
    0.4650, 0.4650, 0.4700, 0.4400, 0.4000, 0.4000, 0.4000, 0.4000, 0.4125, 0.4125,
    0.4275, 0.4275, 0.4350, 0.4350, 0.4400, 0.4400, 0.3725, 0.3700, 0.3600, 0.3600,
    0.3600, 0.3650, 0.3650, 0.3833, 0.3867, 0.3950, 0.3900, 0.3900, 0.3900, 0.3833,
    0.3300, 0.3300, 0.3300, 0.3300, 0.3300, 0.3300, 0.3300, 0.3500, 0.3175, 0.3113,
    0.3113, 0.3100, 0.3250, 0.3250, 0.3250, 0.3167, 0.3167, 0.3250, 0.3275, 0.3333,
    0.3333, 0.3200, 0.3200, 0.3200, 0.3200, 0.3100, 0.3100, 0.3100, 0.3200, 0.3200,
    0.3200, 0.3200, 0.3100, 0.3100, 0.3100, 0.3000, 0.3000, 0.3000, 0.3000, 0.3000,
    0.3000, 0.3000, 0.3000, 0.3063, 0.3125, 0.3125, 0.3125, 0.3200, 0.3167, 0.3146,
  ]

### selfplay/pfsp_min_winrate
  Total points: 100
  Min: 0.1500, Max: 0.4000, Mean: 0.2607
  Data: [
    0.3500, 0.4000, 0.3833, 0.3833, 0.4000, 0.4000, 0.3500, 0.3500, 0.4000, 0.4000,
    0.4000, 0.4000, 0.4000, 0.4000, 0.3600, 0.3700, 0.3700, 0.3700, 0.3700, 0.3700,
    0.3700, 0.3700, 0.3700, 0.3700, 0.3200, 0.3200, 0.3200, 0.3200, 0.3200, 0.3200,
    0.3200, 0.3200, 0.3200, 0.3200, 0.3100, 0.3100, 0.3100, 0.2700, 0.2700, 0.2700,
    0.2300, 0.2300, 0.2300, 0.2300, 0.2300, 0.2300, 0.2300, 0.2300, 0.2300, 0.2300,
    0.2000, 0.2000, 0.2000, 0.2000, 0.2000, 0.2000, 0.2000, 0.2000, 0.1500, 0.1500,
    0.1500, 0.1500, 0.1500, 0.1500, 0.1500, 0.1500, 0.1500, 0.1500, 0.1500, 0.1500,
    0.1500, 0.1750, 0.1750, 0.1750, 0.1750, 0.1750, 0.1750, 0.1750, 0.2250, 0.2250,
    0.2250, 0.2250, 0.2250, 0.2250, 0.2250, 0.2250, 0.2250, 0.2250, 0.2250, 0.2250,
    0.2250, 0.2250, 0.2250, 0.2250, 0.2250, 0.2250, 0.2250, 0.2250, 0.2250, 0.2250,
  ]

### selfplay/pfsp_num_opponents_tracked
  Total points: 100
  Min: 1.0000, Max: 25.0000, Mean: 16.3600
  Data: [
    1.0000, 2.0000, 2.0000, 3.0000, 3.0000, 3.0000, 4.0000, 4.0000, 4.0000, 4.0000,
    4.0000, 4.0000, 5.0000, 5.0000, 6.0000, 7.0000, 7.0000, 7.0000, 7.0000, 7.0000,
    8.0000, 8.0000, 9.0000, 9.0000, 9.0000, 9.0000, 9.0000, 9.0000, 10.0000, 10.0000,
    10.0000, 10.0000, 10.0000, 10.0000, 11.0000, 12.0000, 12.0000, 13.0000, 14.0000, 14.0000,
    14.0000, 14.0000, 14.0000, 14.0000, 14.0000, 14.0000, 15.0000, 15.0000, 15.0000, 15.0000,
    23.0000, 23.0000, 24.0000, 24.0000, 24.0000, 24.0000, 23.0000, 23.0000, 24.0000, 24.0000,
    24.0000, 23.0000, 23.0000, 23.0000, 23.0000, 23.0000, 23.0000, 23.0000, 24.0000, 25.0000,
    25.0000, 25.0000, 24.0000, 24.0000, 24.0000, 24.0000, 24.0000, 24.0000, 25.0000, 25.0000,
    24.0000, 24.0000, 25.0000, 24.0000, 24.0000, 23.0000, 24.0000, 24.0000, 23.0000, 23.0000,
    24.0000, 24.0000, 24.0000, 24.0000, 25.0000, 25.0000, 25.0000, 25.0000, 25.0000, 24.0000,
  ]

### selfplay/pfsp_std_winrate
  Total points: 100
  Min: 0.0000, Max: 0.0897, Mean: 0.0610
  Data: [
    0.0000, 0.0400, 0.0533, 0.0885, 0.0829, 0.0294, 0.0384, 0.0384, 0.0275, 0.0205,
    0.0298, 0.0259, 0.0326, 0.0351, 0.0709, 0.0897, 0.0808, 0.0808, 0.0428, 0.0427,
    0.0546, 0.0546, 0.0527, 0.0603, 0.0704, 0.0686, 0.0686, 0.0706, 0.0670, 0.0628,
    0.0643, 0.0643, 0.0661, 0.0657, 0.0719, 0.0694, 0.0645, 0.0758, 0.0732, 0.0732,
    0.0780, 0.0780, 0.0786, 0.0744, 0.0699, 0.0670, 0.0699, 0.0763, 0.0747, 0.0708,
    0.0648, 0.0648, 0.0627, 0.0606, 0.0606, 0.0593, 0.0580, 0.0603, 0.0649, 0.0647,
    0.0647, 0.0653, 0.0660, 0.0660, 0.0642, 0.0640, 0.0628, 0.0618, 0.0571, 0.0580,
    0.0583, 0.0599, 0.0629, 0.0612, 0.0622, 0.0583, 0.0583, 0.0568, 0.0635, 0.0639,
    0.0658, 0.0658, 0.0644, 0.0659, 0.0659, 0.0643, 0.0643, 0.0643, 0.0632, 0.0631,
    0.0618, 0.0618, 0.0618, 0.0673, 0.0662, 0.0554, 0.0554, 0.0549, 0.0528, 0.0521,
  ]

### selfplay/pool_size
  Total points: 100
  Min: 0.0000, Max: 25.0000, Mean: 12.5000
  Data: [
    0.0000, 0.0000, 0.0000, 0.0000, 0.0000, 0.0000, 0.0000, 0.0000, 0.0000, 0.0000,
    0.0000, 0.0000, 0.0000, 0.0000, 0.0000, 0.0000, 0.0000, 0.0000, 0.0000, 0.0000,
    0.0000, 0.0000, 0.0000, 0.0000, 0.0000, 0.0000, 0.0000, 0.0000, 0.0000, 0.0000,
    0.0000, 0.0000, 0.0000, 0.0000, 0.0000, 0.0000, 0.0000, 0.0000, 0.0000, 0.0000,
    0.0000, 0.0000, 0.0000, 0.0000, 0.0000, 0.0000, 0.0000, 0.0000, 0.0000, 0.0000,
    25.0000, 25.0000, 25.0000, 25.0000, 25.0000, 25.0000, 25.0000, 25.0000, 25.0000, 25.0000,
    25.0000, 25.0000, 25.0000, 25.0000, 25.0000, 25.0000, 25.0000, 25.0000, 25.0000, 25.0000,
    25.0000, 25.0000, 25.0000, 25.0000, 25.0000, 25.0000, 25.0000, 25.0000, 25.0000, 25.0000,
    25.0000, 25.0000, 25.0000, 25.0000, 25.0000, 25.0000, 25.0000, 25.0000, 25.0000, 25.0000,
    25.0000, 25.0000, 25.0000, 25.0000, 25.0000, 25.0000, 25.0000, 25.0000, 25.0000, 25.0000,
  ]

### selfplay/rollback_enabled
  Total points: 100
  Min: 1.0000, Max: 1.0000, Mean: 1.0000
  Data: [
    1.0000, 1.0000, 1.0000, 1.0000, 1.0000, 1.0000, 1.0000, 1.0000, 1.0000, 1.0000,
    1.0000, 1.0000, 1.0000, 1.0000, 1.0000, 1.0000, 1.0000, 1.0000, 1.0000, 1.0000,
    1.0000, 1.0000, 1.0000, 1.0000, 1.0000, 1.0000, 1.0000, 1.0000, 1.0000, 1.0000,
    1.0000, 1.0000, 1.0000, 1.0000, 1.0000, 1.0000, 1.0000, 1.0000, 1.0000, 1.0000,
    1.0000, 1.0000, 1.0000, 1.0000, 1.0000, 1.0000, 1.0000, 1.0000, 1.0000, 1.0000,
    1.0000, 1.0000, 1.0000, 1.0000, 1.0000, 1.0000, 1.0000, 1.0000, 1.0000, 1.0000,
    1.0000, 1.0000, 1.0000, 1.0000, 1.0000, 1.0000, 1.0000, 1.0000, 1.0000, 1.0000,
    1.0000, 1.0000, 1.0000, 1.0000, 1.0000, 1.0000, 1.0000, 1.0000, 1.0000, 1.0000,
    1.0000, 1.0000, 1.0000, 1.0000, 1.0000, 1.0000, 1.0000, 1.0000, 1.0000, 1.0000,
    1.0000, 1.0000, 1.0000, 1.0000, 1.0000, 1.0000, 1.0000, 1.0000, 1.0000, 1.0000,
  ]

### selfplay/weak_ratio_target
  Total points: 100
  Min: 0.5000, Max: 0.5000, Mean: 0.5000
  Data: [
    0.5000, 0.5000, 0.5000, 0.5000, 0.5000, 0.5000, 0.5000, 0.5000, 0.5000, 0.5000,
    0.5000, 0.5000, 0.5000, 0.5000, 0.5000, 0.5000, 0.5000, 0.5000, 0.5000, 0.5000,
    0.5000, 0.5000, 0.5000, 0.5000, 0.5000, 0.5000, 0.5000, 0.5000, 0.5000, 0.5000,
    0.5000, 0.5000, 0.5000, 0.5000, 0.5000, 0.5000, 0.5000, 0.5000, 0.5000, 0.5000,
    0.5000, 0.5000, 0.5000, 0.5000, 0.5000, 0.5000, 0.5000, 0.5000, 0.5000, 0.5000,
    0.5000, 0.5000, 0.5000, 0.5000, 0.5000, 0.5000, 0.5000, 0.5000, 0.5000, 0.5000,
    0.5000, 0.5000, 0.5000, 0.5000, 0.5000, 0.5000, 0.5000, 0.5000, 0.5000, 0.5000,
    0.5000, 0.5000, 0.5000, 0.5000, 0.5000, 0.5000, 0.5000, 0.5000, 0.5000, 0.5000,
    0.5000, 0.5000, 0.5000, 0.5000, 0.5000, 0.5000, 0.5000, 0.5000, 0.5000, 0.5000,
    0.5000, 0.5000, 0.5000, 0.5000, 0.5000, 0.5000, 0.5000, 0.5000, 0.5000, 0.5000,
  ]

### strategic/attack_diversity_bonus
  Total points: 100
  Min: 0.0000, Max: 3.0000, Mean: 0.7300
  Data: [
    0.0000, 0.0000, 0.0000, 0.0000, 0.0000, 0.0000, 0.0000, 0.0000, 0.0000, 0.0000,
    0.0000, 0.0000, 0.0000, 0.0000, 0.0000, 0.0000, 0.0000, 0.0000, 0.0000, 0.0000,
    0.0000, 0.0000, 0.0000, 0.0000, 0.0000, 0.0000, 0.0000, 2.0000, 0.0000, 0.0000,
    0.0000, 0.0000, 0.0000, 0.0000, 0.0000, 2.0000, 0.0000, 0.0000, 0.0000, 0.0000,
    0.0000, 0.0000, 0.0000, 0.0000, 0.0000, 0.0000, 0.0000, 0.0000, 0.0000, 0.0000,
    0.0000, 0.0000, 0.0000, 0.0000, 3.0000, 0.0000, 2.0000, 3.0000, 3.0000, 0.0000,
    2.0000, 3.0000, 2.0000, 2.0000, 0.0000, 3.0000, 2.0000, 3.0000, 2.0000, 0.0000,
    0.0000, 2.0000, 3.0000, 2.0000, 0.0000, 0.0000, 0.0000, 0.0000, 3.0000, 0.0000,
    3.0000, 3.0000, 2.0000, 2.0000, 0.0000, 0.0000, 3.0000, 2.0000, 3.0000, 0.0000,
    0.0000, 2.0000, 3.0000, 3.0000, 0.0000, 0.0000, 0.0000, 3.0000, 0.0000, 0.0000,
  ]

### strategic/attack_sides_unique
  Total points: 100
  Min: 0.0000, Max: 3.0000, Mean: 1.0200
  Data: [
    0.0000, 1.0000, 1.0000, 0.0000, 1.0000, 0.0000, 0.0000, 0.0000, 0.0000, 0.0000,
    0.0000, 0.0000, 0.0000, 0.0000, 0.0000, 0.0000, 0.0000, 0.0000, 0.0000, 0.0000,
    0.0000, 0.0000, 0.0000, 0.0000, 1.0000, 1.0000, 0.0000, 2.0000, 0.0000, 0.0000,
    0.0000, 1.0000, 0.0000, 0.0000, 1.0000, 2.0000, 0.0000, 0.0000, 0.0000, 1.0000,
    1.0000, 0.0000, 0.0000, 0.0000, 0.0000, 0.0000, 0.0000, 1.0000, 2.0000, 1.0000,
    0.0000, 0.0000, 1.0000, 1.0000, 3.0000, 1.0000, 2.0000, 3.0000, 3.0000, 1.0000,
    2.0000, 3.0000, 2.0000, 2.0000, 0.0000, 3.0000, 2.0000, 3.0000, 2.0000, 1.0000,
    1.0000, 2.0000, 3.0000, 2.0000, 1.0000, 0.0000, 0.0000, 1.0000, 3.0000, 1.0000,
    3.0000, 3.0000, 2.0000, 2.0000, 1.0000, 1.0000, 3.0000, 2.0000, 3.0000, 1.0000,
    0.0000, 2.0000, 3.0000, 3.0000, 1.0000, 0.0000, 1.0000, 3.0000, 1.0000, 1.0000,
  ]

### strategic/forcing_bonus
  Total points: 100
  Min: 0.0000, Max: 2.0000, Mean: 1.0086
  Data: [
    0.0000, 0.0000, 0.0000, 1.7052, 0.0000, 1.0746, 0.0000, 0.0000, 0.0000, 0.0000,
    0.0000, 2.0000, 0.0000, 0.0000, 0.0000, 0.0000, 0.0000, 0.0000, 0.0000, 0.0000,
    0.0000, 0.0000, 0.0000, 1.6075, 0.0000, 2.0000, 1.8077, 1.7046, 0.0000, 0.0000,
    0.0000, 2.0000, 0.0000, 0.0000, 1.0251, 0.0000, 0.0000, 0.0000, 0.0000, 1.2326,
    2.0000, 0.0000, 0.0000, 0.0000, 0.0000, 2.0000, 0.0000, 0.0000, 1.4422, 1.3294,
    2.0000, 2.0000, 0.0000, 1.6807, 2.0000, 1.4537, 1.6141, 2.0000, 2.0000, 0.0000,
    1.7786, 1.8447, 1.6129, 2.0000, 1.3215, 2.0000, 0.0000, 1.5549, 2.0000, 1.0314,
    1.4947, 2.0000, 1.8360, 2.0000, 2.0000, 0.0000, 2.0000, 2.0000, 2.0000, 0.0000,
    2.0000, 1.9345, 2.0000, 0.0000, 2.0000, 2.0000, 2.0000, 2.0000, 1.8669, 2.0000,
    0.0000, 1.7861, 2.0000, 2.0000, 2.0000, 0.0000, 2.0000, 2.0000, 1.6335, 1.4839,
  ]

### strategic/opponent_avg_movement
  Total points: 100
  Min: 0.0180, Max: 0.1599, Mean: 0.0759
  Data: [
    0.0899, 0.0460, 0.0383, 0.0342, 0.0455, 0.0827, 0.0913, 0.1033, 0.0725, 0.0636,
    0.0180, 0.0482, 0.0729, 0.0833, 0.0593, 0.0759, 0.0826, 0.0875, 0.0722, 0.0668,
    0.0624, 0.0748, 0.0612, 0.0323, 0.0478, 0.0432, 0.0363, 0.0342, 0.0490, 0.0711,
    0.0832, 0.0493, 0.0705, 0.0936, 0.0693, 0.0493, 0.0560, 0.0771, 0.0837, 0.0337,
    0.0530, 0.1029, 0.0746, 0.0345, 0.0823, 0.0530, 0.0733, 0.0446, 0.0424, 0.0523,
    0.0576, 0.1329, 0.1477, 0.1025, 0.1071, 0.0765, 0.1242, 0.0481, 0.0432, 0.1052,
    0.0357, 0.0981, 0.1169, 0.0708, 0.1377, 0.1029, 0.1599, 0.0477, 0.0446, 0.1121,
    0.0812, 0.1176, 0.0646, 0.0971, 0.1193, 0.1441, 0.0528, 0.1308, 0.0580, 0.0299,
    0.0942, 0.0388, 0.0856, 0.0834, 0.0939, 0.0983, 0.0968, 0.0866, 0.0375, 0.0882,
    0.0611, 0.0572, 0.0800, 0.0871, 0.1501, 0.1515, 0.0452, 0.0804, 0.0961, 0.0883,
  ]

### strategic/opponent_total_movement
  Total points: 100
  Min: 0.3597, Max: 24.4717, Mean: 8.3665
  Data: [
    2.6960, 3.7698, 4.8282, 8.5259, 3.6887, 5.3730, 2.7404, 3.2009, 2.2477, 1.9068,
    0.3597, 12.0031, 4.2260, 2.5829, 2.9057, 2.2772, 2.6440, 2.7122, 2.2367, 2.0053,
    1.8725, 2.3933, 1.8359, 8.0375, 4.6405, 10.7581, 9.0383, 8.5228, 4.1152, 4.0517,
    2.5783, 12.2694, 2.1841, 2.8072, 5.1254, 4.1897, 2.8007, 4.2427, 3.9339, 6.1628,
    13.1907, 3.2932, 2.2366, 4.3797, 2.5505, 13.2066, 3.4468, 4.6394, 7.2110, 6.6471,
    14.3510, 10.2325, 4.4304, 8.4035, 17.5568, 7.2686, 8.0704, 11.9839, 10.7604, 4.5250,
    8.8929, 9.2234, 8.0643, 10.0520, 6.6077, 18.5260, 4.9576, 7.7744, 11.1118, 5.1572,
    7.4737, 13.7592, 9.1799, 24.1749, 10.8529, 3.6016, 13.1410, 24.3235, 14.4466, 1.5261,
    23.4568, 9.6724, 21.3216, 2.0015, 16.6194, 24.4717, 24.0954, 17.7513, 9.3346, 21.9580,
    1.8324, 8.9303, 19.9078, 21.6802, 20.1174, 4.6970, 11.2434, 16.2501, 8.1675, 7.4193,
  ]

### strategic/shot_quality_ratio
  Total points: 100
  Min: 0.0000, Max: 1.0000, Mean: 0.4834
  Data: [
    0.0000, 0.9000, 1.0000, 0.0000, 0.6923, 0.0000, 0.0000, 0.0000, 0.0000, 0.0000,
    0.0000, 0.0000, 0.0000, 0.0000, 0.0000, 0.0000, 0.0000, 0.0000, 0.0000, 0.0000,
    0.0000, 0.0000, 0.0000, 0.0000, 0.7273, 1.0000, 0.0000, 1.0000, 0.0000, 0.0000,
    0.0000, 1.0000, 0.0000, 0.0000, 1.0000, 0.8750, 0.0000, 0.0000, 0.0000, 1.0000,
    1.0000, 0.0000, 0.0000, 0.0000, 0.0000, 0.0000, 0.0000, 1.0000, 1.0000, 1.0000,
    0.0000, 0.0000, 1.0000, 0.3125, 0.8182, 0.5455, 0.6364, 0.6364, 0.9070, 1.0000,
    1.0000, 0.8000, 1.0000, 1.0000, 0.0000, 1.0000, 1.0000, 0.8936, 0.9130, 0.3000,
    0.9231, 0.7647, 0.5385, 0.7188, 0.3571, 0.0000, 0.0000, 0.2778, 0.9857, 1.0000,
    0.9787, 0.9630, 1.0000, 0.6250, 0.3636, 1.0000, 1.0000, 1.0000, 1.0000, 1.0000,
    0.0000, 1.0000, 1.0000, 1.0000, 0.3636, 0.0000, 0.6667, 0.8571, 1.0000, 1.0000,
  ]

### strategic/shots_blocked
  Total points: 100
  Min: 0.0000, Max: 24.0000, Mean: 2.1100
  Data: [
    0.0000, 1.0000, 0.0000, 0.0000, 4.0000, 0.0000, 0.0000, 0.0000, 0.0000, 0.0000,
    0.0000, 1.0000, 0.0000, 0.0000, 0.0000, 0.0000, 0.0000, 0.0000, 0.0000, 0.0000,
    0.0000, 0.0000, 0.0000, 0.0000, 3.0000, 0.0000, 0.0000, 0.0000, 0.0000, 0.0000,
    0.0000, 0.0000, 0.0000, 0.0000, 0.0000, 1.0000, 0.0000, 0.0000, 0.0000, 0.0000,
    0.0000, 0.0000, 0.0000, 0.0000, 0.0000, 0.0000, 1.0000, 0.0000, 0.0000, 0.0000,
    12.0000, 12.0000, 0.0000, 11.0000, 6.0000, 10.0000, 4.0000, 24.0000, 4.0000, 0.0000,
    0.0000, 3.0000, 0.0000, 0.0000, 10.0000, 0.0000, 0.0000, 5.0000, 2.0000, 7.0000,
    2.0000, 4.0000, 12.0000, 9.0000, 9.0000, 6.0000, 9.0000, 13.0000, 1.0000, 0.0000,
    1.0000, 1.0000, 0.0000, 3.0000, 7.0000, 0.0000, 0.0000, 0.0000, 0.0000, 0.0000,
    0.0000, 0.0000, 0.0000, 0.0000, 7.0000, 0.0000, 3.0000, 3.0000, 0.0000, 0.0000,
  ]

### strategic/shots_clear
  Total points: 100
  Min: 0.0000, Max: 69.0000, Mean: 9.1400
  Data: [
    0.0000, 9.0000, 1.0000, 0.0000, 9.0000, 0.0000, 0.0000, 0.0000, 0.0000, 0.0000,
    0.0000, 0.0000, 0.0000, 0.0000, 0.0000, 0.0000, 0.0000, 0.0000, 0.0000, 0.0000,
    0.0000, 0.0000, 0.0000, 0.0000, 8.0000, 14.0000, 0.0000, 5.0000, 0.0000, 0.0000,
    0.0000, 3.0000, 0.0000, 0.0000, 3.0000, 7.0000, 0.0000, 0.0000, 0.0000, 18.0000,
    8.0000, 0.0000, 0.0000, 0.0000, 0.0000, 0.0000, 0.0000, 1.0000, 2.0000, 5.0000,
    0.0000, 0.0000, 6.0000, 5.0000, 27.0000, 12.0000, 7.0000, 42.0000, 39.0000, 12.0000,
    22.0000, 12.0000, 15.0000, 45.0000, 0.0000, 19.0000, 9.0000, 42.0000, 21.0000, 3.0000,
    24.0000, 13.0000, 14.0000, 23.0000, 5.0000, 0.0000, 0.0000, 5.0000, 69.0000, 11.0000,
    46.0000, 26.0000, 30.0000, 5.0000, 4.0000, 22.0000, 28.0000, 20.0000, 18.0000, 6.0000,
    0.0000, 17.0000, 32.0000, 33.0000, 4.0000, 0.0000, 6.0000, 18.0000, 3.0000, 1.0000,
  ]

### training/avg_episode_length
  Total points: 100
  Min: 57.8000, Max: 203.5000, Mean: 139.1460
  Data: [
    185.4000, 202.3000, 196.2000, 186.9000, 187.5000, 173.8000, 159.7000, 104.3000, 184.3000, 128.1000,
    88.6000, 152.2000, 98.9000, 119.3000, 120.4000, 136.7000, 70.9000, 109.5000, 71.8000, 116.9000,
    82.5000, 126.5000, 96.1000, 168.1000, 131.5000, 121.8000, 127.3000, 87.3000, 112.6000, 103.5000,
    140.2000, 111.6000, 102.0000, 153.6000, 121.5000, 120.2000, 121.7000, 129.0000, 121.3000, 119.3000,
    174.5000, 110.9000, 123.1000, 135.4000, 70.4000, 169.0000, 100.2000, 129.9000, 154.2000, 116.8000,
    171.8000, 135.3000, 111.7000, 192.7000, 142.5000, 197.3000, 112.9000, 199.3000, 201.6000, 81.7000,
    158.1000, 130.1000, 140.4000, 136.9000, 142.9000, 122.2000, 97.4000, 186.9000, 139.3000, 113.5000,
    164.3000, 143.1000, 170.4000, 169.8000, 89.6000, 57.8000, 187.8000, 153.5000, 139.7000, 147.4000,
    176.8000, 177.8000, 190.2000, 180.1000, 203.5000, 169.0000, 150.9000, 150.2000, 199.5000, 124.4000,
    166.9000, 175.0000, 146.0000, 152.7000, 114.3000, 143.7000, 147.4000, 102.2000, 129.3000, 101.1000,
  ]

### training/calls_per_episode
  Total points: 100
  Min: 0.0000, Max: 0.0000, Mean: 0.0000
  Data: [
    0.0000, 0.0000, 0.0000, 0.0000, 0.0000, 0.0000, 0.0000, 0.0000, 0.0000, 0.0000,
    0.0000, 0.0000, 0.0000, 0.0000, 0.0000, 0.0000, 0.0000, 0.0000, 0.0000, 0.0000,
    0.0000, 0.0000, 0.0000, 0.0000, 0.0000, 0.0000, 0.0000, 0.0000, 0.0000, 0.0000,
    0.0000, 0.0000, 0.0000, 0.0000, 0.0000, 0.0000, 0.0000, 0.0000, 0.0000, 0.0000,
    0.0000, 0.0000, 0.0000, 0.0000, 0.0000, 0.0000, 0.0000, 0.0000, 0.0000, 0.0000,
    0.0000, 0.0000, 0.0000, 0.0000, 0.0000, 0.0000, 0.0000, 0.0000, 0.0000, 0.0000,
    0.0000, 0.0000, 0.0000, 0.0000, 0.0000, 0.0000, 0.0000, 0.0000, 0.0000, 0.0000,
    0.0000, 0.0000, 0.0000, 0.0000, 0.0000, 0.0000, 0.0000, 0.0000, 0.0000, 0.0000,
    0.0000, 0.0000, 0.0000, 0.0000, 0.0000, 0.0000, 0.0000, 0.0000, 0.0000, 0.0000,
    0.0000, 0.0000, 0.0000, 0.0000, 0.0000, 0.0000, 0.0000, 0.0000, 0.0000, 0.0000,
  ]

### training/episode
  Total points: 100
  Min: 20.0000, Max: 82000.0000, Mean: 41204.0000
  Data: [
    20.0000, 160.0000, 180.0000, 560.0000, 660.0000, 820.0000, 940.0000, 1260.0000, 1460.0000, 1500.0000,
    1660.0000, 1720.0000, 2020.0000, 2580.0000, 2640.0000, 2860.0000, 2900.0000, 2920.0000, 3000.0000, 3040.0000,
    3340.0000, 3780.0000, 3940.0000, 4120.0000, 4200.0000, 4420.0000, 4500.0000, 4680.0000, 4800.0000, 4860.0000,
    5000.0000, 5120.0000, 5280.0000, 5300.0000, 5480.0000, 5640.0000, 6200.0000, 6260.0000, 6320.0000, 6380.0000,
    6420.0000, 6500.0000, 6560.0000, 7140.0000, 7240.0000, 7640.0000, 8200.0000, 8500.0000, 8620.0000, 8680.0000,
    74260.0000, 74340.0000, 74480.0000, 74740.0000, 74800.0000, 74960.0000, 75040.0000, 75140.0000, 75360.0000, 75380.0000,
    75400.0000, 75540.0000, 75640.0000, 75720.0000, 75840.0000, 76060.0000, 76100.0000, 76200.0000, 76380.0000, 76720.0000,
    76820.0000, 77560.0000, 78100.0000, 78180.0000, 78460.0000, 78520.0000, 78640.0000, 78720.0000, 79180.0000, 79300.0000,
    79620.0000, 79640.0000, 79960.0000, 80140.0000, 80240.0000, 80720.0000, 80820.0000, 80860.0000, 81080.0000, 81140.0000,
    81260.0000, 81300.0000, 81320.0000, 81660.0000, 81720.0000, 81740.0000, 81760.0000, 81860.0000, 81960.0000, 82000.0000,
  ]

### training/episode_block_size
  Total points: 100
  Min: 20.0000, Max: 20.0000, Mean: 20.0000
  Data: [
    20.0000, 20.0000, 20.0000, 20.0000, 20.0000, 20.0000, 20.0000, 20.0000, 20.0000, 20.0000,
    20.0000, 20.0000, 20.0000, 20.0000, 20.0000, 20.0000, 20.0000, 20.0000, 20.0000, 20.0000,
    20.0000, 20.0000, 20.0000, 20.0000, 20.0000, 20.0000, 20.0000, 20.0000, 20.0000, 20.0000,
    20.0000, 20.0000, 20.0000, 20.0000, 20.0000, 20.0000, 20.0000, 20.0000, 20.0000, 20.0000,
    20.0000, 20.0000, 20.0000, 20.0000, 20.0000, 20.0000, 20.0000, 20.0000, 20.0000, 20.0000,
    20.0000, 20.0000, 20.0000, 20.0000, 20.0000, 20.0000, 20.0000, 20.0000, 20.0000, 20.0000,
    20.0000, 20.0000, 20.0000, 20.0000, 20.0000, 20.0000, 20.0000, 20.0000, 20.0000, 20.0000,
    20.0000, 20.0000, 20.0000, 20.0000, 20.0000, 20.0000, 20.0000, 20.0000, 20.0000, 20.0000,
    20.0000, 20.0000, 20.0000, 20.0000, 20.0000, 20.0000, 20.0000, 20.0000, 20.0000, 20.0000,
    20.0000, 20.0000, 20.0000, 20.0000, 20.0000, 20.0000, 20.0000, 20.0000, 20.0000, 20.0000,
  ]

### training/episodes_in_current_block
  Total points: 100
  Min: 19.0000, Max: 8680.0000, Mean: 2089.7000
  Data: [
    20.0000, 160.0000, 180.0000, 560.0000, 660.0000, 820.0000, 940.0000, 1260.0000, 1460.0000, 1500.0000,
    1660.0000, 1720.0000, 2020.0000, 2580.0000, 2640.0000, 2860.0000, 2900.0000, 2920.0000, 3000.0000, 3040.0000,
    3340.0000, 3780.0000, 3940.0000, 4120.0000, 4200.0000, 4420.0000, 4500.0000, 4680.0000, 4800.0000, 4860.0000,
    5000.0000, 5120.0000, 5280.0000, 5300.0000, 5480.0000, 5640.0000, 6200.0000, 6260.0000, 6320.0000, 6380.0000,
    6420.0000, 6500.0000, 6560.0000, 7140.0000, 7240.0000, 7640.0000, 8200.0000, 8500.0000, 8620.0000, 8680.0000,
    19.0000, 19.0000, 19.0000, 19.0000, 19.0000, 19.0000, 19.0000, 19.0000, 19.0000, 19.0000,
    19.0000, 19.0000, 19.0000, 19.0000, 19.0000, 19.0000, 19.0000, 19.0000, 19.0000, 19.0000,
    19.0000, 19.0000, 19.0000, 19.0000, 19.0000, 19.0000, 19.0000, 19.0000, 19.0000, 19.0000,
    19.0000, 19.0000, 19.0000, 19.0000, 19.0000, 19.0000, 19.0000, 19.0000, 19.0000, 19.0000,
    19.0000, 19.0000, 19.0000, 19.0000, 19.0000, 19.0000, 19.0000, 19.0000, 19.0000, 19.0000,
  ]

### training/eps_per_sec
  Total points: 100
  Min: 0.2485, Max: 5.6396, Mean: 1.9747
  Data: [
    3.4559, 4.9464, 4.5049, 4.3521, 4.6655, 5.0258, 5.6396, 2.2081, 1.5937, 1.6701,
    2.1773, 1.7938, 0.2485, 2.7012, 1.9974, 1.8285, 2.6336, 2.4042, 3.0620, 2.0630,
    2.2659, 1.8607, 2.7423, 1.8263, 2.0157, 1.8420, 2.0046, 2.7225, 2.1869, 2.7505,
    1.9203, 2.4969, 2.1330, 1.5514, 1.9204, 1.8781, 2.4702, 2.1468, 2.1285, 2.1957,
    1.9219, 2.4356, 1.6836, 1.8233, 2.7785, 1.8006, 2.3311, 1.7958, 1.5466, 2.0080,
    1.3038, 1.5926, 1.9955, 1.3173, 1.4877, 1.2410, 1.8635, 1.2144, 1.2764, 2.0515,
    1.3694, 1.7459, 1.6813, 1.4941, 1.5455, 1.5074, 1.9013, 1.1741, 1.4679, 1.8302,
    1.3316, 1.3410, 1.5607, 1.4002, 2.4213, 0.2498, 1.3367, 1.6490, 1.4933, 1.4528,
    1.2775, 1.2281, 1.3873, 1.2236, 1.3194, 1.5092, 1.6074, 1.7499, 1.2832, 1.3627,
    1.2567, 1.2828, 1.8448, 1.4979, 1.3910, 1.5594, 1.5590, 1.9027, 1.4166, 2.3585,
  ]

### training/epsilon
  Total points: 100
  Min: 0.0567, Max: 0.9993, Mean: 0.4663
  Data: [
    0.9993, 0.9944, 0.9937, 0.9806, 0.9772, 0.9717, 0.9676, 0.9569, 0.9502, 0.9489,
    0.9436, 0.9416, 0.9317, 0.9137, 0.9117, 0.9047, 0.9035, 0.9028, 0.9003, 0.8991,
    0.8897, 0.8761, 0.8712, 0.8657, 0.8633, 0.8567, 0.8543, 0.8489, 0.8454, 0.8436,
    0.8395, 0.8359, 0.8313, 0.8307, 0.8255, 0.8209, 0.8049, 0.8032, 0.8016, 0.7999,
    0.7988, 0.7965, 0.7948, 0.7789, 0.7762, 0.7654, 0.7505, 0.7427, 0.7396, 0.7380,
    0.0743, 0.0741, 0.0738, 0.0731, 0.0729, 0.0725, 0.0723, 0.0721, 0.0715, 0.0715,
    0.0714, 0.0711, 0.0708, 0.0706, 0.0703, 0.0698, 0.0697, 0.0695, 0.0690, 0.0682,
    0.0680, 0.0662, 0.0650, 0.0648, 0.0642, 0.0640, 0.0638, 0.0636, 0.0626, 0.0623,
    0.0616, 0.0616, 0.0609, 0.0605, 0.0603, 0.0593, 0.0591, 0.0590, 0.0586, 0.0584,
    0.0582, 0.0581, 0.0581, 0.0574, 0.0573, 0.0572, 0.0572, 0.0570, 0.0568, 0.0567,
  ]

### training/lr_actor
  Total points: 100
  Min: 0.0001, Max: 0.0003, Mean: 0.0002
  Data: [
    0.0003, 0.0003, 0.0003, 0.0003, 0.0003, 0.0003, 0.0003, 0.0003, 0.0003, 0.0003,
    0.0003, 0.0003, 0.0003, 0.0003, 0.0003, 0.0003, 0.0003, 0.0003, 0.0003, 0.0003,
    0.0003, 0.0003, 0.0003, 0.0003, 0.0003, 0.0003, 0.0003, 0.0003, 0.0003, 0.0003,
    0.0003, 0.0003, 0.0003, 0.0003, 0.0003, 0.0003, 0.0003, 0.0003, 0.0003, 0.0003,
    0.0003, 0.0003, 0.0003, 0.0003, 0.0003, 0.0003, 0.0003, 0.0003, 0.0003, 0.0003,
    0.0001, 0.0001, 0.0001, 0.0001, 0.0001, 0.0001, 0.0001, 0.0001, 0.0001, 0.0001,
    0.0001, 0.0001, 0.0001, 0.0001, 0.0001, 0.0001, 0.0001, 0.0001, 0.0001, 0.0001,
    0.0001, 0.0001, 0.0001, 0.0001, 0.0001, 0.0001, 0.0001, 0.0001, 0.0001, 0.0001,
    0.0001, 0.0001, 0.0001, 0.0001, 0.0001, 0.0001, 0.0001, 0.0001, 0.0001, 0.0001,
    0.0001, 0.0001, 0.0001, 0.0001, 0.0001, 0.0001, 0.0001, 0.0001, 0.0001, 0.0001,
  ]

### training/lr_critic
  Total points: 100
  Min: 0.0001, Max: 0.0003, Mean: 0.0002
  Data: [
    0.0003, 0.0003, 0.0003, 0.0003, 0.0003, 0.0003, 0.0003, 0.0003, 0.0003, 0.0003,
    0.0003, 0.0003, 0.0003, 0.0003, 0.0003, 0.0003, 0.0003, 0.0003, 0.0003, 0.0003,
    0.0003, 0.0003, 0.0003, 0.0003, 0.0003, 0.0003, 0.0003, 0.0003, 0.0003, 0.0003,
    0.0003, 0.0003, 0.0003, 0.0003, 0.0003, 0.0003, 0.0003, 0.0003, 0.0003, 0.0003,
    0.0003, 0.0003, 0.0003, 0.0003, 0.0003, 0.0003, 0.0003, 0.0003, 0.0003, 0.0003,
    0.0001, 0.0001, 0.0001, 0.0001, 0.0001, 0.0001, 0.0001, 0.0001, 0.0001, 0.0001,
    0.0001, 0.0001, 0.0001, 0.0001, 0.0001, 0.0001, 0.0001, 0.0001, 0.0001, 0.0001,
    0.0001, 0.0001, 0.0001, 0.0001, 0.0001, 0.0001, 0.0001, 0.0001, 0.0001, 0.0001,
    0.0001, 0.0001, 0.0001, 0.0001, 0.0001, 0.0001, 0.0001, 0.0001, 0.0001, 0.0001,
    0.0001, 0.0001, 0.0001, 0.0001, 0.0001, 0.0001, 0.0001, 0.0001, 0.0001, 0.0001,
  ]

### training/pbrs_enabled
  Total points: 100
  Min: 1.0000, Max: 1.0000, Mean: 1.0000
  Data: [
    1.0000, 1.0000, 1.0000, 1.0000, 1.0000, 1.0000, 1.0000, 1.0000, 1.0000, 1.0000,
    1.0000, 1.0000, 1.0000, 1.0000, 1.0000, 1.0000, 1.0000, 1.0000, 1.0000, 1.0000,
    1.0000, 1.0000, 1.0000, 1.0000, 1.0000, 1.0000, 1.0000, 1.0000, 1.0000, 1.0000,
    1.0000, 1.0000, 1.0000, 1.0000, 1.0000, 1.0000, 1.0000, 1.0000, 1.0000, 1.0000,
    1.0000, 1.0000, 1.0000, 1.0000, 1.0000, 1.0000, 1.0000, 1.0000, 1.0000, 1.0000,
    1.0000, 1.0000, 1.0000, 1.0000, 1.0000, 1.0000, 1.0000, 1.0000, 1.0000, 1.0000,
    1.0000, 1.0000, 1.0000, 1.0000, 1.0000, 1.0000, 1.0000, 1.0000, 1.0000, 1.0000,
    1.0000, 1.0000, 1.0000, 1.0000, 1.0000, 1.0000, 1.0000, 1.0000, 1.0000, 1.0000,
    1.0000, 1.0000, 1.0000, 1.0000, 1.0000, 1.0000, 1.0000, 1.0000, 1.0000, 1.0000,
    1.0000, 1.0000, 1.0000, 1.0000, 1.0000, 1.0000, 1.0000, 1.0000, 1.0000, 1.0000,
  ]

### training/tie_penalty
  Total points: 100
  Min: -3.0000, Max: 0.0000, Mean: -0.8100
  Data: [
    0.0000, 0.0000, 0.0000, -3.0000, 0.0000, 0.0000, 0.0000, 0.0000, 0.0000, 0.0000,
    0.0000, -3.0000, 0.0000, 0.0000, 0.0000, 0.0000, 0.0000, 0.0000, 0.0000, 0.0000,
    0.0000, 0.0000, 0.0000, -3.0000, 0.0000, -3.0000, -3.0000, -3.0000, 0.0000, 0.0000,
    0.0000, -3.0000, 0.0000, 0.0000, 0.0000, 0.0000, 0.0000, 0.0000, 0.0000, 0.0000,
    -3.0000, 0.0000, 0.0000, 0.0000, 0.0000, -3.0000, 0.0000, 0.0000, 0.0000, 0.0000,
    -3.0000, 0.0000, 0.0000, 0.0000, 0.0000, 0.0000, 0.0000, -3.0000, -3.0000, 0.0000,
    -3.0000, 0.0000, 0.0000, 0.0000, 0.0000, 0.0000, 0.0000, 0.0000, -3.0000, 0.0000,
    0.0000, 0.0000, 0.0000, -3.0000, 0.0000, 0.0000, -3.0000, 0.0000, -3.0000, 0.0000,
    -3.0000, -3.0000, -3.0000, 0.0000, 0.0000, -3.0000, -3.0000, 0.0000, -3.0000, -3.0000,
    0.0000, 0.0000, -3.0000, -3.0000, 0.0000, 0.0000, -3.0000, 0.0000, 0.0000, 0.0000,
  ]

### values/Q_avg
  Total points: 50
  Min: -2.3219, Max: 5.0282, Mean: 0.5868
  Data: [
    -0.7504, -1.1614, -0.5759, -1.0271, -1.2340, -2.3219, -1.8844, 0.3571, -1.2724, -0.3032,
    -1.1791, -1.5821, -0.8975, 0.9126, 0.7776, 1.4188, 0.6607, 1.7963, 0.1656, 0.9386,
    2.6593, 2.2896, 2.2972, 5.0282, 1.2133, 0.8440, 0.8606, 1.4068, 1.4989, 1.7205,
    1.0022, 0.7658, 0.8867, 0.2807, 1.0249, 0.3359, 0.5860, 1.1840, 1.5440, 1.1443,
    0.8740, 1.9264, 0.0389, -0.1248, 1.2209, 1.3582, 0.9583, -0.7545, 0.8726, 1.5570,
  ]

### values/Q_max
  Total points: 50
  Min: 3.3088, Max: 23.1034, Mean: 16.4428
  Data: [
    3.3088, 10.9724, 9.2194, 15.8841, 17.3464, 23.1034, 11.4038, 21.2570, 17.8122, 20.1747,
    13.9820, 15.3193, 15.4882, 16.9659, 16.5465, 17.1321, 18.1473, 21.2223, 18.1179, 22.9448,
    22.2098, 19.2095, 18.2097, 22.4361, 17.3659, 17.5953, 16.0578, 13.6688, 17.3001, 16.2453,
    17.4430, 17.4707, 11.1210, 15.9000, 17.1702, 12.1151, 16.7365, 17.5922, 16.9518, 16.6390,
    14.1586, 17.0094, 14.2131, 18.1892, 17.2148, 17.0118, 10.6803, 15.8054, 15.1364, 16.9343,
  ]

### values/Q_min
  Total points: 50
  Min: -22.3492, Max: -5.4644, Mean: -13.4169
  Data: [
    -5.4644, -13.3487, -11.0309, -11.1282, -11.7537, -11.3727, -13.2782, -14.2716, -20.3905, -20.2702,
    -12.8770, -13.9653, -11.7871, -11.8227, -11.0488, -10.2978, -15.4039, -12.3261, -14.3078, -12.5366,
    -11.5725, -10.6521, -12.1617, -22.3492, -12.0682, -9.9980, -13.4692, -14.2302, -16.1582, -13.4178,
    -12.9050, -12.5436, -12.2132, -15.7620, -12.6944, -15.9764, -14.7727, -15.9036, -15.1876, -12.0574,
    -14.5216, -11.1957, -14.5067, -12.7983, -11.9806, -14.3010, -12.7116, -16.4483, -12.1110, -15.4932,
  ]

### values/Q_std
  Total points: 50
  Min: 2.2793, Max: 8.0993, Mean: 6.4851
  Data: [
    2.2793, 5.1225, 5.1546, 6.4947, 7.0377, 6.3313, 6.0423, 8.0993, 7.6226, 7.9762,
    6.6601, 6.0398, 6.0112, 5.4883, 6.0810, 6.4249, 7.1259, 7.4834, 6.4880, 6.0325,
    6.1200, 6.2181, 5.8037, 7.7176, 6.5466, 6.5678, 7.0670, 5.8395, 6.7437, 5.7204,
    6.4735, 6.4415, 5.8417, 7.5543, 6.9084, 6.8516, 6.9894, 6.4980, 7.5790, 6.3354,
    6.9894, 6.2074, 6.5785, 6.8620, 6.3948, 6.9655, 6.0153, 7.3083, 6.5077, 6.6145,
  ]
