================================================================================
W&B RUN DATA: TD3-Hockey-NORMAL-strong-lr0.0010-seed421
================================================================================

## RUN METADATA
Run ID: 4p4ckywx
Created: 2026-01-16T13:56:35Z
State: running
Duration: 4109.533290543 seconds

## CONFIGURATION
  algorithm: TD3
  mode: NORMAL
  opponent: strong
  learning_rate_actor: 0.001
  learning_rate_critic: 0.001
  batch_size: 100
  buffer_size: 1000000
  max_episodes: 100000
  random_seed: 42
  self_play_start: 0
  self_play_pool_size: 25
  gamma: 0.99
  tau: 0.005

## FINAL SUMMARY

## NOTE: Data discretized to fit 100000 char limit
  Showing ~66 points per metric (of 298 total)

## METRICS DATA

### behavior/action_magnitude_avg
  Total points: 100
  Min: 0.9480, Max: 1.1462, Mean: 1.0502
  Data: [
    0.9686, 0.9753, 0.9674, 0.9648, 0.9831, 0.9705, 0.9529, 0.9562, 0.9752, 0.9861,
    0.9810, 0.9702, 0.9605, 0.9485, 0.9801, 0.9802, 0.9609, 0.9627, 0.9643, 0.9748,
    0.9610, 0.9599, 0.9799, 0.9894, 0.9636, 0.9681, 0.9955, 0.9766, 0.9653, 0.9789,
    0.9681, 0.9853, 0.9755, 0.9728, 0.9649, 0.9682, 0.9637, 0.9634, 0.9773, 0.9757,
    0.9540, 0.9679, 0.9636, 0.9589, 0.9737, 0.9503, 0.9480, 0.9554, 0.9554, 0.9833,
    1.1315, 1.1256, 1.1193, 1.1262, 1.1127, 1.1379, 1.1337, 1.1264, 1.1159, 1.1444,
    1.1341, 1.1327, 1.1207, 1.1389, 1.1360, 1.1429, 1.1397, 1.1203, 1.1389, 1.1400,
    1.1185, 1.1409, 1.1232, 1.1182, 1.1333, 1.1460, 1.1278, 1.1356, 1.1417, 1.1320,
    1.1357, 1.1259, 1.1460, 1.1272, 1.1353, 1.1246, 1.1253, 1.1238, 1.1318, 1.1275,
    1.1261, 1.1462, 1.1435, 1.1409, 1.1332, 1.1436, 1.1234, 1.1203, 1.1241, 1.1314,
  ]

### behavior/action_magnitude_max
  Total points: 100
  Min: 1.4078, Max: 1.4142, Mean: 1.4141
  Data: [
    1.4142, 1.4142, 1.4142, 1.4142, 1.4142, 1.4142, 1.4136, 1.4142, 1.4142, 1.4142,
    1.4142, 1.4142, 1.4142, 1.4142, 1.4142, 1.4142, 1.4142, 1.4142, 1.4142, 1.4142,
    1.4142, 1.4142, 1.4142, 1.4142, 1.4142, 1.4142, 1.4142, 1.4142, 1.4142, 1.4142,
    1.4142, 1.4142, 1.4142, 1.4142, 1.4142, 1.4142, 1.4142, 1.4142, 1.4142, 1.4142,
    1.4142, 1.4142, 1.4142, 1.4142, 1.4142, 1.4078, 1.4142, 1.4142, 1.4142, 1.4142,
    1.4142, 1.4142, 1.4142, 1.4142, 1.4142, 1.4142, 1.4142, 1.4142, 1.4142, 1.4142,
    1.4142, 1.4142, 1.4142, 1.4142, 1.4142, 1.4142, 1.4142, 1.4142, 1.4142, 1.4142,
    1.4142, 1.4142, 1.4142, 1.4142, 1.4142, 1.4142, 1.4142, 1.4142, 1.4142, 1.4142,
    1.4142, 1.4142, 1.4142, 1.4142, 1.4142, 1.4142, 1.4142, 1.4142, 1.4142, 1.4142,
    1.4142, 1.4142, 1.4142, 1.4142, 1.4142, 1.4142, 1.4142, 1.4142, 1.4142, 1.4142,
  ]

### behavior/dist_to_puck_avg
  Total points: 100
  Min: 2.1400, Max: 3.6542, Mean: 2.8845
  Data: [
    3.4917, 3.0986, 3.3067, 3.2716, 3.4070, 3.3547, 3.3157, 2.9855, 3.2868, 3.1033,
    3.3252, 3.4115, 3.3268, 3.2229, 3.3526, 3.3470, 3.2981, 3.1143, 3.2480, 2.9185,
    2.9265, 3.1409, 3.2003, 3.2583, 3.1264, 3.1765, 3.1115, 3.5671, 3.5617, 3.3087,
    3.0218, 3.1539, 3.0559, 3.6542, 3.4721, 3.4097, 3.0711, 3.6266, 3.2679, 3.4356,
    3.3392, 2.9709, 3.3472, 3.1941, 3.3493, 3.2980, 3.2197, 3.2016, 3.2343, 3.3104,
    2.6973, 2.8164, 2.5194, 2.9028, 2.4383, 2.5129, 2.6900, 2.7913, 2.5785, 2.6899,
    2.3669, 2.7054, 2.6857, 2.3609, 2.5705, 2.4788, 2.1734, 2.1400, 2.6564, 2.4170,
    2.5176, 2.2435, 2.3263, 2.3886, 2.2968, 2.5235, 2.6152, 2.4725, 2.3344, 2.4464,
    2.5371, 2.4691, 2.6990, 2.6464, 2.7425, 2.4471, 2.4946, 2.7353, 2.3305, 2.4877,
    2.4650, 2.5509, 2.3690, 2.4861, 2.3817, 2.2895, 2.4824, 2.3914, 2.4657, 2.4194,
  ]

### behavior/dist_to_puck_min
  Total points: 100
  Min: 0.2525, Max: 1.1448, Mean: 0.6621
  Data: [
    0.7663, 0.8095, 1.1448, 0.9826, 0.8765, 0.6383, 0.9578, 0.6828, 0.3679, 0.7946,
    0.6651, 1.0425, 0.9425, 0.8843, 0.4506, 0.8367, 1.0183, 1.0558, 1.0087, 0.6556,
    0.7967, 0.9301, 0.5479, 0.8288, 0.5002, 1.0013, 0.8602, 0.5883, 0.8384, 1.0447,
    0.7210, 0.5406, 0.5534, 0.7851, 0.7765, 0.8785, 0.6304, 0.8447, 0.8081, 1.1199,
    1.0371, 0.5973, 0.5291, 1.1090, 0.9239, 0.8407, 1.0954, 1.1261, 0.6627, 0.6596,
    0.6015, 0.6566, 0.2599, 0.6812, 0.4847, 0.3890, 0.6136, 0.5756, 0.4881, 0.3991,
    0.3000, 0.7458, 0.3367, 0.6062, 0.7507, 0.4062, 0.3747, 0.4830, 0.8209, 0.5232,
    0.8406, 0.3896, 0.5398, 0.6693, 0.3405, 0.5802, 0.5934, 0.4487, 0.7126, 0.4870,
    0.5715, 0.2525, 0.5152, 0.4687, 0.8756, 0.5958, 0.4748, 0.5286, 0.2959, 0.3846,
    0.3859, 0.2881, 0.3173, 0.4638, 0.4813, 0.3802, 0.4522, 0.8496, 0.4043, 0.3727,
  ]

### behavior/distance_traveled
  Total points: 100
  Min: 7.8094, Max: 21.0626, Mean: 12.7252
  Data: [
    13.3799, 13.0277, 11.5096, 9.0279, 11.2748, 13.7252, 11.8271, 10.0196, 16.0483, 10.3876,
    11.7473, 10.5247, 12.9900, 12.8879, 16.9497, 11.9997, 14.4547, 10.5300, 10.8893, 13.1559,
    14.1619, 10.9020, 15.5303, 11.7393, 14.7469, 9.8453, 11.7896, 14.9718, 13.5081, 14.3487,
    11.6080, 12.8747, 11.6266, 11.2178, 14.9913, 11.6471, 14.8700, 14.4208, 11.9219, 10.8939,
    14.8495, 10.8537, 15.1503, 11.0632, 10.7663, 11.8738, 13.0725, 12.4382, 10.5366, 11.8664,
    13.3423, 12.4173, 15.2005, 16.4308, 12.9555, 14.1446, 13.3059, 21.0626, 15.6766, 15.0526,
    18.1080, 10.8231, 13.1614, 7.8094, 8.5509, 11.0712, 10.1883, 12.3821, 12.2181, 10.2969,
    7.8273, 13.9685, 10.5306, 8.4716, 15.8861, 14.0984, 11.6429, 13.1773, 8.3507, 14.0029,
    9.0335, 14.5032, 13.3237, 17.4680, 9.0775, 12.9149, 12.7396, 13.6690, 18.9309, 16.6999,
    12.9303, 19.5611, 13.5178, 9.9053, 11.3178, 11.0053, 13.6332, 7.8135, 12.4899, 13.3840,
  ]

### behavior/lazy_action_ratio
  Total points: 100
  Min: 0.0000, Max: 0.0128, Mean: 0.0033
  Data: [
    0.0035, 0.0063, 0.0046, 0.0062, 0.0022, 0.0050, 0.0053, 0.0080, 0.0045, 0.0021,
    0.0029, 0.0043, 0.0036, 0.0048, 0.0038, 0.0052, 0.0037, 0.0020, 0.0036, 0.0018,
    0.0128, 0.0097, 0.0090, 0.0030, 0.0044, 0.0036, 0.0045, 0.0069, 0.0030, 0.0070,
    0.0051, 0.0029, 0.0063, 0.0073, 0.0030, 0.0063, 0.0048, 0.0071, 0.0097, 0.0051,
    0.0048, 0.0051, 0.0027, 0.0110, 0.0036, 0.0041, 0.0110, 0.0043, 0.0076, 0.0058,
    0.0017, 0.0019, 0.0025, 0.0037, 0.0008, 0.0004, 0.0004, 0.0010, 0.0018, 0.0061,
    0.0008, 0.0017, 0.0010, 0.0000, 0.0045, 0.0008, 0.0008, 0.0026, 0.0000, 0.0031,
    0.0000, 0.0000, 0.0008, 0.0011, 0.0012, 0.0022, 0.0025, 0.0008, 0.0016, 0.0021,
    0.0005, 0.0004, 0.0004, 0.0019, 0.0000, 0.0026, 0.0007, 0.0009, 0.0012, 0.0012,
    0.0021, 0.0000, 0.0015, 0.0007, 0.0004, 0.0045, 0.0004, 0.0004, 0.0004, 0.0005,
  ]

### behavior/possession_ratio
  Total points: 100
  Min: 0.0008, Max: 0.2159, Mean: 0.0584
  Data: [
    0.0064, 0.0039, 0.0117, 0.0104, 0.0073, 0.0094, 0.0045, 0.0155, 0.0069, 0.0105,
    0.0072, 0.0044, 0.0060, 0.0039, 0.0136, 0.0035, 0.0079, 0.0094, 0.0066, 0.0119,
    0.0045, 0.0025, 0.0054, 0.0085, 0.0147, 0.0065, 0.0077, 0.0081, 0.0061, 0.0023,
    0.0068, 0.0117, 0.0098, 0.0115, 0.0044, 0.0077, 0.0098, 0.0068, 0.0144, 0.0028,
    0.0066, 0.0231, 0.0068, 0.0112, 0.0233, 0.0166, 0.0008, 0.0035, 0.0096, 0.0042,
    0.0936, 0.1215, 0.1438, 0.0554, 0.1628, 0.1327, 0.1209, 0.0628, 0.1009, 0.0947,
    0.0888, 0.0943, 0.1103, 0.1243, 0.0904, 0.0966, 0.2159, 0.0889, 0.0993, 0.1300,
    0.0946, 0.1178, 0.1444, 0.1290, 0.0968, 0.0977, 0.0801, 0.0950, 0.1269, 0.1084,
    0.1259, 0.1282, 0.1054, 0.1079, 0.0833, 0.0887, 0.0849, 0.0717, 0.1240, 0.0738,
    0.1433, 0.0628, 0.1298, 0.1107, 0.0906, 0.1255, 0.1235, 0.1160, 0.0984, 0.1069,
  ]

### behavior/puck_touches
  Total points: 100
  Min: 0.0000, Max: 0.0000, Mean: 0.0000
  Data: [
    0.0000, 0.0000, 0.0000, 0.0000, 0.0000, 0.0000, 0.0000, 0.0000, 0.0000, 0.0000,
    0.0000, 0.0000, 0.0000, 0.0000, 0.0000, 0.0000, 0.0000, 0.0000, 0.0000, 0.0000,
    0.0000, 0.0000, 0.0000, 0.0000, 0.0000, 0.0000, 0.0000, 0.0000, 0.0000, 0.0000,
    0.0000, 0.0000, 0.0000, 0.0000, 0.0000, 0.0000, 0.0000, 0.0000, 0.0000, 0.0000,
    0.0000, 0.0000, 0.0000, 0.0000, 0.0000, 0.0000, 0.0000, 0.0000, 0.0000, 0.0000,
    0.0000, 0.0000, 0.0000, 0.0000, 0.0000, 0.0000, 0.0000, 0.0000, 0.0000, 0.0000,
    0.0000, 0.0000, 0.0000, 0.0000, 0.0000, 0.0000, 0.0000, 0.0000, 0.0000, 0.0000,
    0.0000, 0.0000, 0.0000, 0.0000, 0.0000, 0.0000, 0.0000, 0.0000, 0.0000, 0.0000,
    0.0000, 0.0000, 0.0000, 0.0000, 0.0000, 0.0000, 0.0000, 0.0000, 0.0000, 0.0000,
    0.0000, 0.0000, 0.0000, 0.0000, 0.0000, 0.0000, 0.0000, 0.0000, 0.0000, 0.0000,
  ]

### behavior/shoot_action_avg
  Total points: 100
  Min: -0.5810, Max: 0.4340, Mean: 0.0751
  Data: [
    0.1750, 0.1961, 0.1596, 0.2257, 0.1503, 0.2146, 0.1652, 0.1582, 0.2173, 0.1875,
    0.1869, 0.1809, 0.2160, 0.1255, 0.1993, 0.2076, 0.1832, 0.1406, 0.2064, 0.1836,
    0.1392, 0.1545, 0.1507, 0.2633, 0.1986, 0.1348, 0.1703, 0.1744, 0.1885, 0.1462,
    0.1227, 0.1946, 0.1420, 0.2140, 0.2160, 0.2072, 0.1676, 0.1652, 0.1789, 0.1556,
    0.1531, 0.1883, 0.2017, 0.1424, 0.1842, 0.1453, 0.1791, 0.1887, 0.2167, 0.2214,
    0.4263, 0.3612, 0.0423, 0.1259, 0.1384, 0.1409, 0.2604, 0.1021, -0.0390, -0.2268,
    -0.3106, -0.3434, -0.1190, -0.1845, 0.1206, 0.3894, 0.1979, 0.3584, 0.4340, 0.2059,
    0.2133, 0.0432, -0.1460, -0.2757, -0.0891, -0.0510, -0.0922, -0.1029, -0.1301, -0.1005,
    -0.1503, -0.2624, -0.1677, -0.3285, -0.0664, -0.0479, -0.1510, -0.3457, -0.3008, -0.4565,
    -0.5810, -0.0576, 0.0278, -0.0900, 0.0105, -0.0208, -0.1061, 0.0797, 0.1891, 0.0022,
  ]

### behavior/shoot_action_when_possess
  Total points: 100
  Min: -0.7142, Max: 0.2892, Mean: -0.2300
  Data: [
    -0.0681, 0.1077, 0.0313, -0.0847, 0.0040, 0.1141, 0.2892, -0.0650, -0.0807, 0.1608,
    0.1757, -0.1439, 0.0532, 0.0337, -0.0228, -0.0068, -0.0003, -0.0108, -0.0207, -0.1282,
    -0.0090, 0.0386, -0.0243, -0.0816, -0.0003, -0.1337, -0.0326, 0.0009, -0.0563, 0.0841,
    0.1943, 0.0584, 0.1216, -0.0009, -0.0597, -0.1507, 0.1177, 0.0545, 0.1185, 0.0335,
    -0.0424, -0.0926, 0.0104, -0.1836, -0.0531, 0.0418, 0.0601, -0.0711, 0.1095, 0.1602,
    -0.4212, -0.3672, -0.5325, -0.3799, -0.5218, -0.3881, -0.4289, -0.4377, -0.4956, -0.4768,
    -0.5931, -0.4673, -0.5650, -0.4490, -0.3541, -0.3778, -0.5097, -0.2352, -0.4378, -0.5705,
    -0.4889, -0.4553, -0.5220, -0.4985, -0.5775, -0.5232, -0.4498, -0.4677, -0.4296, -0.5645,
    -0.4538, -0.6767, -0.5049, -0.4948, -0.3142, -0.4538, -0.5135, -0.4408, -0.7142, -0.5063,
    -0.5970, -0.4671, -0.4458, -0.3268, -0.2946, -0.4994, -0.4794, -0.3931, -0.4638, -0.5210,
  ]

### behavior/time_near_puck
  Total points: 100
  Min: 0.0000, Max: 22.8000, Mean: 7.8200
  Data: [
    1.7000, 0.7000, 1.8000, 0.9000, 1.2000, 2.3000, 0.6000, 3.6000, 2.9000, 1.5000,
    1.2000, 0.6000, 0.8000, 1.2000, 4.0000, 1.3000, 2.3000, 1.6000, 1.0000, 2.1000,
    1.4000, 1.0000, 1.7000, 2.5000, 2.7000, 0.2000, 1.7000, 2.3000, 1.4000, 0.6000,
    0.9000, 1.5000, 1.9000, 1.1000, 0.5000, 1.4000, 1.9000, 1.2000, 2.6000, 0.2000,
    1.3000, 2.1000, 2.3000, 1.9000, 3.1000, 1.4000, 0.0000, 0.5000, 1.1000, 1.3000,
    14.3000, 9.8000, 17.2000, 10.2000, 17.5000, 19.9000, 15.2000, 14.0000, 17.3000, 18.0000,
    12.6000, 13.4000, 14.0000, 8.6000, 10.0000, 15.8000, 15.6000, 8.9000, 14.9000, 10.4000,
    8.1000, 11.8000, 15.9000, 12.7000, 13.7000, 15.7000, 13.7000, 22.5000, 11.6000, 15.3000,
    10.0000, 15.5000, 18.5000, 21.2000, 9.8000, 15.3000, 8.3000, 13.9000, 22.8000, 16.4000,
    20.0000, 14.5000, 13.3000, 7.7000, 7.5000, 17.8000, 14.6000, 9.5000, 15.3000, 14.5000,
  ]

### behavior/velocity_avg
  Total points: 100
  Min: 0.0682, Max: 0.1166, Mean: 0.0878
  Data: [
    0.0728, 0.0707, 0.0833, 0.0829, 0.0722, 0.0791, 0.0726, 0.0735, 0.0761, 0.0721,
    0.0754, 0.0754, 0.0690, 0.0708, 0.0746, 0.0813, 0.0736, 0.0769, 0.0813, 0.0697,
    0.0721, 0.0779, 0.0744, 0.0876, 0.0730, 0.0752, 0.0736, 0.0718, 0.0745, 0.0756,
    0.0735, 0.0801, 0.0744, 0.0739, 0.0736, 0.0798, 0.0749, 0.0707, 0.0756, 0.0723,
    0.0783, 0.0796, 0.0765, 0.0722, 0.0682, 0.0734, 0.0741, 0.0772, 0.0784, 0.0732,
    0.0977, 0.1032, 0.0938, 0.1099, 0.1056, 0.1046, 0.1166, 0.1157, 0.1144, 0.1153,
    0.1073, 0.1159, 0.0898, 0.1078, 0.1074, 0.0924, 0.1040, 0.1005, 0.0951, 0.0956,
    0.1087, 0.1027, 0.0980, 0.0986, 0.0949, 0.0966, 0.0993, 0.0835, 0.0974, 0.1019,
    0.1071, 0.1071, 0.1019, 0.1041, 0.0995, 0.1001, 0.0970, 0.0952, 0.0966, 0.0959,
    0.0898, 0.0934, 0.0891, 0.0928, 0.1053, 0.0876, 0.0942, 0.1023, 0.0918, 0.0957,
  ]

### behavior/velocity_max
  Total points: 100
  Min: 0.1676, Max: 0.2352, Mean: 0.2048
  Data: [
    0.1822, 0.1878, 0.1835, 0.1865, 0.1823, 0.1859, 0.1799, 0.1871, 0.1919, 0.1692,
    0.1852, 0.1760, 0.1746, 0.1676, 0.1954, 0.1885, 0.1914, 0.1817, 0.1955, 0.1833,
    0.2073, 0.1858, 0.1919, 0.1888, 0.1950, 0.1891, 0.1838, 0.1903, 0.2054, 0.1855,
    0.1760, 0.1958, 0.1959, 0.1760, 0.1840, 0.1972, 0.1977, 0.1892, 0.1918, 0.1770,
    0.1939, 0.1896, 0.1942, 0.1726, 0.1843, 0.1854, 0.1897, 0.1912, 0.1920, 0.1826,
    0.2199, 0.2227, 0.2216, 0.2228, 0.2259, 0.2212, 0.2254, 0.2281, 0.2172, 0.2277,
    0.2224, 0.2260, 0.2214, 0.2181, 0.2170, 0.2183, 0.2190, 0.2225, 0.2276, 0.2244,
    0.2210, 0.2302, 0.2157, 0.2169, 0.2234, 0.2197, 0.2243, 0.2204, 0.2212, 0.2272,
    0.2240, 0.2330, 0.2257, 0.2352, 0.2212, 0.2211, 0.2219, 0.2283, 0.2237, 0.2254,
    0.2235, 0.2268, 0.2188, 0.2187, 0.2148, 0.2156, 0.2237, 0.2175, 0.2225, 0.2191,
  ]

### eval/strong/avg_reward
  Total points: 20
  Min: -24.6763, Max: -4.7389, Mean: -8.7548
  Data: [
    -24.6763, -11.2281, -9.6698, -8.5137, -8.7391, -7.5602, -10.7776, -4.7389, -5.1465, -8.7200,
    -7.8276, -7.5798, -8.3631, -7.8425, -6.1236, -5.2247, -8.7168, -8.4100, -8.7892, -6.4484,
  ]

### eval/strong/loss_rate
  Total points: 20
  Min: 0.3400, Max: 0.7000, Mean: 0.5600
  Data: [
    0.3400, 0.5400, 0.4600, 0.6400, 0.7000, 0.6200, 0.6600, 0.4600, 0.4600, 0.6000,
    0.5600, 0.5800, 0.5600, 0.5600, 0.5400, 0.4200, 0.6400, 0.7000, 0.6400, 0.5200,
  ]

### eval/strong/losses
  Total points: 20
  Min: 17.0000, Max: 35.0000, Mean: 28.0000
  Data: [
    17.0000, 27.0000, 23.0000, 32.0000, 35.0000, 31.0000, 33.0000, 23.0000, 23.0000, 30.0000,
    28.0000, 29.0000, 28.0000, 28.0000, 27.0000, 21.0000, 32.0000, 35.0000, 32.0000, 26.0000,
  ]

### eval/strong/tie_rate
  Total points: 20
  Min: 0.1000, Max: 0.6200, Mean: 0.2660
  Data: [
    0.6200, 0.3600, 0.3800, 0.1800, 0.1000, 0.1200, 0.2200, 0.2600, 0.3000, 0.2800,
    0.3200, 0.2800, 0.3200, 0.2400, 0.2400, 0.3000, 0.2200, 0.1000, 0.2400, 0.2400,
  ]

### eval/strong/ties
  Total points: 20
  Min: 5.0000, Max: 31.0000, Mean: 13.3000
  Data: [
    31.0000, 18.0000, 19.0000, 9.0000, 5.0000, 6.0000, 11.0000, 13.0000, 15.0000, 14.0000,
    16.0000, 14.0000, 16.0000, 12.0000, 12.0000, 15.0000, 11.0000, 5.0000, 12.0000, 12.0000,
  ]

### eval/strong/win_rate
  Total points: 20
  Min: 0.0400, Max: 0.2800, Mean: 0.1740
  Data: [
    0.0400, 0.1000, 0.1600, 0.1800, 0.2000, 0.2600, 0.1200, 0.2800, 0.2400, 0.1200,
    0.1200, 0.1400, 0.1200, 0.2000, 0.2200, 0.2800, 0.1400, 0.2000, 0.1200, 0.2400,
  ]

### eval/strong/win_rate_decisive
  Total points: 20
  Min: 0.1053, Max: 0.4000, Mean: 0.2337
  Data: [
    0.1053, 0.1562, 0.2581, 0.2195, 0.2222, 0.2955, 0.1538, 0.3784, 0.3429, 0.1667,
    0.1765, 0.1944, 0.1765, 0.2632, 0.2895, 0.4000, 0.1795, 0.2222, 0.1579, 0.3158,
  ]

### eval/strong/wins
  Total points: 20
  Min: 2.0000, Max: 14.0000, Mean: 8.7000
  Data: [
    2.0000, 5.0000, 8.0000, 9.0000, 10.0000, 13.0000, 6.0000, 14.0000, 12.0000, 6.0000,
    6.0000, 7.0000, 6.0000, 10.0000, 11.0000, 14.0000, 7.0000, 10.0000, 6.0000, 12.0000,
  ]

### eval/weak/avg_reward
  Total points: 20
  Min: -23.6321, Max: -4.0738, Mean: -8.4712
  Data: [
    -23.6321, -10.2478, -9.7130, -4.4743, -5.7972, -4.0738, -7.9038, -5.9454, -6.1556, -7.0712,
    -8.4342, -6.4508, -9.8990, -6.8713, -9.9438, -9.9033, -8.4897, -8.8653, -6.7180, -8.8344,
  ]

### eval/weak/loss_rate
  Total points: 20
  Min: 0.4200, Max: 0.8200, Mean: 0.6150
  Data: [
    0.4600, 0.5600, 0.5200, 0.4200, 0.4800, 0.5000, 0.5800, 0.5200, 0.5800, 0.6600,
    0.6800, 0.6200, 0.7600, 0.5600, 0.7800, 0.8200, 0.7200, 0.7000, 0.6800, 0.7000,
  ]

### eval/weak/losses
  Total points: 20
  Min: 21.0000, Max: 41.0000, Mean: 30.7500
  Data: [
    23.0000, 28.0000, 26.0000, 21.0000, 24.0000, 25.0000, 29.0000, 26.0000, 29.0000, 33.0000,
    34.0000, 31.0000, 38.0000, 28.0000, 39.0000, 41.0000, 36.0000, 35.0000, 34.0000, 35.0000,
  ]

### eval/weak/tie_rate
  Total points: 20
  Min: 0.0800, Max: 0.4800, Mean: 0.2390
  Data: [
    0.4800, 0.3000, 0.3600, 0.3200, 0.4200, 0.1600, 0.2400, 0.2800, 0.2600, 0.1400,
    0.1800, 0.2400, 0.1800, 0.2600, 0.1600, 0.1400, 0.1600, 0.2200, 0.0800, 0.2000,
  ]

### eval/weak/ties
  Total points: 20
  Min: 4.0000, Max: 24.0000, Mean: 11.9500
  Data: [
    24.0000, 15.0000, 18.0000, 16.0000, 21.0000, 8.0000, 12.0000, 14.0000, 13.0000, 7.0000,
    9.0000, 12.0000, 9.0000, 13.0000, 8.0000, 7.0000, 8.0000, 11.0000, 4.0000, 10.0000,
  ]

### eval/weak/win_rate
  Total points: 20
  Min: 0.0400, Max: 0.3400, Mean: 0.1460
  Data: [
    0.0600, 0.1400, 0.1200, 0.2600, 0.1000, 0.3400, 0.1800, 0.2000, 0.1600, 0.2000,
    0.1400, 0.1400, 0.0600, 0.1800, 0.0600, 0.0400, 0.1200, 0.0800, 0.2400, 0.1000,
  ]

### eval/weak/win_rate_decisive
  Total points: 20
  Min: 0.0465, Max: 0.4048, Mean: 0.1923
  Data: [
    0.1154, 0.2000, 0.1875, 0.3824, 0.1724, 0.4048, 0.2368, 0.2778, 0.2162, 0.2326,
    0.1707, 0.1842, 0.0732, 0.2432, 0.0714, 0.0465, 0.1429, 0.1026, 0.2609, 0.1250,
  ]

### eval/weak/wins
  Total points: 20
  Min: 2.0000, Max: 17.0000, Mean: 7.3000
  Data: [
    3.0000, 7.0000, 6.0000, 13.0000, 5.0000, 17.0000, 9.0000, 10.0000, 8.0000, 10.0000,
    7.0000, 7.0000, 3.0000, 9.0000, 3.0000, 2.0000, 6.0000, 4.0000, 12.0000, 5.0000,
  ]

### gradients/actor_grad_norm
  Total points: 100
  Min: 0.0000, Max: 0.0166, Mean: 0.0036
  Data: [
    0.0000, 0.0000, 0.0000, 0.0000, 0.0000, 0.0000, 0.0000, 0.0000, 0.0000, 0.0000,
    0.0000, 0.0000, 0.0000, 0.0000, 0.0000, 0.0000, 0.0000, 0.0000, 0.0000, 0.0000,
    0.0000, 0.0000, 0.0000, 0.0000, 0.0000, 0.0000, 0.0000, 0.0000, 0.0000, 0.0000,
    0.0000, 0.0000, 0.0000, 0.0000, 0.0000, 0.0000, 0.0000, 0.0000, 0.0000, 0.0000,
    0.0000, 0.0000, 0.0000, 0.0000, 0.0000, 0.0000, 0.0000, 0.0000, 0.0000, 0.0000,
    0.0060, 0.0112, 0.0043, 0.0054, 0.0048, 0.0037, 0.0096, 0.0045, 0.0032, 0.0033,
    0.0107, 0.0053, 0.0066, 0.0067, 0.0067, 0.0042, 0.0063, 0.0051, 0.0065, 0.0072,
    0.0075, 0.0109, 0.0061, 0.0135, 0.0091, 0.0102, 0.0076, 0.0075, 0.0099, 0.0146,
    0.0027, 0.0139, 0.0166, 0.0040, 0.0089, 0.0062, 0.0067, 0.0059, 0.0064, 0.0041,
    0.0046, 0.0079, 0.0059, 0.0029, 0.0033, 0.0095, 0.0089, 0.0064, 0.0108, 0.0069,
  ]

### gradients/critic_grad_norm
  Total points: 100
  Min: 0.0000, Max: 0.1516, Mean: 0.0485
  Data: [
    0.0000, 0.0000, 0.0000, 0.0000, 0.0000, 0.0000, 0.0000, 0.0000, 0.0000, 0.0000,
    0.0000, 0.0000, 0.0000, 0.0000, 0.0000, 0.0000, 0.0000, 0.0000, 0.0000, 0.0000,
    0.0000, 0.0000, 0.0000, 0.0000, 0.0000, 0.0000, 0.0000, 0.0000, 0.0000, 0.0000,
    0.0000, 0.0000, 0.0000, 0.0000, 0.0000, 0.0000, 0.0000, 0.0000, 0.0000, 0.0000,
    0.0000, 0.0000, 0.0000, 0.0000, 0.0000, 0.0000, 0.0000, 0.0000, 0.0000, 0.0000,
    0.0676, 0.0956, 0.0960, 0.1198, 0.1166, 0.0648, 0.1315, 0.0916, 0.1259, 0.0648,
    0.0816, 0.1101, 0.0835, 0.0748, 0.1140, 0.0640, 0.1067, 0.0747, 0.1068, 0.0703,
    0.0804, 0.1175, 0.1039, 0.0861, 0.1101, 0.1138, 0.1034, 0.0903, 0.0810, 0.0846,
    0.0869, 0.0963, 0.0938, 0.0866, 0.1159, 0.0858, 0.0795, 0.0834, 0.1516, 0.1277,
    0.0975, 0.0956, 0.1040, 0.1069, 0.0982, 0.1064, 0.0799, 0.0964, 0.1021, 0.1200,
  ]

### losses/actor_loss
  Total points: 100
  Min: 0.0000, Max: 1.1427, Mean: 0.5184
  Data: [
    0.0000, 0.0000, 0.0000, 0.0000, 0.0000, 0.0000, 0.0000, 0.0000, 0.0000, 0.0000,
    0.0000, 0.0000, 0.0000, 0.0000, 0.0000, 0.0000, 0.0000, 0.0000, 0.0000, 0.0000,
    0.0000, 0.0000, 0.0000, 0.0000, 0.0000, 0.0000, 0.0000, 0.0000, 0.0000, 0.0000,
    0.0000, 0.0000, 0.0000, 0.0000, 0.0000, 0.0000, 0.0000, 0.0000, 0.0000, 0.0000,
    0.0000, 0.0000, 0.0000, 0.0000, 0.0000, 0.0000, 0.0000, 0.0000, 0.0000, 0.0000,
    0.8942, 0.9031, 0.9142, 0.9057, 0.9207, 0.9380, 0.9301, 0.9476, 0.9560, 0.9526,
    0.9606, 0.9778, 0.9872, 0.9887, 0.9847, 0.9905, 1.0104, 1.0112, 1.0034, 1.0233,
    1.0306, 1.0308, 1.0228, 1.0406, 1.0606, 1.0533, 1.0656, 1.0747, 1.0834, 1.0706,
    1.0908, 1.0899, 1.0779, 1.0904, 1.0888, 1.0901, 1.0975, 1.0955, 1.1044, 1.1030,
    1.1079, 1.1072, 1.1089, 1.0964, 1.1089, 1.1244, 1.1262, 1.1282, 1.1277, 1.1427,
  ]

### losses/critic_loss
  Total points: 100
  Min: 0.0000, Max: 0.0032, Mean: 0.0008
  Data: [
    0.0000, 0.0000, 0.0000, 0.0000, 0.0000, 0.0000, 0.0000, 0.0000, 0.0000, 0.0000,
    0.0000, 0.0000, 0.0000, 0.0000, 0.0000, 0.0000, 0.0000, 0.0000, 0.0000, 0.0000,
    0.0000, 0.0000, 0.0000, 0.0000, 0.0000, 0.0000, 0.0000, 0.0000, 0.0000, 0.0000,
    0.0000, 0.0000, 0.0000, 0.0000, 0.0000, 0.0000, 0.0000, 0.0000, 0.0000, 0.0000,
    0.0000, 0.0000, 0.0000, 0.0000, 0.0000, 0.0000, 0.0000, 0.0000, 0.0000, 0.0000,
    0.0009, 0.0016, 0.0026, 0.0009, 0.0017, 0.0008, 0.0026, 0.0014, 0.0013, 0.0007,
    0.0018, 0.0013, 0.0019, 0.0009, 0.0014, 0.0009, 0.0012, 0.0010, 0.0032, 0.0008,
    0.0029, 0.0013, 0.0021, 0.0011, 0.0019, 0.0015, 0.0012, 0.0017, 0.0010, 0.0014,
    0.0009, 0.0019, 0.0020, 0.0017, 0.0016, 0.0011, 0.0011, 0.0016, 0.0018, 0.0017,
    0.0029, 0.0023, 0.0014, 0.0018, 0.0022, 0.0018, 0.0008, 0.0012, 0.0008, 0.0012,
  ]

### pbrs/avg_per_episode
  Total points: 100
  Min: 0.0723, Max: 0.1377, Mean: 0.1162
  Data: [
    0.0942, 0.0723, 0.0977, 0.1016, 0.1133, 0.1155, 0.1089, 0.1130, 0.1147, 0.1219,
    0.1273, 0.1320, 0.1360, 0.1377, 0.1294, 0.1313, 0.1255, 0.1259, 0.1238, 0.1179,
    0.1186, 0.1200, 0.1191, 0.1212, 0.1199, 0.1221, 0.1194, 0.1177, 0.1135, 0.1129,
    0.1112, 0.1128, 0.1125, 0.1121, 0.1112, 0.1082, 0.1077, 0.1071, 0.1077, 0.1069,
    0.1059, 0.1068, 0.1054, 0.1056, 0.1042, 0.1043, 0.1037, 0.1046, 0.1045, 0.1037,
    0.1159, 0.1159, 0.1159, 0.1158, 0.1159, 0.1161, 0.1165, 0.1165, 0.1165, 0.1168,
    0.1169, 0.1172, 0.1173, 0.1176, 0.1182, 0.1185, 0.1182, 0.1185, 0.1186, 0.1189,
    0.1190, 0.1188, 0.1186, 0.1189, 0.1190, 0.1193, 0.1193, 0.1195, 0.1199, 0.1201,
    0.1199, 0.1198, 0.1201, 0.1201, 0.1203, 0.1203, 0.1206, 0.1208, 0.1207, 0.1207,
    0.1207, 0.1206, 0.1209, 0.1211, 0.1211, 0.1210, 0.1210, 0.1214, 0.1216, 0.1216,
  ]

### performance/cumulative_win_rate
  Total points: 100
  Min: 0.0000, Max: 0.1573, Mean: 0.1271
  Data: [
    0.0000, 0.0500, 0.0667, 0.1250, 0.1000, 0.1000, 0.1000, 0.1125, 0.1000, 0.1000,
    0.1000, 0.1000, 0.0923, 0.0857, 0.0933, 0.0938, 0.0941, 0.0944, 0.1000, 0.1100,
    0.1048, 0.1045, 0.1000, 0.1000, 0.1000, 0.1000, 0.1037, 0.1000, 0.1034, 0.1000,
    0.1065, 0.1125, 0.1121, 0.1118, 0.1086, 0.1139, 0.1135, 0.1105, 0.1128, 0.1175,
    0.1146, 0.1143, 0.1140, 0.1136, 0.1200, 0.1196, 0.1170, 0.1167, 0.1204, 0.1220,
    0.1434, 0.1448, 0.1454, 0.1456, 0.1462, 0.1465, 0.1463, 0.1465, 0.1467, 0.1465,
    0.1467, 0.1469, 0.1467, 0.1477, 0.1479, 0.1473, 0.1494, 0.1496, 0.1494, 0.1500,
    0.1509, 0.1519, 0.1528, 0.1529, 0.1527, 0.1526, 0.1531, 0.1529, 0.1534, 0.1536,
    0.1545, 0.1554, 0.1548, 0.1546, 0.1544, 0.1549, 0.1551, 0.1552, 0.1554, 0.1549,
    0.1554, 0.1552, 0.1557, 0.1562, 0.1567, 0.1571, 0.1573, 0.1571, 0.1566, 0.1570,
  ]

### performance/losses
  Total points: 100
  Min: 3.0000, Max: 1281.0000, Mean: 630.8000
  Data: [
    3.0000, 6.0000, 11.0000, 16.0000, 21.0000, 25.0000, 28.0000, 33.0000, 37.0000, 43.0000,
    49.0000, 55.0000, 61.0000, 66.0000, 67.0000, 72.0000, 74.0000, 79.0000, 83.0000, 84.0000,
    88.0000, 93.0000, 96.0000, 101.0000, 104.0000, 110.0000, 114.0000, 117.0000, 119.0000, 122.0000,
    125.0000, 128.0000, 133.0000, 138.0000, 141.0000, 144.0000, 147.0000, 150.0000, 155.0000, 158.0000,
    161.0000, 166.0000, 168.0000, 172.0000, 175.0000, 179.0000, 184.0000, 189.0000, 194.0000, 197.0000,
    1036.0000, 1040.0000, 1044.0000, 1048.0000, 1052.0000, 1057.0000, 1064.0000, 1068.0000, 1073.0000, 1079.0000,
    1082.0000, 1088.0000, 1094.0000, 1098.0000, 1106.0000, 1113.0000, 1115.0000, 1121.0000, 1127.0000, 1132.0000,
    1137.0000, 1140.0000, 1143.0000, 1150.0000, 1154.0000, 1161.0000, 1167.0000, 1172.0000, 1178.0000, 1184.0000,
    1189.0000, 1193.0000, 1199.0000, 1203.0000, 1209.0000, 1213.0000, 1219.0000, 1225.0000, 1227.0000, 1232.0000,
    1235.0000, 1240.0000, 1244.0000, 1250.0000, 1254.0000, 1257.0000, 1261.0000, 1269.0000, 1276.0000, 1281.0000,
  ]

### performance/ties
  Total points: 100
  Min: 7.0000, Max: 1231.0000, Mean: 642.6500
  Data: [
    7.0000, 13.0000, 17.0000, 19.0000, 24.0000, 29.0000, 35.0000, 38.0000, 44.0000, 47.0000,
    50.0000, 53.0000, 57.0000, 62.0000, 69.0000, 73.0000, 80.0000, 84.0000, 88.0000, 94.0000,
    100.0000, 104.0000, 111.0000, 115.0000, 121.0000, 124.0000, 128.0000, 135.0000, 141.0000, 148.0000,
    152.0000, 156.0000, 160.0000, 164.0000, 171.0000, 175.0000, 181.0000, 188.0000, 191.0000, 195.0000,
    202.0000, 206.0000, 213.0000, 218.0000, 221.0000, 226.0000, 231.0000, 235.0000, 237.0000, 242.0000,
    1097.0000, 1098.0000, 1101.0000, 1105.0000, 1108.0000, 1111.0000, 1113.0000, 1117.0000, 1120.0000, 1123.0000,
    1128.0000, 1130.0000, 1133.0000, 1135.0000, 1135.0000, 1138.0000, 1139.0000, 1141.0000, 1144.0000, 1146.0000,
    1147.0000, 1150.0000, 1153.0000, 1154.0000, 1159.0000, 1161.0000, 1162.0000, 1166.0000, 1167.0000, 1169.0000,
    1170.0000, 1172.0000, 1176.0000, 1181.0000, 1184.0000, 1187.0000, 1189.0000, 1191.0000, 1197.0000, 1202.0000,
    1206.0000, 1210.0000, 1213.0000, 1214.0000, 1217.0000, 1221.0000, 1225.0000, 1226.0000, 1229.0000, 1231.0000,
  ]

### performance/wins
  Total points: 100
  Min: 0.0000, Max: 468.0000, Mean: 221.5500
  Data: [
    0.0000, 1.0000, 2.0000, 5.0000, 5.0000, 6.0000, 7.0000, 9.0000, 9.0000, 10.0000,
    11.0000, 12.0000, 12.0000, 12.0000, 14.0000, 15.0000, 16.0000, 17.0000, 19.0000, 22.0000,
    22.0000, 23.0000, 23.0000, 24.0000, 25.0000, 26.0000, 28.0000, 28.0000, 30.0000, 30.0000,
    33.0000, 36.0000, 37.0000, 38.0000, 38.0000, 41.0000, 42.0000, 42.0000, 44.0000, 47.0000,
    47.0000, 48.0000, 49.0000, 50.0000, 54.0000, 55.0000, 55.0000, 56.0000, 59.0000, 61.0000,
    357.0000, 362.0000, 365.0000, 367.0000, 370.0000, 372.0000, 373.0000, 375.0000, 377.0000, 378.0000,
    380.0000, 382.0000, 383.0000, 387.0000, 389.0000, 389.0000, 396.0000, 398.0000, 399.0000, 402.0000,
    406.0000, 410.0000, 414.0000, 416.0000, 417.0000, 418.0000, 421.0000, 422.0000, 425.0000, 427.0000,
    431.0000, 435.0000, 435.0000, 436.0000, 437.0000, 440.0000, 442.0000, 444.0000, 446.0000, 446.0000,
    449.0000, 450.0000, 453.0000, 456.0000, 459.0000, 462.0000, 464.0000, 465.0000, 465.0000, 468.0000,
  ]

### rewards/p1
  Total points: 100
  Min: -2.5443, Max: 0.2327, Mean: -1.1591
  Data: [
    -1.5312, -1.8407, -1.6979, -1.2708, -1.6867, -1.7556, -1.8221, -1.0756, -1.7972, -1.9303,
    -1.5313, -1.6999, -2.3770, -2.2734, -1.4163, -1.6046, -1.7263, -1.5611, -1.6859, -1.1393,
    -1.9272, -1.7952, -1.8792, -1.4586, -1.5084, -1.7908, -1.6667, -1.7429, -1.6904, -2.5443,
    -1.1427, -1.1994, -1.7893, -1.8275, -1.7877, -1.2094, -1.9754, -2.3998, -1.7383, -1.7087,
    -1.6140, -1.2196, -1.3446, -1.8167, -1.1080, -2.1620, -2.3053, -1.9148, -1.0670, -1.6679,
    -0.6613, -0.2798, -0.4894, -0.6704, -0.5189, -0.6552, -0.9356, -0.6578, -0.6845, -0.9009,
    -0.6052, -0.6285, -0.7832, -0.1828, -0.9265, -0.9237, 0.2327, -0.7773, -0.8964, -0.5234,
    -0.3706, -0.1934, -0.2288, -0.8766, -0.7303, -0.9488, -0.6747, -0.8115, -0.5815, -0.7510,
    -0.4374, -0.3745, -0.8968, -0.7273, -0.7535, -0.6614, -0.6609, -0.7832, -0.4603, -0.9559,
    -0.4389, -0.8369, -0.4315, -0.5671, -0.4266, -0.2797, -0.5701, -0.9645, -1.0650, -0.5607,
  ]

### rewards/p2
  Total points: 100
  Min: -0.2467, Max: 2.6244, Mean: 1.1928
  Data: [
    1.5346, 1.8298, 1.6842, 1.2795, 1.6941, 1.8304, 1.8684, 1.0942, 1.8099, 1.9623,
    1.5805, 1.7242, 2.4461, 2.3662, 1.4894, 1.6703, 1.7158, 1.5906, 1.7118, 1.1310,
    1.9989, 1.7629, 1.9479, 1.4835, 1.5817, 1.8495, 1.7235, 1.7491, 1.6779, 2.6244,
    1.1752, 1.2274, 1.8464, 1.8326, 1.8102, 1.2163, 1.9956, 2.4548, 1.8201, 1.7357,
    1.6443, 1.1900, 1.3762, 1.8732, 1.1269, 2.1992, 2.3703, 1.9842, 1.1033, 1.7205,
    0.7391, 0.2626, 0.5252, 0.6255, 0.4872, 0.6498, 0.9350, 0.6791, 0.7394, 0.9041,
    0.6493, 0.7054, 0.8833, 0.1669, 0.9550, 0.9911, -0.2467, 0.8256, 0.8704, 0.5509,
    0.3547, 0.2155, 0.2063, 0.8662, 0.8275, 1.0001, 0.7469, 0.8977, 0.5852, 0.8087,
    0.4351, 0.4040, 0.9304, 0.7002, 0.7591, 0.6687, 0.7389, 0.8572, 0.5215, 0.9696,
    0.4424, 1.0356, 0.5496, 0.6150, 0.4471, 0.2988, 0.6151, 1.0182, 1.1511, 0.5990,
  ]

### rewards/sparse_only
  Total points: 100
  Min: -2.6244, Max: 0.2467, Mean: -1.1928
  Data: [
    -1.5346, -1.8298, -1.6842, -1.2795, -1.6941, -1.8304, -1.8684, -1.0942, -1.8099, -1.9623,
    -1.5805, -1.7242, -2.4461, -2.3662, -1.4894, -1.6703, -1.7158, -1.5906, -1.7118, -1.1310,
    -1.9989, -1.7629, -1.9479, -1.4835, -1.5817, -1.8495, -1.7235, -1.7491, -1.6779, -2.6244,
    -1.1752, -1.2274, -1.8464, -1.8326, -1.8102, -1.2163, -1.9956, -2.4548, -1.8201, -1.7357,
    -1.6443, -1.1900, -1.3762, -1.8732, -1.1269, -2.1992, -2.3703, -1.9842, -1.1033, -1.7205,
    -0.7391, -0.2626, -0.5252, -0.6255, -0.4872, -0.6498, -0.9350, -0.6791, -0.7394, -0.9041,
    -0.6493, -0.7054, -0.8833, -0.1669, -0.9550, -0.9911, 0.2467, -0.8256, -0.8704, -0.5509,
    -0.3547, -0.2155, -0.2063, -0.8662, -0.8275, -1.0001, -0.7469, -0.8977, -0.5852, -0.8087,
    -0.4351, -0.4040, -0.9304, -0.7002, -0.7591, -0.6687, -0.7389, -0.8572, -0.5215, -0.9696,
    -0.4424, -1.0356, -0.5496, -0.6150, -0.4471, -0.2988, -0.6151, -1.0182, -1.1511, -0.5990,
  ]

### rewards/sparse_ratio
  Total points: 100
  Min: 0.9015, Max: 1.2736, Mean: 1.0346
  Data: [
    1.0023, 0.9941, 0.9919, 1.0068, 1.0044, 1.0426, 1.0254, 1.0173, 1.0071, 1.0166,
    1.0322, 1.0142, 1.0291, 1.0408, 1.0517, 1.0409, 0.9940, 1.0189, 1.0153, 0.9927,
    1.0372, 0.9820, 1.0366, 1.0171, 1.0486, 1.0328, 1.0341, 1.0036, 0.9926, 1.0315,
    1.0285, 1.0233, 1.0319, 1.0028, 1.0126, 1.0057, 1.0102, 1.0229, 1.0471, 1.0158,
    1.0188, 0.9758, 1.0235, 1.0311, 1.0170, 1.0172, 1.0282, 1.0362, 1.0341, 1.0315,
    1.1176, 0.9384, 1.0730, 0.9330, 0.9389, 0.9918, 0.9994, 1.0324, 1.0802, 1.0035,
    1.0729, 1.1225, 1.1279, 0.9131, 1.0308, 1.0730, 1.0603, 1.0620, 0.9710, 1.0526,
    0.9573, 1.1142, 0.9015, 0.9881, 1.1332, 1.0541, 1.1071, 1.1062, 1.0063, 1.0768,
    0.9949, 1.0790, 1.0374, 0.9628, 1.0074, 1.0110, 1.1179, 1.0945, 1.1330, 1.0143,
    1.0079, 1.2374, 1.2736, 1.0843, 1.0481, 1.0684, 1.0789, 1.0556, 1.0808, 1.0683,
  ]

### scoring/goals_conceded
  Total points: 100
  Min: 3.0000, Max: 1281.0000, Mean: 630.8000
  Data: [
    3.0000, 6.0000, 11.0000, 16.0000, 21.0000, 25.0000, 28.0000, 33.0000, 37.0000, 43.0000,
    49.0000, 55.0000, 61.0000, 66.0000, 67.0000, 72.0000, 74.0000, 79.0000, 83.0000, 84.0000,
    88.0000, 93.0000, 96.0000, 101.0000, 104.0000, 110.0000, 114.0000, 117.0000, 119.0000, 122.0000,
    125.0000, 128.0000, 133.0000, 138.0000, 141.0000, 144.0000, 147.0000, 150.0000, 155.0000, 158.0000,
    161.0000, 166.0000, 168.0000, 172.0000, 175.0000, 179.0000, 184.0000, 189.0000, 194.0000, 197.0000,
    1036.0000, 1040.0000, 1044.0000, 1048.0000, 1052.0000, 1057.0000, 1064.0000, 1068.0000, 1073.0000, 1079.0000,
    1082.0000, 1088.0000, 1094.0000, 1098.0000, 1106.0000, 1113.0000, 1115.0000, 1121.0000, 1127.0000, 1132.0000,
    1137.0000, 1140.0000, 1143.0000, 1150.0000, 1154.0000, 1161.0000, 1167.0000, 1172.0000, 1178.0000, 1184.0000,
    1189.0000, 1193.0000, 1199.0000, 1203.0000, 1209.0000, 1213.0000, 1219.0000, 1225.0000, 1227.0000, 1232.0000,
    1235.0000, 1240.0000, 1244.0000, 1250.0000, 1254.0000, 1257.0000, 1261.0000, 1269.0000, 1276.0000, 1281.0000,
  ]

### scoring/goals_scored
  Total points: 100
  Min: 0.0000, Max: 468.0000, Mean: 221.5500
  Data: [
    0.0000, 1.0000, 2.0000, 5.0000, 5.0000, 6.0000, 7.0000, 9.0000, 9.0000, 10.0000,
    11.0000, 12.0000, 12.0000, 12.0000, 14.0000, 15.0000, 16.0000, 17.0000, 19.0000, 22.0000,
    22.0000, 23.0000, 23.0000, 24.0000, 25.0000, 26.0000, 28.0000, 28.0000, 30.0000, 30.0000,
    33.0000, 36.0000, 37.0000, 38.0000, 38.0000, 41.0000, 42.0000, 42.0000, 44.0000, 47.0000,
    47.0000, 48.0000, 49.0000, 50.0000, 54.0000, 55.0000, 55.0000, 56.0000, 59.0000, 61.0000,
    357.0000, 362.0000, 365.0000, 367.0000, 370.0000, 372.0000, 373.0000, 375.0000, 377.0000, 378.0000,
    380.0000, 382.0000, 383.0000, 387.0000, 389.0000, 389.0000, 396.0000, 398.0000, 399.0000, 402.0000,
    406.0000, 410.0000, 414.0000, 416.0000, 417.0000, 418.0000, 421.0000, 422.0000, 425.0000, 427.0000,
    431.0000, 435.0000, 435.0000, 436.0000, 437.0000, 440.0000, 442.0000, 444.0000, 446.0000, 446.0000,
    449.0000, 450.0000, 453.0000, 456.0000, 459.0000, 462.0000, 464.0000, 465.0000, 465.0000, 468.0000,
  ]

### selfplay/active
  Total points: 100
  Min: 0.0000, Max: 0.0000, Mean: 0.0000
  Data: [
    0.0000, 0.0000, 0.0000, 0.0000, 0.0000, 0.0000, 0.0000, 0.0000, 0.0000, 0.0000,
    0.0000, 0.0000, 0.0000, 0.0000, 0.0000, 0.0000, 0.0000, 0.0000, 0.0000, 0.0000,
    0.0000, 0.0000, 0.0000, 0.0000, 0.0000, 0.0000, 0.0000, 0.0000, 0.0000, 0.0000,
    0.0000, 0.0000, 0.0000, 0.0000, 0.0000, 0.0000, 0.0000, 0.0000, 0.0000, 0.0000,
    0.0000, 0.0000, 0.0000, 0.0000, 0.0000, 0.0000, 0.0000, 0.0000, 0.0000, 0.0000,
    0.0000, 0.0000, 0.0000, 0.0000, 0.0000, 0.0000, 0.0000, 0.0000, 0.0000, 0.0000,
    0.0000, 0.0000, 0.0000, 0.0000, 0.0000, 0.0000, 0.0000, 0.0000, 0.0000, 0.0000,
    0.0000, 0.0000, 0.0000, 0.0000, 0.0000, 0.0000, 0.0000, 0.0000, 0.0000, 0.0000,
    0.0000, 0.0000, 0.0000, 0.0000, 0.0000, 0.0000, 0.0000, 0.0000, 0.0000, 0.0000,
    0.0000, 0.0000, 0.0000, 0.0000, 0.0000, 0.0000, 0.0000, 0.0000, 0.0000, 0.0000,
  ]

### selfplay/episode_opponent_type_selfplay
  Total points: 100
  Min: 0.0000, Max: 0.0000, Mean: 0.0000
  Data: [
    0.0000, 0.0000, 0.0000, 0.0000, 0.0000, 0.0000, 0.0000, 0.0000, 0.0000, 0.0000,
    0.0000, 0.0000, 0.0000, 0.0000, 0.0000, 0.0000, 0.0000, 0.0000, 0.0000, 0.0000,
    0.0000, 0.0000, 0.0000, 0.0000, 0.0000, 0.0000, 0.0000, 0.0000, 0.0000, 0.0000,
    0.0000, 0.0000, 0.0000, 0.0000, 0.0000, 0.0000, 0.0000, 0.0000, 0.0000, 0.0000,
    0.0000, 0.0000, 0.0000, 0.0000, 0.0000, 0.0000, 0.0000, 0.0000, 0.0000, 0.0000,
    0.0000, 0.0000, 0.0000, 0.0000, 0.0000, 0.0000, 0.0000, 0.0000, 0.0000, 0.0000,
    0.0000, 0.0000, 0.0000, 0.0000, 0.0000, 0.0000, 0.0000, 0.0000, 0.0000, 0.0000,
    0.0000, 0.0000, 0.0000, 0.0000, 0.0000, 0.0000, 0.0000, 0.0000, 0.0000, 0.0000,
    0.0000, 0.0000, 0.0000, 0.0000, 0.0000, 0.0000, 0.0000, 0.0000, 0.0000, 0.0000,
    0.0000, 0.0000, 0.0000, 0.0000, 0.0000, 0.0000, 0.0000, 0.0000, 0.0000, 0.0000,
  ]

### selfplay/episode_opponent_type_strong
  Total points: 100
  Min: 1.0000, Max: 1.0000, Mean: 1.0000
  Data: [
    1.0000, 1.0000, 1.0000, 1.0000, 1.0000, 1.0000, 1.0000, 1.0000, 1.0000, 1.0000,
    1.0000, 1.0000, 1.0000, 1.0000, 1.0000, 1.0000, 1.0000, 1.0000, 1.0000, 1.0000,
    1.0000, 1.0000, 1.0000, 1.0000, 1.0000, 1.0000, 1.0000, 1.0000, 1.0000, 1.0000,
    1.0000, 1.0000, 1.0000, 1.0000, 1.0000, 1.0000, 1.0000, 1.0000, 1.0000, 1.0000,
    1.0000, 1.0000, 1.0000, 1.0000, 1.0000, 1.0000, 1.0000, 1.0000, 1.0000, 1.0000,
    1.0000, 1.0000, 1.0000, 1.0000, 1.0000, 1.0000, 1.0000, 1.0000, 1.0000, 1.0000,
    1.0000, 1.0000, 1.0000, 1.0000, 1.0000, 1.0000, 1.0000, 1.0000, 1.0000, 1.0000,
    1.0000, 1.0000, 1.0000, 1.0000, 1.0000, 1.0000, 1.0000, 1.0000, 1.0000, 1.0000,
    1.0000, 1.0000, 1.0000, 1.0000, 1.0000, 1.0000, 1.0000, 1.0000, 1.0000, 1.0000,
    1.0000, 1.0000, 1.0000, 1.0000, 1.0000, 1.0000, 1.0000, 1.0000, 1.0000, 1.0000,
  ]

### selfplay/episode_opponent_type_weak
  Total points: 100
  Min: 0.0000, Max: 0.0000, Mean: 0.0000
  Data: [
    0.0000, 0.0000, 0.0000, 0.0000, 0.0000, 0.0000, 0.0000, 0.0000, 0.0000, 0.0000,
    0.0000, 0.0000, 0.0000, 0.0000, 0.0000, 0.0000, 0.0000, 0.0000, 0.0000, 0.0000,
    0.0000, 0.0000, 0.0000, 0.0000, 0.0000, 0.0000, 0.0000, 0.0000, 0.0000, 0.0000,
    0.0000, 0.0000, 0.0000, 0.0000, 0.0000, 0.0000, 0.0000, 0.0000, 0.0000, 0.0000,
    0.0000, 0.0000, 0.0000, 0.0000, 0.0000, 0.0000, 0.0000, 0.0000, 0.0000, 0.0000,
    0.0000, 0.0000, 0.0000, 0.0000, 0.0000, 0.0000, 0.0000, 0.0000, 0.0000, 0.0000,
    0.0000, 0.0000, 0.0000, 0.0000, 0.0000, 0.0000, 0.0000, 0.0000, 0.0000, 0.0000,
    0.0000, 0.0000, 0.0000, 0.0000, 0.0000, 0.0000, 0.0000, 0.0000, 0.0000, 0.0000,
    0.0000, 0.0000, 0.0000, 0.0000, 0.0000, 0.0000, 0.0000, 0.0000, 0.0000, 0.0000,
    0.0000, 0.0000, 0.0000, 0.0000, 0.0000, 0.0000, 0.0000, 0.0000, 0.0000, 0.0000,
  ]

### selfplay/pool_size
  Total points: 100
  Min: 0.0000, Max: 0.0000, Mean: 0.0000
  Data: [
    0.0000, 0.0000, 0.0000, 0.0000, 0.0000, 0.0000, 0.0000, 0.0000, 0.0000, 0.0000,
    0.0000, 0.0000, 0.0000, 0.0000, 0.0000, 0.0000, 0.0000, 0.0000, 0.0000, 0.0000,
    0.0000, 0.0000, 0.0000, 0.0000, 0.0000, 0.0000, 0.0000, 0.0000, 0.0000, 0.0000,
    0.0000, 0.0000, 0.0000, 0.0000, 0.0000, 0.0000, 0.0000, 0.0000, 0.0000, 0.0000,
    0.0000, 0.0000, 0.0000, 0.0000, 0.0000, 0.0000, 0.0000, 0.0000, 0.0000, 0.0000,
    0.0000, 0.0000, 0.0000, 0.0000, 0.0000, 0.0000, 0.0000, 0.0000, 0.0000, 0.0000,
    0.0000, 0.0000, 0.0000, 0.0000, 0.0000, 0.0000, 0.0000, 0.0000, 0.0000, 0.0000,
    0.0000, 0.0000, 0.0000, 0.0000, 0.0000, 0.0000, 0.0000, 0.0000, 0.0000, 0.0000,
    0.0000, 0.0000, 0.0000, 0.0000, 0.0000, 0.0000, 0.0000, 0.0000, 0.0000, 0.0000,
    0.0000, 0.0000, 0.0000, 0.0000, 0.0000, 0.0000, 0.0000, 0.0000, 0.0000, 0.0000,
  ]

### selfplay/weak_ratio_target
  Total points: 100
  Min: 0.5000, Max: 0.5000, Mean: 0.5000
  Data: [
    0.5000, 0.5000, 0.5000, 0.5000, 0.5000, 0.5000, 0.5000, 0.5000, 0.5000, 0.5000,
    0.5000, 0.5000, 0.5000, 0.5000, 0.5000, 0.5000, 0.5000, 0.5000, 0.5000, 0.5000,
    0.5000, 0.5000, 0.5000, 0.5000, 0.5000, 0.5000, 0.5000, 0.5000, 0.5000, 0.5000,
    0.5000, 0.5000, 0.5000, 0.5000, 0.5000, 0.5000, 0.5000, 0.5000, 0.5000, 0.5000,
    0.5000, 0.5000, 0.5000, 0.5000, 0.5000, 0.5000, 0.5000, 0.5000, 0.5000, 0.5000,
    0.5000, 0.5000, 0.5000, 0.5000, 0.5000, 0.5000, 0.5000, 0.5000, 0.5000, 0.5000,
    0.5000, 0.5000, 0.5000, 0.5000, 0.5000, 0.5000, 0.5000, 0.5000, 0.5000, 0.5000,
    0.5000, 0.5000, 0.5000, 0.5000, 0.5000, 0.5000, 0.5000, 0.5000, 0.5000, 0.5000,
    0.5000, 0.5000, 0.5000, 0.5000, 0.5000, 0.5000, 0.5000, 0.5000, 0.5000, 0.5000,
    0.5000, 0.5000, 0.5000, 0.5000, 0.5000, 0.5000, 0.5000, 0.5000, 0.5000, 0.5000,
  ]

### training/avg_episode_length
  Total points: 100
  Min: 80.6000, Max: 229.3000, Mean: 155.2670
  Data: [
    192.2000, 183.8000, 145.4000, 111.6000, 161.1000, 182.9000, 168.8000, 132.3000, 217.6000, 146.1000,
    164.0000, 149.2000, 188.2000, 175.4000, 229.3000, 156.1000, 201.5000, 140.7000, 143.8000, 191.3000,
    204.4000, 150.0000, 209.3000, 143.9000, 203.5000, 136.2000, 164.8000, 211.2000, 185.0000, 198.9000,
    159.6000, 167.8000, 157.3000, 154.1000, 207.5000, 153.1000, 205.5000, 209.1000, 167.3000, 153.6000,
    202.8000, 139.8000, 201.4000, 158.9000, 162.2000, 174.3000, 180.4000, 163.8000, 132.0000, 166.0000,
    151.6000, 116.0000, 155.5000, 154.3000, 132.4000, 146.9000, 119.1000, 183.7000, 146.1000, 143.1000,
    167.5000, 107.9000, 156.3000, 86.5000, 84.4000, 142.8000, 109.6000, 126.3000, 134.7000, 116.1000,
    80.6000, 139.1000, 117.2000, 98.5000, 172.3000, 157.0000, 130.2000, 174.6000, 95.8000, 143.7000,
    92.9000, 141.1000, 145.7000, 177.4000, 108.2000, 142.2000, 143.4000, 159.9000, 199.5000, 187.2000,
    150.1000, 206.9000, 159.1000, 114.4000, 119.3000, 144.9000, 157.5000, 86.6000, 147.1000, 148.5000,
  ]

### training/calls_per_episode
  Total points: 100
  Min: 0.0000, Max: 0.0000, Mean: 0.0000
  Data: [
    0.0000, 0.0000, 0.0000, 0.0000, 0.0000, 0.0000, 0.0000, 0.0000, 0.0000, 0.0000,
    0.0000, 0.0000, 0.0000, 0.0000, 0.0000, 0.0000, 0.0000, 0.0000, 0.0000, 0.0000,
    0.0000, 0.0000, 0.0000, 0.0000, 0.0000, 0.0000, 0.0000, 0.0000, 0.0000, 0.0000,
    0.0000, 0.0000, 0.0000, 0.0000, 0.0000, 0.0000, 0.0000, 0.0000, 0.0000, 0.0000,
    0.0000, 0.0000, 0.0000, 0.0000, 0.0000, 0.0000, 0.0000, 0.0000, 0.0000, 0.0000,
    0.0000, 0.0000, 0.0000, 0.0000, 0.0000, 0.0000, 0.0000, 0.0000, 0.0000, 0.0000,
    0.0000, 0.0000, 0.0000, 0.0000, 0.0000, 0.0000, 0.0000, 0.0000, 0.0000, 0.0000,
    0.0000, 0.0000, 0.0000, 0.0000, 0.0000, 0.0000, 0.0000, 0.0000, 0.0000, 0.0000,
    0.0000, 0.0000, 0.0000, 0.0000, 0.0000, 0.0000, 0.0000, 0.0000, 0.0000, 0.0000,
    0.0000, 0.0000, 0.0000, 0.0000, 0.0000, 0.0000, 0.0000, 0.0000, 0.0000, 0.0000,
  ]

### training/episode
  Total points: 100
  Min: 10.0000, Max: 2980.0000, Mean: 1495.0000
  Data: [
    10.0000, 20.0000, 30.0000, 40.0000, 50.0000, 60.0000, 70.0000, 80.0000, 90.0000, 100.0000,
    110.0000, 120.0000, 130.0000, 140.0000, 150.0000, 160.0000, 170.0000, 180.0000, 190.0000, 200.0000,
    210.0000, 220.0000, 230.0000, 240.0000, 250.0000, 260.0000, 270.0000, 280.0000, 290.0000, 300.0000,
    310.0000, 320.0000, 330.0000, 340.0000, 350.0000, 360.0000, 370.0000, 380.0000, 390.0000, 400.0000,
    410.0000, 420.0000, 430.0000, 440.0000, 450.0000, 460.0000, 470.0000, 480.0000, 490.0000, 500.0000,
    2490.0000, 2500.0000, 2510.0000, 2520.0000, 2530.0000, 2540.0000, 2550.0000, 2560.0000, 2570.0000, 2580.0000,
    2590.0000, 2600.0000, 2610.0000, 2620.0000, 2630.0000, 2640.0000, 2650.0000, 2660.0000, 2670.0000, 2680.0000,
    2690.0000, 2700.0000, 2710.0000, 2720.0000, 2730.0000, 2740.0000, 2750.0000, 2760.0000, 2770.0000, 2780.0000,
    2790.0000, 2800.0000, 2810.0000, 2820.0000, 2830.0000, 2840.0000, 2850.0000, 2860.0000, 2870.0000, 2880.0000,
    2890.0000, 2900.0000, 2910.0000, 2920.0000, 2930.0000, 2940.0000, 2950.0000, 2960.0000, 2970.0000, 2980.0000,
  ]

### training/eps_per_sec
  Total points: 100
  Min: 0.1185, Max: 12.2854, Mean: 3.6984
  Data: [
    3.3021, 4.2723, 9.4766, 12.2854, 4.3452, 2.9436, 7.0057, 10.5716, 6.5425, 9.1984,
    6.1233, 9.1562, 7.3354, 7.6875, 5.2268, 2.8376, 5.3165, 9.7409, 9.5099, 6.8335,
    6.1487, 9.3850, 6.7070, 2.7011, 6.5948, 9.1829, 7.2235, 6.5365, 7.6373, 6.4924,
    8.7126, 8.2416, 8.9270, 8.1118, 6.5417, 2.8375, 6.7252, 6.6719, 8.2691, 8.4081,
    6.0412, 9.3797, 6.9805, 2.3099, 8.1838, 7.6525, 7.4515, 8.2755, 7.7961, 8.1306,
    0.3232, 0.2930, 0.1604, 0.3079, 0.3283, 0.3300, 0.3306, 0.1852, 0.4064, 0.3384,
    0.3354, 0.3511, 0.1639, 0.3671, 0.3374, 0.5277, 0.3588, 0.1285, 0.3245, 0.3240,
    0.3339, 0.2906, 0.1303, 0.4332, 0.3005, 0.4856, 0.3394, 0.1332, 0.3746, 0.3220,
    0.4687, 0.3967, 0.1393, 0.3652, 0.4905, 0.3131, 0.3297, 0.1801, 0.5573, 0.2941,
    0.2955, 0.3738, 0.1185, 0.2962, 0.4230, 0.3201, 0.3939, 0.1556, 0.3013, 0.2942,
  ]

### training/epsilon
  Total points: 100
  Min: 0.7879, Max: 0.9992, Mean: 0.8917
  Data: [
    0.9992, 0.9984, 0.9976, 0.9968, 0.9960, 0.9952, 0.9944, 0.9936, 0.9928, 0.9920,
    0.9912, 0.9904, 0.9897, 0.9889, 0.9881, 0.9873, 0.9865, 0.9857, 0.9849, 0.9841,
    0.9833, 0.9826, 0.9818, 0.9810, 0.9802, 0.9794, 0.9786, 0.9778, 0.9771, 0.9763,
    0.9755, 0.9747, 0.9739, 0.9732, 0.9724, 0.9716, 0.9708, 0.9701, 0.9693, 0.9685,
    0.9677, 0.9670, 0.9662, 0.9654, 0.9646, 0.9639, 0.9631, 0.9623, 0.9616, 0.9608,
    0.8194, 0.8187, 0.8181, 0.8174, 0.8168, 0.8161, 0.8155, 0.8148, 0.8142, 0.8135,
    0.8129, 0.8122, 0.8116, 0.8109, 0.8103, 0.8096, 0.8090, 0.8083, 0.8077, 0.8070,
    0.8064, 0.8057, 0.8051, 0.8044, 0.8038, 0.8032, 0.8025, 0.8019, 0.8012, 0.8006,
    0.7999, 0.7993, 0.7987, 0.7980, 0.7974, 0.7968, 0.7961, 0.7955, 0.7948, 0.7942,
    0.7936, 0.7929, 0.7923, 0.7917, 0.7910, 0.7904, 0.7898, 0.7891, 0.7885, 0.7879,
  ]

### training/pbrs_enabled
  Total points: 100
  Min: 1.0000, Max: 1.0000, Mean: 1.0000
  Data: [
    1.0000, 1.0000, 1.0000, 1.0000, 1.0000, 1.0000, 1.0000, 1.0000, 1.0000, 1.0000,
    1.0000, 1.0000, 1.0000, 1.0000, 1.0000, 1.0000, 1.0000, 1.0000, 1.0000, 1.0000,
    1.0000, 1.0000, 1.0000, 1.0000, 1.0000, 1.0000, 1.0000, 1.0000, 1.0000, 1.0000,
    1.0000, 1.0000, 1.0000, 1.0000, 1.0000, 1.0000, 1.0000, 1.0000, 1.0000, 1.0000,
    1.0000, 1.0000, 1.0000, 1.0000, 1.0000, 1.0000, 1.0000, 1.0000, 1.0000, 1.0000,
    1.0000, 1.0000, 1.0000, 1.0000, 1.0000, 1.0000, 1.0000, 1.0000, 1.0000, 1.0000,
    1.0000, 1.0000, 1.0000, 1.0000, 1.0000, 1.0000, 1.0000, 1.0000, 1.0000, 1.0000,
    1.0000, 1.0000, 1.0000, 1.0000, 1.0000, 1.0000, 1.0000, 1.0000, 1.0000, 1.0000,
    1.0000, 1.0000, 1.0000, 1.0000, 1.0000, 1.0000, 1.0000, 1.0000, 1.0000, 1.0000,
    1.0000, 1.0000, 1.0000, 1.0000, 1.0000, 1.0000, 1.0000, 1.0000, 1.0000, 1.0000,
  ]

### values/Q_avg
  Total points: 29
  Min: -1.0968, Max: -0.0051, Mean: -0.2593
  Data: [
    -0.0203, -0.0387, -0.0460, -0.0303, -0.0450, -0.0167, -0.0294, -0.0166, -0.0362, -0.0193,
    -0.0051, -0.0537, -0.0176, -0.0263, -0.0271, -0.0404, -0.0074, -0.0321, -0.0167, -0.0607,
    -0.0996, -0.3729, -0.6204, -0.7922, -0.8882, -1.0048, -1.0079, -1.0968, -1.0503,
  ]

### values/Q_max
  Total points: 29
  Min: -0.6450, Max: 0.9518, Mean: 0.2303
  Data: [
    0.2257, 0.2444, 0.2917, 0.2379, 0.3286, 0.2774, 0.2719, 0.2457, 0.3127, 0.2787,
    0.2659, 0.2270, 0.2103, 0.1762, 0.2195, 0.2118, 0.2613, 0.3094, 0.2622, 0.2067,
    0.5733, 0.0028, -0.1002, 0.7037, 0.2529, -0.6450, 0.1283, -0.2527, 0.9518,
  ]

### values/Q_min
  Total points: 29
  Min: -1.6497, Max: -0.2671, Mean: -0.6243
  Data: [
    -0.3098, -0.3188, -0.3933, -0.2950, -0.3769, -0.3329, -0.3127, -0.3185, -0.2762, -0.3004,
    -0.2671, -0.3276, -0.2711, -0.2963, -0.2916, -0.3002, -0.3059, -0.4232, -0.2985, -0.3179,
    -0.7111, -0.9190, -1.1815, -1.2778, -1.3887, -1.4998, -1.5925, -1.6497, -1.5493,
  ]

### values/Q_std
  Total points: 29
  Min: 0.0890, Max: 0.3451, Mean: 0.1528
  Data: [
    0.1200, 0.1296, 0.1359, 0.1129, 0.1178, 0.1359, 0.1254, 0.1281, 0.1322, 0.1273,
    0.1231, 0.1206, 0.1225, 0.1114, 0.1257, 0.1248, 0.1372, 0.1349, 0.1174, 0.0890,
    0.1790, 0.2045, 0.1978, 0.2466, 0.2131, 0.1770, 0.2027, 0.1936, 0.3451,
  ]
