================================================================================
W&B ASYNC RUN DATA: 512TD3-ASYNC-NORMAL-weak-seed55
================================================================================

## RUN METADATA
Run ID: 3jpcfrdz
Created: 2026-01-15T19:34:50Z
State: running
Duration: 2679.48121259 seconds

## CONFIGURATION
  mode: NORMAL
  opponent: weak
  num_workers: 4
  max_episodes: 100000
  lr_actor: 0.0003
  lr_critic: 0.0003
  batch_size: 512
  buffer_size: 1000000
  eps: 1
  eps_min: 0.05
  eps_decay: 0.99995
  gamma: 0.99
  tau: 0.005
  policy_freq: 2
  target_update_freq: 2
  weight_sync_interval: 5
  use_per: True
  per_alpha: 0.6
  per_beta_start: 0.4
  reward_shaping: True
  pbrs_scale: 0.3
  q_clip: 25
  q_clip_mode: soft
  grad_clip: 1
  hidden_actor: [400, 300]
  hidden_critic: [400, 300, 128]
  eval_interval: 2000
  eval_episodes: 50
  seed: 55

## FINAL SUMMARY

## NOTE: Data discretized to fit 100000 char limit
  Showing ~100 points per metric

## METRICS DATA

### Performance

**losses** (n=100)
  min=34.0000, max=9543.0000, mean=4634.1000
  [34.0000, 66.0000, 101.0000, 133.0000, 159.0000, 188.0000, 214.0000, 236.0000, 263.0000, 294.0000, 317.0000, 344.0000, 374.0000, 405.0000, 432.0000, 464.0000, 497.0000, 528.0000, 563.0000, 596.0000, 654.0000, 712.0000, 748.0000, 810.0000, 860.0000, 901.0000, 923.0000, 962.0000, 997.0000, 1260.0000, 1299.0000, 1327.0000, 1364.0000, 1401.0000, 1425.0000, 1462.0000, 1492.0000, 1525.0000, 1552.0000, 1589.0000, 1621.0000, 1649.0000, 1671.0000, 1696.0000, 1728.0000, 1749.0000, 1772.0000, 1793.0000, 1835.0000, 1864.0000, 7004.0000, 7040.0000, 7069.0000, 7104.0000, 7133.0000, 7172.0000, 7226.0000, 7505.0000, 7551.0000, 7587.0000, 7621.0000, 7652.0000, 7679.0000, 7715.0000, 7752.0000, 7796.0000, 7846.0000, 7897.0000, 7945.0000, 8001.0000, 8055.0000, 8097.0000, 8145.0000, 8198.0000, 8244.0000, 8301.0000, 8343.0000, 8399.0000, 8652.0000, 8703.0000, 8744.0000, 8800.0000, 8846.0000, 8892.0000, 8927.0000, 8970.0000, 9014.0000, 9064.0000, 9099.0000, 9154.0000, 9199.0000, 9242.0000, 9270.0000, 9306.0000, 9340.0000, 9371.0000, 9402.0000, 9449.0000, 9497.0000, 9543.0000]

**rolling_win_rate** (n=100)
  min=0.0200, max=0.2200, mean=0.0837
  [0.0370, 0.0400, 0.0300, 0.0700, 0.0600, 0.0300, 0.0300, 0.0200, 0.0200, 0.0200, 0.0500, 0.0400, 0.0400, 0.0800, 0.0400, 0.0300, 0.0500, 0.0500, 0.0500, 0.0500, 0.1200, 0.1400, 0.0800, 0.1600, 0.1600, 0.1100, 0.0900, 0.1000, 0.0700, 0.1000, 0.0400, 0.0700, 0.0900, 0.0800, 0.1000, 0.0800, 0.0600, 0.0600, 0.0400, 0.0500, 0.0400, 0.0200, 0.0800, 0.0600, 0.0300, 0.0800, 0.1100, 0.1000, 0.1300, 0.0700, 0.1000, 0.0800, 0.0700, 0.0800, 0.0700, 0.0800, 0.1500, 0.1800, 0.1600, 0.0900, 0.0600, 0.0400, 0.0800, 0.0900, 0.0900, 0.0500, 0.0900, 0.1100, 0.0800, 0.1400, 0.1000, 0.0800, 0.1000, 0.1100, 0.1400, 0.1300, 0.1200, 0.1200, 0.2200, 0.2000, 0.1100, 0.1400, 0.1200, 0.1300, 0.0900, 0.1600, 0.0900, 0.0400, 0.0700, 0.1400, 0.1300, 0.0400, 0.0900, 0.0700, 0.0600, 0.0600, 0.0200, 0.0800, 0.0700, 0.0900]

**ties** (n=100)
  min=44.0000, max=6978.0000, mean=3617.4700
  [44.0000, 83.0000, 124.0000, 161.0000, 190.0000, 216.0000, 243.0000, 279.0000, 312.0000, 345.0000, 380.0000, 413.0000, 445.0000, 476.0000, 511.0000, 545.0000, 575.0000, 607.0000, 638.0000, 675.0000, 698.0000, 713.0000, 743.0000, 762.0000, 788.0000, 816.0000, 850.0000, 874.0000, 892.0000, 1015.0000, 1039.0000, 1069.0000, 1099.0000, 1129.0000, 1163.0000, 1192.0000, 1220.0000, 1248.0000, 1278.0000, 1307.0000, 1335.0000, 1363.0000, 1394.0000, 1425.0000, 1450.0000, 1478.0000, 1511.0000, 1542.0000, 1567.0000, 1599.0000, 5678.0000, 5705.0000, 5739.0000, 5766.0000, 5790.0000, 5813.0000, 5847.0000, 6002.0000, 6021.0000, 6048.0000, 6075.0000, 6103.0000, 6130.0000, 6154.0000, 6180.0000, 6206.0000, 6228.0000, 6246.0000, 6271.0000, 6289.0000, 6309.0000, 6334.0000, 6355.0000, 6372.0000, 6393.0000, 6407.0000, 6429.0000, 6441.0000, 6543.0000, 6558.0000, 6580.0000, 6596.0000, 6615.0000, 6633.0000, 6657.0000, 6674.0000, 6695.0000, 6715.0000, 6739.0000, 6753.0000, 6773.0000, 6800.0000, 6826.0000, 6849.0000, 6876.0000, 6900.0000, 6928.0000, 6946.0000, 6961.0000, 6978.0000]

**total_episodes** (n=100)
  min=81.0000, max=17919.0000, mean=8904.9300
  [81.0000, 154.0000, 232.0000, 307.0000, 363.0000, 420.0000, 474.0000, 533.0000, 594.0000, 660.0000, 722.0000, 783.0000, 848.0000, 918.0000, 981.0000, 1049.0000, 1116.0000, 1182.0000, 1251.0000, 1325.0000, 1418.0000, 1503.0000, 1574.0000, 1671.0000, 1760.0000, 1837.0000, 1899.0000, 1966.0000, 2023.0000, 2444.0000, 2510.0000, 2573.0000, 2646.0000, 2716.0000, 2781.0000, 2851.0000, 2913.0000, 2977.0000, 3037.0000, 3106.0000, 3168.0000, 3226.0000, 3285.0000, 3344.0000, 3403.0000, 3458.0000, 3521.0000, 3581.0000, 3656.0000, 3718.0000, 13623.0000, 13691.0000, 13758.0000, 13826.0000, 13883.0000, 13952.0000, 14055.0000, 14552.0000, 14626.0000, 14694.0000, 14757.0000, 14818.0000, 14878.0000, 14943.0000, 15013.0000, 15086.0000, 15165.0000, 15243.0000, 15322.0000, 15410.0000, 15494.0000, 15567.0000, 15645.0000, 15723.0000, 15800.0000, 15882.0000, 15954.0000, 16031.0000, 16451.0000, 16534.0000, 16603.0000, 16687.0000, 16760.0000, 16833.0000, 16899.0000, 16970.0000, 17038.0000, 17112.0000, 17178.0000, 17259.0000, 17330.0000, 17403.0000, 17464.0000, 17527.0000, 17591.0000, 17649.0000, 17709.0000, 17781.0000, 17847.0000, 17919.0000]

**win_rate** (n=100)
  min=0.0302, max=0.0784, mean=0.0642
  [0.0370, 0.0325, 0.0302, 0.0423, 0.0386, 0.0381, 0.0359, 0.0338, 0.0320, 0.0318, 0.0346, 0.0332, 0.0342, 0.0403, 0.0387, 0.0381, 0.0394, 0.0398, 0.0400, 0.0408, 0.0465, 0.0519, 0.0527, 0.0592, 0.0636, 0.0653, 0.0664, 0.0661, 0.0662, 0.0691, 0.0685, 0.0688, 0.0692, 0.0685, 0.0694, 0.0691, 0.0690, 0.0685, 0.0682, 0.0676, 0.0669, 0.0663, 0.0670, 0.0667, 0.0661, 0.0668, 0.0676, 0.0687, 0.0695, 0.0686, 0.0691, 0.0691, 0.0691, 0.0691, 0.0691, 0.0693, 0.0699, 0.0718, 0.0721, 0.0721, 0.0719, 0.0717, 0.0719, 0.0719, 0.0720, 0.0719, 0.0719, 0.0722, 0.0722, 0.0727, 0.0729, 0.0730, 0.0732, 0.0733, 0.0736, 0.0739, 0.0741, 0.0743, 0.0763, 0.0770, 0.0770, 0.0774, 0.0775, 0.0777, 0.0778, 0.0781, 0.0780, 0.0779, 0.0780, 0.0783, 0.0784, 0.0782, 0.0783, 0.0783, 0.0782, 0.0781, 0.0779, 0.0779, 0.0778, 0.0780]

**wins** (n=100)
  min=3.0000, max=1398.0000, mean=653.3600
  [3.0000, 5.0000, 7.0000, 13.0000, 14.0000, 16.0000, 17.0000, 18.0000, 19.0000, 21.0000, 25.0000, 26.0000, 29.0000, 37.0000, 38.0000, 40.0000, 44.0000, 47.0000, 50.0000, 54.0000, 66.0000, 78.0000, 83.0000, 99.0000, 112.0000, 120.0000, 126.0000, 130.0000, 134.0000, 169.0000, 172.0000, 177.0000, 183.0000, 186.0000, 193.0000, 197.0000, 201.0000, 204.0000, 207.0000, 210.0000, 212.0000, 214.0000, 220.0000, 223.0000, 225.0000, 231.0000, 238.0000, 246.0000, 254.0000, 255.0000, 941.0000, 946.0000, 950.0000, 956.0000, 960.0000, 967.0000, 982.0000, 1045.0000, 1054.0000, 1059.0000, 1061.0000, 1063.0000, 1069.0000, 1074.0000, 1081.0000, 1084.0000, 1091.0000, 1100.0000, 1106.0000, 1120.0000, 1130.0000, 1136.0000, 1145.0000, 1153.0000, 1163.0000, 1174.0000, 1182.0000, 1191.0000, 1256.0000, 1273.0000, 1279.0000, 1291.0000, 1299.0000, 1308.0000, 1315.0000, 1326.0000, 1329.0000, 1333.0000, 1340.0000, 1352.0000, 1358.0000, 1361.0000, 1368.0000, 1372.0000, 1375.0000, 1378.0000, 1379.0000, 1386.0000, 1389.0000, 1398.0000]

### Rewards

**episode_reward** (n=100)
  min=-26.3055, max=-8.3817, mean=-15.7661
  [-24.7371, -23.6860, -25.5988, -23.4922, -23.2313, -22.9587, -24.2655, -26.3055, -24.5058, -23.3011, -23.5464, -23.5410, -22.8770, -16.0153, -19.8257, -23.6996, -22.4315, -22.0992, -21.9200, -22.6809, -12.0916, -13.2261, -17.2752, -10.3015, -10.7788, -13.7213, -18.3353, -17.8956, -15.2242, -14.2868, -18.5866, -18.6741, -18.0168, -16.4679, -20.0149, -18.9049, -18.0457, -18.8720, -18.4648, -17.8848, -17.8644, -19.2634, -20.6004, -21.6788, -18.8646, -17.4129, -18.0875, -18.9077, -14.4103, -17.1799, -17.2179, -17.0349, -15.8553, -14.9525, -13.9426, -13.9405, -12.0019, -9.0490, -10.1828, -13.3041, -16.0090, -18.3550, -17.5341, -15.3732, -12.0512, -13.6236, -10.1880, -9.9199, -11.0713, -9.6293, -10.6281, -10.7524, -10.1370, -11.1444, -9.8337, -10.5865, -10.2954, -10.6272, -8.8852, -9.2234, -9.7077, -8.3817, -10.9073, -10.1169, -10.9479, -10.0012, -11.5833, -11.3941, -9.3967, -9.0239, -8.5819, -14.4460, -13.7598, -13.2128, -13.2183, -15.0935, -17.9886, -13.4711, -10.0126, -9.9583]

**sparse_reward** (n=100)
  min=-26.6027, max=-8.4920, mean=-15.9192
  [-24.8428, -23.8092, -25.7486, -23.6035, -23.3782, -23.1577, -24.5128, -26.6027, -24.7650, -23.5449, -23.8002, -23.7600, -23.0917, -16.2061, -20.0707, -23.9543, -22.6966, -22.3493, -22.1859, -22.9116, -12.1907, -13.3354, -17.4864, -10.3933, -10.8842, -13.8715, -18.5565, -18.0827, -15.3808, -14.4213, -18.8084, -18.8812, -18.2088, -16.6645, -20.2503, -19.0933, -18.2673, -19.0822, -18.6921, -18.0516, -18.0697, -19.4698, -20.7917, -21.9103, -19.1115, -17.6619, -18.2939, -19.0953, -14.5952, -17.3698, -17.4021, -17.2236, -16.0221, -15.0772, -14.0362, -14.0596, -12.0656, -9.0894, -10.2467, -13.4408, -16.1841, -18.5384, -17.6645, -15.4980, -12.1538, -13.7621, -10.2339, -9.9709, -11.1811, -9.7196, -10.6857, -10.8663, -10.1974, -11.2565, -9.9022, -10.7226, -10.4280, -10.7316, -8.9464, -9.3037, -9.7815, -8.4920, -11.0008, -10.1482, -11.0089, -10.0788, -11.6554, -11.5260, -9.5056, -9.0632, -8.6443, -14.5874, -13.9610, -13.3800, -13.3639, -15.2337, -18.1627, -13.5970, -10.1222, -10.0364]

### Training

**buffer_size** (n=100)
  min=13704.0000, max=1000000.0000, mean=644119.8200
  [13704.0000, 26204.0000, 38504.0000, 50904.0000, 59785.0000, 68385.0000, 77116.0000, 87662.0000, 97959.0000, 108746.0000, 119278.0000, 129340.0000, 139078.0000, 149832.0000, 160552.0000, 170968.0000, 181572.0000, 192101.0000, 203023.0000, 213921.0000, 224673.0000, 234801.0000, 245429.0000, 256269.0000, 267221.0000, 277433.0000, 288112.0000, 297967.0000, 348670.0000, 359173.0000, 369184.0000, 379244.0000, 390087.0000, 400745.0000, 411357.0000, 422191.0000, 432310.0000, 441819.0000, 451555.0000, 461592.0000, 471392.0000, 481407.0000, 491367.0000, 501210.0000, 511269.0000, 521190.0000, 531433.0000, 541350.0000, 551319.0000, 561579.0000, 1000000.0000, 1000000.0000, 1000000.0000, 1000000.0000, 1000000.0000, 1000000.0000, 1000000.0000, 1000000.0000, 1000000.0000, 1000000.0000, 1000000.0000, 1000000.0000, 1000000.0000, 1000000.0000, 1000000.0000, 1000000.0000, 1000000.0000, 1000000.0000, 1000000.0000, 1000000.0000, 1000000.0000, 1000000.0000, 1000000.0000, 1000000.0000, 1000000.0000, 1000000.0000, 1000000.0000, 1000000.0000, 1000000.0000, 1000000.0000, 1000000.0000, 1000000.0000, 1000000.0000, 1000000.0000, 1000000.0000, 1000000.0000, 1000000.0000, 1000000.0000, 1000000.0000, 1000000.0000, 1000000.0000, 1000000.0000, 1000000.0000, 1000000.0000, 1000000.0000, 1000000.0000, 1000000.0000, 1000000.0000, 1000000.0000, 1000000.0000]

**elapsed_time** (n=100)
  min=13.0030, max=2671.3924, mean=1336.7362
  [13.0030, 23.0127, 33.0240, 43.0300, 53.0394, 63.0688, 73.1240, 83.1274, 93.1557, 103.1626, 113.1838, 123.1850, 133.1916, 143.1932, 153.2046, 163.2135, 173.2151, 183.2160, 193.2317, 203.2391, 213.2479, 223.2602, 233.2664, 243.2791, 253.3179, 263.3270, 273.3291, 283.3574, 331.2741, 341.2923, 351.3517, 361.3974, 371.4429, 381.4437, 391.4894, 401.4963, 411.5168, 421.5401, 431.5444, 441.5449, 451.5500, 461.5631, 471.5831, 481.5866, 491.5980, 501.6130, 511.6706, 521.6772, 531.6791, 541.6887, 2084.5596, 2094.5645, 2104.5672, 2114.5807, 2124.5834, 2134.6075, 2202.4516, 2212.4539, 2222.4543, 2232.5045, 2242.5404, 2252.5646, 2262.5691, 2272.5921, 2282.5979, 2292.6009, 2302.6456, 2312.6735, 2322.6934, 2332.7170, 2342.7407, 2352.7666, 2362.7769, 2372.7821, 2382.8036, 2392.8220, 2402.8269, 2451.0589, 2461.0767, 2471.0933, 2481.1118, 2491.1197, 2501.1213, 2511.1257, 2521.1651, 2531.1705, 2541.1802, 2551.1826, 2561.1888, 2571.1910, 2581.1951, 2591.2253, 2601.2805, 2611.2891, 2621.2963, 2631.3060, 2641.3325, 2651.3478, 2661.3796, 2671.3924]

**episode_length** (n=100)
  min=109.8400, max=175.3100, mean=145.0071
  [164.8395, 163.3300, 159.8600, 158.7400, 164.1700, 157.5900, 151.2000, 170.8000, 173.4200, 164.7700, 171.0500, 157.3700, 156.8800, 156.7100, 160.6900, 158.7400, 155.8200, 156.8800, 159.3400, 153.6700, 120.6600, 113.9600, 149.8500, 109.8400, 120.4600, 132.8100, 162.1200, 157.0700, 137.3800, 129.5000, 145.6500, 154.6700, 150.0300, 141.6900, 162.3600, 155.1600, 157.9300, 153.8200, 158.0600, 151.9100, 151.0900, 165.5800, 171.2300, 175.3100, 164.3200, 174.2300, 171.7800, 162.8200, 144.1000, 154.9200, 170.8900, 157.1700, 154.8000, 154.0900, 151.4900, 151.4300, 131.7300, 112.7300, 133.6900, 143.8100, 154.2400, 152.5900, 147.1100, 147.1700, 142.6700, 145.9400, 125.5600, 124.8700, 136.7600, 120.6200, 114.6200, 141.2600, 137.5400, 123.2300, 123.6400, 120.7500, 122.7900, 120.8800, 132.8100, 119.6100, 129.5800, 126.1500, 125.4700, 122.5900, 139.3800, 129.4700, 129.1200, 132.6500, 144.2000, 121.6800, 121.1600, 131.6500, 144.5900, 147.1700, 148.2700, 139.4600, 154.2200, 128.7600, 120.9700, 131.5000]

**eps_per_sec** (n=100)
  min=6.1067, max=7.1610, mean=6.7032
  [6.2293, 6.6919, 7.0252, 7.1346, 6.8440, 6.6594, 6.4821, 6.4118, 6.3764, 6.3977, 6.3790, 6.3563, 6.3668, 6.4109, 6.4032, 6.4272, 6.4429, 6.4514, 6.4741, 6.5194, 6.6495, 6.7321, 6.7476, 6.8687, 6.9478, 6.9761, 6.9477, 6.9382, 6.1067, 7.1610, 7.1438, 7.1196, 7.1236, 7.1203, 7.1036, 7.1009, 7.0787, 7.0622, 7.0375, 7.0344, 7.0158, 6.9893, 6.9659, 6.9437, 6.9223, 6.8938, 6.8814, 6.8644, 6.8763, 6.8637, 6.5352, 6.5364, 6.5372, 6.5384, 6.5345, 6.5361, 6.3815, 6.5773, 6.5810, 6.5818, 6.5805, 6.5783, 6.5757, 6.5753, 6.5772, 6.5803, 6.5859, 6.5911, 6.5967, 6.6060, 6.6136, 6.6165, 6.6214, 6.6264, 6.6308, 6.6374, 6.6397, 6.5404, 6.6845, 6.6910, 6.6918, 6.6986, 6.7010, 6.7034, 6.7029, 6.7044, 6.7048, 6.7075, 6.7070, 6.7125, 6.7139, 6.7161, 6.7136, 6.7120, 6.7108, 6.7073, 6.7046, 6.7064, 6.7059, 6.7077]

**epsilon** (n=100)
  min=0.4082, max=0.9960, mean=0.6817
  [0.9960, 0.9923, 0.9885, 0.9848, 0.9820, 0.9792, 0.9766, 0.9737, 0.9707, 0.9675, 0.9645, 0.9616, 0.9585, 0.9551, 0.9521, 0.9489, 0.9457, 0.9426, 0.9394, 0.9359, 0.9316, 0.9276, 0.9243, 0.9198, 0.9158, 0.9122, 0.9095, 0.9064, 0.9048, 0.8850, 0.8821, 0.8793, 0.8761, 0.8730, 0.8702, 0.8671, 0.8645, 0.8617, 0.8591, 0.8562, 0.8535, 0.8510, 0.8485, 0.8460, 0.8435, 0.8412, 0.8386, 0.8361, 0.8329, 0.8304, 0.5060, 0.5043, 0.5026, 0.5009, 0.4995, 0.4978, 0.4966, 0.4831, 0.4813, 0.4797, 0.4781, 0.4767, 0.4752, 0.4737, 0.4721, 0.4703, 0.4685, 0.4667, 0.4648, 0.4628, 0.4608, 0.4592, 0.4574, 0.4556, 0.4539, 0.4520, 0.4504, 0.4493, 0.4393, 0.4375, 0.4360, 0.4341, 0.4326, 0.4310, 0.4296, 0.4280, 0.4266, 0.4250, 0.4236, 0.4219, 0.4204, 0.4189, 0.4176, 0.4163, 0.4150, 0.4138, 0.4125, 0.4110, 0.4097, 0.4082]

**train_step** (n=100)
  min=0.0000, max=8420.0000, mean=4188.9600
  [0.0000, 0.0000, 0.0000, 0.0000, 17.0000, 51.0000, 86.0000, 128.0000, 174.0000, 214.0000, 254.0000, 298.0000, 346.0000, 386.0000, 425.0000, 469.0000, 508.0000, 547.0000, 591.0000, 635.0000, 675.0000, 719.0000, 758.0000, 801.0000, 843.0000, 888.0000, 928.0000, 974.0000, 996.0000, 1034.0000, 1080.0000, 1126.0000, 1168.0000, 1210.0000, 1251.0000, 1293.0000, 1339.0000, 1384.0000, 1430.0000, 1468.0000, 1506.0000, 1545.0000, 1585.0000, 1623.0000, 1660.0000, 1700.0000, 1740.0000, 1780.0000, 1821.0000, 1862.0000, 6617.0000, 6655.0000, 6691.0000, 6732.0000, 6763.0000, 6794.0000, 6818.0000, 6853.0000, 6891.0000, 6929.0000, 6962.0000, 6993.0000, 7025.0000, 7060.0000, 7098.0000, 7138.0000, 7177.0000, 7221.0000, 7258.0000, 7299.0000, 7350.0000, 7387.0000, 7429.0000, 7467.0000, 7506.0000, 7546.0000, 7585.0000, 7606.0000, 7642.0000, 7678.0000, 7715.0000, 7756.0000, 7793.0000, 7829.0000, 7870.0000, 7908.0000, 7944.0000, 7980.0000, 8017.0000, 8053.0000, 8089.0000, 8125.0000, 8163.0000, 8201.0000, 8238.0000, 8274.0000, 8310.0000, 8344.0000, 8381.0000, 8420.0000]

### Losses

**actor_loss** (n=100)
  min=0.0000, max=2.0011, mean=1.1507
  [0.0000, 0.0000, 0.0000, 0.0000, 0.2150, 0.1938, 0.1934, 0.1993, 0.2055, 0.2106, 0.2233, 0.2412, 0.2562, 0.2647, 0.2750, 0.2932, 0.3090, 0.3253, 0.3483, 0.3697, 0.3808, 0.3874, 0.3997, 0.4075, 0.4096, 0.4230, 0.4377, 0.4549, 0.4650, 0.4738, 0.4864, 0.4935, 0.5041, 0.5160, 0.5377, 0.5602, 0.5845, 0.6047, 0.6276, 0.6448, 0.6589, 0.6732, 0.6911, 0.7036, 0.7174, 0.7296, 0.7410, 0.7521, 0.7605, 0.7715, 1.8458, 1.8502, 1.8536, 1.8681, 1.8799, 1.8839, 1.8837, 1.8624, 1.8460, 1.8266, 1.8143, 1.8112, 1.8131, 1.8332, 1.8549, 1.8702, 1.8737, 1.8749, 1.8708, 1.8656, 1.8669, 1.8703, 1.8713, 1.8730, 1.8721, 1.8687, 1.8784, 1.8750, 1.8717, 1.8652, 1.8656, 1.8514, 1.8448, 1.8487, 1.8631, 1.8682, 1.8790, 1.8889, 1.8979, 1.9004, 1.8984, 1.9074, 1.9160, 1.9225, 1.9267, 1.9443, 1.9637, 1.9791, 1.9851, 2.0011]

**critic_loss** (n=100)
  min=0.0000, max=0.0426, mean=0.0265
  [0.0000, 0.0000, 0.0000, 0.0000, 0.0222, 0.0195, 0.0198, 0.0189, 0.0205, 0.0252, 0.0290, 0.0315, 0.0354, 0.0378, 0.0389, 0.0387, 0.0374, 0.0371, 0.0362, 0.0364, 0.0382, 0.0388, 0.0401, 0.0420, 0.0419, 0.0412, 0.0415, 0.0426, 0.0423, 0.0359, 0.0288, 0.0275, 0.0283, 0.0300, 0.0304, 0.0336, 0.0343, 0.0344, 0.0356, 0.0378, 0.0382, 0.0375, 0.0369, 0.0358, 0.0355, 0.0342, 0.0336, 0.0334, 0.0331, 0.0337, 0.0238, 0.0237, 0.0234, 0.0234, 0.0233, 0.0237, 0.0235, 0.0218, 0.0198, 0.0180, 0.0180, 0.0170, 0.0168, 0.0165, 0.0181, 0.0185, 0.0183, 0.0189, 0.0199, 0.0202, 0.0214, 0.0210, 0.0210, 0.0213, 0.0219, 0.0217, 0.0219, 0.0222, 0.0220, 0.0208, 0.0194, 0.0201, 0.0214, 0.0214, 0.0204, 0.0213, 0.0232, 0.0239, 0.0233, 0.0233, 0.0236, 0.0238, 0.0238, 0.0243, 0.0247, 0.0249, 0.0253, 0.0249, 0.0244, 0.0250]

### Values

**Q_mean** (n=100)
  min=-2.0013, max=0.0000, mean=-1.1412
  [0.0000, 0.0000, 0.0000, 0.0000, -0.1828, -0.1798, -0.1874, -0.2012, -0.2189, -0.2331, -0.2451, -0.2623, -0.2771, -0.2772, -0.2801, -0.2993, -0.3269, -0.3429, -0.3557, -0.3724, -0.3844, -0.3837, -0.3903, -0.4049, -0.4078, -0.4202, -0.4423, -0.4731, -0.4843, -0.4736, -0.4667, -0.4815, -0.5053, -0.5282, -0.5493, -0.5730, -0.5962, -0.6167, -0.6363, -0.6536, -0.6615, -0.6755, -0.6898, -0.7094, -0.7230, -0.7269, -0.7337, -0.7520, -0.7626, -0.7690, -1.8271, -1.8421, -1.8551, -1.8625, -1.8716, -1.8718, -1.8692, -1.8196, -1.7869, -1.7559, -1.7794, -1.7948, -1.8126, -1.8256, -1.8411, -1.8488, -1.8475, -1.8471, -1.8391, -1.8342, -1.8483, -1.8507, -1.8518, -1.8392, -1.8337, -1.8365, -1.8530, -1.8580, -1.8460, -1.8228, -1.8126, -1.8073, -1.8108, -1.8184, -1.8428, -1.8423, -1.8564, -1.8673, -1.8861, -1.8819, -1.8648, -1.8642, -1.8821, -1.9065, -1.9210, -1.9343, -1.9630, -1.9815, -2.0013, -1.9851]

**Q_std** (n=100)
  min=0.0000, max=0.0983, mean=0.0531
  [0.0000, 0.0000, 0.0000, 0.0000, 0.0552, 0.0341, 0.0285, 0.0146, 0.0115, 0.0130, 0.0134, 0.0146, 0.0129, 0.0148, 0.0171, 0.0287, 0.0213, 0.0161, 0.0177, 0.0236, 0.0188, 0.0188, 0.0240, 0.0201, 0.0204, 0.0328, 0.0413, 0.0361, 0.0275, 0.0336, 0.0329, 0.0297, 0.0323, 0.0312, 0.0302, 0.0326, 0.0329, 0.0301, 0.0318, 0.0309, 0.0309, 0.0301, 0.0338, 0.0341, 0.0346, 0.0362, 0.0378, 0.0396, 0.0363, 0.0346, 0.0785, 0.0736, 0.0611, 0.0727, 0.0761, 0.0848, 0.0824, 0.0983, 0.0882, 0.0745, 0.0738, 0.0727, 0.0749, 0.0731, 0.0722, 0.0726, 0.0750, 0.0746, 0.0749, 0.0797, 0.0795, 0.0744, 0.0827, 0.0838, 0.0832, 0.0784, 0.0866, 0.0823, 0.0868, 0.0792, 0.0792, 0.0785, 0.0775, 0.0864, 0.0910, 0.0857, 0.0838, 0.0802, 0.0735, 0.0733, 0.0873, 0.0936, 0.0970, 0.0863, 0.0829, 0.0774, 0.0820, 0.0856, 0.0893, 0.0906]

### Gradients

**actor_grad_norm** (n=100)
  min=0.0000, max=0.0942, mean=0.0298
  [0.0000, 0.0000, 0.0000, 0.0000, 0.0942, 0.0606, 0.0447, 0.0356, 0.0347, 0.0242, 0.0162, 0.0125, 0.0132, 0.0246, 0.0266, 0.0276, 0.0266, 0.0219, 0.0082, 0.0098, 0.0133, 0.0213, 0.0232, 0.0262, 0.0245, 0.0200, 0.0201, 0.0188, 0.0180, 0.0170, 0.0154, 0.0123, 0.0117, 0.0118, 0.0129, 0.0115, 0.0114, 0.0119, 0.0106, 0.0108, 0.0114, 0.0116, 0.0139, 0.0157, 0.0174, 0.0191, 0.0199, 0.0199, 0.0198, 0.0202, 0.0388, 0.0368, 0.0382, 0.0386, 0.0400, 0.0400, 0.0376, 0.0386, 0.0390, 0.0401, 0.0401, 0.0398, 0.0418, 0.0418, 0.0456, 0.0464, 0.0457, 0.0445, 0.0435, 0.0397, 0.0376, 0.0370, 0.0388, 0.0385, 0.0399, 0.0390, 0.0390, 0.0386, 0.0379, 0.0358, 0.0365, 0.0379, 0.0396, 0.0395, 0.0396, 0.0382, 0.0397, 0.0390, 0.0392, 0.0396, 0.0411, 0.0413, 0.0405, 0.0413, 0.0413, 0.0416, 0.0411, 0.0430, 0.0437, 0.0443]

**critic_grad_norm** (n=100)
  min=0.0000, max=0.1701, mean=0.0964
  [0.0000, 0.0000, 0.0000, 0.0000, 0.0750, 0.0340, 0.0241, 0.0091, 0.0080, 0.0086, 0.0095, 0.0112, 0.0148, 0.0181, 0.0207, 0.0233, 0.0261, 0.0287, 0.0311, 0.0336, 0.0343, 0.0355, 0.0393, 0.0477, 0.0500, 0.0519, 0.0558, 0.0577, 0.0556, 0.0536, 0.0503, 0.0462, 0.0494, 0.0521, 0.0533, 0.0575, 0.0613, 0.0618, 0.0671, 0.0722, 0.0788, 0.0823, 0.0803, 0.0769, 0.0795, 0.0854, 0.0825, 0.0781, 0.0822, 0.0900, 0.1701, 0.1696, 0.1622, 0.1590, 0.1561, 0.1589, 0.1552, 0.1447, 0.1365, 0.1320, 0.1355, 0.1343, 0.1387, 0.1374, 0.1430, 0.1412, 0.1441, 0.1458, 0.1436, 0.1396, 0.1397, 0.1395, 0.1447, 0.1507, 0.1500, 0.1533, 0.1448, 0.1464, 0.1399, 0.1434, 0.1385, 0.1390, 0.1415, 0.1486, 0.1432, 0.1359, 0.1434, 0.1445, 0.1467, 0.1588, 0.1667, 0.1670, 0.1506, 0.1524, 0.1531, 0.1560, 0.1521, 0.1545, 0.1512, 0.1529]

### Behavior

**action_magnitude** (n=100)
  min=0.8055, max=1.1990, mean=1.1224
  [0.8141, 0.8300, 0.8450, 0.8449, 0.8055, 0.8781, 1.0606, 1.1439, 1.1669, 1.1783, 1.1824, 1.1667, 1.1348, 1.0638, 1.1168, 1.1990, 1.1720, 1.1475, 1.1410, 1.1177, 1.0591, 1.0838, 1.1210, 1.1193, 1.1300, 1.1417, 1.1607, 1.1515, 1.1525, 1.1603, 1.1438, 1.1429, 1.1456, 1.1829, 1.1613, 1.1451, 1.1352, 1.1241, 1.1361, 1.1490, 1.1306, 1.1259, 1.1140, 1.1156, 1.1135, 1.1216, 1.1254, 1.0842, 1.1017, 1.1098, 1.1023, 1.1169, 1.1310, 1.1289, 1.1234, 1.1401, 1.1372, 1.1482, 1.1210, 1.1292, 1.1223, 1.1048, 1.1157, 1.1144, 1.1444, 1.1622, 1.1314, 1.1595, 1.1368, 1.1317, 1.1276, 1.1360, 1.1463, 1.1418, 1.1708, 1.1747, 1.1553, 1.1543, 1.1388, 1.1678, 1.1732, 1.1768, 1.1589, 1.1552, 1.1527, 1.1641, 1.1368, 1.1416, 1.1484, 1.1475, 1.1540, 1.1694, 1.1744, 1.1571, 1.1791, 1.1682, 1.1542, 1.1640, 1.1840, 1.1723]

**puck_distance** (n=100)
  min=2.4936, max=3.7605, mean=2.8710
  [3.7605, 3.5023, 3.5979, 3.5526, 3.6063, 3.4927, 3.3461, 3.3288, 3.2979, 3.2107, 3.2732, 3.1522, 3.2899, 2.9767, 3.2274, 3.4310, 3.3374, 3.2805, 3.2867, 3.2750, 2.7665, 2.8287, 3.0198, 2.8623, 2.9234, 2.9486, 2.8946, 2.9484, 2.9534, 2.9209, 2.9621, 2.9536, 2.9552, 2.8928, 2.9354, 2.9053, 2.7979, 2.8175, 2.8812, 2.8795, 2.8390, 2.8326, 2.8603, 2.8929, 2.9076, 3.0301, 3.0120, 2.8058, 2.7874, 2.7958, 2.6507, 2.6470, 2.6801, 2.6808, 2.7964, 2.8111, 2.4936, 2.6232, 2.6754, 2.5710, 2.5974, 2.7279, 2.7515, 2.7545, 2.6763, 2.5227, 2.6765, 2.6903, 2.7547, 2.6593, 2.6714, 2.6737, 2.6851, 2.7265, 2.5537, 2.5724, 2.6025, 2.7036, 2.6528, 2.6081, 2.6803, 2.6365, 2.5892, 2.6053, 2.7530, 2.6369, 2.6823, 2.7365, 2.6861, 2.7591, 2.7090, 2.6633, 2.7116, 2.5336, 2.5785, 2.6082, 2.6590, 2.6676, 2.6475, 2.6326]

**puck_touches** (n=100)
  min=0.1400, max=1.7700, mean=0.8693
  [0.4198, 0.5700, 0.2700, 0.3400, 0.4600, 0.3900, 0.1400, 0.1600, 0.3700, 0.2000, 0.1700, 0.3700, 0.4300, 0.7700, 0.5100, 0.3600, 0.6300, 0.6700, 0.7300, 0.3800, 0.8200, 0.8300, 1.0100, 0.9700, 1.0400, 0.8500, 0.8400, 1.0200, 0.8300, 0.7200, 0.6400, 0.7100, 0.8100, 0.7900, 0.5600, 0.7000, 0.7800, 0.5400, 0.5400, 0.5300, 0.6000, 0.6600, 0.7900, 0.7000, 0.6700, 0.8800, 0.8500, 0.7700, 1.1700, 1.0600, 0.6100, 0.6800, 0.6700, 0.6900, 0.9700, 0.7700, 1.0700, 1.0000, 1.3100, 0.9400, 0.9400, 0.6100, 0.4600, 0.6500, 0.9800, 0.8200, 1.0900, 1.1500, 1.3200, 1.2800, 1.2800, 1.2700, 1.3900, 1.3200, 1.4200, 1.0600, 1.4000, 1.1400, 1.6800, 1.1200, 1.3800, 1.6000, 1.5200, 1.1400, 1.6700, 1.1700, 0.8600, 1.0800, 1.7700, 1.1600, 1.3400, 0.8900, 0.9100, 0.7300, 1.2500, 1.0300, 0.6000, 0.9200, 1.2200, 1.5800]

### Evaluation

**avg_reward_strong** (n=8)
  min=-18.7376, max=-7.7111, mean=-12.8486
  [-16.7490, -18.7376, -13.8909, -11.9242, -11.9588, -11.4633, -10.3536, -7.7111]

**avg_reward_weak** (n=8)
  min=-17.2283, max=-9.4840, mean=-13.5165
  [-14.0735, -16.0710, -14.2204, -14.2258, -17.2283, -13.3044, -9.4840, -9.5243]

**win_rate_vs_strong** (n=100)
  min=0.0000, max=0.3400, mean=0.1300
  [0.0000, 0.0000, 0.0000, 0.0000, 0.0000, 0.0000, 0.0000, 0.0000, 0.0000, 0.0000, 0.0000, 0.0000, 0.0000, 0.0000, 0.0000, 0.0000, 0.0000, 0.0000, 0.0000, 0.0000, 0.0000, 0.0000, 0.0000, 0.0000, 0.0000, 0.0000, 0.0000, 0.0000, 0.0600, 0.0600, 0.0600, 0.0600, 0.0600, 0.0600, 0.0600, 0.0600, 0.0600, 0.0600, 0.0600, 0.0600, 0.0600, 0.0600, 0.0600, 0.0600, 0.0600, 0.0600, 0.0600, 0.0600, 0.0600, 0.0600, 0.2200, 0.2200, 0.2200, 0.2200, 0.1200, 0.1200, 0.1200, 0.1200, 0.1200, 0.1200, 0.1200, 0.1200, 0.1200, 0.1200, 0.1200, 0.1200, 0.1200, 0.1200, 0.1200, 0.1200, 0.1200, 0.1200, 0.1200, 0.1200, 0.1200, 0.1200, 0.3400, 0.3400, 0.3400, 0.3400, 0.3400, 0.3400, 0.3400, 0.3400, 0.3400, 0.3400, 0.3400, 0.3400, 0.3400, 0.3400, 0.3400, 0.3400, 0.3400, 0.3400, 0.3400, 0.3400, 0.3400, 0.3400, 0.3400, 0.3400]

**win_rate_vs_weak** (n=100)
  min=0.0000, max=0.1800, mean=0.0896
  [0.0000, 0.0000, 0.0000, 0.0000, 0.0000, 0.0000, 0.0000, 0.0000, 0.0000, 0.0000, 0.0000, 0.0000, 0.0000, 0.0000, 0.0000, 0.0000, 0.0000, 0.0000, 0.0000, 0.0000, 0.0000, 0.0000, 0.0000, 0.0000, 0.0000, 0.0000, 0.0000, 0.0000, 0.0400, 0.0400, 0.0400, 0.0400, 0.0400, 0.0400, 0.0400, 0.0400, 0.0400, 0.0400, 0.0400, 0.0400, 0.0400, 0.0400, 0.0400, 0.0400, 0.0400, 0.0400, 0.0400, 0.0400, 0.0400, 0.0400, 0.1800, 0.1800, 0.1800, 0.1800, 0.1600, 0.1600, 0.1600, 0.1600, 0.1600, 0.1600, 0.1600, 0.1600, 0.1600, 0.1600, 0.1600, 0.1600, 0.1600, 0.1600, 0.1600, 0.1600, 0.1600, 0.1600, 0.1600, 0.1600, 0.1600, 0.1600, 0.1600, 0.1600, 0.1600, 0.1600, 0.1600, 0.1600, 0.1600, 0.1600, 0.1600, 0.1600, 0.1600, 0.1600, 0.1600, 0.1600, 0.1600, 0.1600, 0.1600, 0.1600, 0.1600, 0.1600, 0.1600, 0.1600, 0.1600, 0.1600]

### Scoring

**goals_conceded** (n=100)
  min=34.0000, max=9543.0000, mean=4634.1000
  [34.0000, 66.0000, 101.0000, 133.0000, 159.0000, 188.0000, 214.0000, 236.0000, 263.0000, 294.0000, 317.0000, 344.0000, 374.0000, 405.0000, 432.0000, 464.0000, 497.0000, 528.0000, 563.0000, 596.0000, 654.0000, 712.0000, 748.0000, 810.0000, 860.0000, 901.0000, 923.0000, 962.0000, 997.0000, 1260.0000, 1299.0000, 1327.0000, 1364.0000, 1401.0000, 1425.0000, 1462.0000, 1492.0000, 1525.0000, 1552.0000, 1589.0000, 1621.0000, 1649.0000, 1671.0000, 1696.0000, 1728.0000, 1749.0000, 1772.0000, 1793.0000, 1835.0000, 1864.0000, 7004.0000, 7040.0000, 7069.0000, 7104.0000, 7133.0000, 7172.0000, 7226.0000, 7505.0000, 7551.0000, 7587.0000, 7621.0000, 7652.0000, 7679.0000, 7715.0000, 7752.0000, 7796.0000, 7846.0000, 7897.0000, 7945.0000, 8001.0000, 8055.0000, 8097.0000, 8145.0000, 8198.0000, 8244.0000, 8301.0000, 8343.0000, 8399.0000, 8652.0000, 8703.0000, 8744.0000, 8800.0000, 8846.0000, 8892.0000, 8927.0000, 8970.0000, 9014.0000, 9064.0000, 9099.0000, 9154.0000, 9199.0000, 9242.0000, 9270.0000, 9306.0000, 9340.0000, 9371.0000, 9402.0000, 9449.0000, 9497.0000, 9543.0000]

**goals_scored** (n=100)
  min=3.0000, max=1398.0000, mean=653.3600
  [3.0000, 5.0000, 7.0000, 13.0000, 14.0000, 16.0000, 17.0000, 18.0000, 19.0000, 21.0000, 25.0000, 26.0000, 29.0000, 37.0000, 38.0000, 40.0000, 44.0000, 47.0000, 50.0000, 54.0000, 66.0000, 78.0000, 83.0000, 99.0000, 112.0000, 120.0000, 126.0000, 130.0000, 134.0000, 169.0000, 172.0000, 177.0000, 183.0000, 186.0000, 193.0000, 197.0000, 201.0000, 204.0000, 207.0000, 210.0000, 212.0000, 214.0000, 220.0000, 223.0000, 225.0000, 231.0000, 238.0000, 246.0000, 254.0000, 255.0000, 941.0000, 946.0000, 950.0000, 956.0000, 960.0000, 967.0000, 982.0000, 1045.0000, 1054.0000, 1059.0000, 1061.0000, 1063.0000, 1069.0000, 1074.0000, 1081.0000, 1084.0000, 1091.0000, 1100.0000, 1106.0000, 1120.0000, 1130.0000, 1136.0000, 1145.0000, 1153.0000, 1163.0000, 1174.0000, 1182.0000, 1191.0000, 1256.0000, 1273.0000, 1279.0000, 1291.0000, 1299.0000, 1308.0000, 1315.0000, 1326.0000, 1329.0000, 1333.0000, 1340.0000, 1352.0000, 1358.0000, 1361.0000, 1368.0000, 1372.0000, 1375.0000, 1378.0000, 1379.0000, 1386.0000, 1389.0000, 1398.0000]

### PER

**beta** (n=100)
  min=0.0000, max=0.5010, mean=0.4343
  [0.0000, 0.0000, 0.0000, 0.0000, 0.4002, 0.4006, 0.4010, 0.4015, 0.4021, 0.4026, 0.4030, 0.4036, 0.4042, 0.4046, 0.4051, 0.4056, 0.4061, 0.4066, 0.4071, 0.4076, 0.4081, 0.4086, 0.4091, 0.4096, 0.4101, 0.4107, 0.4111, 0.4117, 0.4120, 0.4124, 0.4130, 0.4135, 0.4140, 0.4145, 0.4150, 0.4155, 0.4161, 0.4166, 0.4172, 0.4176, 0.4181, 0.4185, 0.4190, 0.4195, 0.4199, 0.4204, 0.4209, 0.4214, 0.4219, 0.4223, 0.4794, 0.4799, 0.4803, 0.4808, 0.4812, 0.4815, 0.4818, 0.4822, 0.4827, 0.4831, 0.4835, 0.4839, 0.4843, 0.4847, 0.4852, 0.4857, 0.4861, 0.4867, 0.4871, 0.4876, 0.4882, 0.4886, 0.4891, 0.4896, 0.4901, 0.4906, 0.4910, 0.4913, 0.4917, 0.4921, 0.4926, 0.4931, 0.4935, 0.4939, 0.4944, 0.4949, 0.4953, 0.4958, 0.4962, 0.4966, 0.4971, 0.4975, 0.4980, 0.4984, 0.4989, 0.4993, 0.4997, 0.5001, 0.5006, 0.5010]

**max_priority** (n=100)
  min=1.0000, max=12.6582, mean=11.1060
  [1.0000, 1.0000, 1.0000, 1.0000, 9.6189, 9.6429, 9.6694, 9.6694, 9.6694, 9.7574, 9.7574, 9.7574, 9.8334, 9.8334, 9.8739, 9.8739, 9.8868, 10.3651, 10.6244, 10.6244, 10.6244, 10.6244, 10.7390, 10.7390, 10.7390, 10.7390, 10.7390, 10.7390, 10.7390, 10.7390, 10.7390, 10.7390, 10.8011, 10.8011, 10.8011, 10.8011, 10.8011, 10.8011, 10.8011, 10.8011, 10.8011, 10.8011, 10.8011, 10.8011, 10.8011, 10.8011, 10.8011, 10.8011, 10.8011, 10.8011, 12.3058, 12.3058, 12.3058, 12.3058, 12.3058, 12.3058, 12.3058, 12.3058, 12.3058, 12.3058, 12.3058, 12.4034, 12.4034, 12.4034, 12.4034, 12.4034, 12.4034, 12.4034, 12.5497, 12.5497, 12.5497, 12.5497, 12.5497, 12.5497, 12.5497, 12.5497, 12.5497, 12.5497, 12.5497, 12.5497, 12.5497, 12.5497, 12.5497, 12.5497, 12.5497, 12.5497, 12.5497, 12.5497, 12.6582, 12.6582, 12.6582, 12.6582, 12.6582, 12.6582, 12.6582, 12.6582, 12.6582, 12.6582, 12.6582, 12.6582]

### Async

**avg_train_time** (n=100)
  min=0.0000, max=0.6059, mean=0.2456
  [0.0000, 0.0000, 0.0000, 0.0000, 0.6059, 0.3964, 0.3516, 0.3132, 0.2870, 0.2788, 0.2736, 0.2662, 0.2576, 0.2563, 0.2559, 0.2528, 0.2524, 0.2521, 0.2501, 0.2479, 0.2479, 0.2461, 0.2468, 0.2458, 0.2452, 0.2436, 0.2437, 0.2422, 0.2411, 0.2412, 0.2400, 0.2389, 0.2387, 0.2385, 0.2385, 0.2383, 0.2374, 0.2367, 0.2358, 0.2364, 0.2370, 0.2374, 0.2376, 0.2380, 0.2385, 0.2389, 0.2391, 0.2392, 0.2392, 0.2392, 0.2493, 0.2494, 0.2495, 0.2494, 0.2498, 0.2501, 0.2503, 0.2505, 0.2505, 0.2506, 0.2508, 0.2511, 0.2513, 0.2515, 0.2515, 0.2515, 0.2515, 0.2513, 0.2514, 0.2513, 0.2509, 0.2510, 0.2509, 0.2509, 0.2509, 0.2509, 0.2509, 0.2509, 0.2509, 0.2510, 0.2511, 0.2510, 0.2511, 0.2512, 0.2511, 0.2511, 0.2512, 0.2513, 0.2514, 0.2515, 0.2516, 0.2516, 0.2517, 0.2517, 0.2518, 0.2519, 0.2520, 0.2521, 0.2522, 0.2522]

**buffer_queue_size** (n=100)
  min=0.0000, max=100.0000, mean=2.0000
  [0.0000, 0.0000, 0.0000, 0.0000, 0.0000, 0.0000, 100.0000, 0.0000, 0.0000, 0.0000, 0.0000, 0.0000, 0.0000, 0.0000, 0.0000, 0.0000, 0.0000, 0.0000, 0.0000, 0.0000, 0.0000, 0.0000, 0.0000, 0.0000, 0.0000, 0.0000, 0.0000, 0.0000, 0.0000, 0.0000, 0.0000, 100.0000, 0.0000, 0.0000, 0.0000, 0.0000, 0.0000, 0.0000, 0.0000, 0.0000, 0.0000, 0.0000, 0.0000, 0.0000, 0.0000, 0.0000, 0.0000, 0.0000, 0.0000, 0.0000, 0.0000, 0.0000, 0.0000, 0.0000, 0.0000, 0.0000, 0.0000, 0.0000, 0.0000, 0.0000, 0.0000, 0.0000, 0.0000, 0.0000, 0.0000, 0.0000, 0.0000, 0.0000, 0.0000, 0.0000, 0.0000, 0.0000, 0.0000, 0.0000, 0.0000, 0.0000, 0.0000, 0.0000, 0.0000, 0.0000, 0.0000, 0.0000, 0.0000, 0.0000, 0.0000, 0.0000, 0.0000, 0.0000, 0.0000, 0.0000, 0.0000, 0.0000, 0.0000, 0.0000, 0.0000, 0.0000, 0.0000, 0.0000, 0.0000, 0.0000]

**collector_episodes** (n=100)
  min=81.0000, max=17919.0000, mean=8904.9300
  [81.0000, 154.0000, 232.0000, 307.0000, 363.0000, 420.0000, 474.0000, 533.0000, 594.0000, 660.0000, 722.0000, 783.0000, 848.0000, 918.0000, 981.0000, 1049.0000, 1116.0000, 1182.0000, 1251.0000, 1325.0000, 1418.0000, 1503.0000, 1574.0000, 1671.0000, 1760.0000, 1837.0000, 1899.0000, 1966.0000, 2023.0000, 2444.0000, 2510.0000, 2573.0000, 2646.0000, 2716.0000, 2781.0000, 2851.0000, 2913.0000, 2977.0000, 3037.0000, 3106.0000, 3168.0000, 3226.0000, 3285.0000, 3344.0000, 3403.0000, 3458.0000, 3521.0000, 3581.0000, 3656.0000, 3718.0000, 13623.0000, 13691.0000, 13758.0000, 13826.0000, 13883.0000, 13952.0000, 14055.0000, 14552.0000, 14626.0000, 14694.0000, 14757.0000, 14818.0000, 14878.0000, 14943.0000, 15013.0000, 15086.0000, 15165.0000, 15243.0000, 15322.0000, 15410.0000, 15494.0000, 15567.0000, 15645.0000, 15723.0000, 15800.0000, 15882.0000, 15954.0000, 16031.0000, 16451.0000, 16534.0000, 16603.0000, 16687.0000, 16760.0000, 16833.0000, 16899.0000, 16970.0000, 17038.0000, 17112.0000, 17178.0000, 17259.0000, 17330.0000, 17403.0000, 17464.0000, 17527.0000, 17591.0000, 17649.0000, 17709.0000, 17781.0000, 17847.0000, 17919.0000]

**num_workers** (n=100)
  min=4.0000, max=4.0000, mean=4.0000
  [4.0000, 4.0000, 4.0000, 4.0000, 4.0000, 4.0000, 4.0000, 4.0000, 4.0000, 4.0000, 4.0000, 4.0000, 4.0000, 4.0000, 4.0000, 4.0000, 4.0000, 4.0000, 4.0000, 4.0000, 4.0000, 4.0000, 4.0000, 4.0000, 4.0000, 4.0000, 4.0000, 4.0000, 4.0000, 4.0000, 4.0000, 4.0000, 4.0000, 4.0000, 4.0000, 4.0000, 4.0000, 4.0000, 4.0000, 4.0000, 4.0000, 4.0000, 4.0000, 4.0000, 4.0000, 4.0000, 4.0000, 4.0000, 4.0000, 4.0000, 4.0000, 4.0000, 4.0000, 4.0000, 4.0000, 4.0000, 4.0000, 4.0000, 4.0000, 4.0000, 4.0000, 4.0000, 4.0000, 4.0000, 4.0000, 4.0000, 4.0000, 4.0000, 4.0000, 4.0000, 4.0000, 4.0000, 4.0000, 4.0000, 4.0000, 4.0000, 4.0000, 4.0000, 4.0000, 4.0000, 4.0000, 4.0000, 4.0000, 4.0000, 4.0000, 4.0000, 4.0000, 4.0000, 4.0000, 4.0000, 4.0000, 4.0000, 4.0000, 4.0000, 4.0000, 4.0000, 4.0000, 4.0000, 4.0000, 4.0000]

**train_steps** (n=100)
  min=0.0000, max=8420.0000, mean=4188.9600
  [0.0000, 0.0000, 0.0000, 0.0000, 17.0000, 51.0000, 86.0000, 128.0000, 174.0000, 214.0000, 254.0000, 298.0000, 346.0000, 386.0000, 425.0000, 469.0000, 508.0000, 547.0000, 591.0000, 635.0000, 675.0000, 719.0000, 758.0000, 801.0000, 843.0000, 888.0000, 928.0000, 974.0000, 996.0000, 1034.0000, 1080.0000, 1126.0000, 1168.0000, 1210.0000, 1251.0000, 1293.0000, 1339.0000, 1384.0000, 1430.0000, 1468.0000, 1506.0000, 1545.0000, 1585.0000, 1623.0000, 1660.0000, 1700.0000, 1740.0000, 1780.0000, 1821.0000, 1862.0000, 6617.0000, 6655.0000, 6691.0000, 6732.0000, 6763.0000, 6794.0000, 6818.0000, 6853.0000, 6891.0000, 6929.0000, 6962.0000, 6993.0000, 7025.0000, 7060.0000, 7098.0000, 7138.0000, 7177.0000, 7221.0000, 7258.0000, 7299.0000, 7350.0000, 7387.0000, 7429.0000, 7467.0000, 7506.0000, 7546.0000, 7585.0000, 7606.0000, 7642.0000, 7678.0000, 7715.0000, 7756.0000, 7793.0000, 7829.0000, 7870.0000, 7908.0000, 7944.0000, 7980.0000, 8017.0000, 8053.0000, 8089.0000, 8125.0000, 8163.0000, 8201.0000, 8238.0000, 8274.0000, 8310.0000, 8344.0000, 8381.0000, 8420.0000]
