================================================================================
W&B RUN DATA: long-rw-fixed-phase1-TD3-Hockey-NORMAL-weak-lr0.0003-seed55
================================================================================

## RUN METADATA
Run ID: rqm6ztd7
Created: 2026-01-10T19:11:35Z
State: running
Duration: 3545.773748195 seconds

## CONFIGURATION
  algorithm: TD3
  mode: NORMAL
  opponent: weak
  learning_rate_actor: 0.0003
  learning_rate_critic: 0.0003
  batch_size: 512
  buffer_size: 1000000
  max_episodes: 30000
  random_seed: 55
  self_play_start: 100000
  self_play_pool_size: 25
  gamma: 0.99
  tau: 0.005

## FINAL SUMMARY

## NOTE: Data discretized to fit 100000 char limit
  Showing ~50 points per metric (of 320 total)

## METRICS DATA

### behavior/action_magnitude_avg
  Total points: 100
  Min: 0.6546, Max: 1.1621, Mean: 0.9261
  Data: [
    0.7968, 0.7569, 0.7871, 0.8295, 0.8363, 0.8163, 0.7456, 0.8482, 0.8631, 0.8669,
    0.8804, 0.8285, 0.7587, 0.8208, 0.8304, 0.7773, 0.8036, 0.7800, 0.8671, 0.8237,
    0.7637, 0.7285, 0.6690, 0.8566, 0.7409, 0.8549, 0.7441, 0.9404, 0.8040, 0.7218,
    0.8040, 0.7896, 0.7907, 0.7745, 0.8197, 0.8707, 0.7120, 0.7966, 0.7045, 0.8382,
    0.7427, 0.7757, 0.8963, 0.7944, 0.6546, 0.7325, 0.6895, 0.8075, 0.7704, 0.7641,
    1.0502, 1.0287, 1.0267, 1.1070, 1.0393, 1.0212, 1.0962, 1.0832, 1.0465, 1.1322,
    1.0211, 1.1239, 1.0360, 1.1621, 1.0828, 1.0985, 1.0878, 0.9864, 1.0627, 1.0489,
    1.0602, 1.0676, 1.0454, 1.0999, 1.0043, 1.0707, 1.0432, 1.0898, 1.0562, 0.9983,
    0.9931, 1.0775, 1.0908, 1.1208, 1.0055, 1.0650, 1.0869, 0.9978, 1.0758, 1.0795,
    1.0332, 1.1015, 1.0569, 0.9727, 1.0905, 1.0279, 1.0151, 0.9596, 1.1580, 1.0538,
  ]

### behavior/action_magnitude_max
  Total points: 100
  Min: 1.1474, Max: 1.4142, Mean: 1.3531
  Data: [
    1.3615, 1.3110, 1.2983, 1.3080, 1.2838, 1.3446, 1.2886, 1.3385, 1.3671, 1.4097,
    1.3449, 1.3928, 1.2782, 1.3483, 1.3306, 1.3288, 1.2777, 1.3464, 1.3316, 1.3320,
    1.2297, 1.2464, 1.1826, 1.3591, 1.3280, 1.3005, 1.2381, 1.3871, 1.2980, 1.2938,
    1.2908, 1.2887, 1.3169, 1.2983, 1.2929, 1.3301, 1.1474, 1.2946, 1.2319, 1.2798,
    1.2935, 1.2419, 1.3531, 1.2942, 1.2070, 1.3014, 1.2244, 1.2887, 1.3031, 1.3686,
    1.3953, 1.4058, 1.3909, 1.4077, 1.4142, 1.3938, 1.4022, 1.3944, 1.4086, 1.4142,
    1.4105, 1.3799, 1.3776, 1.4142, 1.4120, 1.4026, 1.4135, 1.4017, 1.4142, 1.3983,
    1.4138, 1.4075, 1.4084, 1.4088, 1.4006, 1.3932, 1.3928, 1.4142, 1.4063, 1.4127,
    1.3989, 1.4112, 1.4135, 1.4126, 1.3820, 1.3959, 1.4142, 1.4142, 1.3910, 1.4142,
    1.4142, 1.4127, 1.4049, 1.4100, 1.4064, 1.3991, 1.4021, 1.3832, 1.4009, 1.3841,
  ]

### behavior/dist_to_puck_avg
  Total points: 100
  Min: 2.4286, Max: 3.8575, Mean: 3.1011
  Data: [
    3.4159, 3.4726, 3.5692, 3.3737, 3.2706, 3.2767, 3.1699, 3.2788, 3.5835, 3.5694,
    3.3921, 3.5022, 3.5315, 3.6886, 3.5260, 3.7114, 3.6489, 3.4071, 3.7968, 3.6029,
    3.7024, 3.0916, 3.1574, 3.5802, 3.1147, 3.5962, 3.3790, 3.8575, 3.3703, 3.2364,
    3.5915, 3.1978, 3.6271, 3.3187, 3.7282, 3.3720, 3.5029, 3.5695, 3.1803, 3.4988,
    3.5519, 3.4026, 3.5252, 3.2319, 3.3463, 3.8270, 3.2455, 3.7986, 3.7948, 3.2979,
    2.8763, 2.7751, 2.8036, 2.7524, 2.6847, 2.5188, 2.6937, 2.5786, 2.8316, 2.6206,
    2.7596, 2.7273, 2.5996, 2.4286, 2.6173, 2.5849, 2.5678, 2.8629, 2.8910, 2.9604,
    2.6779, 2.6368, 2.9276, 2.8908, 2.6555, 2.7874, 2.4764, 2.8985, 2.5970, 2.9880,
    2.7115, 3.0062, 2.8237, 2.7623, 2.7224, 2.6800, 2.7025, 2.6914, 2.8035, 2.6894,
    2.8571, 2.5551, 2.6021, 2.9373, 2.5882, 2.8535, 2.9750, 2.8346, 2.4484, 2.7097,
  ]

### behavior/dist_to_puck_min
  Total points: 100
  Min: 0.2708, Max: 1.9360, Mean: 0.8155
  Data: [
    0.8596, 1.4666, 1.2627, 1.6143, 1.0305, 1.4463, 1.4110, 1.1588, 1.4137, 1.0820,
    0.6131, 0.9147, 0.7308, 1.9360, 1.1369, 1.4039, 1.3579, 0.9497, 1.2864, 1.1203,
    1.6639, 0.9402, 1.2573, 1.4026, 1.1017, 1.3539, 1.4052, 1.0857, 1.1896, 1.1673,
    1.9164, 0.9093, 1.1567, 0.6255, 1.0370, 1.4843, 1.4897, 1.6885, 1.1260, 1.3922,
    1.4398, 1.5808, 1.2480, 0.7315, 1.1520, 1.4219, 1.4475, 1.8635, 1.4343, 1.0661,
    0.3538, 0.3421, 0.3646, 0.2887, 0.4719, 0.4525, 0.3793, 0.3507, 0.3079, 0.2787,
    0.3327, 0.4752, 0.3573, 0.4019, 0.4031, 0.3973, 0.4192, 0.3514, 0.3058, 0.3467,
    0.3823, 0.4101, 0.3844, 0.3998, 0.4010, 0.3096, 0.3643, 0.3924, 0.4717, 0.3027,
    0.4453, 0.3478, 0.3142, 0.4391, 0.3138, 0.3789, 0.3727, 0.3071, 0.3745, 0.3845,
    0.3725, 0.3842, 0.3614, 0.4336, 0.3695, 0.3932, 0.3536, 0.3129, 0.2708, 0.4445,
  ]

### behavior/distance_traveled
  Total points: 100
  Min: 5.2774, Max: 13.9092, Mean: 8.9739
  Data: [
    8.7453, 7.0174, 5.2774, 7.4479, 5.9677, 6.3453, 7.9823, 8.9004, 7.7189, 11.6718,
    11.3289, 9.2404, 9.9212, 9.4271, 6.6484, 6.7530, 8.1746, 10.0195, 6.9816, 9.9992,
    7.0274, 8.9723, 7.6742, 10.0193, 6.5245, 8.6032, 8.7257, 8.5807, 8.8660, 8.3605,
    7.2571, 7.8394, 9.0450, 8.7392, 8.1121, 7.3126, 6.8137, 8.2091, 8.2968, 5.4754,
    7.1671, 6.6042, 8.3673, 9.4951, 5.3696, 7.6569, 8.1996, 7.5437, 7.6610, 8.6526,
    9.4600, 10.5442, 8.0394, 10.5434, 10.6086, 8.2195, 5.8811, 9.7267, 10.4191, 11.7175,
    10.5787, 7.3092, 8.3910, 6.8822, 9.4560, 8.5756, 8.5450, 13.9092, 10.2515, 11.2998,
    8.5050, 7.1914, 11.6706, 9.3091, 7.6792, 11.2775, 9.4133, 10.7422, 7.4540, 11.2979,
    8.2966, 12.7802, 11.5726, 9.7213, 10.0290, 9.3449, 8.8221, 11.1037, 9.6680, 10.2555,
    13.6349, 7.7197, 11.9083, 13.0632, 9.6400, 9.1082, 11.5147, 13.5126, 9.2622, 8.7931,
  ]

### behavior/lazy_action_ratio
  Total points: 100
  Min: 0.0000, Max: 0.0516, Mean: 0.0100
  Data: [
    0.0161, 0.0204, 0.0418, 0.0130, 0.0203, 0.0230, 0.0242, 0.0110, 0.0093, 0.0069,
    0.0088, 0.0213, 0.0234, 0.0072, 0.0192, 0.0516, 0.0167, 0.0286, 0.0181, 0.0073,
    0.0211, 0.0208, 0.0369, 0.0078, 0.0177, 0.0148, 0.0236, 0.0063, 0.0065, 0.0261,
    0.0122, 0.0215, 0.0099, 0.0205, 0.0258, 0.0117, 0.0159, 0.0221, 0.0169, 0.0054,
    0.0143, 0.0105, 0.0116, 0.0133, 0.0312, 0.0186, 0.0154, 0.0307, 0.0143, 0.0187,
    0.0013, 0.0033, 0.0012, 0.0012, 0.0014, 0.0000, 0.0000, 0.0057, 0.0016, 0.0004,
    0.0020, 0.0000, 0.0030, 0.0000, 0.0017, 0.0034, 0.0012, 0.0045, 0.0032, 0.0070,
    0.0000, 0.0037, 0.0017, 0.0000, 0.0000, 0.0064, 0.0012, 0.0023, 0.0024, 0.0000,
    0.0000, 0.0015, 0.0000, 0.0012, 0.0041, 0.0014, 0.0008, 0.0017, 0.0004, 0.0012,
    0.0009, 0.0000, 0.0012, 0.0015, 0.0000, 0.0008, 0.0020, 0.0068, 0.0000, 0.0008,
  ]

### behavior/puck_touches
  Total points: 100
  Min: 0.0000, Max: 0.0000, Mean: 0.0000
  Data: [
    0.0000, 0.0000, 0.0000, 0.0000, 0.0000, 0.0000, 0.0000, 0.0000, 0.0000, 0.0000,
    0.0000, 0.0000, 0.0000, 0.0000, 0.0000, 0.0000, 0.0000, 0.0000, 0.0000, 0.0000,
    0.0000, 0.0000, 0.0000, 0.0000, 0.0000, 0.0000, 0.0000, 0.0000, 0.0000, 0.0000,
    0.0000, 0.0000, 0.0000, 0.0000, 0.0000, 0.0000, 0.0000, 0.0000, 0.0000, 0.0000,
    0.0000, 0.0000, 0.0000, 0.0000, 0.0000, 0.0000, 0.0000, 0.0000, 0.0000, 0.0000,
    0.0000, 0.0000, 0.0000, 0.0000, 0.0000, 0.0000, 0.0000, 0.0000, 0.0000, 0.0000,
    0.0000, 0.0000, 0.0000, 0.0000, 0.0000, 0.0000, 0.0000, 0.0000, 0.0000, 0.0000,
    0.0000, 0.0000, 0.0000, 0.0000, 0.0000, 0.0000, 0.0000, 0.0000, 0.0000, 0.0000,
    0.0000, 0.0000, 0.0000, 0.0000, 0.0000, 0.0000, 0.0000, 0.0000, 0.0000, 0.0000,
    0.0000, 0.0000, 0.0000, 0.0000, 0.0000, 0.0000, 0.0000, 0.0000, 0.0000, 0.0000,
  ]

### behavior/time_near_puck
  Total points: 100
  Min: 0.0000, Max: 15.6000, Mean: 4.7230
  Data: [
    3.7000, 0.3000, 0.0000, 0.3000, 4.1000, 0.3000, 2.7000, 3.0000, 1.4000, 3.1000,
    10.5000, 7.1000, 6.4000, 1.4000, 8.6000, 0.3000, 1.6000, 7.6000, 4.8000, 7.4000,
    0.4000, 3.6000, 0.2000, 2.7000, 1.0000, 3.2000, 1.7000, 1.7000, 3.1000, 2.7000,
    0.0000, 4.3000, 3.2000, 3.4000, 0.0000, 6.1000, 1.5000, 0.0000, 1.3000, 1.5000,
    3.1000, 0.0000, 3.0000, 5.4000, 2.1000, 3.2000, 3.2000, 0.0000, 2.6000, 4.3000,
    7.5000, 6.7000, 3.8000, 8.0000, 4.7000, 5.4000, 2.8000, 6.0000, 7.4000, 8.4000,
    5.6000, 2.6000, 7.1000, 3.0000, 5.1000, 4.8000, 8.0000, 8.9000, 5.8000, 2.7000,
    6.5000, 5.4000, 3.1000, 3.2000, 5.5000, 4.2000, 7.7000, 5.0000, 7.9000, 7.2000,
    2.6000, 7.8000, 6.2000, 3.2000, 6.9000, 4.5000, 3.9000, 8.7000, 7.2000, 11.9000,
    12.4000, 15.6000, 10.7000, 6.5000, 6.9000, 4.1000, 7.8000, 15.4000, 9.5000, 7.4000,
  ]

### behavior/velocity_avg
  Total points: 100
  Min: 0.0402, Max: 0.1075, Mean: 0.0770
  Data: [
    0.0666, 0.0549, 0.0545, 0.0649, 0.0629, 0.0518, 0.0754, 0.0811, 0.0557, 0.0497,
    0.0535, 0.0542, 0.0606, 0.0604, 0.0697, 0.0548, 0.0588, 0.0624, 0.0512, 0.0579,
    0.0623, 0.0669, 0.0685, 0.0554, 0.0639, 0.0615, 0.0627, 0.0402, 0.0608, 0.0681,
    0.0709, 0.0618, 0.0571, 0.0500, 0.0529, 0.0651, 0.0630, 0.0646, 0.0769, 0.0698,
    0.0611, 0.0640, 0.0492, 0.0702, 0.0749, 0.0596, 0.0787, 0.0540, 0.0661, 0.0650,
    0.0788, 0.0948, 0.1024, 0.0973, 0.0917, 0.0975, 0.1045, 0.0829, 0.0881, 0.0845,
    0.0971, 0.1075, 0.0873, 0.1051, 0.0842, 0.0919, 0.0907, 0.0901, 0.0872, 0.0896,
    0.0835, 0.0899, 0.0939, 0.0888, 0.0885, 0.0948, 0.1007, 0.0895, 0.0881, 0.0904,
    0.0986, 0.0892, 0.0932, 0.0853, 0.0905, 0.0920, 0.0888, 0.0895, 0.1004, 0.0979,
    0.0831, 0.0939, 0.0938, 0.0870, 0.0918, 0.1006, 0.0872, 0.1004, 0.0987, 0.0942,
  ]

### behavior/velocity_max
  Total points: 100
  Min: 0.1854, Max: 0.2307, Mean: 0.2118
  Data: [
    0.2018, 0.1923, 0.1854, 0.2059, 0.1918, 0.1915, 0.2023, 0.2095, 0.2016, 0.2099,
    0.2112, 0.2055, 0.2060, 0.2039, 0.2025, 0.1991, 0.2055, 0.2085, 0.2107, 0.2085,
    0.1921, 0.1963, 0.1976, 0.2060, 0.1870, 0.2090, 0.2060, 0.2008, 0.2106, 0.2040,
    0.2102, 0.2077, 0.1886, 0.2084, 0.2014, 0.2066, 0.2044, 0.2056, 0.2003, 0.2011,
    0.1868, 0.1900, 0.2095, 0.2100, 0.1984, 0.1926, 0.2057, 0.1996, 0.2097, 0.1949,
    0.2192, 0.2233, 0.2183, 0.2264, 0.2266, 0.2148, 0.2202, 0.2203, 0.2226, 0.2229,
    0.2188, 0.2219, 0.2214, 0.2252, 0.2197, 0.2216, 0.2201, 0.2250, 0.2217, 0.2251,
    0.2214, 0.2156, 0.2275, 0.2242, 0.2157, 0.2191, 0.2213, 0.2221, 0.2212, 0.2307,
    0.2225, 0.2205, 0.2248, 0.2195, 0.2216, 0.2215, 0.2211, 0.2209, 0.2214, 0.2217,
    0.2244, 0.2123, 0.2274, 0.2222, 0.2225, 0.2166, 0.2208, 0.2231, 0.2246, 0.2225,
  ]

### eval/strong/avg_reward
  Total points: 12
  Min: -25.7414, Max: -4.5822, Mean: -9.6837
  Data: [
    -25.2727, -25.7414, -8.3558, -6.7815, -7.0976, -4.5822, -4.7789, -6.3450, -6.4348, -6.1530,
    -6.2858, -8.3759,
  ]

### eval/strong/loss_rate
  Total points: 12
  Min: 0.3200, Max: 0.7000, Mean: 0.5117
  Data: [
    0.3200, 0.3400, 0.5400, 0.6400, 0.6000, 0.4600, 0.4200, 0.5800, 0.5800, 0.4800,
    0.4800, 0.7000,
  ]

### eval/strong/losses
  Total points: 12
  Min: 16.0000, Max: 35.0000, Mean: 25.5833
  Data: [
    16.0000, 17.0000, 27.0000, 32.0000, 30.0000, 23.0000, 21.0000, 29.0000, 29.0000, 24.0000,
    24.0000, 35.0000,
  ]

### eval/strong/tie_rate
  Total points: 12
  Min: 0.1000, Max: 0.6600, Mean: 0.2950
  Data: [
    0.6600, 0.6000, 0.3200, 0.1000, 0.1800, 0.2400, 0.3200, 0.2000, 0.1800, 0.3200,
    0.2800, 0.1400,
  ]

### eval/strong/ties
  Total points: 12
  Min: 5.0000, Max: 33.0000, Mean: 14.7500
  Data: [
    33.0000, 30.0000, 16.0000, 5.0000, 9.0000, 12.0000, 16.0000, 10.0000, 9.0000, 16.0000,
    14.0000, 7.0000,
  ]

### eval/strong/win_rate
  Total points: 12
  Min: 0.0200, Max: 0.3000, Mean: 0.1933
  Data: [
    0.0200, 0.0600, 0.1400, 0.2600, 0.2200, 0.3000, 0.2600, 0.2200, 0.2400, 0.2000,
    0.2400, 0.1600,
  ]

### eval/strong/win_rate_decisive
  Total points: 12
  Min: 0.0588, Max: 0.3947, Mean: 0.2608
  Data: [
    0.0588, 0.1500, 0.2059, 0.2889, 0.2683, 0.3947, 0.3824, 0.2750, 0.2927, 0.2941,
    0.3333, 0.1860,
  ]

### eval/strong/wins
  Total points: 12
  Min: 1.0000, Max: 15.0000, Mean: 9.6667
  Data: [
    1.0000, 3.0000, 7.0000, 13.0000, 11.0000, 15.0000, 13.0000, 11.0000, 12.0000, 10.0000,
    12.0000, 8.0000,
  ]

### eval/weak/avg_reward
  Total points: 12
  Min: -26.9462, Max: -4.2086, Mean: -9.0620
  Data: [
    -25.5570, -26.9462, -9.8310, -6.0433, -4.2086, -6.5400, -4.8819, -4.5009, -4.4330, -4.6604,
    -5.1579, -5.9837,
  ]

### eval/weak/loss_rate
  Total points: 12
  Min: 0.3800, Max: 0.7200, Mean: 0.5200
  Data: [
    0.3800, 0.4600, 0.7200, 0.5600, 0.4400, 0.6400, 0.4600, 0.5600, 0.5200, 0.4800,
    0.4400, 0.5800,
  ]

### eval/weak/losses
  Total points: 12
  Min: 19.0000, Max: 36.0000, Mean: 26.0000
  Data: [
    19.0000, 23.0000, 36.0000, 28.0000, 22.0000, 32.0000, 23.0000, 28.0000, 26.0000, 24.0000,
    22.0000, 29.0000,
  ]

### eval/weak/tie_rate
  Total points: 12
  Min: 0.1400, Max: 0.6200, Mean: 0.2917
  Data: [
    0.6200, 0.5200, 0.2200, 0.2200, 0.3200, 0.1600, 0.3200, 0.1400, 0.1600, 0.3000,
    0.3000, 0.2200,
  ]

### eval/weak/ties
  Total points: 12
  Min: 7.0000, Max: 31.0000, Mean: 14.5833
  Data: [
    31.0000, 26.0000, 11.0000, 11.0000, 16.0000, 8.0000, 16.0000, 7.0000, 8.0000, 15.0000,
    15.0000, 11.0000,
  ]

### eval/weak/win_rate
  Total points: 12
  Min: 0.0000, Max: 0.3200, Mean: 0.1883
  Data: [
    0.0000, 0.0200, 0.0600, 0.2200, 0.2400, 0.2000, 0.2200, 0.3000, 0.3200, 0.2200,
    0.2600, 0.2000,
  ]

### eval/weak/win_rate_decisive
  Total points: 12
  Min: 0.0000, Max: 0.3810, Mean: 0.2489
  Data: [
    0.0000, 0.0417, 0.0769, 0.2821, 0.3529, 0.2381, 0.3235, 0.3488, 0.3810, 0.3143,
    0.3714, 0.2564,
  ]

### eval/weak/wins
  Total points: 12
  Min: 0.0000, Max: 16.0000, Mean: 9.4167
  Data: [
    0.0000, 1.0000, 3.0000, 11.0000, 12.0000, 10.0000, 11.0000, 15.0000, 16.0000, 11.0000,
    13.0000, 10.0000,
  ]

### losses/actor_loss
  Total points: 100
  Min: 0.0000, Max: 4.9285, Mean: 2.3677
  Data: [
    0.0000, 0.0000, 0.0000, 0.0000, 0.0000, 0.0000, 0.0000, 0.0000, 0.0000, 0.0000,
    0.0000, 0.0000, 0.0000, 0.0000, 0.0000, 0.0000, 0.0000, 0.0000, 0.0000, 0.0000,
    0.0000, 0.0000, 0.0000, 0.0000, 0.0000, 0.0000, 0.0000, 0.0000, 0.0000, 0.0000,
    0.0000, 0.0000, 0.0000, 0.0000, 0.0000, 0.0000, 0.0000, 0.0000, 0.0000, 0.0000,
    0.0000, 0.0000, 0.0000, 0.0000, 0.0000, 0.0000, 0.0000, 0.0000, 0.0000, 0.2021,
    4.4350, 4.4095, 4.4730, 4.5031, 4.5144, 4.4966, 4.5234, 4.5440, 4.5811, 4.6246,
    4.6071, 4.5688, 4.5969, 4.6466, 4.6342, 4.6558, 4.6456, 4.5993, 4.7198, 4.7625,
    4.7800, 4.7773, 4.7611, 4.7464, 4.8120, 4.8395, 4.8431, 4.8321, 4.8186, 4.8636,
    4.7730, 4.8501, 4.8898, 4.8664, 4.8660, 4.9285, 4.8266, 4.8477, 4.8117, 4.8322,
    4.8377, 4.8956, 4.8275, 4.8632, 4.8454, 4.8155, 4.8166, 4.8550, 4.9094, 4.7897,
  ]

### losses/critic_loss
  Total points: 100
  Min: 0.0000, Max: 0.1430, Mean: 0.0593
  Data: [
    0.0000, 0.0000, 0.0000, 0.0000, 0.0000, 0.0000, 0.0000, 0.0000, 0.0000, 0.0000,
    0.0000, 0.0000, 0.0000, 0.0000, 0.0000, 0.0000, 0.0000, 0.0000, 0.0000, 0.0000,
    0.0000, 0.0000, 0.0000, 0.0000, 0.0000, 0.0000, 0.0000, 0.0000, 0.0000, 0.0000,
    0.0000, 0.0000, 0.0000, 0.0000, 0.0000, 0.0000, 0.0000, 0.0000, 0.0000, 0.0000,
    0.0000, 0.0000, 0.0000, 0.0000, 0.0000, 0.0000, 0.0000, 0.0000, 0.0000, 0.0410,
    0.1232, 0.1287, 0.1117, 0.1295, 0.1205, 0.1258, 0.1168, 0.1165, 0.1059, 0.1322,
    0.1276, 0.1230, 0.1252, 0.1283, 0.1092, 0.1387, 0.1277, 0.1178, 0.1234, 0.1255,
    0.1074, 0.1217, 0.1130, 0.1025, 0.1074, 0.1175, 0.1287, 0.1169, 0.1159, 0.1430,
    0.1193, 0.0975, 0.1201, 0.1166, 0.1212, 0.1015, 0.1104, 0.1185, 0.1190, 0.1104,
    0.1264, 0.1255, 0.1007, 0.1081, 0.1089, 0.1207, 0.1140, 0.1024, 0.1044, 0.1112,
  ]

### pbrs/avg_per_episode
  Total points: 100
  Min: 0.0015, Max: 0.0025, Mean: 0.0020
  Data: [
    0.0022, 0.0018, 0.0016, 0.0016, 0.0016, 0.0015, 0.0016, 0.0016, 0.0016, 0.0016,
    0.0016, 0.0015, 0.0016, 0.0015, 0.0015, 0.0015, 0.0015, 0.0015, 0.0015, 0.0015,
    0.0015, 0.0015, 0.0015, 0.0015, 0.0016, 0.0016, 0.0015, 0.0015, 0.0015, 0.0016,
    0.0015, 0.0016, 0.0016, 0.0016, 0.0015, 0.0015, 0.0016, 0.0015, 0.0015, 0.0015,
    0.0016, 0.0016, 0.0015, 0.0015, 0.0015, 0.0015, 0.0015, 0.0015, 0.0015, 0.0016,
    0.0025, 0.0025, 0.0025, 0.0025, 0.0025, 0.0025, 0.0025, 0.0025, 0.0025, 0.0025,
    0.0025, 0.0025, 0.0025, 0.0025, 0.0025, 0.0025, 0.0025, 0.0025, 0.0025, 0.0025,
    0.0025, 0.0025, 0.0025, 0.0025, 0.0025, 0.0025, 0.0025, 0.0025, 0.0025, 0.0025,
    0.0025, 0.0025, 0.0025, 0.0025, 0.0025, 0.0025, 0.0025, 0.0025, 0.0025, 0.0025,
    0.0025, 0.0025, 0.0025, 0.0025, 0.0025, 0.0025, 0.0025, 0.0025, 0.0025, 0.0025,
  ]

### performance/cumulative_win_rate
  Total points: 100
  Min: 0.0000, Max: 0.1992, Mean: 0.1207
  Data: [
    0.0000, 0.0000, 0.0500, 0.0375, 0.0300, 0.0250, 0.0214, 0.0312, 0.0278, 0.0300,
    0.0364, 0.0333, 0.0385, 0.0357, 0.0500, 0.0531, 0.0559, 0.0556, 0.0553, 0.0575,
    0.0595, 0.0568, 0.0543, 0.0542, 0.0600, 0.0577, 0.0556, 0.0554, 0.0569, 0.0567,
    0.0548, 0.0531, 0.0515, 0.0515, 0.0514, 0.0514, 0.0514, 0.0500, 0.0487, 0.0475,
    0.0476, 0.0476, 0.0465, 0.0477, 0.0489, 0.0489, 0.0489, 0.0490, 0.0490, 0.0480,
    0.1897, 0.1895, 0.1897, 0.1903, 0.1905, 0.1911, 0.1915, 0.1919, 0.1918, 0.1925,
    0.1929, 0.1931, 0.1933, 0.1940, 0.1944, 0.1951, 0.1949, 0.1948, 0.1950, 0.1952,
    0.1955, 0.1962, 0.1964, 0.1959, 0.1963, 0.1963, 0.1968, 0.1971, 0.1970, 0.1968,
    0.1967, 0.1972, 0.1974, 0.1975, 0.1984, 0.1982, 0.1984, 0.1987, 0.1985, 0.1982,
    0.1979, 0.1982, 0.1986, 0.1984, 0.1984, 0.1986, 0.1989, 0.1987, 0.1991, 0.1992,
  ]

### performance/losses
  Total points: 100
  Min: 15.0000, Max: 3476.0000, Mean: 1724.7500
  Data: [
    15.0000, 26.0000, 33.0000, 42.0000, 52.0000, 60.0000, 73.0000, 82.0000, 92.0000, 100.0000,
    105.0000, 113.0000, 122.0000, 129.0000, 140.0000, 147.0000, 155.0000, 162.0000, 171.0000, 178.0000,
    186.0000, 196.0000, 206.0000, 215.0000, 223.0000, 232.0000, 241.0000, 248.0000, 255.0000, 267.0000,
    275.0000, 288.0000, 298.0000, 306.0000, 312.0000, 322.0000, 332.0000, 340.0000, 350.0000, 360.0000,
    370.0000, 379.0000, 384.0000, 392.0000, 401.0000, 411.0000, 421.0000, 429.0000, 439.0000, 452.0000,
    2965.0000, 2976.0000, 2988.0000, 2996.0000, 3008.0000, 3019.0000, 3031.0000, 3042.0000, 3056.0000, 3062.0000,
    3068.0000, 3077.0000, 3089.0000, 3097.0000, 3107.0000, 3117.0000, 3129.0000, 3141.0000, 3149.0000, 3160.0000,
    3172.0000, 3177.0000, 3188.0000, 3199.0000, 3212.0000, 3220.0000, 3232.0000, 3241.0000, 3254.0000, 3265.0000,
    3276.0000, 3286.0000, 3298.0000, 3307.0000, 3314.0000, 3326.0000, 3338.0000, 3349.0000, 3359.0000, 3372.0000,
    3383.0000, 3393.0000, 3404.0000, 3413.0000, 3424.0000, 3434.0000, 3440.0000, 3454.0000, 3465.0000, 3476.0000,
  ]

### performance/ties
  Total points: 100
  Min: 5.0000, Max: 1649.0000, Mean: 894.0800
  Data: [
    5.0000, 14.0000, 24.0000, 35.0000, 45.0000, 57.0000, 64.0000, 73.0000, 83.0000, 94.0000,
    107.0000, 119.0000, 128.0000, 141.0000, 145.0000, 156.0000, 166.0000, 178.0000, 188.0000, 199.0000,
    209.0000, 219.0000, 229.0000, 239.0000, 247.0000, 258.0000, 269.0000, 281.0000, 292.0000, 299.0000,
    311.0000, 318.0000, 328.0000, 339.0000, 352.0000, 361.0000, 370.0000, 382.0000, 392.0000, 402.0000,
    411.0000, 421.0000, 436.0000, 446.0000, 455.0000, 464.0000, 473.0000, 484.0000, 493.0000, 500.0000,
    1427.0000, 1433.0000, 1436.0000, 1441.0000, 1444.0000, 1446.0000, 1448.0000, 1451.0000, 1454.0000, 1460.0000,
    1468.0000, 1474.0000, 1477.0000, 1481.0000, 1485.0000, 1487.0000, 1492.0000, 1497.0000, 1504.0000, 1508.0000,
    1510.0000, 1517.0000, 1521.0000, 1529.0000, 1530.0000, 1538.0000, 1539.0000, 1544.0000, 1548.0000, 1554.0000,
    1560.0000, 1563.0000, 1566.0000, 1572.0000, 1576.0000, 1581.0000, 1584.0000, 1587.0000, 1594.0000, 1599.0000,
    1606.0000, 1610.0000, 1613.0000, 1621.0000, 1626.0000, 1631.0000, 1639.0000, 1642.0000, 1645.0000, 1649.0000,
  ]

### performance/wins
  Total points: 100
  Min: 0.0000, Max: 1275.0000, Mean: 591.1700
  Data: [
    0.0000, 0.0000, 3.0000, 3.0000, 3.0000, 3.0000, 3.0000, 5.0000, 5.0000, 6.0000,
    8.0000, 8.0000, 10.0000, 10.0000, 15.0000, 17.0000, 19.0000, 20.0000, 21.0000, 23.0000,
    25.0000, 25.0000, 25.0000, 26.0000, 30.0000, 30.0000, 30.0000, 31.0000, 33.0000, 34.0000,
    34.0000, 34.0000, 34.0000, 35.0000, 36.0000, 37.0000, 38.0000, 38.0000, 38.0000, 38.0000,
    39.0000, 40.0000, 40.0000, 42.0000, 44.0000, 45.0000, 46.0000, 47.0000, 48.0000, 48.0000,
    1028.0000, 1031.0000, 1036.0000, 1043.0000, 1048.0000, 1055.0000, 1061.0000, 1067.0000, 1070.0000, 1078.0000,
    1084.0000, 1089.0000, 1094.0000, 1102.0000, 1108.0000, 1116.0000, 1119.0000, 1122.0000, 1127.0000, 1132.0000,
    1138.0000, 1146.0000, 1151.0000, 1152.0000, 1158.0000, 1162.0000, 1169.0000, 1175.0000, 1178.0000, 1181.0000,
    1184.0000, 1191.0000, 1196.0000, 1201.0000, 1210.0000, 1213.0000, 1218.0000, 1224.0000, 1227.0000, 1229.0000,
    1231.0000, 1237.0000, 1243.0000, 1246.0000, 1250.0000, 1255.0000, 1261.0000, 1264.0000, 1270.0000, 1275.0000,
  ]

### rewards/p1
  Total points: 100
  Min: -30.0736, Max: 2.3505, Mean: -13.8639
  Data: [
    -23.5203, -30.0736, -26.4601, -24.2350, -20.3675, -26.3698, -19.2275, -16.7548, -27.6255, -25.0251,
    -16.0947, -23.2019, -16.0515, -24.9115, -11.4944, -19.0832, -21.4405, -19.6348, -25.1445, -21.2002,
    -23.7027, -23.7418, -26.7184, -23.0358, -17.3291, -29.4832, -25.4759, -25.4241, -19.7840, -21.9103,
    -28.6049, -18.6439, -17.8383, -23.8319, -27.7560, -17.6546, -24.7136, -24.4583, -23.1773, -27.1380,
    -25.6173, -25.4908, -26.3035, -13.6447, -16.5029, -20.2144, -15.0418, -27.0125, -23.3028, -21.0713,
    -0.9737, -6.5127, -4.8723, -2.0257, -6.7711, -4.3130, -5.5457, -6.6058, -3.9087, -2.9632,
    -4.1355, -2.4973, -7.3946, -2.7787, -9.3808, -2.4506, -8.3835, -11.1186, -3.4362, -5.8298,
    -5.9914, 2.3505, -5.9979, -8.3202, -5.9034, -3.5286, -5.0457, -7.6291, -8.2365, -4.7852,
    -5.1279, -2.6061, -7.5595, -6.2071, -3.6804, -6.6991, -5.5473, -4.2228, -6.0320, -6.7170,
    -7.9645, -2.1170, -3.6597, -9.8160, -2.8800, -2.6665, -3.6341, -13.1643, -2.8195, -5.7419,
  ]

### rewards/p2
  Total points: 100
  Min: 0.0000, Max: 0.0000, Mean: 0.0000
  Data: [
    0.0000, 0.0000, 0.0000, 0.0000, 0.0000, 0.0000, 0.0000, 0.0000, 0.0000, 0.0000,
    0.0000, 0.0000, 0.0000, 0.0000, 0.0000, 0.0000, 0.0000, 0.0000, 0.0000, 0.0000,
    0.0000, 0.0000, 0.0000, 0.0000, 0.0000, 0.0000, 0.0000, 0.0000, 0.0000, 0.0000,
    0.0000, 0.0000, 0.0000, 0.0000, 0.0000, 0.0000, 0.0000, 0.0000, 0.0000, 0.0000,
    0.0000, 0.0000, 0.0000, 0.0000, 0.0000, 0.0000, 0.0000, 0.0000, 0.0000, 0.0000,
    0.0000, 0.0000, 0.0000, 0.0000, 0.0000, 0.0000, 0.0000, 0.0000, 0.0000, 0.0000,
    0.0000, 0.0000, 0.0000, 0.0000, 0.0000, 0.0000, 0.0000, 0.0000, 0.0000, 0.0000,
    0.0000, 0.0000, 0.0000, 0.0000, 0.0000, 0.0000, 0.0000, 0.0000, 0.0000, 0.0000,
    0.0000, 0.0000, 0.0000, 0.0000, 0.0000, 0.0000, 0.0000, 0.0000, 0.0000, 0.0000,
    0.0000, 0.0000, 0.0000, 0.0000, 0.0000, 0.0000, 0.0000, 0.0000, 0.0000, 0.0000,
  ]

### rewards/sparse_only
  Total points: 100
  Min: 0.0000, Max: 0.0000, Mean: 0.0000
  Data: [
    0.0000, 0.0000, 0.0000, 0.0000, 0.0000, 0.0000, 0.0000, 0.0000, 0.0000, 0.0000,
    0.0000, 0.0000, 0.0000, 0.0000, 0.0000, 0.0000, 0.0000, 0.0000, 0.0000, 0.0000,
    0.0000, 0.0000, 0.0000, 0.0000, 0.0000, 0.0000, 0.0000, 0.0000, 0.0000, 0.0000,
    0.0000, 0.0000, 0.0000, 0.0000, 0.0000, 0.0000, 0.0000, 0.0000, 0.0000, 0.0000,
    0.0000, 0.0000, 0.0000, 0.0000, 0.0000, 0.0000, 0.0000, 0.0000, 0.0000, 0.0000,
    0.0000, 0.0000, 0.0000, 0.0000, 0.0000, 0.0000, 0.0000, 0.0000, 0.0000, 0.0000,
    0.0000, 0.0000, 0.0000, 0.0000, 0.0000, 0.0000, 0.0000, 0.0000, 0.0000, 0.0000,
    0.0000, 0.0000, 0.0000, 0.0000, 0.0000, 0.0000, 0.0000, 0.0000, 0.0000, 0.0000,
    0.0000, 0.0000, 0.0000, 0.0000, 0.0000, 0.0000, 0.0000, 0.0000, 0.0000, 0.0000,
    0.0000, 0.0000, 0.0000, 0.0000, 0.0000, 0.0000, 0.0000, 0.0000, 0.0000, 0.0000,
  ]

### rewards/sparse_ratio
  Total points: 100
  Min: 0.0000, Max: 0.0000, Mean: 0.0000
  Data: [
    0.0000, 0.0000, 0.0000, 0.0000, 0.0000, 0.0000, 0.0000, 0.0000, 0.0000, 0.0000,
    0.0000, 0.0000, 0.0000, 0.0000, 0.0000, 0.0000, 0.0000, 0.0000, 0.0000, 0.0000,
    0.0000, 0.0000, 0.0000, 0.0000, 0.0000, 0.0000, 0.0000, 0.0000, 0.0000, 0.0000,
    0.0000, 0.0000, 0.0000, 0.0000, 0.0000, 0.0000, 0.0000, 0.0000, 0.0000, 0.0000,
    0.0000, 0.0000, 0.0000, 0.0000, 0.0000, 0.0000, 0.0000, 0.0000, 0.0000, 0.0000,
    0.0000, 0.0000, 0.0000, 0.0000, 0.0000, 0.0000, 0.0000, 0.0000, 0.0000, 0.0000,
    0.0000, 0.0000, 0.0000, 0.0000, 0.0000, 0.0000, 0.0000, 0.0000, 0.0000, 0.0000,
    0.0000, 0.0000, 0.0000, 0.0000, 0.0000, 0.0000, 0.0000, 0.0000, 0.0000, 0.0000,
    0.0000, 0.0000, 0.0000, 0.0000, 0.0000, 0.0000, 0.0000, 0.0000, 0.0000, 0.0000,
    0.0000, 0.0000, 0.0000, 0.0000, 0.0000, 0.0000, 0.0000, 0.0000, 0.0000, 0.0000,
  ]

### scoring/goals_conceded
  Total points: 100
  Min: 15.0000, Max: 3476.0000, Mean: 1724.7500
  Data: [
    15.0000, 26.0000, 33.0000, 42.0000, 52.0000, 60.0000, 73.0000, 82.0000, 92.0000, 100.0000,
    105.0000, 113.0000, 122.0000, 129.0000, 140.0000, 147.0000, 155.0000, 162.0000, 171.0000, 178.0000,
    186.0000, 196.0000, 206.0000, 215.0000, 223.0000, 232.0000, 241.0000, 248.0000, 255.0000, 267.0000,
    275.0000, 288.0000, 298.0000, 306.0000, 312.0000, 322.0000, 332.0000, 340.0000, 350.0000, 360.0000,
    370.0000, 379.0000, 384.0000, 392.0000, 401.0000, 411.0000, 421.0000, 429.0000, 439.0000, 452.0000,
    2965.0000, 2976.0000, 2988.0000, 2996.0000, 3008.0000, 3019.0000, 3031.0000, 3042.0000, 3056.0000, 3062.0000,
    3068.0000, 3077.0000, 3089.0000, 3097.0000, 3107.0000, 3117.0000, 3129.0000, 3141.0000, 3149.0000, 3160.0000,
    3172.0000, 3177.0000, 3188.0000, 3199.0000, 3212.0000, 3220.0000, 3232.0000, 3241.0000, 3254.0000, 3265.0000,
    3276.0000, 3286.0000, 3298.0000, 3307.0000, 3314.0000, 3326.0000, 3338.0000, 3349.0000, 3359.0000, 3372.0000,
    3383.0000, 3393.0000, 3404.0000, 3413.0000, 3424.0000, 3434.0000, 3440.0000, 3454.0000, 3465.0000, 3476.0000,
  ]

### scoring/goals_scored
  Total points: 100
  Min: 0.0000, Max: 1275.0000, Mean: 591.1700
  Data: [
    0.0000, 0.0000, 3.0000, 3.0000, 3.0000, 3.0000, 3.0000, 5.0000, 5.0000, 6.0000,
    8.0000, 8.0000, 10.0000, 10.0000, 15.0000, 17.0000, 19.0000, 20.0000, 21.0000, 23.0000,
    25.0000, 25.0000, 25.0000, 26.0000, 30.0000, 30.0000, 30.0000, 31.0000, 33.0000, 34.0000,
    34.0000, 34.0000, 34.0000, 35.0000, 36.0000, 37.0000, 38.0000, 38.0000, 38.0000, 38.0000,
    39.0000, 40.0000, 40.0000, 42.0000, 44.0000, 45.0000, 46.0000, 47.0000, 48.0000, 48.0000,
    1028.0000, 1031.0000, 1036.0000, 1043.0000, 1048.0000, 1055.0000, 1061.0000, 1067.0000, 1070.0000, 1078.0000,
    1084.0000, 1089.0000, 1094.0000, 1102.0000, 1108.0000, 1116.0000, 1119.0000, 1122.0000, 1127.0000, 1132.0000,
    1138.0000, 1146.0000, 1151.0000, 1152.0000, 1158.0000, 1162.0000, 1169.0000, 1175.0000, 1178.0000, 1181.0000,
    1184.0000, 1191.0000, 1196.0000, 1201.0000, 1210.0000, 1213.0000, 1218.0000, 1224.0000, 1227.0000, 1229.0000,
    1231.0000, 1237.0000, 1243.0000, 1246.0000, 1250.0000, 1255.0000, 1261.0000, 1264.0000, 1270.0000, 1275.0000,
  ]

### selfplay/active
  Total points: 100
  Min: 0.0000, Max: 0.0000, Mean: 0.0000
  Data: [
    0.0000, 0.0000, 0.0000, 0.0000, 0.0000, 0.0000, 0.0000, 0.0000, 0.0000, 0.0000,
    0.0000, 0.0000, 0.0000, 0.0000, 0.0000, 0.0000, 0.0000, 0.0000, 0.0000, 0.0000,
    0.0000, 0.0000, 0.0000, 0.0000, 0.0000, 0.0000, 0.0000, 0.0000, 0.0000, 0.0000,
    0.0000, 0.0000, 0.0000, 0.0000, 0.0000, 0.0000, 0.0000, 0.0000, 0.0000, 0.0000,
    0.0000, 0.0000, 0.0000, 0.0000, 0.0000, 0.0000, 0.0000, 0.0000, 0.0000, 0.0000,
    0.0000, 0.0000, 0.0000, 0.0000, 0.0000, 0.0000, 0.0000, 0.0000, 0.0000, 0.0000,
    0.0000, 0.0000, 0.0000, 0.0000, 0.0000, 0.0000, 0.0000, 0.0000, 0.0000, 0.0000,
    0.0000, 0.0000, 0.0000, 0.0000, 0.0000, 0.0000, 0.0000, 0.0000, 0.0000, 0.0000,
    0.0000, 0.0000, 0.0000, 0.0000, 0.0000, 0.0000, 0.0000, 0.0000, 0.0000, 0.0000,
    0.0000, 0.0000, 0.0000, 0.0000, 0.0000, 0.0000, 0.0000, 0.0000, 0.0000, 0.0000,
  ]

### selfplay/anchor_ratio_current
  Total points: 100
  Min: 0.5000, Max: 0.5000, Mean: 0.5000
  Data: [
    0.5000, 0.5000, 0.5000, 0.5000, 0.5000, 0.5000, 0.5000, 0.5000, 0.5000, 0.5000,
    0.5000, 0.5000, 0.5000, 0.5000, 0.5000, 0.5000, 0.5000, 0.5000, 0.5000, 0.5000,
    0.5000, 0.5000, 0.5000, 0.5000, 0.5000, 0.5000, 0.5000, 0.5000, 0.5000, 0.5000,
    0.5000, 0.5000, 0.5000, 0.5000, 0.5000, 0.5000, 0.5000, 0.5000, 0.5000, 0.5000,
    0.5000, 0.5000, 0.5000, 0.5000, 0.5000, 0.5000, 0.5000, 0.5000, 0.5000, 0.5000,
    0.5000, 0.5000, 0.5000, 0.5000, 0.5000, 0.5000, 0.5000, 0.5000, 0.5000, 0.5000,
    0.5000, 0.5000, 0.5000, 0.5000, 0.5000, 0.5000, 0.5000, 0.5000, 0.5000, 0.5000,
    0.5000, 0.5000, 0.5000, 0.5000, 0.5000, 0.5000, 0.5000, 0.5000, 0.5000, 0.5000,
    0.5000, 0.5000, 0.5000, 0.5000, 0.5000, 0.5000, 0.5000, 0.5000, 0.5000, 0.5000,
    0.5000, 0.5000, 0.5000, 0.5000, 0.5000, 0.5000, 0.5000, 0.5000, 0.5000, 0.5000,
  ]

### selfplay/best_eval_vs_weak
  Total points: 100
  Min: 0.0000, Max: 0.0000, Mean: 0.0000
  Data: [
    0.0000, 0.0000, 0.0000, 0.0000, 0.0000, 0.0000, 0.0000, 0.0000, 0.0000, 0.0000,
    0.0000, 0.0000, 0.0000, 0.0000, 0.0000, 0.0000, 0.0000, 0.0000, 0.0000, 0.0000,
    0.0000, 0.0000, 0.0000, 0.0000, 0.0000, 0.0000, 0.0000, 0.0000, 0.0000, 0.0000,
    0.0000, 0.0000, 0.0000, 0.0000, 0.0000, 0.0000, 0.0000, 0.0000, 0.0000, 0.0000,
    0.0000, 0.0000, 0.0000, 0.0000, 0.0000, 0.0000, 0.0000, 0.0000, 0.0000, 0.0000,
    0.0000, 0.0000, 0.0000, 0.0000, 0.0000, 0.0000, 0.0000, 0.0000, 0.0000, 0.0000,
    0.0000, 0.0000, 0.0000, 0.0000, 0.0000, 0.0000, 0.0000, 0.0000, 0.0000, 0.0000,
    0.0000, 0.0000, 0.0000, 0.0000, 0.0000, 0.0000, 0.0000, 0.0000, 0.0000, 0.0000,
    0.0000, 0.0000, 0.0000, 0.0000, 0.0000, 0.0000, 0.0000, 0.0000, 0.0000, 0.0000,
    0.0000, 0.0000, 0.0000, 0.0000, 0.0000, 0.0000, 0.0000, 0.0000, 0.0000, 0.0000,
  ]

### selfplay/consecutive_eval_drops
  Total points: 100
  Min: 0.0000, Max: 0.0000, Mean: 0.0000
  Data: [
    0.0000, 0.0000, 0.0000, 0.0000, 0.0000, 0.0000, 0.0000, 0.0000, 0.0000, 0.0000,
    0.0000, 0.0000, 0.0000, 0.0000, 0.0000, 0.0000, 0.0000, 0.0000, 0.0000, 0.0000,
    0.0000, 0.0000, 0.0000, 0.0000, 0.0000, 0.0000, 0.0000, 0.0000, 0.0000, 0.0000,
    0.0000, 0.0000, 0.0000, 0.0000, 0.0000, 0.0000, 0.0000, 0.0000, 0.0000, 0.0000,
    0.0000, 0.0000, 0.0000, 0.0000, 0.0000, 0.0000, 0.0000, 0.0000, 0.0000, 0.0000,
    0.0000, 0.0000, 0.0000, 0.0000, 0.0000, 0.0000, 0.0000, 0.0000, 0.0000, 0.0000,
    0.0000, 0.0000, 0.0000, 0.0000, 0.0000, 0.0000, 0.0000, 0.0000, 0.0000, 0.0000,
    0.0000, 0.0000, 0.0000, 0.0000, 0.0000, 0.0000, 0.0000, 0.0000, 0.0000, 0.0000,
    0.0000, 0.0000, 0.0000, 0.0000, 0.0000, 0.0000, 0.0000, 0.0000, 0.0000, 0.0000,
    0.0000, 0.0000, 0.0000, 0.0000, 0.0000, 0.0000, 0.0000, 0.0000, 0.0000, 0.0000,
  ]

### selfplay/episode_opponent_type_selfplay
  Total points: 100
  Min: 0.0000, Max: 0.0000, Mean: 0.0000
  Data: [
    0.0000, 0.0000, 0.0000, 0.0000, 0.0000, 0.0000, 0.0000, 0.0000, 0.0000, 0.0000,
    0.0000, 0.0000, 0.0000, 0.0000, 0.0000, 0.0000, 0.0000, 0.0000, 0.0000, 0.0000,
    0.0000, 0.0000, 0.0000, 0.0000, 0.0000, 0.0000, 0.0000, 0.0000, 0.0000, 0.0000,
    0.0000, 0.0000, 0.0000, 0.0000, 0.0000, 0.0000, 0.0000, 0.0000, 0.0000, 0.0000,
    0.0000, 0.0000, 0.0000, 0.0000, 0.0000, 0.0000, 0.0000, 0.0000, 0.0000, 0.0000,
    0.0000, 0.0000, 0.0000, 0.0000, 0.0000, 0.0000, 0.0000, 0.0000, 0.0000, 0.0000,
    0.0000, 0.0000, 0.0000, 0.0000, 0.0000, 0.0000, 0.0000, 0.0000, 0.0000, 0.0000,
    0.0000, 0.0000, 0.0000, 0.0000, 0.0000, 0.0000, 0.0000, 0.0000, 0.0000, 0.0000,
    0.0000, 0.0000, 0.0000, 0.0000, 0.0000, 0.0000, 0.0000, 0.0000, 0.0000, 0.0000,
    0.0000, 0.0000, 0.0000, 0.0000, 0.0000, 0.0000, 0.0000, 0.0000, 0.0000, 0.0000,
  ]

### selfplay/episode_opponent_type_strong
  Total points: 100
  Min: 0.0000, Max: 0.0000, Mean: 0.0000
  Data: [
    0.0000, 0.0000, 0.0000, 0.0000, 0.0000, 0.0000, 0.0000, 0.0000, 0.0000, 0.0000,
    0.0000, 0.0000, 0.0000, 0.0000, 0.0000, 0.0000, 0.0000, 0.0000, 0.0000, 0.0000,
    0.0000, 0.0000, 0.0000, 0.0000, 0.0000, 0.0000, 0.0000, 0.0000, 0.0000, 0.0000,
    0.0000, 0.0000, 0.0000, 0.0000, 0.0000, 0.0000, 0.0000, 0.0000, 0.0000, 0.0000,
    0.0000, 0.0000, 0.0000, 0.0000, 0.0000, 0.0000, 0.0000, 0.0000, 0.0000, 0.0000,
    0.0000, 0.0000, 0.0000, 0.0000, 0.0000, 0.0000, 0.0000, 0.0000, 0.0000, 0.0000,
    0.0000, 0.0000, 0.0000, 0.0000, 0.0000, 0.0000, 0.0000, 0.0000, 0.0000, 0.0000,
    0.0000, 0.0000, 0.0000, 0.0000, 0.0000, 0.0000, 0.0000, 0.0000, 0.0000, 0.0000,
    0.0000, 0.0000, 0.0000, 0.0000, 0.0000, 0.0000, 0.0000, 0.0000, 0.0000, 0.0000,
    0.0000, 0.0000, 0.0000, 0.0000, 0.0000, 0.0000, 0.0000, 0.0000, 0.0000, 0.0000,
  ]

### selfplay/episode_opponent_type_weak
  Total points: 100
  Min: 1.0000, Max: 1.0000, Mean: 1.0000
  Data: [
    1.0000, 1.0000, 1.0000, 1.0000, 1.0000, 1.0000, 1.0000, 1.0000, 1.0000, 1.0000,
    1.0000, 1.0000, 1.0000, 1.0000, 1.0000, 1.0000, 1.0000, 1.0000, 1.0000, 1.0000,
    1.0000, 1.0000, 1.0000, 1.0000, 1.0000, 1.0000, 1.0000, 1.0000, 1.0000, 1.0000,
    1.0000, 1.0000, 1.0000, 1.0000, 1.0000, 1.0000, 1.0000, 1.0000, 1.0000, 1.0000,
    1.0000, 1.0000, 1.0000, 1.0000, 1.0000, 1.0000, 1.0000, 1.0000, 1.0000, 1.0000,
    1.0000, 1.0000, 1.0000, 1.0000, 1.0000, 1.0000, 1.0000, 1.0000, 1.0000, 1.0000,
    1.0000, 1.0000, 1.0000, 1.0000, 1.0000, 1.0000, 1.0000, 1.0000, 1.0000, 1.0000,
    1.0000, 1.0000, 1.0000, 1.0000, 1.0000, 1.0000, 1.0000, 1.0000, 1.0000, 1.0000,
    1.0000, 1.0000, 1.0000, 1.0000, 1.0000, 1.0000, 1.0000, 1.0000, 1.0000, 1.0000,
    1.0000, 1.0000, 1.0000, 1.0000, 1.0000, 1.0000, 1.0000, 1.0000, 1.0000, 1.0000,
  ]

### selfplay/pool_size
  Total points: 100
  Min: 0.0000, Max: 0.0000, Mean: 0.0000
  Data: [
    0.0000, 0.0000, 0.0000, 0.0000, 0.0000, 0.0000, 0.0000, 0.0000, 0.0000, 0.0000,
    0.0000, 0.0000, 0.0000, 0.0000, 0.0000, 0.0000, 0.0000, 0.0000, 0.0000, 0.0000,
    0.0000, 0.0000, 0.0000, 0.0000, 0.0000, 0.0000, 0.0000, 0.0000, 0.0000, 0.0000,
    0.0000, 0.0000, 0.0000, 0.0000, 0.0000, 0.0000, 0.0000, 0.0000, 0.0000, 0.0000,
    0.0000, 0.0000, 0.0000, 0.0000, 0.0000, 0.0000, 0.0000, 0.0000, 0.0000, 0.0000,
    0.0000, 0.0000, 0.0000, 0.0000, 0.0000, 0.0000, 0.0000, 0.0000, 0.0000, 0.0000,
    0.0000, 0.0000, 0.0000, 0.0000, 0.0000, 0.0000, 0.0000, 0.0000, 0.0000, 0.0000,
    0.0000, 0.0000, 0.0000, 0.0000, 0.0000, 0.0000, 0.0000, 0.0000, 0.0000, 0.0000,
    0.0000, 0.0000, 0.0000, 0.0000, 0.0000, 0.0000, 0.0000, 0.0000, 0.0000, 0.0000,
    0.0000, 0.0000, 0.0000, 0.0000, 0.0000, 0.0000, 0.0000, 0.0000, 0.0000, 0.0000,
  ]

### selfplay/rollback_enabled
  Total points: 100
  Min: 1.0000, Max: 1.0000, Mean: 1.0000
  Data: [
    1.0000, 1.0000, 1.0000, 1.0000, 1.0000, 1.0000, 1.0000, 1.0000, 1.0000, 1.0000,
    1.0000, 1.0000, 1.0000, 1.0000, 1.0000, 1.0000, 1.0000, 1.0000, 1.0000, 1.0000,
    1.0000, 1.0000, 1.0000, 1.0000, 1.0000, 1.0000, 1.0000, 1.0000, 1.0000, 1.0000,
    1.0000, 1.0000, 1.0000, 1.0000, 1.0000, 1.0000, 1.0000, 1.0000, 1.0000, 1.0000,
    1.0000, 1.0000, 1.0000, 1.0000, 1.0000, 1.0000, 1.0000, 1.0000, 1.0000, 1.0000,
    1.0000, 1.0000, 1.0000, 1.0000, 1.0000, 1.0000, 1.0000, 1.0000, 1.0000, 1.0000,
    1.0000, 1.0000, 1.0000, 1.0000, 1.0000, 1.0000, 1.0000, 1.0000, 1.0000, 1.0000,
    1.0000, 1.0000, 1.0000, 1.0000, 1.0000, 1.0000, 1.0000, 1.0000, 1.0000, 1.0000,
    1.0000, 1.0000, 1.0000, 1.0000, 1.0000, 1.0000, 1.0000, 1.0000, 1.0000, 1.0000,
    1.0000, 1.0000, 1.0000, 1.0000, 1.0000, 1.0000, 1.0000, 1.0000, 1.0000, 1.0000,
  ]

### selfplay/weak_ratio_target
  Total points: 100
  Min: 0.5000, Max: 0.5000, Mean: 0.5000
  Data: [
    0.5000, 0.5000, 0.5000, 0.5000, 0.5000, 0.5000, 0.5000, 0.5000, 0.5000, 0.5000,
    0.5000, 0.5000, 0.5000, 0.5000, 0.5000, 0.5000, 0.5000, 0.5000, 0.5000, 0.5000,
    0.5000, 0.5000, 0.5000, 0.5000, 0.5000, 0.5000, 0.5000, 0.5000, 0.5000, 0.5000,
    0.5000, 0.5000, 0.5000, 0.5000, 0.5000, 0.5000, 0.5000, 0.5000, 0.5000, 0.5000,
    0.5000, 0.5000, 0.5000, 0.5000, 0.5000, 0.5000, 0.5000, 0.5000, 0.5000, 0.5000,
    0.5000, 0.5000, 0.5000, 0.5000, 0.5000, 0.5000, 0.5000, 0.5000, 0.5000, 0.5000,
    0.5000, 0.5000, 0.5000, 0.5000, 0.5000, 0.5000, 0.5000, 0.5000, 0.5000, 0.5000,
    0.5000, 0.5000, 0.5000, 0.5000, 0.5000, 0.5000, 0.5000, 0.5000, 0.5000, 0.5000,
    0.5000, 0.5000, 0.5000, 0.5000, 0.5000, 0.5000, 0.5000, 0.5000, 0.5000, 0.5000,
    0.5000, 0.5000, 0.5000, 0.5000, 0.5000, 0.5000, 0.5000, 0.5000, 0.5000, 0.5000,
  ]

### strategic/attack_diversity_bonus
  Total points: 100
  Min: 0.0000, Max: 0.0000, Mean: 0.0000
  Data: [
    0.0000, 0.0000, 0.0000, 0.0000, 0.0000, 0.0000, 0.0000, 0.0000, 0.0000, 0.0000,
    0.0000, 0.0000, 0.0000, 0.0000, 0.0000, 0.0000, 0.0000, 0.0000, 0.0000, 0.0000,
    0.0000, 0.0000, 0.0000, 0.0000, 0.0000, 0.0000, 0.0000, 0.0000, 0.0000, 0.0000,
    0.0000, 0.0000, 0.0000, 0.0000, 0.0000, 0.0000, 0.0000, 0.0000, 0.0000, 0.0000,
    0.0000, 0.0000, 0.0000, 0.0000, 0.0000, 0.0000, 0.0000, 0.0000, 0.0000, 0.0000,
    0.0000, 0.0000, 0.0000, 0.0000, 0.0000, 0.0000, 0.0000, 0.0000, 0.0000, 0.0000,
    0.0000, 0.0000, 0.0000, 0.0000, 0.0000, 0.0000, 0.0000, 0.0000, 0.0000, 0.0000,
    0.0000, 0.0000, 0.0000, 0.0000, 0.0000, 0.0000, 0.0000, 0.0000, 0.0000, 0.0000,
    0.0000, 0.0000, 0.0000, 0.0000, 0.0000, 0.0000, 0.0000, 0.0000, 0.0000, 0.0000,
    0.0000, 0.0000, 0.0000, 0.0000, 0.0000, 0.0000, 0.0000, 0.0000, 0.0000, 0.0000,
  ]

### strategic/attack_sides_unique
  Total points: 100
  Min: 0.0000, Max: 0.0000, Mean: 0.0000
  Data: [
    0.0000, 0.0000, 0.0000, 0.0000, 0.0000, 0.0000, 0.0000, 0.0000, 0.0000, 0.0000,
    0.0000, 0.0000, 0.0000, 0.0000, 0.0000, 0.0000, 0.0000, 0.0000, 0.0000, 0.0000,
    0.0000, 0.0000, 0.0000, 0.0000, 0.0000, 0.0000, 0.0000, 0.0000, 0.0000, 0.0000,
    0.0000, 0.0000, 0.0000, 0.0000, 0.0000, 0.0000, 0.0000, 0.0000, 0.0000, 0.0000,
    0.0000, 0.0000, 0.0000, 0.0000, 0.0000, 0.0000, 0.0000, 0.0000, 0.0000, 0.0000,
    0.0000, 0.0000, 0.0000, 0.0000, 0.0000, 0.0000, 0.0000, 0.0000, 0.0000, 0.0000,
    0.0000, 0.0000, 0.0000, 0.0000, 0.0000, 0.0000, 0.0000, 0.0000, 0.0000, 0.0000,
    0.0000, 0.0000, 0.0000, 0.0000, 0.0000, 0.0000, 0.0000, 0.0000, 0.0000, 0.0000,
    0.0000, 0.0000, 0.0000, 0.0000, 0.0000, 0.0000, 0.0000, 0.0000, 0.0000, 0.0000,
    0.0000, 0.0000, 0.0000, 0.0000, 0.0000, 0.0000, 0.0000, 0.0000, 0.0000, 0.0000,
  ]

### strategic/forcing_bonus
  Total points: 100
  Min: 0.0000, Max: 0.0000, Mean: 0.0000
  Data: [
    0.0000, 0.0000, 0.0000, 0.0000, 0.0000, 0.0000, 0.0000, 0.0000, 0.0000, 0.0000,
    0.0000, 0.0000, 0.0000, 0.0000, 0.0000, 0.0000, 0.0000, 0.0000, 0.0000, 0.0000,
    0.0000, 0.0000, 0.0000, 0.0000, 0.0000, 0.0000, 0.0000, 0.0000, 0.0000, 0.0000,
    0.0000, 0.0000, 0.0000, 0.0000, 0.0000, 0.0000, 0.0000, 0.0000, 0.0000, 0.0000,
    0.0000, 0.0000, 0.0000, 0.0000, 0.0000, 0.0000, 0.0000, 0.0000, 0.0000, 0.0000,
    0.0000, 0.0000, 0.0000, 0.0000, 0.0000, 0.0000, 0.0000, 0.0000, 0.0000, 0.0000,
    0.0000, 0.0000, 0.0000, 0.0000, 0.0000, 0.0000, 0.0000, 0.0000, 0.0000, 0.0000,
    0.0000, 0.0000, 0.0000, 0.0000, 0.0000, 0.0000, 0.0000, 0.0000, 0.0000, 0.0000,
    0.0000, 0.0000, 0.0000, 0.0000, 0.0000, 0.0000, 0.0000, 0.0000, 0.0000, 0.0000,
    0.0000, 0.0000, 0.0000, 0.0000, 0.0000, 0.0000, 0.0000, 0.0000, 0.0000, 0.0000,
  ]

### strategic/opponent_avg_movement
  Total points: 100
  Min: 0.0000, Max: 0.0000, Mean: 0.0000
  Data: [
    0.0000, 0.0000, 0.0000, 0.0000, 0.0000, 0.0000, 0.0000, 0.0000, 0.0000, 0.0000,
    0.0000, 0.0000, 0.0000, 0.0000, 0.0000, 0.0000, 0.0000, 0.0000, 0.0000, 0.0000,
    0.0000, 0.0000, 0.0000, 0.0000, 0.0000, 0.0000, 0.0000, 0.0000, 0.0000, 0.0000,
    0.0000, 0.0000, 0.0000, 0.0000, 0.0000, 0.0000, 0.0000, 0.0000, 0.0000, 0.0000,
    0.0000, 0.0000, 0.0000, 0.0000, 0.0000, 0.0000, 0.0000, 0.0000, 0.0000, 0.0000,
    0.0000, 0.0000, 0.0000, 0.0000, 0.0000, 0.0000, 0.0000, 0.0000, 0.0000, 0.0000,
    0.0000, 0.0000, 0.0000, 0.0000, 0.0000, 0.0000, 0.0000, 0.0000, 0.0000, 0.0000,
    0.0000, 0.0000, 0.0000, 0.0000, 0.0000, 0.0000, 0.0000, 0.0000, 0.0000, 0.0000,
    0.0000, 0.0000, 0.0000, 0.0000, 0.0000, 0.0000, 0.0000, 0.0000, 0.0000, 0.0000,
    0.0000, 0.0000, 0.0000, 0.0000, 0.0000, 0.0000, 0.0000, 0.0000, 0.0000, 0.0000,
  ]

### strategic/opponent_total_movement
  Total points: 100
  Min: 0.0000, Max: 0.0000, Mean: 0.0000
  Data: [
    0.0000, 0.0000, 0.0000, 0.0000, 0.0000, 0.0000, 0.0000, 0.0000, 0.0000, 0.0000,
    0.0000, 0.0000, 0.0000, 0.0000, 0.0000, 0.0000, 0.0000, 0.0000, 0.0000, 0.0000,
    0.0000, 0.0000, 0.0000, 0.0000, 0.0000, 0.0000, 0.0000, 0.0000, 0.0000, 0.0000,
    0.0000, 0.0000, 0.0000, 0.0000, 0.0000, 0.0000, 0.0000, 0.0000, 0.0000, 0.0000,
    0.0000, 0.0000, 0.0000, 0.0000, 0.0000, 0.0000, 0.0000, 0.0000, 0.0000, 0.0000,
    0.0000, 0.0000, 0.0000, 0.0000, 0.0000, 0.0000, 0.0000, 0.0000, 0.0000, 0.0000,
    0.0000, 0.0000, 0.0000, 0.0000, 0.0000, 0.0000, 0.0000, 0.0000, 0.0000, 0.0000,
    0.0000, 0.0000, 0.0000, 0.0000, 0.0000, 0.0000, 0.0000, 0.0000, 0.0000, 0.0000,
    0.0000, 0.0000, 0.0000, 0.0000, 0.0000, 0.0000, 0.0000, 0.0000, 0.0000, 0.0000,
    0.0000, 0.0000, 0.0000, 0.0000, 0.0000, 0.0000, 0.0000, 0.0000, 0.0000, 0.0000,
  ]

### strategic/shot_quality_ratio
  Total points: 100
  Min: 0.0000, Max: 0.0000, Mean: 0.0000
  Data: [
    0.0000, 0.0000, 0.0000, 0.0000, 0.0000, 0.0000, 0.0000, 0.0000, 0.0000, 0.0000,
    0.0000, 0.0000, 0.0000, 0.0000, 0.0000, 0.0000, 0.0000, 0.0000, 0.0000, 0.0000,
    0.0000, 0.0000, 0.0000, 0.0000, 0.0000, 0.0000, 0.0000, 0.0000, 0.0000, 0.0000,
    0.0000, 0.0000, 0.0000, 0.0000, 0.0000, 0.0000, 0.0000, 0.0000, 0.0000, 0.0000,
    0.0000, 0.0000, 0.0000, 0.0000, 0.0000, 0.0000, 0.0000, 0.0000, 0.0000, 0.0000,
    0.0000, 0.0000, 0.0000, 0.0000, 0.0000, 0.0000, 0.0000, 0.0000, 0.0000, 0.0000,
    0.0000, 0.0000, 0.0000, 0.0000, 0.0000, 0.0000, 0.0000, 0.0000, 0.0000, 0.0000,
    0.0000, 0.0000, 0.0000, 0.0000, 0.0000, 0.0000, 0.0000, 0.0000, 0.0000, 0.0000,
    0.0000, 0.0000, 0.0000, 0.0000, 0.0000, 0.0000, 0.0000, 0.0000, 0.0000, 0.0000,
    0.0000, 0.0000, 0.0000, 0.0000, 0.0000, 0.0000, 0.0000, 0.0000, 0.0000, 0.0000,
  ]

### strategic/shots_blocked
  Total points: 100
  Min: 0.0000, Max: 0.0000, Mean: 0.0000
  Data: [
    0.0000, 0.0000, 0.0000, 0.0000, 0.0000, 0.0000, 0.0000, 0.0000, 0.0000, 0.0000,
    0.0000, 0.0000, 0.0000, 0.0000, 0.0000, 0.0000, 0.0000, 0.0000, 0.0000, 0.0000,
    0.0000, 0.0000, 0.0000, 0.0000, 0.0000, 0.0000, 0.0000, 0.0000, 0.0000, 0.0000,
    0.0000, 0.0000, 0.0000, 0.0000, 0.0000, 0.0000, 0.0000, 0.0000, 0.0000, 0.0000,
    0.0000, 0.0000, 0.0000, 0.0000, 0.0000, 0.0000, 0.0000, 0.0000, 0.0000, 0.0000,
    0.0000, 0.0000, 0.0000, 0.0000, 0.0000, 0.0000, 0.0000, 0.0000, 0.0000, 0.0000,
    0.0000, 0.0000, 0.0000, 0.0000, 0.0000, 0.0000, 0.0000, 0.0000, 0.0000, 0.0000,
    0.0000, 0.0000, 0.0000, 0.0000, 0.0000, 0.0000, 0.0000, 0.0000, 0.0000, 0.0000,
    0.0000, 0.0000, 0.0000, 0.0000, 0.0000, 0.0000, 0.0000, 0.0000, 0.0000, 0.0000,
    0.0000, 0.0000, 0.0000, 0.0000, 0.0000, 0.0000, 0.0000, 0.0000, 0.0000, 0.0000,
  ]

### strategic/shots_clear
  Total points: 100
  Min: 0.0000, Max: 0.0000, Mean: 0.0000
  Data: [
    0.0000, 0.0000, 0.0000, 0.0000, 0.0000, 0.0000, 0.0000, 0.0000, 0.0000, 0.0000,
    0.0000, 0.0000, 0.0000, 0.0000, 0.0000, 0.0000, 0.0000, 0.0000, 0.0000, 0.0000,
    0.0000, 0.0000, 0.0000, 0.0000, 0.0000, 0.0000, 0.0000, 0.0000, 0.0000, 0.0000,
    0.0000, 0.0000, 0.0000, 0.0000, 0.0000, 0.0000, 0.0000, 0.0000, 0.0000, 0.0000,
    0.0000, 0.0000, 0.0000, 0.0000, 0.0000, 0.0000, 0.0000, 0.0000, 0.0000, 0.0000,
    0.0000, 0.0000, 0.0000, 0.0000, 0.0000, 0.0000, 0.0000, 0.0000, 0.0000, 0.0000,
    0.0000, 0.0000, 0.0000, 0.0000, 0.0000, 0.0000, 0.0000, 0.0000, 0.0000, 0.0000,
    0.0000, 0.0000, 0.0000, 0.0000, 0.0000, 0.0000, 0.0000, 0.0000, 0.0000, 0.0000,
    0.0000, 0.0000, 0.0000, 0.0000, 0.0000, 0.0000, 0.0000, 0.0000, 0.0000, 0.0000,
    0.0000, 0.0000, 0.0000, 0.0000, 0.0000, 0.0000, 0.0000, 0.0000, 0.0000, 0.0000,
  ]

### training/avg_episode_length
  Total points: 100
  Min: 63.7000, Max: 234.9000, Mean: 142.9520
  Data: [
    152.9000, 162.9000, 149.8000, 146.0000, 133.4000, 166.3000, 132.5000, 132.9000, 174.1000, 234.9000,
    224.3000, 194.9000, 181.1000, 191.2000, 105.6000, 158.4000, 163.7000, 185.0000, 172.1000, 207.0000,
    148.4000, 159.8000, 141.8000, 202.2000, 140.8000, 182.9000, 185.8000, 222.8000, 175.3000, 141.8000,
    149.6000, 152.7000, 176.8000, 192.2000, 174.2000, 153.4000, 141.7000, 168.2000, 143.1000, 132.5000,
    154.5000, 146.6000, 208.0000, 175.8000, 106.7000, 163.1000, 126.6000, 178.3000, 157.3000, 160.5000,
    128.6000, 127.6000, 93.2000, 130.0000, 128.7000, 91.2000, 63.7000, 126.1000, 148.9000, 150.3000,
    142.2000, 79.8000, 110.4000, 78.1000, 117.8000, 100.6000, 109.7000, 157.1000, 139.3000, 143.4000,
    109.2000, 106.4000, 141.6000, 119.4000, 89.1000, 133.1000, 106.3000, 146.7000, 103.9000, 129.1000,
    89.7000, 155.4000, 127.0000, 127.8000, 121.2000, 109.7000, 103.4000, 132.6000, 112.6000, 120.5000,
    170.4000, 105.7000, 132.0000, 160.5000, 113.7000, 108.8000, 150.3000, 146.5000, 106.8000, 116.7000,
  ]

### training/calls_per_episode
  Total points: 100
  Min: 0.0000, Max: 0.0000, Mean: 0.0000
  Data: [
    0.0000, 0.0000, 0.0000, 0.0000, 0.0000, 0.0000, 0.0000, 0.0000, 0.0000, 0.0000,
    0.0000, 0.0000, 0.0000, 0.0000, 0.0000, 0.0000, 0.0000, 0.0000, 0.0000, 0.0000,
    0.0000, 0.0000, 0.0000, 0.0000, 0.0000, 0.0000, 0.0000, 0.0000, 0.0000, 0.0000,
    0.0000, 0.0000, 0.0000, 0.0000, 0.0000, 0.0000, 0.0000, 0.0000, 0.0000, 0.0000,
    0.0000, 0.0000, 0.0000, 0.0000, 0.0000, 0.0000, 0.0000, 0.0000, 0.0000, 0.0000,
    0.0000, 0.0000, 0.0000, 0.0000, 0.0000, 0.0000, 0.0000, 0.0000, 0.0000, 0.0000,
    0.0000, 0.0000, 0.0000, 0.0000, 0.0000, 0.0000, 0.0000, 0.0000, 0.0000, 0.0000,
    0.0000, 0.0000, 0.0000, 0.0000, 0.0000, 0.0000, 0.0000, 0.0000, 0.0000, 0.0000,
    0.0000, 0.0000, 0.0000, 0.0000, 0.0000, 0.0000, 0.0000, 0.0000, 0.0000, 0.0000,
    0.0000, 0.0000, 0.0000, 0.0000, 0.0000, 0.0000, 0.0000, 0.0000, 0.0000, 0.0000,
  ]

### training/episode
  Total points: 100
  Min: 20.0000, Max: 6400.0000, Mean: 3210.0000
  Data: [
    20.0000, 40.0000, 60.0000, 80.0000, 100.0000, 120.0000, 140.0000, 160.0000, 180.0000, 200.0000,
    220.0000, 240.0000, 260.0000, 280.0000, 300.0000, 320.0000, 340.0000, 360.0000, 380.0000, 400.0000,
    420.0000, 440.0000, 460.0000, 480.0000, 500.0000, 520.0000, 540.0000, 560.0000, 580.0000, 600.0000,
    620.0000, 640.0000, 660.0000, 680.0000, 700.0000, 720.0000, 740.0000, 760.0000, 780.0000, 800.0000,
    820.0000, 840.0000, 860.0000, 880.0000, 900.0000, 920.0000, 940.0000, 960.0000, 980.0000, 1000.0000,
    5420.0000, 5440.0000, 5460.0000, 5480.0000, 5500.0000, 5520.0000, 5540.0000, 5560.0000, 5580.0000, 5600.0000,
    5620.0000, 5640.0000, 5660.0000, 5680.0000, 5700.0000, 5720.0000, 5740.0000, 5760.0000, 5780.0000, 5800.0000,
    5820.0000, 5840.0000, 5860.0000, 5880.0000, 5900.0000, 5920.0000, 5940.0000, 5960.0000, 5980.0000, 6000.0000,
    6020.0000, 6040.0000, 6060.0000, 6080.0000, 6100.0000, 6120.0000, 6140.0000, 6160.0000, 6180.0000, 6200.0000,
    6220.0000, 6240.0000, 6260.0000, 6280.0000, 6300.0000, 6320.0000, 6340.0000, 6360.0000, 6380.0000, 6400.0000,
  ]

### training/eps_per_sec
  Total points: 100
  Min: 0.2528, Max: 7.6719, Mean: 3.6583
  Data: [
    4.2248, 6.1184, 6.0776, 5.3393, 5.5363, 4.7932, 6.7561, 5.8366, 5.6037, 4.9599,
    4.8451, 5.0113, 5.2889, 5.0400, 7.6719, 5.4530, 5.4858, 4.9827, 5.4130, 4.9293,
    5.6320, 5.4254, 5.8868, 5.1132, 6.2156, 0.2528, 5.1917, 4.4014, 5.4312, 6.9233,
    5.0434, 6.3599, 5.8909, 5.3526, 4.5404, 6.3873, 5.8503, 5.3754, 6.0242, 6.1405,
    6.1724, 5.9156, 4.5522, 5.2166, 6.5947, 5.9426, 6.2927, 5.4010, 6.2248, 3.2088,
    2.3107, 1.7810, 2.1391, 1.8881, 1.9402, 0.3976, 2.6894, 1.7067, 2.1560, 1.6267,
    1.6394, 1.7574, 1.8882, 2.1116, 1.8357, 2.3298, 2.1350, 1.8709, 1.7710, 2.0797,
    2.1634, 1.7605, 2.1061, 1.6164, 2.1622, 1.5706, 2.4955, 2.0396, 1.9243, 1.7497,
    0.5411, 1.8295, 2.2069, 1.6815, 1.9173, 1.9047, 2.1232, 2.0555, 1.7711, 1.9763,
    1.4380, 1.7682, 2.0568, 1.4788, 1.9650, 1.9668, 1.5210, 1.7681, 1.9502, 1.9430,
  ]

### training/epsilon
  Total points: 100
  Min: 0.7993, Max: 0.9993, Mean: 0.8978
  Data: [
    0.9993, 0.9986, 0.9979, 0.9972, 0.9965, 0.9958, 0.9951, 0.9944, 0.9937, 0.9930,
    0.9923, 0.9916, 0.9909, 0.9902, 0.9896, 0.9889, 0.9882, 0.9875, 0.9868, 0.9861,
    0.9854, 0.9847, 0.9840, 0.9833, 0.9827, 0.9820, 0.9813, 0.9806, 0.9799, 0.9792,
    0.9785, 0.9778, 0.9772, 0.9765, 0.9758, 0.9751, 0.9744, 0.9738, 0.9731, 0.9724,
    0.9717, 0.9710, 0.9703, 0.9697, 0.9690, 0.9683, 0.9676, 0.9670, 0.9663, 0.9656,
    0.8272, 0.8266, 0.8260, 0.8255, 0.8249, 0.8243, 0.8237, 0.8232, 0.8226, 0.8220,
    0.8214, 0.8209, 0.8203, 0.8197, 0.8191, 0.8186, 0.8180, 0.8174, 0.8168, 0.8163,
    0.8157, 0.8151, 0.8146, 0.8140, 0.8134, 0.8129, 0.8123, 0.8117, 0.8111, 0.8106,
    0.8100, 0.8094, 0.8089, 0.8083, 0.8077, 0.8072, 0.8066, 0.8061, 0.8055, 0.8049,
    0.8044, 0.8038, 0.8032, 0.8027, 0.8021, 0.8016, 0.8010, 0.8004, 0.7999, 0.7993,
  ]

### training/lr_actor
  Total points: 100
  Min: 0.0003, Max: 0.0003, Mean: 0.0003
  Data: [
    0.0003, 0.0003, 0.0003, 0.0003, 0.0003, 0.0003, 0.0003, 0.0003, 0.0003, 0.0003,
    0.0003, 0.0003, 0.0003, 0.0003, 0.0003, 0.0003, 0.0003, 0.0003, 0.0003, 0.0003,
    0.0003, 0.0003, 0.0003, 0.0003, 0.0003, 0.0003, 0.0003, 0.0003, 0.0003, 0.0003,
    0.0003, 0.0003, 0.0003, 0.0003, 0.0003, 0.0003, 0.0003, 0.0003, 0.0003, 0.0003,
    0.0003, 0.0003, 0.0003, 0.0003, 0.0003, 0.0003, 0.0003, 0.0003, 0.0003, 0.0003,
    0.0003, 0.0003, 0.0003, 0.0003, 0.0003, 0.0003, 0.0003, 0.0003, 0.0003, 0.0003,
    0.0003, 0.0003, 0.0003, 0.0003, 0.0003, 0.0003, 0.0003, 0.0003, 0.0003, 0.0003,
    0.0003, 0.0003, 0.0003, 0.0003, 0.0003, 0.0003, 0.0003, 0.0003, 0.0003, 0.0003,
    0.0003, 0.0003, 0.0003, 0.0003, 0.0003, 0.0003, 0.0003, 0.0003, 0.0003, 0.0003,
    0.0003, 0.0003, 0.0003, 0.0003, 0.0003, 0.0003, 0.0003, 0.0003, 0.0003, 0.0003,
  ]

### training/lr_critic
  Total points: 100
  Min: 0.0003, Max: 0.0003, Mean: 0.0003
  Data: [
    0.0003, 0.0003, 0.0003, 0.0003, 0.0003, 0.0003, 0.0003, 0.0003, 0.0003, 0.0003,
    0.0003, 0.0003, 0.0003, 0.0003, 0.0003, 0.0003, 0.0003, 0.0003, 0.0003, 0.0003,
    0.0003, 0.0003, 0.0003, 0.0003, 0.0003, 0.0003, 0.0003, 0.0003, 0.0003, 0.0003,
    0.0003, 0.0003, 0.0003, 0.0003, 0.0003, 0.0003, 0.0003, 0.0003, 0.0003, 0.0003,
    0.0003, 0.0003, 0.0003, 0.0003, 0.0003, 0.0003, 0.0003, 0.0003, 0.0003, 0.0003,
    0.0003, 0.0003, 0.0003, 0.0003, 0.0003, 0.0003, 0.0003, 0.0003, 0.0003, 0.0003,
    0.0003, 0.0003, 0.0003, 0.0003, 0.0003, 0.0003, 0.0003, 0.0003, 0.0003, 0.0003,
    0.0003, 0.0003, 0.0003, 0.0003, 0.0003, 0.0003, 0.0003, 0.0003, 0.0003, 0.0003,
    0.0003, 0.0003, 0.0003, 0.0003, 0.0003, 0.0003, 0.0003, 0.0003, 0.0003, 0.0003,
    0.0003, 0.0003, 0.0003, 0.0003, 0.0003, 0.0003, 0.0003, 0.0003, 0.0003, 0.0003,
  ]

### training/pbrs_enabled
  Total points: 100
  Min: 1.0000, Max: 1.0000, Mean: 1.0000
  Data: [
    1.0000, 1.0000, 1.0000, 1.0000, 1.0000, 1.0000, 1.0000, 1.0000, 1.0000, 1.0000,
    1.0000, 1.0000, 1.0000, 1.0000, 1.0000, 1.0000, 1.0000, 1.0000, 1.0000, 1.0000,
    1.0000, 1.0000, 1.0000, 1.0000, 1.0000, 1.0000, 1.0000, 1.0000, 1.0000, 1.0000,
    1.0000, 1.0000, 1.0000, 1.0000, 1.0000, 1.0000, 1.0000, 1.0000, 1.0000, 1.0000,
    1.0000, 1.0000, 1.0000, 1.0000, 1.0000, 1.0000, 1.0000, 1.0000, 1.0000, 1.0000,
    1.0000, 1.0000, 1.0000, 1.0000, 1.0000, 1.0000, 1.0000, 1.0000, 1.0000, 1.0000,
    1.0000, 1.0000, 1.0000, 1.0000, 1.0000, 1.0000, 1.0000, 1.0000, 1.0000, 1.0000,
    1.0000, 1.0000, 1.0000, 1.0000, 1.0000, 1.0000, 1.0000, 1.0000, 1.0000, 1.0000,
    1.0000, 1.0000, 1.0000, 1.0000, 1.0000, 1.0000, 1.0000, 1.0000, 1.0000, 1.0000,
    1.0000, 1.0000, 1.0000, 1.0000, 1.0000, 1.0000, 1.0000, 1.0000, 1.0000, 1.0000,
  ]

### training/tie_penalty
  Total points: 100
  Min: 0.0000, Max: 0.0000, Mean: 0.0000
  Data: [
    0.0000, 0.0000, 0.0000, 0.0000, 0.0000, 0.0000, 0.0000, 0.0000, 0.0000, 0.0000,
    0.0000, 0.0000, 0.0000, 0.0000, 0.0000, 0.0000, 0.0000, 0.0000, 0.0000, 0.0000,
    0.0000, 0.0000, 0.0000, 0.0000, 0.0000, 0.0000, 0.0000, 0.0000, 0.0000, 0.0000,
    0.0000, 0.0000, 0.0000, 0.0000, 0.0000, 0.0000, 0.0000, 0.0000, 0.0000, 0.0000,
    0.0000, 0.0000, 0.0000, 0.0000, 0.0000, 0.0000, 0.0000, 0.0000, 0.0000, 0.0000,
    0.0000, 0.0000, 0.0000, 0.0000, 0.0000, 0.0000, 0.0000, 0.0000, 0.0000, 0.0000,
    0.0000, 0.0000, 0.0000, 0.0000, 0.0000, 0.0000, 0.0000, 0.0000, 0.0000, 0.0000,
    0.0000, 0.0000, 0.0000, 0.0000, 0.0000, 0.0000, 0.0000, 0.0000, 0.0000, 0.0000,
    0.0000, 0.0000, 0.0000, 0.0000, 0.0000, 0.0000, 0.0000, 0.0000, 0.0000, 0.0000,
    0.0000, 0.0000, 0.0000, 0.0000, 0.0000, 0.0000, 0.0000, 0.0000, 0.0000, 0.0000,
  ]

### values/Q_avg
  Total points: 50
  Min: -5.4359, Max: 0.0357, Mean: -2.6249
  Data: [
    0.0224, 0.0309, 0.0306, 0.0176, 0.0357, 0.0038, 0.0209, 0.0071, 0.0205, -0.0957,
    -0.4357, -0.8018, -1.0747, -1.1556, -1.3189, -1.5277, -1.8570, -1.9135, -2.3425, -2.2810,
    -2.8616, -2.8861, -2.2979, -2.4981, -3.2561, -2.9233, -2.9255, -2.8509, -3.2855, -3.3729,
    -3.3723, -3.6635, -3.7793, -4.3331, -3.7947, -4.0490, -3.7314, -4.4607, -4.0689, -4.4642,
    -4.2239, -4.5131, -4.8327, -4.6916, -5.4359, -4.6844, -4.6393, -5.0205, -5.2107, -4.5059,
  ]

### values/Q_max
  Total points: 50
  Min: -0.8490, Max: 10.3078, Mean: 2.0830
  Data: [
    0.2423, 0.2790, 0.2753, 0.2420, 0.2121, 0.2203, 0.2182, 0.2355, 0.2133, 0.2872,
    0.0990, 0.1273, 0.1322, 0.2367, 0.2270, 0.1651, 0.5561, 0.2362, 0.1088, 0.0739,
    0.6174, 0.5625, 1.2506, 3.5442, 1.7751, 2.2693, 1.9234, 2.4739, 2.3914, 2.1296,
    1.4837, 3.3261, 2.9455, 1.6677, 2.3750, 0.8411, 2.2112, -0.4539, 9.8122, 2.6366,
    2.3266, 9.3776, 6.1623, 7.0259, -0.5969, 5.0072, 10.3078, 7.5469, -0.8490, 7.6714,
  ]

### values/Q_min
  Total points: 50
  Min: -12.1434, Max: -0.1374, Mean: -7.7608
  Data: [
    -0.1837, -0.2001, -0.1374, -0.1821, -0.1634, -0.1775, -0.2022, -0.1875, -0.1898, -0.4222,
    -1.3850, -1.8369, -2.9165, -3.2166, -4.6307, -5.9729, -6.9697, -8.8783, -10.2679, -10.8440,
    -11.3943, -11.2041, -10.5839, -11.2919, -11.0553, -11.4466, -10.5076, -11.0595, -11.8928, -11.5981,
    -11.1458, -10.2175, -10.9350, -11.4834, -9.5618, -10.6189, -9.9029, -10.9772, -11.1811, -12.0439,
    -10.4323, -12.1434, -10.6098, -9.9842, -11.3035, -10.4583, -11.0143, -11.1961, -10.6555, -11.1781,
  ]

### values/Q_std
  Total points: 50
  Min: 0.0808, Max: 3.3405, Mean: 1.8308
  Data: [
    0.0808, 0.0935, 0.0875, 0.0969, 0.0883, 0.0853, 0.0852, 0.0893, 0.0896, 0.1405,
    0.3065, 0.4696, 0.7848, 0.8944, 1.0955, 1.3962, 1.4728, 1.9566, 2.0405, 2.0661,
    2.8458, 2.5389, 2.1911, 2.8870, 3.0436, 2.8218, 2.4366, 2.5599, 2.6643, 2.5672,
    2.4011, 2.4924, 2.5521, 2.9200, 2.2781, 2.3380, 2.2579, 2.1989, 3.3405, 2.5905,
    2.2736, 2.6910, 2.6546, 2.7970, 2.1651, 2.6025, 3.2201, 3.0268, 2.1855, 2.5776,
  ]
