================================================================================
W&B ASYNC RUN DATA: fixes-TD3-ASYNC-NORMAL-weak-seed55
================================================================================

## RUN METADATA
Run ID: nuvxv02n
Created: 2026-01-15T17:31:43Z
State: running
Duration: 7034.919181365 seconds

## CONFIGURATION
  mode: NORMAL
  opponent: weak
  num_workers: 4
  max_episodes: 100000
  lr_actor: 0.0003
  lr_critic: 0.0003
  batch_size: 128
  buffer_size: 1000000
  eps: 1
  eps_min: 0.05
  eps_decay: 0.99995
  gamma: 0.99
  tau: 0.005
  policy_freq: 2
  target_update_freq: 2
  weight_sync_interval: 5
  use_per: True
  per_alpha: 0.6
  per_beta_start: 0.4
  reward_shaping: True
  pbrs_scale: 0.3
  q_clip: 25
  q_clip_mode: soft
  grad_clip: 1
  hidden_actor: [400, 300]
  hidden_critic: [400, 300, 128]
  eval_interval: 2000
  eval_episodes: 50
  seed: 55

## FINAL SUMMARY

## NOTE: Data discretized to fit 100000 char limit
  Showing ~50 points per metric

## METRICS DATA

### Performance

**losses** (n=100)
  min=131.0000, max=32470.0000, mean=16551.8800
  [131.0000, 192.0000, 299.0000, 409.0000, 460.0000, 509.0000, 567.0000, 613.0000, 669.0000, 708.0000, 745.0000, 790.0000, 835.0000, 883.0000, 934.0000, 956.0000, 1320.0000, 1369.0000, 1412.0000, 1459.0000, 1547.0000, 1708.0000, 1757.0000, 1833.0000, 1885.0000, 1927.0000, 2302.0000, 2348.0000, 2436.0000, 2489.0000, 2546.0000, 2594.0000, 2638.0000, 2675.0000, 2733.0000, 2789.0000, 2847.0000, 2897.0000, 2948.0000, 3330.0000, 3441.0000, 3487.0000, 3542.0000, 3603.0000, 3700.0000, 3753.0000, 3859.0000, 3904.0000, 4013.0000, 4038.0000, 29752.0000, 29796.0000, 29840.0000, 29890.0000, 29932.0000, 29987.0000, 30033.0000, 30070.0000, 30113.0000, 30170.0000, 30217.0000, 30258.0000, 30309.0000, 30353.0000, 30403.0000, 30447.0000, 30499.0000, 30762.0000, 30805.0000, 30838.0000, 30876.0000, 30907.0000, 30989.0000, 31031.0000, 31059.0000, 31104.0000, 31155.0000, 31199.0000, 31232.0000, 31261.0000, 31302.0000, 31342.0000, 31371.0000, 31416.0000, 31488.0000, 31588.0000, 31865.0000, 31914.0000, 31956.0000, 31992.0000, 32033.0000, 32156.0000, 32194.0000, 32234.0000, 32273.0000, 32305.0000, 32325.0000, 32405.0000, 32443.0000, 32470.0000]

**rolling_win_rate** (n=100)
  min=0.0500, max=0.3200, mean=0.1392
  [0.0900, 0.0600, 0.0800, 0.0900, 0.0600, 0.0800, 0.0500, 0.1400, 0.1100, 0.1300, 0.0600, 0.0800, 0.1100, 0.1000, 0.0900, 0.1800, 0.0800, 0.0800, 0.1800, 0.1200, 0.1200, 0.0700, 0.1000, 0.0700, 0.1000, 0.0700, 0.0800, 0.1000, 0.1500, 0.1400, 0.1100, 0.0900, 0.0900, 0.0900, 0.1500, 0.0800, 0.1300, 0.1600, 0.1600, 0.1300, 0.1500, 0.1300, 0.1300, 0.0900, 0.0700, 0.1000, 0.1500, 0.1300, 0.0800, 0.0700, 0.1900, 0.1400, 0.1300, 0.2200, 0.1700, 0.2000, 0.2000, 0.1500, 0.2200, 0.0900, 0.0800, 0.3200, 0.1700, 0.2100, 0.1700, 0.1600, 0.2700, 0.1700, 0.1200, 0.0800, 0.1100, 0.2300, 0.1900, 0.1800, 0.2600, 0.2000, 0.1800, 0.1800, 0.1900, 0.1400, 0.1600, 0.1700, 0.1200, 0.2200, 0.1700, 0.1700, 0.1400, 0.1900, 0.1700, 0.0700, 0.1900, 0.2800, 0.1600, 0.2200, 0.2200, 0.1200, 0.0900, 0.1900, 0.1800, 0.1100]

**ties** (n=100)
  min=117.0000, max=18096.0000, mean=9533.8600
  [117.0000, 177.0000, 274.0000, 357.0000, 400.0000, 445.0000, 485.0000, 527.0000, 564.0000, 606.0000, 652.0000, 694.0000, 740.0000, 782.0000, 824.0000, 856.0000, 1185.0000, 1223.0000, 1263.0000, 1307.0000, 1395.0000, 1504.0000, 1541.0000, 1625.0000, 1666.0000, 1701.0000, 2026.0000, 2058.0000, 2128.0000, 2163.0000, 2197.0000, 2231.0000, 2260.0000, 2296.0000, 2324.0000, 2358.0000, 2389.0000, 2422.0000, 2446.0000, 2666.0000, 2729.0000, 2765.0000, 2793.0000, 2823.0000, 2891.0000, 2921.0000, 2987.0000, 3024.0000, 3092.0000, 3113.0000, 16748.0000, 16769.0000, 16790.0000, 16807.0000, 16825.0000, 16844.0000, 16862.0000, 16885.0000, 16905.0000, 16925.0000, 16950.0000, 16965.0000, 16983.0000, 17006.0000, 17025.0000, 17045.0000, 17065.0000, 17199.0000, 17222.0000, 17249.0000, 17273.0000, 17296.0000, 17338.0000, 17357.0000, 17382.0000, 17401.0000, 17419.0000, 17441.0000, 17466.0000, 17490.0000, 17510.0000, 17531.0000, 17560.0000, 17576.0000, 17622.0000, 17676.0000, 17775.0000, 17794.0000, 17812.0000, 17837.0000, 17853.0000, 17902.0000, 17921.0000, 17936.0000, 17954.0000, 17973.0000, 18005.0000, 18043.0000, 18066.0000, 18096.0000]

**total_episodes** (n=100)
  min=273.0000, max=59595.0000, mean=30601.6700
  [273.0000, 402.0000, 630.0000, 850.0000, 950.0000, 1052.0000, 1156.0000, 1259.0000, 1363.0000, 1455.0000, 1543.0000, 1637.0000, 1740.0000, 1840.0000, 1942.0000, 2006.0000, 2760.0000, 2855.0000, 2956.0000, 3062.0000, 3257.0000, 3561.0000, 3657.0000, 3829.0000, 3932.0000, 4015.0000, 4789.0000, 4875.0000, 5060.0000, 5163.0000, 5265.0000, 5356.0000, 5437.0000, 5519.0000, 5621.0000, 5719.0000, 5821.0000, 5919.0000, 6008.0000, 6708.0000, 6915.0000, 7009.0000, 7104.0000, 7204.0000, 7389.0000, 7481.0000, 7674.0000, 7767.0000, 7962.0000, 8011.0000, 54714.0000, 54790.0000, 54866.0000, 54949.0000, 55022.0000, 55115.0000, 55192.0000, 55263.0000, 55346.0000, 55429.0000, 55508.0000, 55596.0000, 55673.0000, 55758.0000, 55841.0000, 55918.0000, 56017.0000, 56468.0000, 56542.0000, 56606.0000, 56679.0000, 56751.0000, 56908.0000, 56983.0000, 57054.0000, 57135.0000, 57216.0000, 57296.0000, 57362.0000, 57423.0000, 57498.0000, 57569.0000, 57633.0000, 57713.0000, 57852.0000, 58032.0000, 58479.0000, 58562.0000, 58634.0000, 58700.0000, 58775.0000, 58991.0000, 59061.0000, 59134.0000, 59200.0000, 59257.0000, 59312.0000, 59459.0000, 59533.0000, 59595.0000]

**win_rate** (n=100)
  min=0.0821, max=0.1516, mean=0.1248
  [0.0916, 0.0821, 0.0905, 0.0988, 0.0947, 0.0932, 0.0900, 0.0945, 0.0954, 0.0969, 0.0946, 0.0935, 0.0948, 0.0951, 0.0947, 0.0967, 0.0924, 0.0921, 0.0951, 0.0967, 0.0967, 0.0980, 0.0982, 0.0969, 0.0969, 0.0964, 0.0963, 0.0962, 0.0980, 0.0990, 0.0991, 0.0991, 0.0991, 0.0993, 0.1003, 0.1000, 0.1005, 0.1014, 0.1022, 0.1061, 0.1077, 0.1080, 0.1082, 0.1080, 0.1080, 0.1079, 0.1079, 0.1080, 0.1076, 0.1074, 0.1501, 0.1501, 0.1501, 0.1502, 0.1502, 0.1503, 0.1503, 0.1503, 0.1505, 0.1504, 0.1503, 0.1506, 0.1505, 0.1506, 0.1507, 0.1507, 0.1509, 0.1507, 0.1506, 0.1505, 0.1505, 0.1506, 0.1508, 0.1508, 0.1510, 0.1510, 0.1510, 0.1511, 0.1510, 0.1510, 0.1511, 0.1511, 0.1510, 0.1511, 0.1511, 0.1511, 0.1511, 0.1512, 0.1512, 0.1511, 0.1512, 0.1514, 0.1515, 0.1516, 0.1516, 0.1515, 0.1514, 0.1515, 0.1516, 0.1515]

**wins** (n=100)
  min=25.0000, max=9029.0000, mean=4515.9300
  [25.0000, 33.0000, 57.0000, 84.0000, 90.0000, 98.0000, 104.0000, 119.0000, 130.0000, 141.0000, 146.0000, 153.0000, 165.0000, 175.0000, 184.0000, 194.0000, 255.0000, 263.0000, 281.0000, 296.0000, 315.0000, 349.0000, 359.0000, 371.0000, 381.0000, 387.0000, 461.0000, 469.0000, 496.0000, 511.0000, 522.0000, 531.0000, 539.0000, 548.0000, 564.0000, 572.0000, 585.0000, 600.0000, 614.0000, 712.0000, 745.0000, 757.0000, 769.0000, 778.0000, 798.0000, 807.0000, 828.0000, 839.0000, 857.0000, 860.0000, 8214.0000, 8225.0000, 8236.0000, 8252.0000, 8265.0000, 8284.0000, 8297.0000, 8308.0000, 8328.0000, 8334.0000, 8341.0000, 8373.0000, 8381.0000, 8399.0000, 8413.0000, 8426.0000, 8453.0000, 8507.0000, 8515.0000, 8519.0000, 8530.0000, 8548.0000, 8581.0000, 8595.0000, 8613.0000, 8630.0000, 8642.0000, 8656.0000, 8664.0000, 8672.0000, 8686.0000, 8696.0000, 8702.0000, 8721.0000, 8742.0000, 8768.0000, 8839.0000, 8854.0000, 8866.0000, 8871.0000, 8889.0000, 8933.0000, 8946.0000, 8964.0000, 8973.0000, 8979.0000, 8982.0000, 9011.0000, 9024.0000, 9029.0000]

### Rewards

**episode_reward** (n=100)
  min=-18.7704, max=-5.8876, mean=-12.3712
  [-16.8278, -17.5759, -15.8097, -14.7774, -18.2060, -16.7626, -16.4879, -16.4027, -16.7409, -17.1168, -18.1111, -18.1072, -17.7804, -18.5785, -17.6144, -14.6007, -17.5322, -14.9865, -11.8797, -15.3510, -16.4568, -14.4704, -17.7745, -18.7704, -16.3846, -15.3194, -18.2364, -13.7585, -12.8752, -12.7440, -14.7678, -12.8030, -15.5138, -18.6937, -13.1554, -16.2328, -12.8369, -13.5968, -10.9285, -11.1327, -10.2024, -13.8479, -11.3450, -12.6299, -13.0862, -12.0749, -10.4273, -10.9959, -12.3958, -13.0110, -8.5474, -9.9165, -11.4772, -9.1355, -9.9531, -8.6220, -9.1581, -9.3849, -7.5506, -11.3585, -10.8732, -5.8876, -8.8650, -7.5881, -8.6494, -9.7124, -7.0486, -10.6260, -12.0535, -11.1681, -12.5304, -7.8212, -8.7840, -9.2650, -9.0540, -10.5030, -9.8110, -10.7699, -9.4815, -10.3118, -10.0789, -9.7747, -14.6158, -7.8259, -10.1306, -9.6193, -10.2372, -8.6799, -9.6131, -12.8211, -9.2312, -6.5600, -8.2918, -8.8675, -9.5548, -12.6882, -15.5241, -8.4342, -8.4795, -12.4682]

**sparse_reward** (n=100)
  min=-18.9216, max=-5.7721, mean=-12.4023
  [-16.8806, -17.5864, -15.8008, -14.8955, -18.2628, -16.8728, -16.5754, -16.4927, -16.8776, -17.2044, -18.2287, -18.2150, -17.8457, -18.6786, -17.7061, -14.6822, -17.6702, -15.0520, -11.9752, -15.4776, -16.5811, -14.6103, -17.9286, -18.9216, -16.4663, -15.4635, -18.4029, -13.9073, -13.0553, -12.8246, -14.8974, -12.9579, -15.6870, -18.8613, -13.2387, -16.4062, -12.9485, -13.7399, -11.0901, -11.2890, -10.2953, -14.0097, -11.5279, -12.7939, -13.2543, -12.2688, -10.5236, -11.1188, -12.5272, -13.1584, -8.4926, -9.8726, -11.5110, -9.0697, -9.9865, -8.6070, -9.1079, -9.3263, -7.4512, -11.3186, -10.8254, -5.7721, -8.7955, -7.4798, -8.5227, -9.6053, -6.9505, -10.5476, -12.0017, -11.1027, -12.5007, -7.6670, -8.7228, -9.2058, -8.9558, -10.4571, -9.7202, -10.7710, -9.4513, -10.2933, -10.0150, -9.6929, -14.6495, -7.7139, -10.1457, -9.5819, -10.1610, -8.5999, -9.5485, -12.8133, -9.1406, -6.4271, -8.1627, -8.7212, -9.4800, -12.6809, -15.5554, -8.3892, -8.4258, -12.4986]

### Training

**buffer_size** (n=100)
  min=42862.0000, max=1000000.0000, mean=805935.3100
  [42862.0000, 66145.0000, 102257.0000, 135959.0000, 152314.0000, 168039.0000, 184322.0000, 200210.0000, 216015.0000, 231465.0000, 246382.0000, 261399.0000, 277097.0000, 292479.0000, 307666.0000, 422926.0000, 436917.0000, 451857.0000, 467580.0000, 483264.0000, 513729.0000, 556520.0000, 570506.0000, 598415.0000, 612369.0000, 728605.0000, 742339.0000, 755039.0000, 781451.0000, 794918.0000, 808452.0000, 821325.0000, 833175.0000, 845075.0000, 857802.0000, 871102.0000, 884229.0000, 897929.0000, 973443.0000, 999953.0000, 1000000.0000, 1000000.0000, 1000000.0000, 1000000.0000, 1000000.0000, 1000000.0000, 1000000.0000, 1000000.0000, 1000000.0000, 1000000.0000, 1000000.0000, 1000000.0000, 1000000.0000, 1000000.0000, 1000000.0000, 1000000.0000, 1000000.0000, 1000000.0000, 1000000.0000, 1000000.0000, 1000000.0000, 1000000.0000, 1000000.0000, 1000000.0000, 1000000.0000, 1000000.0000, 1000000.0000, 1000000.0000, 1000000.0000, 1000000.0000, 1000000.0000, 1000000.0000, 1000000.0000, 1000000.0000, 1000000.0000, 1000000.0000, 1000000.0000, 1000000.0000, 1000000.0000, 1000000.0000, 1000000.0000, 1000000.0000, 1000000.0000, 1000000.0000, 1000000.0000, 1000000.0000, 1000000.0000, 1000000.0000, 1000000.0000, 1000000.0000, 1000000.0000, 1000000.0000, 1000000.0000, 1000000.0000, 1000000.0000, 1000000.0000, 1000000.0000, 1000000.0000, 1000000.0000, 1000000.0000]

**elapsed_time** (n=100)
  min=12.4619, max=7026.8830, mean=3544.4165
  [12.4619, 22.4719, 42.4836, 62.4945, 72.5041, 82.5082, 92.5090, 102.5171, 112.5190, 122.5285, 132.5321, 142.5431, 152.5473, 162.5606, 172.5644, 247.3479, 257.3520, 267.3588, 277.3666, 287.3726, 307.3877, 337.4095, 347.4148, 367.4268, 377.4417, 448.5220, 458.5221, 468.5304, 488.5450, 498.5474, 508.5545, 518.5586, 528.5652, 538.5834, 548.5856, 558.5951, 568.5964, 578.6064, 629.3027, 649.3244, 669.3365, 679.3429, 689.3469, 699.3565, 719.3833, 729.3962, 749.4079, 759.4247, 779.4602, 832.6947, 6386.9108, 6396.9111, 6406.9115, 6416.9329, 6426.9401, 6436.9477, 6446.9608, 6456.9732, 6466.9737, 6476.9846, 6486.9864, 6497.0114, 6507.0299, 6517.0323, 6527.0332, 6537.0372, 6590.9513, 6600.9621, 6610.9639, 6620.9660, 6630.9725, 6640.9784, 6660.9876, 6670.9953, 6680.9959, 6691.0060, 6701.0121, 6711.0227, 6721.0349, 6731.0387, 6741.0393, 6751.0501, 6761.0515, 6771.0633, 6791.0772, 6856.7560, 6866.7653, 6876.7704, 6886.7749, 6896.7800, 6906.7836, 6936.8047, 6946.8079, 6956.8266, 6966.8334, 6976.8358, 6986.8422, 7006.8567, 7016.8761, 7026.8830]

**episode_length** (n=100)
  min=113.8500, max=173.1800, mean=141.4044
  [152.2400, 171.9900, 152.4700, 147.0100, 161.0000, 153.1000, 157.4100, 152.7300, 151.5500, 165.4500, 170.0300, 156.1100, 153.3600, 153.9200, 149.4600, 148.9700, 144.2800, 150.5200, 157.0800, 149.3700, 153.5000, 147.4600, 145.8300, 160.0900, 136.2900, 149.3200, 150.5200, 144.8000, 140.5200, 130.9300, 132.1200, 139.3600, 145.2800, 147.6300, 123.2000, 137.6400, 130.3300, 136.0000, 126.6500, 144.2500, 122.8100, 142.9300, 139.3000, 135.1000, 150.5000, 144.0900, 133.5100, 140.3800, 134.8000, 146.7500, 123.5200, 132.5600, 129.7900, 122.8700, 138.0800, 113.8500, 122.7000, 142.3300, 136.2600, 123.6600, 131.2700, 122.8100, 135.8000, 132.0500, 125.4300, 130.7900, 120.9200, 130.4300, 133.5200, 157.6800, 139.1900, 144.8300, 134.8300, 139.7300, 150.5700, 133.9500, 121.2600, 132.9300, 143.1100, 157.2900, 144.8900, 139.7500, 153.0300, 127.9400, 142.0900, 132.3100, 142.4400, 122.2400, 135.1700, 150.3700, 140.5000, 138.1600, 133.3700, 137.8300, 130.1200, 147.8500, 173.1800, 138.4300, 144.6100, 152.2100]

**eps_per_sec** (n=100)
  min=8.1100, max=21.9067, mean=9.8453
  [21.9067, 17.8890, 14.8292, 13.6012, 13.1027, 12.7502, 12.4961, 12.2809, 12.1135, 11.8748, 11.6425, 11.4842, 11.4063, 11.3189, 11.2538, 8.1100, 10.7246, 10.6785, 10.6574, 10.6552, 10.5957, 10.5539, 10.5263, 10.4211, 10.4175, 8.9516, 10.4444, 10.4049, 10.3573, 10.3561, 10.3529, 10.3286, 10.2863, 10.2473, 10.2463, 10.2382, 10.2375, 10.2298, 9.5471, 10.3307, 10.3311, 10.3173, 10.3054, 10.3009, 10.2713, 10.2564, 10.2401, 10.2275, 10.2148, 9.6206, 8.5666, 8.5651, 8.5636, 8.5631, 8.5612, 8.5623, 8.5609, 8.5587, 8.5583, 8.5578, 8.5568, 8.5572, 8.5558, 8.5557, 8.5553, 8.5540, 8.4991, 8.5545, 8.5528, 8.5495, 8.5476, 8.5456, 8.5435, 8.5419, 8.5397, 8.5391, 8.5384, 8.5376, 8.5347, 8.5311, 8.5295, 8.5274, 8.5243, 8.5235, 8.5188, 8.4635, 8.5162, 8.5159, 8.5140, 8.5112, 8.5097, 8.5041, 8.5019, 8.5001, 8.4974, 8.4934, 8.4891, 8.4858, 8.4843, 8.4810]

**epsilon** (n=100)
  min=0.0508, max=0.9864, mean=0.4388
  [0.9864, 0.9801, 0.9690, 0.9584, 0.9536, 0.9488, 0.9438, 0.9390, 0.9342, 0.9298, 0.9257, 0.9214, 0.9167, 0.9121, 0.9075, 0.9048, 0.8711, 0.8670, 0.8626, 0.8580, 0.8497, 0.8369, 0.8329, 0.8258, 0.8215, 0.8187, 0.7871, 0.7837, 0.7765, 0.7725, 0.7685, 0.7651, 0.7620, 0.7588, 0.7550, 0.7513, 0.7475, 0.7438, 0.7408, 0.7150, 0.7077, 0.7044, 0.7010, 0.6976, 0.6911, 0.6879, 0.6813, 0.6782, 0.6716, 0.6703, 0.0648, 0.0646, 0.0644, 0.0641, 0.0639, 0.0636, 0.0633, 0.0631, 0.0628, 0.0626, 0.0623, 0.0620, 0.0618, 0.0615, 0.0613, 0.0611, 0.0608, 0.0594, 0.0592, 0.0590, 0.0588, 0.0586, 0.0581, 0.0579, 0.0577, 0.0575, 0.0572, 0.0570, 0.0568, 0.0566, 0.0564, 0.0562, 0.0560, 0.0558, 0.0554, 0.0550, 0.0537, 0.0535, 0.0533, 0.0531, 0.0529, 0.0524, 0.0522, 0.0520, 0.0518, 0.0517, 0.0515, 0.0512, 0.0510, 0.0508]

**train_step** (n=100)
  min=0.0000, max=62087.0000, mean=31032.9100
  [0.0000, 48.0000, 284.0000, 502.0000, 612.0000, 730.0000, 845.0000, 953.0000, 1064.0000, 1175.0000, 1289.0000, 1405.0000, 1519.0000, 1630.0000, 1741.0000, 1811.0000, 1915.0000, 2027.0000, 2145.0000, 2256.0000, 2473.0000, 2802.0000, 2918.0000, 3137.0000, 3244.0000, 3320.0000, 3427.0000, 3555.0000, 3783.0000, 3886.0000, 3985.0000, 4088.0000, 4185.0000, 4282.0000, 4387.0000, 4495.0000, 4601.0000, 4712.0000, 4793.0000, 5015.0000, 5232.0000, 5338.0000, 5445.0000, 5556.0000, 5778.0000, 5889.0000, 6110.0000, 6221.0000, 6445.0000, 6497.0000, 55942.0000, 56059.0000, 56175.0000, 56291.0000, 56407.0000, 56524.0000, 56641.0000, 56755.0000, 56871.0000, 56984.0000, 57089.0000, 57195.0000, 57302.0000, 57409.0000, 57517.0000, 57624.0000, 57732.0000, 57841.0000, 57955.0000, 58068.0000, 58181.0000, 58293.0000, 58519.0000, 58633.0000, 58747.0000, 58861.0000, 58976.0000, 59091.0000, 59205.0000, 59320.0000, 59430.0000, 59540.0000, 59651.0000, 59764.0000, 59984.0000, 60219.0000, 60326.0000, 60440.0000, 60552.0000, 60663.0000, 60773.0000, 61094.0000, 61206.0000, 61318.0000, 61433.0000, 61545.0000, 61656.0000, 61873.0000, 61980.0000, 62087.0000]

### Losses

**actor_loss** (n=100)
  min=0.0000, max=3.8455, mean=2.2259
  [0.0000, 0.1409, 0.1482, 0.1860, 0.1971, 0.2236, 0.2455, 0.2620, 0.2852, 0.3054, 0.3243, 0.3497, 0.3735, 0.4044, 0.4285, 0.4365, 0.4623, 0.4901, 0.4971, 0.5106, 0.5429, 0.5878, 0.6007, 0.6380, 0.6638, 0.6776, 0.6797, 0.7077, 0.7541, 0.7706, 0.7881, 0.8175, 0.8415, 0.8626, 0.8824, 0.9085, 0.9406, 0.9575, 0.9790, 1.0261, 1.0609, 1.0743, 1.1143, 1.1319, 1.1618, 1.1912, 1.2351, 1.2674, 1.3073, 1.3240, 3.7266, 3.7242, 3.7229, 3.7269, 3.7299, 3.7282, 3.7105, 3.7237, 3.7556, 3.7757, 3.7506, 3.7432, 3.7534, 3.7483, 3.7533, 3.7463, 3.7497, 3.7515, 3.7650, 3.7838, 3.7731, 3.7655, 3.7543, 3.7668, 3.7663, 3.7887, 3.7828, 3.7976, 3.8117, 3.7999, 3.8052, 3.8063, 3.8037, 3.7909, 3.8171, 3.8048, 3.8022, 3.7987, 3.7825, 3.7858, 3.8005, 3.8015, 3.8052, 3.8086, 3.8194, 3.8111, 3.8133, 3.8455, 3.8301, 3.8176]

**critic_loss** (n=100)
  min=0.0000, max=0.0357, mean=0.0123
  [0.0000, 0.0357, 0.0205, 0.0226, 0.0206, 0.0234, 0.0211, 0.0236, 0.0202, 0.0234, 0.0209, 0.0219, 0.0219, 0.0242, 0.0220, 0.0226, 0.0179, 0.0193, 0.0171, 0.0181, 0.0161, 0.0165, 0.0167, 0.0184, 0.0182, 0.0177, 0.0168, 0.0142, 0.0162, 0.0176, 0.0163, 0.0172, 0.0173, 0.0165, 0.0163, 0.0175, 0.0174, 0.0168, 0.0173, 0.0162, 0.0164, 0.0186, 0.0183, 0.0178, 0.0174, 0.0169, 0.0177, 0.0160, 0.0170, 0.0173, 0.0064, 0.0067, 0.0055, 0.0058, 0.0065, 0.0063, 0.0068, 0.0067, 0.0059, 0.0060, 0.0063, 0.0058, 0.0064, 0.0057, 0.0058, 0.0066, 0.0066, 0.0064, 0.0059, 0.0056, 0.0059, 0.0058, 0.0057, 0.0065, 0.0054, 0.0061, 0.0063, 0.0057, 0.0053, 0.0060, 0.0061, 0.0060, 0.0059, 0.0063, 0.0068, 0.0058, 0.0061, 0.0063, 0.0058, 0.0060, 0.0064, 0.0056, 0.0062, 0.0063, 0.0061, 0.0058, 0.0054, 0.0069, 0.0062, 0.0071]

### Values

**Q_mean** (n=100)
  min=-3.8190, max=0.0000, mean=-2.2237
  [0.0000, -0.1289, -0.1785, -0.2166, -0.2340, -0.2512, -0.2730, -0.2937, -0.3140, -0.3356, -0.3473, -0.3747, -0.4003, -0.4266, -0.4493, -0.4605, -0.4897, -0.5078, -0.5157, -0.5277, -0.5552, -0.6004, -0.6117, -0.6593, -0.6793, -0.6900, -0.6875, -0.7226, -0.7682, -0.7840, -0.8085, -0.8319, -0.8481, -0.8735, -0.9002, -0.9315, -0.9525, -0.9667, -0.9867, -1.0378, -1.0580, -1.0908, -1.1205, -1.1277, -1.1657, -1.2153, -1.2432, -1.2779, -1.3070, -1.3312, -3.6989, -3.6998, -3.7262, -3.7009, -3.7161, -3.6993, -3.7106, -3.7269, -3.7477, -3.7348, -3.7020, -3.7320, -3.7178, -3.7273, -3.7264, -3.7332, -3.7359, -3.7426, -3.7307, -3.7578, -3.7493, -3.7408, -3.7302, -3.7478, -3.7391, -3.7806, -3.7529, -3.7861, -3.7874, -3.7632, -3.7699, -3.7927, -3.7928, -3.7604, -3.7919, -3.7966, -3.7807, -3.7628, -3.7721, -3.7801, -3.7734, -3.7657, -3.7703, -3.8190, -3.8078, -3.8095, -3.7956, -3.8151, -3.8064, -3.8063]

**Q_std** (n=100)
  min=0.0000, max=0.1643, mean=0.0874
  [0.0000, 0.0203, 0.0122, 0.0137, 0.0149, 0.0152, 0.0127, 0.0155, 0.0160, 0.0187, 0.0192, 0.0211, 0.0225, 0.0211, 0.0214, 0.0196, 0.0231, 0.0251, 0.0269, 0.0307, 0.0279, 0.0337, 0.0316, 0.0374, 0.0321, 0.0396, 0.0423, 0.0365, 0.0379, 0.0404, 0.0412, 0.0451, 0.0467, 0.0467, 0.0465, 0.0468, 0.0522, 0.0406, 0.0506, 0.0556, 0.0623, 0.0549, 0.0549, 0.0538, 0.0585, 0.0636, 0.0631, 0.0704, 0.0679, 0.0647, 0.1376, 0.1381, 0.1486, 0.1533, 0.1457, 0.1364, 0.1465, 0.1486, 0.1406, 0.1563, 0.1312, 0.1404, 0.1565, 0.1228, 0.1608, 0.1395, 0.1467, 0.1472, 0.1405, 0.1384, 0.1355, 0.1337, 0.1279, 0.1481, 0.1332, 0.1146, 0.1400, 0.1396, 0.1480, 0.1350, 0.1202, 0.1359, 0.1324, 0.1424, 0.1367, 0.1530, 0.1469, 0.1249, 0.1643, 0.1255, 0.1216, 0.1523, 0.1173, 0.1286, 0.1301, 0.1281, 0.1397, 0.1331, 0.1400, 0.1237]

### Gradients

**actor_grad_norm** (n=100)
  min=0.0000, max=0.0759, mean=0.0368
  [0.0000, 0.0759, 0.0050, 0.0007, 0.0004, 0.0004, 0.0008, 0.0008, 0.0004, 0.0004, 0.0004, 0.0004, 0.0005, 0.0008, 0.0015, 0.0022, 0.0063, 0.0128, 0.0193, 0.0197, 0.0124, 0.0274, 0.0138, 0.0072, 0.0076, 0.0127, 0.0158, 0.0163, 0.0134, 0.0113, 0.0085, 0.0085, 0.0096, 0.0094, 0.0086, 0.0095, 0.0103, 0.0103, 0.0108, 0.0115, 0.0139, 0.0115, 0.0124, 0.0124, 0.0095, 0.0085, 0.0127, 0.0126, 0.0103, 0.0107, 0.0670, 0.0694, 0.0589, 0.0607, 0.0678, 0.0659, 0.0688, 0.0659, 0.0589, 0.0590, 0.0644, 0.0531, 0.0565, 0.0623, 0.0590, 0.0636, 0.0662, 0.0614, 0.0582, 0.0613, 0.0595, 0.0570, 0.0654, 0.0622, 0.0636, 0.0671, 0.0631, 0.0604, 0.0624, 0.0604, 0.0653, 0.0740, 0.0662, 0.0549, 0.0600, 0.0561, 0.0636, 0.0628, 0.0699, 0.0747, 0.0729, 0.0692, 0.0631, 0.0638, 0.0706, 0.0702, 0.0639, 0.0635, 0.0626, 0.0649]

**critic_grad_norm** (n=100)
  min=0.0000, max=0.1211, mean=0.0807
  [0.0000, 0.0585, 0.0147, 0.0134, 0.0126, 0.0119, 0.0127, 0.0132, 0.0142, 0.0179, 0.0179, 0.0202, 0.0206, 0.0225, 0.0246, 0.0242, 0.0259, 0.0283, 0.0281, 0.0333, 0.0351, 0.0408, 0.0421, 0.0459, 0.0463, 0.0481, 0.0529, 0.0539, 0.0598, 0.0611, 0.0573, 0.0599, 0.0640, 0.0648, 0.0667, 0.0677, 0.0700, 0.0693, 0.0770, 0.0799, 0.0839, 0.0951, 0.0855, 0.0921, 0.0957, 0.0940, 0.1082, 0.1023, 0.1159, 0.1163, 0.1085, 0.1182, 0.0987, 0.1106, 0.1059, 0.1136, 0.1211, 0.1118, 0.1061, 0.1067, 0.1163, 0.1061, 0.1074, 0.1102, 0.1086, 0.1066, 0.1209, 0.1048, 0.1132, 0.1118, 0.1058, 0.1068, 0.1059, 0.1189, 0.1027, 0.1086, 0.1072, 0.1039, 0.1018, 0.1072, 0.1141, 0.1066, 0.1092, 0.1093, 0.1117, 0.1079, 0.1076, 0.1190, 0.1144, 0.1106, 0.1158, 0.1056, 0.1130, 0.1118, 0.1188, 0.1112, 0.0964, 0.1171, 0.1134, 0.1132]

### Behavior

**action_magnitude** (n=100)
  min=0.7595, max=1.2522, mean=1.0403
  [0.7611, 0.7595, 0.7878, 0.7920, 0.7957, 0.7903, 0.8023, 0.8088, 0.8056, 0.8044, 0.8111, 0.8131, 0.8125, 0.8179, 0.8270, 0.8251, 0.8202, 0.7954, 0.7949, 0.8263, 0.8345, 0.8168, 0.8422, 0.8586, 0.8465, 0.8537, 0.8637, 0.8707, 0.8770, 0.8822, 0.8852, 0.8999, 0.8946, 0.8905, 0.8917, 0.8895, 0.9035, 0.9006, 0.9011, 0.9183, 0.9281, 0.9252, 0.9318, 0.9268, 0.9345, 0.9350, 0.9472, 0.9446, 0.9455, 0.9485, 1.2117, 1.2318, 1.2332, 1.2280, 1.2185, 1.2220, 1.2128, 1.2062, 1.2260, 1.2105, 1.2358, 1.2191, 1.2396, 1.2373, 1.2522, 1.2448, 1.2340, 1.2192, 1.2125, 1.2332, 1.2073, 1.2365, 1.2296, 1.2313, 1.2162, 1.2219, 1.2472, 1.2392, 1.2383, 1.2262, 1.2293, 1.2297, 1.1928, 1.2420, 1.2056, 1.2271, 1.2216, 1.2239, 1.2224, 1.1793, 1.2088, 1.2239, 1.2204, 1.2118, 1.2248, 1.2030, 1.1659, 1.2211, 1.2303, 1.1890]

**puck_distance** (n=100)
  min=2.5278, max=3.4722, mean=3.0377
  [3.1360, 2.9916, 2.9110, 3.0478, 2.9679, 2.9730, 3.0109, 3.0990, 3.0068, 3.0964, 3.0624, 3.0641, 3.0757, 3.0482, 3.0993, 3.0745, 3.0804, 2.7649, 2.7622, 3.0526, 3.0698, 2.8442, 3.0232, 3.0738, 2.9907, 3.0212, 3.0109, 2.8804, 2.9954, 2.9203, 2.9001, 2.7948, 2.9446, 2.9562, 2.9234, 2.9241, 2.7847, 2.7538, 2.7577, 2.6678, 2.7128, 2.6277, 2.7068, 2.7116, 2.5278, 2.5413, 2.6204, 2.5896, 2.5415, 2.5306, 3.1201, 3.2497, 3.3416, 3.1059, 3.3154, 3.1641, 2.9516, 3.0082, 3.1993, 3.1827, 3.1998, 3.0557, 3.3111, 3.2036, 3.4722, 3.1742, 3.1505, 3.2580, 3.2800, 3.2543, 3.1473, 3.2385, 3.2299, 3.1341, 2.9701, 3.1902, 3.3707, 3.4599, 3.2187, 3.0076, 3.0677, 3.1592, 3.1349, 2.9709, 3.0851, 3.3191, 3.2404, 3.0935, 3.1491, 3.0784, 3.0951, 3.1541, 3.3656, 3.2343, 3.3189, 3.1407, 3.0724, 3.1433, 3.1624, 3.1476]

**puck_touches** (n=100)
  min=0.5300, max=1.9700, mean=1.0212
  [0.6200, 0.7500, 0.6600, 1.0100, 0.7200, 0.6500, 0.8400, 0.6000, 0.7700, 0.7900, 0.6200, 0.6300, 0.7200, 0.5300, 0.5600, 0.7200, 0.6200, 0.8900, 0.9800, 0.7100, 0.6100, 0.7600, 0.6700, 0.5400, 0.6600, 0.9200, 0.6500, 0.7100, 0.7600, 0.9400, 0.6400, 0.6600, 0.7300, 0.5300, 0.7500, 0.7600, 0.6000, 0.7600, 0.9100, 0.8300, 1.1700, 0.6400, 1.2300, 0.8100, 0.6900, 0.7500, 0.7700, 0.5900, 0.7100, 0.6600, 1.3300, 1.2100, 1.0900, 1.3500, 1.3100, 1.1100, 1.2000, 1.2700, 1.3300, 1.1900, 1.2400, 1.3400, 1.3900, 1.4200, 1.3500, 1.4300, 1.5200, 1.0600, 0.9100, 1.3800, 1.0600, 1.4500, 1.3500, 1.2400, 1.5500, 0.9900, 1.0300, 0.9400, 1.3200, 1.0900, 1.2600, 1.5500, 1.0000, 1.3300, 1.1700, 1.4800, 1.6200, 1.3100, 1.2700, 1.0000, 1.3800, 1.9700, 1.5600, 1.6500, 1.3900, 1.3300, 1.1900, 1.6000, 1.4900, 1.3200]

### Evaluation

**avg_reward_strong** (n=28)
  min=-23.6302, max=-6.1635, mean=-11.4554
  [-23.6302, -13.5221, -10.0429, -12.4341, -9.6063, -12.7414, -11.5098, -8.2339, -7.8415, -13.8905, -21.6177, -10.0708, -13.7699, -9.9303, -11.1482, -11.2123, -8.7671, -10.2096, -9.7052, -7.2558, -6.1635, -15.0657, -8.2195, -12.2654, -9.7284, -12.0142, -9.3944, -10.7616]

**avg_reward_weak** (n=28)
  min=-25.7798, max=-6.7561, mean=-11.3333
  [-25.7798, -12.4511, -13.8010, -11.8519, -10.4055, -13.2122, -14.3935, -8.0521, -9.0545, -9.2270, -14.8337, -11.0328, -11.2838, -8.8357, -9.3426, -8.9734, -8.9723, -10.5639, -8.8701, -8.3921, -6.7561, -14.6676, -9.3675, -12.1963, -10.5792, -11.2976, -11.7310, -11.4076]

**win_rate_vs_strong** (n=100)
  min=0.0000, max=0.2000, mean=0.1094
  [0.0000, 0.0000, 0.0000, 0.0000, 0.0000, 0.0000, 0.0000, 0.0000, 0.0000, 0.0000, 0.0000, 0.0000, 0.0000, 0.0000, 0.0000, 0.1000, 0.1000, 0.1000, 0.1000, 0.1000, 0.1000, 0.1000, 0.1000, 0.1000, 0.1000, 0.1000, 0.0400, 0.0400, 0.0400, 0.0400, 0.0400, 0.0400, 0.0400, 0.0400, 0.0400, 0.0400, 0.0400, 0.0400, 0.0400, 0.1600, 0.1600, 0.1600, 0.1600, 0.1600, 0.1600, 0.1600, 0.1600, 0.1600, 0.1600, 0.1600, 0.1400, 0.1400, 0.1400, 0.1400, 0.1400, 0.1400, 0.1400, 0.1400, 0.1400, 0.1400, 0.1400, 0.1400, 0.1400, 0.1400, 0.2000, 0.2000, 0.2000, 0.2000, 0.2000, 0.2000, 0.2000, 0.2000, 0.2000, 0.2000, 0.2000, 0.2000, 0.2000, 0.2000, 0.2000, 0.2000, 0.2000, 0.2000, 0.2000, 0.2000, 0.1000, 0.1000, 0.1000, 0.1000, 0.1000, 0.1000, 0.1000, 0.1000, 0.1000, 0.1000, 0.1000, 0.1000, 0.1000, 0.1000, 0.1000, 0.1000]

**win_rate_vs_weak** (n=100)
  min=0.0000, max=0.1800, mean=0.0852
  [0.0000, 0.0000, 0.0000, 0.0000, 0.0000, 0.0000, 0.0000, 0.0000, 0.0000, 0.0000, 0.0000, 0.0000, 0.0000, 0.0000, 0.0000, 0.0400, 0.0400, 0.0400, 0.0400, 0.0400, 0.0400, 0.0400, 0.0400, 0.0400, 0.0400, 0.0400, 0.0200, 0.0200, 0.0200, 0.0200, 0.0200, 0.0200, 0.0200, 0.0200, 0.0200, 0.0200, 0.0200, 0.0200, 0.0200, 0.1800, 0.1800, 0.1800, 0.1800, 0.1800, 0.1800, 0.1800, 0.1800, 0.1800, 0.1800, 0.1800, 0.0800, 0.0800, 0.0800, 0.0800, 0.0800, 0.0800, 0.0800, 0.0800, 0.0800, 0.0800, 0.0800, 0.0800, 0.0800, 0.0800, 0.1400, 0.1400, 0.1400, 0.1400, 0.1400, 0.1400, 0.1400, 0.1400, 0.1400, 0.1400, 0.1400, 0.1400, 0.1400, 0.1400, 0.1400, 0.1400, 0.1400, 0.1400, 0.1400, 0.1400, 0.1200, 0.1200, 0.1200, 0.1200, 0.1200, 0.1200, 0.1200, 0.1200, 0.1200, 0.1200, 0.1200, 0.1200, 0.1200, 0.1200, 0.1200, 0.1200]

### Scoring

**goals_conceded** (n=100)
  min=131.0000, max=32470.0000, mean=16551.8800
  [131.0000, 192.0000, 299.0000, 409.0000, 460.0000, 509.0000, 567.0000, 613.0000, 669.0000, 708.0000, 745.0000, 790.0000, 835.0000, 883.0000, 934.0000, 956.0000, 1320.0000, 1369.0000, 1412.0000, 1459.0000, 1547.0000, 1708.0000, 1757.0000, 1833.0000, 1885.0000, 1927.0000, 2302.0000, 2348.0000, 2436.0000, 2489.0000, 2546.0000, 2594.0000, 2638.0000, 2675.0000, 2733.0000, 2789.0000, 2847.0000, 2897.0000, 2948.0000, 3330.0000, 3441.0000, 3487.0000, 3542.0000, 3603.0000, 3700.0000, 3753.0000, 3859.0000, 3904.0000, 4013.0000, 4038.0000, 29752.0000, 29796.0000, 29840.0000, 29890.0000, 29932.0000, 29987.0000, 30033.0000, 30070.0000, 30113.0000, 30170.0000, 30217.0000, 30258.0000, 30309.0000, 30353.0000, 30403.0000, 30447.0000, 30499.0000, 30762.0000, 30805.0000, 30838.0000, 30876.0000, 30907.0000, 30989.0000, 31031.0000, 31059.0000, 31104.0000, 31155.0000, 31199.0000, 31232.0000, 31261.0000, 31302.0000, 31342.0000, 31371.0000, 31416.0000, 31488.0000, 31588.0000, 31865.0000, 31914.0000, 31956.0000, 31992.0000, 32033.0000, 32156.0000, 32194.0000, 32234.0000, 32273.0000, 32305.0000, 32325.0000, 32405.0000, 32443.0000, 32470.0000]

**goals_scored** (n=100)
  min=25.0000, max=9029.0000, mean=4515.9300
  [25.0000, 33.0000, 57.0000, 84.0000, 90.0000, 98.0000, 104.0000, 119.0000, 130.0000, 141.0000, 146.0000, 153.0000, 165.0000, 175.0000, 184.0000, 194.0000, 255.0000, 263.0000, 281.0000, 296.0000, 315.0000, 349.0000, 359.0000, 371.0000, 381.0000, 387.0000, 461.0000, 469.0000, 496.0000, 511.0000, 522.0000, 531.0000, 539.0000, 548.0000, 564.0000, 572.0000, 585.0000, 600.0000, 614.0000, 712.0000, 745.0000, 757.0000, 769.0000, 778.0000, 798.0000, 807.0000, 828.0000, 839.0000, 857.0000, 860.0000, 8214.0000, 8225.0000, 8236.0000, 8252.0000, 8265.0000, 8284.0000, 8297.0000, 8308.0000, 8328.0000, 8334.0000, 8341.0000, 8373.0000, 8381.0000, 8399.0000, 8413.0000, 8426.0000, 8453.0000, 8507.0000, 8515.0000, 8519.0000, 8530.0000, 8548.0000, 8581.0000, 8595.0000, 8613.0000, 8630.0000, 8642.0000, 8656.0000, 8664.0000, 8672.0000, 8686.0000, 8696.0000, 8702.0000, 8721.0000, 8742.0000, 8768.0000, 8839.0000, 8854.0000, 8866.0000, 8871.0000, 8889.0000, 8933.0000, 8946.0000, 8964.0000, 8973.0000, 8979.0000, 8982.0000, 9011.0000, 9024.0000, 9029.0000]

### PER

**beta** (n=100)
  min=0.0000, max=1.0000, mean=0.7151
  [0.0000, 0.4006, 0.4034, 0.4060, 0.4073, 0.4088, 0.4101, 0.4114, 0.4128, 0.4141, 0.4155, 0.4169, 0.4182, 0.4196, 0.4209, 0.4217, 0.4230, 0.4243, 0.4257, 0.4271, 0.4297, 0.4336, 0.4350, 0.4376, 0.4389, 0.4398, 0.4411, 0.4427, 0.4454, 0.4466, 0.4478, 0.4491, 0.4502, 0.4514, 0.4526, 0.4539, 0.4552, 0.4565, 0.4575, 0.4602, 0.4628, 0.4641, 0.4653, 0.4667, 0.4693, 0.4707, 0.4733, 0.4747, 0.4773, 0.4780, 1.0000, 1.0000, 1.0000, 1.0000, 1.0000, 1.0000, 1.0000, 1.0000, 1.0000, 1.0000, 1.0000, 1.0000, 1.0000, 1.0000, 1.0000, 1.0000, 1.0000, 1.0000, 1.0000, 1.0000, 1.0000, 1.0000, 1.0000, 1.0000, 1.0000, 1.0000, 1.0000, 1.0000, 1.0000, 1.0000, 1.0000, 1.0000, 1.0000, 1.0000, 1.0000, 1.0000, 1.0000, 1.0000, 1.0000, 1.0000, 1.0000, 1.0000, 1.0000, 1.0000, 1.0000, 1.0000, 1.0000, 1.0000, 1.0000, 1.0000]

**max_priority** (n=100)
  min=1.0000, max=16.2014, mean=13.3265
  [1.0000, 9.5349, 9.6606, 10.2979, 10.3775, 10.3862, 10.3862, 10.3862, 10.3862, 10.3862, 10.3862, 10.3862, 10.3862, 10.3862, 10.3862, 10.3862, 10.3862, 10.6798, 10.6798, 10.6798, 10.6798, 10.7299, 10.7299, 10.7299, 10.7299, 10.7299, 10.7299, 10.7299, 10.7299, 10.7299, 10.7299, 10.7299, 10.7299, 10.7299, 10.7299, 10.7299, 10.7299, 10.9275, 10.9275, 10.9839, 10.9839, 10.9839, 10.9839, 10.9839, 10.9839, 10.9839, 10.9839, 10.9839, 10.9839, 10.9839, 16.2014, 16.2014, 16.2014, 16.2014, 16.2014, 16.2014, 16.2014, 16.2014, 16.2014, 16.2014, 16.2014, 16.2014, 16.2014, 16.2014, 16.2014, 16.2014, 16.2014, 16.2014, 16.2014, 16.2014, 16.2014, 16.2014, 16.2014, 16.2014, 16.2014, 16.2014, 16.2014, 16.2014, 16.2014, 16.2014, 16.2014, 16.2014, 16.2014, 16.2014, 16.2014, 16.2014, 16.2014, 16.2014, 16.2014, 16.2014, 16.2014, 16.2014, 16.2014, 16.2014, 16.2014, 16.2014, 16.2014, 16.2014, 16.2014, 16.2014]

### Async

**avg_train_time** (n=100)
  min=0.0000, max=0.1459, mean=0.0851
  [0.0000, 0.1459, 0.0903, 0.0872, 0.0862, 0.0853, 0.0846, 0.0846, 0.0846, 0.0846, 0.0844, 0.0839, 0.0839, 0.0840, 0.0841, 0.0846, 0.0848, 0.0847, 0.0845, 0.0845, 0.0848, 0.0848, 0.0846, 0.0846, 0.0848, 0.0848, 0.0849, 0.0843, 0.0840, 0.0842, 0.0845, 0.0848, 0.0851, 0.0854, 0.0855, 0.0856, 0.0857, 0.0857, 0.0857, 0.0858, 0.0859, 0.0860, 0.0861, 0.0861, 0.0861, 0.0861, 0.0861, 0.0861, 0.0860, 0.0860, 0.0855, 0.0855, 0.0855, 0.0855, 0.0855, 0.0855, 0.0855, 0.0855, 0.0855, 0.0855, 0.0855, 0.0855, 0.0855, 0.0855, 0.0855, 0.0855, 0.0855, 0.0855, 0.0855, 0.0855, 0.0855, 0.0855, 0.0855, 0.0855, 0.0855, 0.0855, 0.0855, 0.0855, 0.0854, 0.0854, 0.0854, 0.0854, 0.0854, 0.0854, 0.0854, 0.0854, 0.0854, 0.0854, 0.0854, 0.0854, 0.0854, 0.0854, 0.0854, 0.0854, 0.0853, 0.0853, 0.0853, 0.0853, 0.0853, 0.0853]

**buffer_queue_size** (n=100)
  min=0.0000, max=100.0000, mean=1.0000
  [0.0000, 0.0000, 0.0000, 0.0000, 0.0000, 0.0000, 0.0000, 0.0000, 0.0000, 0.0000, 0.0000, 0.0000, 0.0000, 0.0000, 0.0000, 0.0000, 0.0000, 0.0000, 0.0000, 0.0000, 0.0000, 0.0000, 0.0000, 0.0000, 0.0000, 0.0000, 0.0000, 0.0000, 0.0000, 0.0000, 0.0000, 0.0000, 0.0000, 0.0000, 0.0000, 0.0000, 0.0000, 0.0000, 0.0000, 0.0000, 0.0000, 0.0000, 0.0000, 0.0000, 0.0000, 0.0000, 0.0000, 0.0000, 0.0000, 0.0000, 0.0000, 0.0000, 0.0000, 0.0000, 0.0000, 0.0000, 0.0000, 0.0000, 0.0000, 0.0000, 100.0000, 0.0000, 0.0000, 0.0000, 0.0000, 0.0000, 0.0000, 0.0000, 0.0000, 0.0000, 0.0000, 0.0000, 0.0000, 0.0000, 0.0000, 0.0000, 0.0000, 0.0000, 0.0000, 0.0000, 0.0000, 0.0000, 0.0000, 0.0000, 0.0000, 0.0000, 0.0000, 0.0000, 0.0000, 0.0000, 0.0000, 0.0000, 0.0000, 0.0000, 0.0000, 0.0000, 0.0000, 0.0000, 0.0000, 0.0000]

**collector_episodes** (n=100)
  min=273.0000, max=59595.0000, mean=30601.6700
  [273.0000, 402.0000, 630.0000, 850.0000, 950.0000, 1052.0000, 1156.0000, 1259.0000, 1363.0000, 1455.0000, 1543.0000, 1637.0000, 1740.0000, 1840.0000, 1942.0000, 2006.0000, 2760.0000, 2855.0000, 2956.0000, 3062.0000, 3257.0000, 3561.0000, 3657.0000, 3829.0000, 3932.0000, 4015.0000, 4789.0000, 4875.0000, 5060.0000, 5163.0000, 5265.0000, 5356.0000, 5437.0000, 5519.0000, 5621.0000, 5719.0000, 5821.0000, 5919.0000, 6008.0000, 6708.0000, 6915.0000, 7009.0000, 7104.0000, 7204.0000, 7389.0000, 7481.0000, 7674.0000, 7767.0000, 7962.0000, 8011.0000, 54714.0000, 54790.0000, 54866.0000, 54949.0000, 55022.0000, 55115.0000, 55192.0000, 55263.0000, 55346.0000, 55429.0000, 55508.0000, 55596.0000, 55673.0000, 55758.0000, 55841.0000, 55918.0000, 56017.0000, 56468.0000, 56542.0000, 56606.0000, 56679.0000, 56751.0000, 56908.0000, 56983.0000, 57054.0000, 57135.0000, 57216.0000, 57296.0000, 57362.0000, 57423.0000, 57498.0000, 57569.0000, 57633.0000, 57713.0000, 57852.0000, 58032.0000, 58479.0000, 58562.0000, 58634.0000, 58700.0000, 58775.0000, 58991.0000, 59061.0000, 59134.0000, 59200.0000, 59257.0000, 59312.0000, 59459.0000, 59533.0000, 59595.0000]

**num_workers** (n=100)
  min=4.0000, max=4.0000, mean=4.0000
  [4.0000, 4.0000, 4.0000, 4.0000, 4.0000, 4.0000, 4.0000, 4.0000, 4.0000, 4.0000, 4.0000, 4.0000, 4.0000, 4.0000, 4.0000, 4.0000, 4.0000, 4.0000, 4.0000, 4.0000, 4.0000, 4.0000, 4.0000, 4.0000, 4.0000, 4.0000, 4.0000, 4.0000, 4.0000, 4.0000, 4.0000, 4.0000, 4.0000, 4.0000, 4.0000, 4.0000, 4.0000, 4.0000, 4.0000, 4.0000, 4.0000, 4.0000, 4.0000, 4.0000, 4.0000, 4.0000, 4.0000, 4.0000, 4.0000, 4.0000, 4.0000, 4.0000, 4.0000, 4.0000, 4.0000, 4.0000, 4.0000, 4.0000, 4.0000, 4.0000, 4.0000, 4.0000, 4.0000, 4.0000, 4.0000, 4.0000, 4.0000, 4.0000, 4.0000, 4.0000, 4.0000, 4.0000, 4.0000, 4.0000, 4.0000, 4.0000, 4.0000, 4.0000, 4.0000, 4.0000, 4.0000, 4.0000, 4.0000, 4.0000, 4.0000, 4.0000, 4.0000, 4.0000, 4.0000, 4.0000, 4.0000, 4.0000, 4.0000, 4.0000, 4.0000, 4.0000, 4.0000, 4.0000, 4.0000, 4.0000]

**train_steps** (n=100)
  min=0.0000, max=62087.0000, mean=31032.9100
  [0.0000, 48.0000, 284.0000, 502.0000, 612.0000, 730.0000, 845.0000, 953.0000, 1064.0000, 1175.0000, 1289.0000, 1405.0000, 1519.0000, 1630.0000, 1741.0000, 1811.0000, 1915.0000, 2027.0000, 2145.0000, 2256.0000, 2473.0000, 2802.0000, 2918.0000, 3137.0000, 3244.0000, 3320.0000, 3427.0000, 3555.0000, 3783.0000, 3886.0000, 3985.0000, 4088.0000, 4185.0000, 4282.0000, 4387.0000, 4495.0000, 4601.0000, 4712.0000, 4793.0000, 5015.0000, 5232.0000, 5338.0000, 5445.0000, 5556.0000, 5778.0000, 5889.0000, 6110.0000, 6221.0000, 6445.0000, 6497.0000, 55942.0000, 56059.0000, 56175.0000, 56291.0000, 56407.0000, 56524.0000, 56641.0000, 56755.0000, 56871.0000, 56984.0000, 57089.0000, 57195.0000, 57302.0000, 57409.0000, 57517.0000, 57624.0000, 57732.0000, 57841.0000, 57955.0000, 58068.0000, 58181.0000, 58293.0000, 58519.0000, 58633.0000, 58747.0000, 58861.0000, 58976.0000, 59091.0000, 59205.0000, 59320.0000, 59430.0000, 59540.0000, 59651.0000, 59764.0000, 59984.0000, 60219.0000, 60326.0000, 60440.0000, 60552.0000, 60663.0000, 60773.0000, 61094.0000, 61206.0000, 61318.0000, 61433.0000, 61545.0000, 61656.0000, 61873.0000, 61980.0000, 62087.0000]
