================================================================================
W&B RUN DATA: 256-TD3-Hockey-NORMAL-weak-lr0.0010-seed42
================================================================================

## RUN METADATA
Run ID: vmsgbit3
Created: 2026-01-17T00:57:51Z
State: running
Duration: 33886.117517985 seconds

## CONFIGURATION
  algorithm: TD3
  mode: NORMAL
  opponent: weak
  learning_rate_actor: 0.001
  learning_rate_critic: 0.001
  batch_size: 100
  buffer_size: 1000000
  max_episodes: 100000
  random_seed: 42
  self_play_start: 0
  self_play_pool_size: 25
  gamma: 0.99
  tau: 0.005

## FINAL SUMMARY

## NOTE: Data discretized to fit 100000 char limit
  Showing ~50 points per metric (of 435 total)

## METRICS DATA

### behavior/action_magnitude_avg
  Total points: 100
  Min: 0.6863, Max: 1.3881, Mean: 1.1095
  Data: [
    0.9704, 0.9664, 0.9494, 0.9487, 0.9592, 0.9509, 0.9494, 0.9397, 0.9121, 0.9164,
    0.9229, 0.9262, 0.9061, 0.8748, 0.9035, 0.8955, 0.8731, 0.8599, 0.8701, 0.8562,
    0.8707, 0.8583, 0.8636, 0.8343, 0.8356, 0.8203, 0.8300, 0.7998, 0.8068, 0.7867,
    0.8109, 0.8115, 0.7946, 0.7784, 0.7718, 0.7772, 0.7657, 0.7652, 0.7417, 0.7574,
    0.7334, 0.7347, 0.7491, 0.7282, 0.7245, 0.7323, 0.7202, 0.7080, 0.7005, 0.6863,
    1.3862, 1.3868, 1.3857, 1.3845, 1.3855, 1.3870, 1.3857, 1.3864, 1.3866, 1.3865,
    1.3861, 1.3881, 1.3860, 1.3856, 1.3863, 1.3852, 1.3840, 1.3862, 1.3869, 1.3862,
    1.3861, 1.3862, 1.3854, 1.3865, 1.3855, 1.3872, 1.3851, 1.3855, 1.3851, 1.3856,
    1.3867, 1.3845, 1.3863, 1.3858, 1.3854, 1.3838, 1.3853, 1.3864, 1.3860, 1.3861,
    1.3853, 1.3854, 1.3843, 1.3858, 1.3870, 1.3857, 1.3864, 1.3876, 1.3876, 1.3857,
  ]

### behavior/action_magnitude_max
  Total points: 100
  Min: 1.3576, Max: 1.4142, Mean: 1.4090
  Data: [
    1.4142, 1.4142, 1.4142, 1.4142, 1.4142, 1.4142, 1.4142, 1.4142, 1.4142, 1.4142,
    1.4142, 1.4142, 1.4142, 1.4083, 1.4142, 1.4139, 1.4008, 1.4104, 1.4142, 1.3840,
    1.4142, 1.4142, 1.4142, 1.4125, 1.4142, 1.4142, 1.4142, 1.3935, 1.3935, 1.3751,
    1.3955, 1.3929, 1.3879, 1.4087, 1.4133, 1.4053, 1.4085, 1.3802, 1.3678, 1.3940,
    1.4142, 1.3972, 1.4000, 1.3941, 1.3895, 1.3957, 1.4076, 1.4066, 1.3770, 1.3576,
    1.4142, 1.4142, 1.4142, 1.4142, 1.4142, 1.4142, 1.4142, 1.4142, 1.4142, 1.4142,
    1.4142, 1.4142, 1.4142, 1.4142, 1.4142, 1.4142, 1.4142, 1.4142, 1.4142, 1.4142,
    1.4142, 1.4142, 1.4142, 1.4142, 1.4142, 1.4142, 1.4142, 1.4142, 1.4142, 1.4142,
    1.4142, 1.4142, 1.4142, 1.4142, 1.4142, 1.4142, 1.4142, 1.4142, 1.4142, 1.4142,
    1.4142, 1.4142, 1.4142, 1.4142, 1.4142, 1.4142, 1.4142, 1.4142, 1.4142, 1.4142,
  ]

### behavior/dist_to_puck_avg
  Total points: 100
  Min: 2.0196, Max: 3.8077, Mean: 2.8704
  Data: [
    3.2658, 3.5765, 3.3096, 3.5737, 3.2389, 3.2858, 3.4333, 3.7576, 3.4050, 3.3367,
    3.5811, 3.4214, 3.3263, 3.1202, 3.5326, 3.4194, 3.4119, 3.5406, 3.4625, 3.5663,
    3.4651, 3.4242, 3.1886, 3.5536, 3.4373, 3.3170, 3.4496, 3.1239, 3.0142, 3.0481,
    3.5982, 3.4648, 3.4321, 3.6497, 3.4462, 3.1717, 3.3001, 3.6498, 3.2775, 3.3588,
    3.6698, 3.2653, 3.4788, 3.4385, 3.4293, 3.6625, 3.5170, 3.8077, 3.4980, 3.2184,
    2.3878, 2.3861, 2.2045, 2.4607, 2.2570, 2.1778, 2.0196, 2.3785, 2.0783, 2.2792,
    2.4018, 2.3230, 2.4290, 2.3228, 2.2052, 2.3367, 2.1883, 2.3436, 2.6292, 2.2368,
    2.5368, 2.3464, 2.2739, 2.1545, 2.3929, 2.3059, 2.4821, 2.2496, 2.1347, 2.4981,
    2.3245, 2.3992, 2.4433, 2.0239, 2.1005, 2.1766, 2.5892, 2.3486, 2.4707, 2.2755,
    2.1853, 2.2001, 2.3917, 2.4955, 2.6683, 2.2274, 2.3941, 2.2728, 2.4605, 2.2496,
  ]

### behavior/dist_to_puck_min
  Total points: 100
  Min: 0.2084, Max: 1.3424, Mean: 0.6268
  Data: [
    0.9696, 0.7608, 1.0553, 1.1507, 0.8644, 0.7914, 0.7865, 0.9792, 0.8896, 0.7972,
    0.4780, 0.7265, 0.9014, 0.6740, 0.9013, 0.7208, 1.2617, 1.2010, 1.0899, 1.0014,
    0.9373, 1.0785, 0.8970, 0.9447, 0.8508, 1.0972, 0.8506, 0.8315, 0.6377, 1.0090,
    0.8562, 0.5508, 0.6933, 1.3352, 0.9169, 0.6897, 1.2141, 0.9976, 1.1198, 0.6373,
    0.9503, 0.9730, 0.9198, 0.6003, 0.7051, 1.3424, 1.2099, 1.1133, 1.1767, 0.6262,
    0.4161, 0.3805, 0.2861, 0.2907, 0.2257, 0.2420, 0.2590, 0.2897, 0.3094, 0.3175,
    0.2431, 0.3052, 0.2124, 0.2922, 0.2164, 0.3318, 0.2100, 0.2755, 0.2593, 0.2782,
    0.2472, 0.3251, 0.3634, 0.2376, 0.2507, 0.2084, 0.3397, 0.3249, 0.2879, 0.4894,
    0.4367, 0.3726, 0.3077, 0.3331, 0.3784, 0.2799, 0.5073, 0.3543, 0.3966, 0.3013,
    0.2648, 0.3622, 0.6440, 0.3911, 0.6063, 0.3307, 0.3016, 0.4523, 0.5966, 0.5797,
  ]

### behavior/distance_traveled
  Total points: 100
  Min: 7.6292, Max: 18.5349, Mean: 12.5124
  Data: [
    9.8797, 10.6783, 11.5335, 10.1584, 8.4583, 11.7717, 13.8270, 15.2202, 9.7728, 10.5888,
    12.6750, 10.1181, 13.3448, 10.3149, 10.7014, 11.6093, 13.3133, 13.4799, 10.2784, 9.6123,
    11.1304, 12.8445, 10.5033, 9.8496, 11.7028, 12.1032, 13.6122, 8.3170, 9.2493, 9.6849,
    10.8945, 11.7900, 10.4255, 10.8664, 10.6032, 11.4166, 11.3350, 11.4812, 8.5912, 9.7159,
    12.0025, 12.1746, 9.7439, 10.6389, 9.8040, 9.4552, 11.5281, 10.8967, 10.9353, 10.3602,
    13.4369, 12.1663, 10.9326, 13.8691, 12.5505, 12.1587, 16.1734, 16.1628, 17.4221, 14.0385,
    14.5603, 13.0694, 16.8305, 18.5349, 12.6905, 14.4091, 10.8978, 15.9764, 18.4777, 18.0388,
    14.3405, 18.3251, 12.1725, 16.9582, 14.9866, 15.4944, 13.2497, 12.8871, 14.3933, 12.7686,
    13.2474, 13.6365, 14.6934, 10.7081, 12.4602, 14.9765, 10.8173, 11.6909, 14.5890, 17.8909,
    15.0515, 15.3968, 12.6752, 14.5430, 9.8312, 16.5676, 15.6280, 8.6873, 11.5610, 7.6292,
  ]

### behavior/lazy_action_ratio
  Total points: 100
  Min: 0.0000, Max: 0.0154, Mean: 0.0039
  Data: [
    0.0016, 0.0085, 0.0063, 0.0119, 0.0036, 0.0074, 0.0060, 0.0058, 0.0028, 0.0027,
    0.0040, 0.0028, 0.0062, 0.0060, 0.0074, 0.0046, 0.0020, 0.0052, 0.0039, 0.0042,
    0.0080, 0.0070, 0.0082, 0.0143, 0.0078, 0.0079, 0.0077, 0.0096, 0.0103, 0.0056,
    0.0072, 0.0044, 0.0045, 0.0086, 0.0083, 0.0137, 0.0076, 0.0059, 0.0154, 0.0151,
    0.0113, 0.0082, 0.0115, 0.0139, 0.0081, 0.0102, 0.0146, 0.0104, 0.0107, 0.0114,
    0.0000, 0.0000, 0.0000, 0.0000, 0.0000, 0.0000, 0.0000, 0.0000, 0.0000, 0.0000,
    0.0000, 0.0000, 0.0000, 0.0000, 0.0000, 0.0000, 0.0000, 0.0000, 0.0000, 0.0000,
    0.0000, 0.0000, 0.0000, 0.0000, 0.0000, 0.0000, 0.0000, 0.0000, 0.0000, 0.0000,
    0.0000, 0.0000, 0.0000, 0.0000, 0.0000, 0.0000, 0.0000, 0.0000, 0.0000, 0.0000,
    0.0000, 0.0000, 0.0000, 0.0000, 0.0000, 0.0000, 0.0000, 0.0000, 0.0000, 0.0000,
  ]

### behavior/possession_ratio
  Total points: 100
  Min: 0.0038, Max: 0.2227, Mean: 0.0841
  Data: [
    0.0214, 0.0148, 0.0236, 0.0146, 0.0078, 0.0213, 0.0133, 0.0175, 0.0050, 0.0113,
    0.0301, 0.0134, 0.0153, 0.0209, 0.0362, 0.0333, 0.0173, 0.0084, 0.0266, 0.0159,
    0.0186, 0.0249, 0.0080, 0.0139, 0.0141, 0.0119, 0.0176, 0.0380, 0.0188, 0.0038,
    0.0268, 0.0316, 0.0329, 0.0134, 0.0201, 0.0373, 0.0107, 0.0108, 0.0128, 0.0284,
    0.0217, 0.0148, 0.0058, 0.0360, 0.0509, 0.0285, 0.0247, 0.0216, 0.0332, 0.0231,
    0.0987, 0.0978, 0.1535, 0.1254, 0.1688, 0.1574, 0.1395, 0.1439, 0.2002, 0.1320,
    0.1475, 0.1650, 0.1428, 0.1286, 0.1803, 0.1557, 0.2137, 0.1150, 0.1305, 0.1807,
    0.1444, 0.0707, 0.1596, 0.2073, 0.1764, 0.1447, 0.1417, 0.1204, 0.2109, 0.0825,
    0.0857, 0.1247, 0.1612, 0.2227, 0.2017, 0.1740, 0.0977, 0.1902, 0.1143, 0.1202,
    0.1679, 0.1709, 0.1146, 0.1337, 0.0838, 0.2051, 0.1458, 0.1573, 0.1079, 0.1762,
  ]

### behavior/puck_touches
  Total points: 100
  Min: 0.0000, Max: 0.0000, Mean: 0.0000
  Data: [
    0.0000, 0.0000, 0.0000, 0.0000, 0.0000, 0.0000, 0.0000, 0.0000, 0.0000, 0.0000,
    0.0000, 0.0000, 0.0000, 0.0000, 0.0000, 0.0000, 0.0000, 0.0000, 0.0000, 0.0000,
    0.0000, 0.0000, 0.0000, 0.0000, 0.0000, 0.0000, 0.0000, 0.0000, 0.0000, 0.0000,
    0.0000, 0.0000, 0.0000, 0.0000, 0.0000, 0.0000, 0.0000, 0.0000, 0.0000, 0.0000,
    0.0000, 0.0000, 0.0000, 0.0000, 0.0000, 0.0000, 0.0000, 0.0000, 0.0000, 0.0000,
    0.0000, 0.0000, 0.0000, 0.0000, 0.0000, 0.0000, 0.0000, 0.0000, 0.0000, 0.0000,
    0.0000, 0.0000, 0.0000, 0.0000, 0.0000, 0.0000, 0.0000, 0.0000, 0.0000, 0.0000,
    0.0000, 0.0000, 0.0000, 0.0000, 0.0000, 0.0000, 0.0000, 0.0000, 0.0000, 0.0000,
    0.0000, 0.0000, 0.0000, 0.0000, 0.0000, 0.0000, 0.0000, 0.0000, 0.0000, 0.0000,
    0.0000, 0.0000, 0.0000, 0.0000, 0.0000, 0.0000, 0.0000, 0.0000, 0.0000, 0.0000,
  ]

### behavior/shoot_action_avg
  Total points: 100
  Min: -0.1333, Max: 0.7172, Mean: 0.1226
  Data: [
    -0.0880, -0.0545, -0.0694, -0.0853, -0.1068, -0.0645, -0.0632, -0.0582, -0.1291, 0.0163,
    -0.0658, -0.1333, -0.0383, -0.1109, -0.1161, -0.1152, -0.0898, -0.0516, -0.0735, -0.1109,
    -0.1036, -0.0800, -0.0982, -0.1116, -0.0711, -0.0524, -0.0700, -0.0687, -0.0762, -0.0863,
    -0.0447, -0.0737, -0.0628, -0.0698, -0.0767, -0.0891, -0.0507, -0.0756, -0.0871, -0.0992,
    -0.0772, -0.0330, -0.0788, -0.0686, -0.0783, -0.0579, -0.0556, -0.0422, -0.0593, -0.0693,
    0.4858, 0.5086, 0.4017, 0.2993, 0.3005, 0.3277, 0.3637, 0.2425, 0.2096, 0.3858,
    0.2353, 0.1519, 0.1609, 0.2212, 0.1262, 0.2549, 0.1836, 0.1578, 0.1491, 0.1795,
    0.2248, 0.4172, 0.2875, 0.1833, 0.1632, 0.2184, 0.2987, 0.2947, 0.1898, 0.5115,
    0.4448, 0.4151, 0.1509, 0.2079, 0.1594, 0.0938, 0.4647, 0.1951, 0.3287, 0.2649,
    0.2352, 0.3039, 0.6404, 0.5757, 0.7172, 0.5079, 0.4889, 0.5547, 0.5822, 0.5731,
  ]

### behavior/shoot_action_when_possess
  Total points: 100
  Min: -0.8337, Max: 0.0481, Mean: -0.4137
  Data: [
    -0.1300, -0.1701, -0.1038, -0.0804, -0.0747, -0.2255, -0.2680, -0.1366, -0.1914, -0.1032,
    -0.4727, -0.1879, -0.1181, -0.2505, -0.1961, -0.2128, -0.1198, -0.0845, -0.2168, -0.1571,
    0.0481, -0.1199, -0.1689, -0.0227, -0.2893, -0.1052, -0.1220, -0.1066, -0.1703, -0.0915,
    -0.1748, -0.1926, -0.1451, -0.1247, -0.1481, -0.2507, -0.0751, -0.0722, -0.0875, -0.2190,
    -0.1530, -0.2164, 0.0398, -0.2652, -0.2010, -0.1208, -0.2142, -0.1763, -0.0505, -0.0681,
    -0.5072, -0.5274, -0.5538, -0.7367, -0.6416, -0.6277, -0.7886, -0.7397, -0.8195, -0.6596,
    -0.7817, -0.6059, -0.7914, -0.7933, -0.7958, -0.7411, -0.7451, -0.8077, -0.7982, -0.7876,
    -0.7889, -0.5348, -0.6423, -0.8076, -0.8004, -0.7372, -0.6475, -0.6455, -0.7431, -0.4902,
    -0.4564, -0.5783, -0.7430, -0.7506, -0.6690, -0.8337, -0.4911, -0.7447, -0.6635, -0.6595,
    -0.8282, -0.6592, -0.4920, -0.6532, -0.4144, -0.7393, -0.7579, -0.5921, -0.4936, -0.4966,
  ]

### behavior/time_near_puck
  Total points: 100
  Min: 0.4000, Max: 36.9000, Mean: 12.7940
  Data: [
    3.5000, 2.2000, 2.9000, 1.5000, 1.0000, 3.1000, 2.4000, 2.6000, 0.4000, 0.9000,
    4.2000, 2.4000, 2.3000, 3.9000, 5.3000, 3.8000, 2.1000, 1.6000, 3.6000, 2.3000,
    2.8000, 5.3000, 1.6000, 2.3000, 3.2000, 2.3000, 3.8000, 4.6000, 2.2000, 0.9000,
    3.8000, 4.3000, 2.4000, 2.9000, 2.8000, 5.3000, 1.6000, 1.1000, 1.1000, 3.1000,
    3.3000, 2.0000, 1.3000, 5.3000, 6.0000, 3.6000, 3.2000, 4.4000, 4.9000, 4.9000,
    18.1000, 17.7000, 21.0000, 21.6000, 28.7000, 19.7000, 25.0000, 32.7000, 33.1000, 23.0000,
    23.0000, 21.1000, 31.8000, 28.4000, 23.8000, 22.8000, 25.4000, 20.8000, 26.9000, 25.4000,
    22.8000, 12.2000, 18.2000, 36.0000, 29.0000, 21.2000, 26.0000, 16.4000, 30.3000, 16.4000,
    13.7000, 20.5000, 18.2000, 20.3000, 20.8000, 25.0000, 16.1000, 20.3000, 23.8000, 25.4000,
    23.4000, 21.5000, 17.3000, 26.8000, 14.4000, 36.9000, 27.9000, 16.1000, 14.7000, 9.5000,
  ]

### behavior/velocity_avg
  Total points: 100
  Min: 0.0596, Max: 0.1189, Mean: 0.0846
  Data: [
    0.0823, 0.0733, 0.0749, 0.0859, 0.0785, 0.0783, 0.0774, 0.0689, 0.0761, 0.0708,
    0.0766, 0.0785, 0.0756, 0.0717, 0.0734, 0.0703, 0.0751, 0.0717, 0.0774, 0.0767,
    0.0766, 0.0755, 0.0690, 0.0682, 0.0671, 0.0691, 0.0738, 0.0691, 0.0696, 0.0653,
    0.0687, 0.0771, 0.0707, 0.0609, 0.0654, 0.0790, 0.0742, 0.0649, 0.0691, 0.0708,
    0.0659, 0.0656, 0.0635, 0.0668, 0.0696, 0.0633, 0.0677, 0.0596, 0.0633, 0.0641,
    0.0892, 0.0996, 0.0895, 0.0905, 0.0920, 0.0911, 0.0877, 0.0820, 0.0992, 0.0925,
    0.0928, 0.0955, 0.0768, 0.0808, 0.0909, 0.0977, 0.1028, 0.0837, 0.0858, 0.1053,
    0.0871, 0.0958, 0.0895, 0.0950, 0.0914, 0.0920, 0.0914, 0.0909, 0.1047, 0.0989,
    0.0965, 0.1128, 0.0998, 0.1189, 0.1158, 0.0895, 0.1123, 0.1035, 0.0987, 0.0937,
    0.1018, 0.1108, 0.1143, 0.1015, 0.1163, 0.1032, 0.0975, 0.1113, 0.1142, 0.1141,
  ]

### behavior/velocity_max
  Total points: 100
  Min: 0.1550, Max: 0.2412, Mean: 0.2076
  Data: [
    0.1795, 0.1837, 0.1864, 0.1948, 0.1774, 0.1918, 0.1867, 0.2026, 0.1806, 0.1837,
    0.1974, 0.1823, 0.1972, 0.1795, 0.1822, 0.1888, 0.1886, 0.1800, 0.1896, 0.1855,
    0.1908, 0.1825, 0.1743, 0.1908, 0.1746, 0.1797, 0.1917, 0.1799, 0.1652, 0.1646,
    0.1965, 0.1983, 0.1818, 0.1732, 0.1753, 0.1844, 0.1880, 0.1758, 0.1550, 0.1767,
    0.1766, 0.1870, 0.1691, 0.1826, 0.1843, 0.1660, 0.1720, 0.1938, 0.1653, 0.1852,
    0.2344, 0.2301, 0.2252, 0.2255, 0.2285, 0.2245, 0.2316, 0.2333, 0.2294, 0.2295,
    0.2369, 0.2304, 0.2277, 0.2311, 0.2280, 0.2348, 0.2298, 0.2271, 0.2356, 0.2403,
    0.2362, 0.2354, 0.2303, 0.2332, 0.2324, 0.2279, 0.2297, 0.2282, 0.2379, 0.2307,
    0.2330, 0.2352, 0.2398, 0.2389, 0.2349, 0.2350, 0.2330, 0.2354, 0.2359, 0.2361,
    0.2379, 0.2412, 0.2364, 0.2332, 0.2251, 0.2405, 0.2345, 0.2314, 0.2322, 0.2338,
  ]

### eval/strong/avg_reward
  Total points: 50
  Min: -8.9035, Max: -0.7037, Mean: -5.1854
  Data: [
    -8.9035, -6.2403, -4.9595, -7.2492, -6.7935, -7.2343, -6.6045, -6.8567, -5.1485, -2.6434,
    -4.0571, -4.6880, -5.7144, -2.6159, -5.3919, -1.7300, -4.9358, -5.7136, -4.7336, -0.7037,
    -8.2378, -7.6741, -2.5330, -5.0788, -6.3157, -4.7721, -6.4166, -5.7758, -6.7305, -6.9380,
    -6.1112, -4.4113, -7.0039, -4.9568, -5.0409, -5.8331, -2.7307, -4.5127, -5.8534, -3.5878,
    -2.8329, -4.0837, -4.6445, -4.7013, -6.7526, -3.9756, -4.8295, -4.1924, -4.8248, -4.9999,
  ]

### eval/strong/loss_rate
  Total points: 50
  Min: 0.2800, Max: 0.6600, Mean: 0.4584
  Data: [
    0.4800, 0.5600, 0.4200, 0.5800, 0.5400, 0.5800, 0.4800, 0.5800, 0.5400, 0.4600,
    0.4400, 0.4400, 0.3400, 0.3800, 0.4400, 0.3200, 0.4000, 0.4400, 0.5200, 0.2800,
    0.6600, 0.6000, 0.3800, 0.5000, 0.5200, 0.4600, 0.4800, 0.4600, 0.5000, 0.4800,
    0.5000, 0.4800, 0.5800, 0.5200, 0.4400, 0.4800, 0.3200, 0.3600, 0.5000, 0.3800,
    0.3000, 0.3600, 0.4400, 0.4600, 0.5200, 0.3200, 0.4800, 0.3800, 0.3800, 0.4600,
  ]

### eval/strong/losses
  Total points: 50
  Min: 14.0000, Max: 33.0000, Mean: 22.9200
  Data: [
    24.0000, 28.0000, 21.0000, 29.0000, 27.0000, 29.0000, 24.0000, 29.0000, 27.0000, 23.0000,
    22.0000, 22.0000, 17.0000, 19.0000, 22.0000, 16.0000, 20.0000, 22.0000, 26.0000, 14.0000,
    33.0000, 30.0000, 19.0000, 25.0000, 26.0000, 23.0000, 24.0000, 23.0000, 25.0000, 24.0000,
    25.0000, 24.0000, 29.0000, 26.0000, 22.0000, 24.0000, 16.0000, 18.0000, 25.0000, 19.0000,
    15.0000, 18.0000, 22.0000, 23.0000, 26.0000, 16.0000, 24.0000, 19.0000, 19.0000, 23.0000,
  ]

### eval/strong/tie_rate
  Total points: 50
  Min: 0.1000, Max: 0.4800, Mean: 0.2896
  Data: [
    0.4200, 0.2000, 0.2400, 0.1600, 0.2200, 0.2200, 0.3800, 0.2200, 0.1600, 0.1000,
    0.2400, 0.2600, 0.4800, 0.1800, 0.3000, 0.2800, 0.3600, 0.3000, 0.1200, 0.2400,
    0.1800, 0.2400, 0.2600, 0.2200, 0.2800, 0.2800, 0.3600, 0.3400, 0.2800, 0.3800,
    0.3000, 0.2400, 0.2800, 0.1800, 0.3600, 0.3000, 0.3400, 0.3200, 0.2800, 0.2800,
    0.4400, 0.4400, 0.3200, 0.3000, 0.3400, 0.4600, 0.2600, 0.4000, 0.4400, 0.3000,
  ]

### eval/strong/ties
  Total points: 50
  Min: 5.0000, Max: 24.0000, Mean: 14.4800
  Data: [
    21.0000, 10.0000, 12.0000, 8.0000, 11.0000, 11.0000, 19.0000, 11.0000, 8.0000, 5.0000,
    12.0000, 13.0000, 24.0000, 9.0000, 15.0000, 14.0000, 18.0000, 15.0000, 6.0000, 12.0000,
    9.0000, 12.0000, 13.0000, 11.0000, 14.0000, 14.0000, 18.0000, 17.0000, 14.0000, 19.0000,
    15.0000, 12.0000, 14.0000, 9.0000, 18.0000, 15.0000, 17.0000, 16.0000, 14.0000, 14.0000,
    22.0000, 22.0000, 16.0000, 15.0000, 17.0000, 23.0000, 13.0000, 20.0000, 22.0000, 15.0000,
  ]

### eval/strong/win_rate
  Total points: 50
  Min: 0.1000, Max: 0.4800, Mean: 0.2520
  Data: [
    0.1000, 0.2400, 0.3400, 0.2600, 0.2400, 0.2000, 0.1400, 0.2000, 0.3000, 0.4400,
    0.3200, 0.3000, 0.1800, 0.4400, 0.2600, 0.4000, 0.2400, 0.2600, 0.3600, 0.4800,
    0.1600, 0.1600, 0.3600, 0.2800, 0.2000, 0.2600, 0.1600, 0.2000, 0.2200, 0.1400,
    0.2000, 0.2800, 0.1400, 0.3000, 0.2000, 0.2200, 0.3400, 0.3200, 0.2200, 0.3400,
    0.2600, 0.2000, 0.2400, 0.2400, 0.1400, 0.2200, 0.2600, 0.2200, 0.1800, 0.2400,
  ]

### eval/strong/win_rate_decisive
  Total points: 50
  Min: 0.1724, Max: 0.6316, Mean: 0.3529
  Data: [
    0.1724, 0.3000, 0.4474, 0.3095, 0.3077, 0.2564, 0.2258, 0.2564, 0.3571, 0.4889,
    0.4211, 0.4054, 0.3462, 0.5366, 0.3714, 0.5556, 0.3750, 0.3714, 0.4091, 0.6316,
    0.1951, 0.2105, 0.4865, 0.3590, 0.2778, 0.3611, 0.2500, 0.3030, 0.3056, 0.2258,
    0.2857, 0.3684, 0.1944, 0.3659, 0.3125, 0.3143, 0.5152, 0.4706, 0.3056, 0.4722,
    0.4643, 0.3571, 0.3529, 0.3429, 0.2121, 0.4074, 0.3514, 0.3667, 0.3214, 0.3429,
  ]

### eval/strong/wins
  Total points: 50
  Min: 5.0000, Max: 24.0000, Mean: 12.6000
  Data: [
    5.0000, 12.0000, 17.0000, 13.0000, 12.0000, 10.0000, 7.0000, 10.0000, 15.0000, 22.0000,
    16.0000, 15.0000, 9.0000, 22.0000, 13.0000, 20.0000, 12.0000, 13.0000, 18.0000, 24.0000,
    8.0000, 8.0000, 18.0000, 14.0000, 10.0000, 13.0000, 8.0000, 10.0000, 11.0000, 7.0000,
    10.0000, 14.0000, 7.0000, 15.0000, 10.0000, 11.0000, 17.0000, 16.0000, 11.0000, 17.0000,
    13.0000, 10.0000, 12.0000, 12.0000, 7.0000, 11.0000, 13.0000, 11.0000, 9.0000, 12.0000,
  ]

### eval/weak/avg_reward
  Total points: 50
  Min: -7.6129, Max: 2.7967, Mean: -2.6091
  Data: [
    -7.5224, -3.7638, -3.5813, -0.3915, -0.4181, -0.3680, 1.2958, 2.7967, -4.1109, -2.2522,
    -5.0111, -0.8772, 1.3734, -2.3795, -3.6215, 0.7550, -2.4295, 0.0088, 0.0028, -2.1677,
    -3.5833, -5.4291, -0.6835, -1.0940, -7.6129, -5.1551, -4.2617, -4.5513, -6.6463, -1.8756,
    -4.6361, -3.9373, -0.9031, 1.6288, -2.5911, -0.9275, -4.0564, -6.8206, -6.2445, -0.8956,
    -1.2082, -2.5976, -2.0260, -1.9912, -2.0077, -3.6274, -1.0298, -2.2545, -6.0514, -4.7238,
  ]

### eval/weak/loss_rate
  Total points: 50
  Min: 0.0800, Max: 0.6800, Mean: 0.3620
  Data: [
    0.5600, 0.5600, 0.4800, 0.3200, 0.3000, 0.2400, 0.2400, 0.2000, 0.5400, 0.4200,
    0.5200, 0.3000, 0.1000, 0.4400, 0.4400, 0.1800, 0.4200, 0.2600, 0.3000, 0.3800,
    0.3600, 0.4600, 0.3000, 0.2600, 0.6400, 0.5200, 0.4200, 0.4400, 0.6800, 0.3000,
    0.3400, 0.3800, 0.2200, 0.0800, 0.3000, 0.1600, 0.5000, 0.5600, 0.5000, 0.1800,
    0.2200, 0.2000, 0.2000, 0.2600, 0.2400, 0.4200, 0.3200, 0.3600, 0.5800, 0.5000,
  ]

### eval/weak/losses
  Total points: 50
  Min: 4.0000, Max: 34.0000, Mean: 18.1000
  Data: [
    28.0000, 28.0000, 24.0000, 16.0000, 15.0000, 12.0000, 12.0000, 10.0000, 27.0000, 21.0000,
    26.0000, 15.0000, 5.0000, 22.0000, 22.0000, 9.0000, 21.0000, 13.0000, 15.0000, 19.0000,
    18.0000, 23.0000, 15.0000, 13.0000, 32.0000, 26.0000, 21.0000, 22.0000, 34.0000, 15.0000,
    17.0000, 19.0000, 11.0000, 4.0000, 15.0000, 8.0000, 25.0000, 28.0000, 25.0000, 9.0000,
    11.0000, 10.0000, 10.0000, 13.0000, 12.0000, 21.0000, 16.0000, 18.0000, 29.0000, 25.0000,
  ]

### eval/weak/tie_rate
  Total points: 50
  Min: 0.0600, Max: 0.7000, Mean: 0.3488
  Data: [
    0.3200, 0.0600, 0.2000, 0.2000, 0.2400, 0.3000, 0.2200, 0.1800, 0.1400, 0.2000,
    0.2600, 0.2600, 0.5200, 0.2000, 0.2800, 0.3800, 0.2400, 0.3000, 0.2400, 0.2800,
    0.4600, 0.4000, 0.3000, 0.4400, 0.2400, 0.2800, 0.3400, 0.3800, 0.1200, 0.4000,
    0.5800, 0.4400, 0.5000, 0.5200, 0.5000, 0.5600, 0.2600, 0.3200, 0.3800, 0.5400,
    0.5000, 0.7000, 0.6200, 0.5400, 0.5800, 0.3200, 0.3400, 0.3600, 0.2400, 0.2600,
  ]

### eval/weak/ties
  Total points: 50
  Min: 3.0000, Max: 35.0000, Mean: 17.4400
  Data: [
    16.0000, 3.0000, 10.0000, 10.0000, 12.0000, 15.0000, 11.0000, 9.0000, 7.0000, 10.0000,
    13.0000, 13.0000, 26.0000, 10.0000, 14.0000, 19.0000, 12.0000, 15.0000, 12.0000, 14.0000,
    23.0000, 20.0000, 15.0000, 22.0000, 12.0000, 14.0000, 17.0000, 19.0000, 6.0000, 20.0000,
    29.0000, 22.0000, 25.0000, 26.0000, 25.0000, 28.0000, 13.0000, 16.0000, 19.0000, 27.0000,
    25.0000, 35.0000, 31.0000, 27.0000, 29.0000, 16.0000, 17.0000, 18.0000, 12.0000, 13.0000,
  ]

### eval/weak/win_rate
  Total points: 50
  Min: 0.0800, Max: 0.6200, Mean: 0.2892
  Data: [
    0.1200, 0.3800, 0.3200, 0.4800, 0.4600, 0.4600, 0.5400, 0.6200, 0.3200, 0.3800,
    0.2200, 0.4400, 0.3800, 0.3600, 0.2800, 0.4400, 0.3400, 0.4400, 0.4600, 0.3400,
    0.1800, 0.1400, 0.4000, 0.3000, 0.1200, 0.2000, 0.2400, 0.1800, 0.2000, 0.3000,
    0.0800, 0.1800, 0.2800, 0.4000, 0.2000, 0.2800, 0.2400, 0.1200, 0.1200, 0.2800,
    0.2800, 0.1000, 0.1800, 0.2000, 0.1800, 0.2600, 0.3400, 0.2800, 0.1800, 0.2400,
  ]

### eval/weak/win_rate_decisive
  Total points: 50
  Min: 0.1579, Max: 0.8333, Mean: 0.4477
  Data: [
    0.1765, 0.4043, 0.4000, 0.6000, 0.6053, 0.6571, 0.6923, 0.7561, 0.3721, 0.4750,
    0.2973, 0.5946, 0.7917, 0.4500, 0.3889, 0.7097, 0.4474, 0.6286, 0.6053, 0.4722,
    0.3333, 0.2333, 0.5714, 0.5357, 0.1579, 0.2778, 0.3636, 0.2903, 0.2273, 0.5000,
    0.1905, 0.3214, 0.5600, 0.8333, 0.4000, 0.6364, 0.3243, 0.1765, 0.1935, 0.6087,
    0.5600, 0.3333, 0.4737, 0.4348, 0.4286, 0.3824, 0.5152, 0.4375, 0.2368, 0.3243,
  ]

### eval/weak/wins
  Total points: 50
  Min: 4.0000, Max: 31.0000, Mean: 14.4600
  Data: [
    6.0000, 19.0000, 16.0000, 24.0000, 23.0000, 23.0000, 27.0000, 31.0000, 16.0000, 19.0000,
    11.0000, 22.0000, 19.0000, 18.0000, 14.0000, 22.0000, 17.0000, 22.0000, 23.0000, 17.0000,
    9.0000, 7.0000, 20.0000, 15.0000, 6.0000, 10.0000, 12.0000, 9.0000, 10.0000, 15.0000,
    4.0000, 9.0000, 14.0000, 20.0000, 10.0000, 14.0000, 12.0000, 6.0000, 6.0000, 14.0000,
    14.0000, 5.0000, 9.0000, 10.0000, 9.0000, 13.0000, 17.0000, 14.0000, 9.0000, 12.0000,
  ]

### gradients/actor_grad_norm
  Total points: 100
  Min: 0.0000, Max: 2.6133, Mean: 0.0476
  Data: [
    0.0000, 0.0000, 0.0000, 0.0000, 0.0000, 0.0000, 0.0000, 0.0000, 0.0000, 0.0000,
    0.0000, 0.0000, 0.0000, 0.0000, 0.0000, 0.0000, 0.0000, 0.0000, 0.0000, 0.0000,
    0.0000, 0.0000, 0.0000, 0.0000, 0.0000, 0.0000, 0.0000, 0.0000, 0.0000, 0.0000,
    0.0000, 0.0000, 0.0000, 0.0000, 0.0000, 0.0000, 0.0000, 0.0000, 0.0000, 0.0000,
    0.0000, 0.0000, 0.0000, 0.0000, 0.0000, 0.0000, 0.0000, 0.0000, 0.0000, 0.0000,
    0.0818, 0.0225, 0.0180, 0.0135, 0.0168, 0.0061, 0.0793, 0.0781, 0.0015, 0.0263,
    0.0674, 0.0452, 0.0509, 0.0073, 0.2447, 0.0253, 0.1777, 0.0145, 0.0248, 0.0263,
    0.0115, 0.0100, 0.0040, 0.0002, 0.0352, 2.6133, 0.0372, 0.0516, 0.0139, 0.0441,
    0.0080, 0.0961, 0.1153, 0.0019, 0.0068, 0.0204, 0.0672, 0.0050, 0.0035, 0.0368,
    0.0157, 0.0118, 0.0066, 0.0281, 0.0004, 0.1166, 0.0026, 0.0675, 0.0201, 0.2851,
  ]

### gradients/critic_grad_norm
  Total points: 100
  Min: 0.0000, Max: 1.8557, Mean: 0.4900
  Data: [
    0.0000, 0.0000, 0.0000, 0.0000, 0.0000, 0.0000, 0.0000, 0.0000, 0.0000, 0.0000,
    0.0000, 0.0000, 0.0000, 0.0000, 0.0000, 0.0000, 0.0000, 0.0000, 0.0000, 0.0000,
    0.0000, 0.0000, 0.0000, 0.0000, 0.0000, 0.0000, 0.0000, 0.0000, 0.0000, 0.0000,
    0.0000, 0.0000, 0.0000, 0.0000, 0.0000, 0.0000, 0.0000, 0.0000, 0.0000, 0.0000,
    0.0000, 0.0000, 0.0000, 0.0000, 0.0000, 0.0000, 0.0000, 0.0000, 0.0000, 0.0000,
    1.8557, 0.9510, 1.5191, 0.6922, 0.7701, 1.4225, 0.6575, 0.7850, 1.5790, 0.9787,
    0.5839, 0.6712, 0.9689, 0.7660, 1.1308, 0.6845, 1.0323, 0.5887, 1.6596, 0.5571,
    0.4489, 0.6559, 0.8717, 1.0895, 1.3618, 1.2755, 1.1580, 1.0988, 1.5271, 0.8071,
    1.0996, 1.5676, 0.6689, 0.6556, 1.6114, 0.6698, 0.7195, 0.7806, 0.7725, 1.0908,
    0.9074, 1.3836, 1.1067, 1.0349, 0.7239, 0.9170, 0.7818, 0.5679, 0.9554, 0.8417,
  ]

### losses/actor_loss
  Total points: 100
  Min: 0.0000, Max: 3.9391, Mean: 1.8711
  Data: [
    0.0000, 0.0000, 0.0000, 0.0000, 0.0000, 0.0000, 0.0000, 0.0000, 0.0000, 0.0000,
    0.0000, 0.0000, 0.0000, 0.0000, 0.0000, 0.0000, 0.0000, 0.0000, 0.0000, 0.0000,
    0.0000, 0.0000, 0.0000, 0.0000, 0.0000, 0.0000, 0.0000, 0.0000, 0.0000, 0.0000,
    0.0000, 0.0000, 0.0000, 0.0000, 0.0000, 0.0000, 0.0000, 0.0000, 0.0000, 0.0000,
    0.0000, 0.0000, 0.0000, 0.0000, 0.0000, 0.0000, 0.0000, 0.0000, 0.0000, 0.0000,
    3.7878, 3.7814, 3.6245, 3.7743, 3.7921, 3.7730, 3.7463, 3.7732, 3.7067, 3.7348,
    3.7623, 3.6611, 3.6672, 3.6673, 3.7131, 3.7227, 3.6627, 3.6946, 3.5831, 3.6429,
    3.6796, 3.7482, 3.7351, 3.6824, 3.7170, 3.6785, 3.6740, 3.6387, 3.6250, 3.7112,
    3.7136, 3.7397, 3.7366, 3.8321, 3.8124, 3.9391, 3.8531, 3.8114, 3.8164, 3.8029,
    3.8215, 3.7952, 3.8217, 3.7728, 3.7818, 3.7007, 3.7745, 3.8232, 3.7567, 3.8448,
  ]

### losses/critic_loss
  Total points: 100
  Min: 0.0000, Max: 0.0782, Mean: 0.0224
  Data: [
    0.0000, 0.0000, 0.0000, 0.0000, 0.0000, 0.0000, 0.0000, 0.0000, 0.0000, 0.0000,
    0.0000, 0.0000, 0.0000, 0.0000, 0.0000, 0.0000, 0.0000, 0.0000, 0.0000, 0.0000,
    0.0000, 0.0000, 0.0000, 0.0000, 0.0000, 0.0000, 0.0000, 0.0000, 0.0000, 0.0000,
    0.0000, 0.0000, 0.0000, 0.0000, 0.0000, 0.0000, 0.0000, 0.0000, 0.0000, 0.0000,
    0.0000, 0.0000, 0.0000, 0.0000, 0.0000, 0.0000, 0.0000, 0.0000, 0.0000, 0.0000,
    0.0375, 0.0505, 0.0373, 0.0419, 0.0590, 0.0353, 0.0386, 0.0382, 0.0527, 0.0382,
    0.0337, 0.0353, 0.0383, 0.0481, 0.0573, 0.0423, 0.0444, 0.0378, 0.0498, 0.0630,
    0.0355, 0.0407, 0.0336, 0.0364, 0.0463, 0.0671, 0.0543, 0.0555, 0.0519, 0.0400,
    0.0416, 0.0480, 0.0501, 0.0492, 0.0387, 0.0332, 0.0287, 0.0269, 0.0537, 0.0782,
    0.0539, 0.0569, 0.0482, 0.0423, 0.0279, 0.0388, 0.0606, 0.0410, 0.0385, 0.0425,
  ]

### pbrs/annealing_weight
  Total points: 100
  Min: 0.0000, Max: 1.0000, Mean: 0.5000
  Data: [
    1.0000, 1.0000, 1.0000, 1.0000, 1.0000, 1.0000, 1.0000, 1.0000, 1.0000, 1.0000,
    1.0000, 1.0000, 1.0000, 1.0000, 1.0000, 1.0000, 1.0000, 1.0000, 1.0000, 1.0000,
    1.0000, 1.0000, 1.0000, 1.0000, 1.0000, 1.0000, 1.0000, 1.0000, 1.0000, 1.0000,
    1.0000, 1.0000, 1.0000, 1.0000, 1.0000, 1.0000, 1.0000, 1.0000, 1.0000, 1.0000,
    1.0000, 1.0000, 1.0000, 1.0000, 1.0000, 1.0000, 1.0000, 1.0000, 1.0000, 1.0000,
    0.0000, 0.0000, 0.0000, 0.0000, 0.0000, 0.0000, 0.0000, 0.0000, 0.0000, 0.0000,
    0.0000, 0.0000, 0.0000, 0.0000, 0.0000, 0.0000, 0.0000, 0.0000, 0.0000, 0.0000,
    0.0000, 0.0000, 0.0000, 0.0000, 0.0000, 0.0000, 0.0000, 0.0000, 0.0000, 0.0000,
    0.0000, 0.0000, 0.0000, 0.0000, 0.0000, 0.0000, 0.0000, 0.0000, 0.0000, 0.0000,
    0.0000, 0.0000, 0.0000, 0.0000, 0.0000, 0.0000, 0.0000, 0.0000, 0.0000, 0.0000,
  ]

### pbrs/avg_per_episode
  Total points: 100
  Min: 0.6355, Max: 1.6158, Mean: 1.1142
  Data: [
    0.9502, 1.3010, 1.5348, 1.5375, 1.5012, 1.4930, 1.5409, 1.5903, 1.5959, 1.5894,
    1.5761, 1.5721, 1.5596, 1.5328, 1.5388, 1.5449, 1.5471, 1.5476, 1.5507, 1.5474,
    1.5685, 1.5660, 1.5659, 1.5559, 1.5550, 1.5556, 1.5583, 1.5640, 1.5568, 1.5722,
    1.5785, 1.5851, 1.5867, 1.5812, 1.5847, 1.5851, 1.5797, 1.5865, 1.5833, 1.5824,
    1.5814, 1.5857, 1.5844, 1.5783, 1.5819, 1.5875, 1.6088, 1.6130, 1.6158, 1.6144,
    0.7247, 0.7239, 0.7194, 0.7186, 0.7172, 0.7164, 0.7149, 0.7127, 0.7083, 0.7076,
    0.7062, 0.7040, 0.7026, 0.7005, 0.6997, 0.6907, 0.6893, 0.6886, 0.6852, 0.6845,
    0.6818, 0.6798, 0.6791, 0.6778, 0.6772, 0.6758, 0.6725, 0.6712, 0.6706, 0.6648,
    0.6642, 0.6623, 0.6616, 0.6610, 0.6578, 0.6560, 0.6547, 0.6535, 0.6529, 0.6523,
    0.6516, 0.6462, 0.6438, 0.6432, 0.6426, 0.6420, 0.6414, 0.6408, 0.6402, 0.6355,
  ]

### performance/cumulative_win_rate
  Total points: 100
  Min: 0.0000, Max: 0.2441, Mean: 0.1603
  Data: [
    0.0000, 0.0500, 0.0750, 0.0778, 0.0800, 0.0833, 0.0733, 0.0706, 0.0893, 0.0966,
    0.0968, 0.0969, 0.0912, 0.0905, 0.0886, 0.0867, 0.0848, 0.0830, 0.0813, 0.0796,
    0.0792, 0.0764, 0.0768, 0.0763, 0.0770, 0.0758, 0.0723, 0.0750, 0.0771, 0.0757,
    0.0773, 0.0795, 0.0797, 0.0791, 0.0782, 0.0787, 0.0780, 0.0779, 0.0781, 0.0770,
    0.0767, 0.0771, 0.0794, 0.0798, 0.0809, 0.0814, 0.0824, 0.0825, 0.0818, 0.0829,
    0.2441, 0.2440, 0.2438, 0.2439, 0.2438, 0.2439, 0.2437, 0.2433, 0.2438, 0.2437,
    0.2436, 0.2436, 0.2434, 0.2431, 0.2431, 0.2422, 0.2424, 0.2424, 0.2421, 0.2422,
    0.2421, 0.2417, 0.2418, 0.2420, 0.2421, 0.2422, 0.2418, 0.2416, 0.2418, 0.2410,
    0.2410, 0.2410, 0.2411, 0.2414, 0.2416, 0.2420, 0.2420, 0.2421, 0.2419, 0.2418,
    0.2416, 0.2412, 0.2408, 0.2408, 0.2406, 0.2405, 0.2404, 0.2403, 0.2401, 0.2394,
  ]

### performance/losses
  Total points: 100
  Min: 7.0000, Max: 4157.0000, Mean: 2104.0500
  Data: [
    7.0000, 13.0000, 44.0000, 50.0000, 57.0000, 68.0000, 84.0000, 89.0000, 144.0000, 148.0000,
    155.0000, 160.0000, 170.0000, 211.0000, 225.0000, 230.0000, 233.0000, 236.0000, 244.0000, 252.0000,
    273.0000, 282.0000, 287.0000, 301.0000, 313.0000, 317.0000, 329.0000, 341.0000, 349.0000, 366.0000,
    369.0000, 382.0000, 387.0000, 422.0000, 428.0000, 438.0000, 449.0000, 466.0000, 472.0000, 492.0000,
    506.0000, 514.0000, 523.0000, 531.0000, 536.0000, 549.0000, 582.0000, 586.0000, 591.0000, 602.0000,
    3670.0000, 3675.0000, 3702.0000, 3704.0000, 3712.0000, 3716.0000, 3722.0000, 3735.0000, 3747.0000, 3752.0000,
    3759.0000, 3764.0000, 3770.0000, 3778.0000, 3782.0000, 3816.0000, 3821.0000, 3823.0000, 3841.0000, 3841.0000,
    3855.0000, 3862.0000, 3865.0000, 3871.0000, 3873.0000, 3880.0000, 3897.0000, 3904.0000, 3906.0000, 3934.0000,
    3938.0000, 3954.0000, 3956.0000, 3960.0000, 3978.0000, 3986.0000, 3993.0000, 4000.0000, 4005.0000, 4007.0000,
    4011.0000, 4053.0000, 4074.0000, 4079.0000, 4087.0000, 4090.0000, 4092.0000, 4100.0000, 4105.0000, 4157.0000,
  ]

### performance/ties
  Total points: 100
  Min: 3.0000, Max: 4126.0000, Mean: 2066.0400
  Data: [
    3.0000, 6.0000, 30.0000, 33.0000, 35.0000, 42.0000, 55.0000, 69.0000, 111.0000, 114.0000,
    125.0000, 129.0000, 139.0000, 171.0000, 176.0000, 181.0000, 188.0000, 195.0000, 197.0000, 199.0000,
    215.0000, 226.0000, 230.0000, 244.0000, 250.0000, 256.0000, 274.0000, 288.0000, 297.0000, 318.0000,
    323.0000, 336.0000, 340.0000, 370.0000, 374.0000, 382.0000, 390.0000, 410.0000, 413.0000, 431.0000,
    445.0000, 455.0000, 462.0000, 472.0000, 475.0000, 489.0000, 510.0000, 515.0000, 520.0000, 526.0000,
    3549.0000, 3552.0000, 3573.0000, 3577.0000, 3585.0000, 3588.0000, 3599.0000, 3613.0000, 3641.0000, 3645.0000,
    3654.0000, 3671.0000, 3683.0000, 3700.0000, 3704.0000, 3777.0000, 3785.0000, 3791.0000, 3814.0000, 3820.0000,
    3838.0000, 3857.0000, 3861.0000, 3868.0000, 3873.0000, 3880.0000, 3905.0000, 3915.0000, 3919.0000, 3967.0000,
    3971.0000, 3978.0000, 3982.0000, 3983.0000, 4000.0000, 4011.0000, 4019.0000, 4026.0000, 4031.0000, 4038.0000,
    4043.0000, 4074.0000, 4087.0000, 4090.0000, 4092.0000, 4097.0000, 4104.0000, 4105.0000, 4109.0000, 4126.0000,
  ]

### performance/wins
  Total points: 100
  Min: 0.0000, Max: 2607.0000, Mean: 1263.9100
  Data: [
    0.0000, 1.0000, 6.0000, 7.0000, 8.0000, 10.0000, 11.0000, 12.0000, 25.0000, 28.0000,
    30.0000, 31.0000, 31.0000, 38.0000, 39.0000, 39.0000, 39.0000, 39.0000, 39.0000, 39.0000,
    42.0000, 42.0000, 43.0000, 45.0000, 47.0000, 47.0000, 47.0000, 51.0000, 54.0000, 56.0000,
    58.0000, 62.0000, 63.0000, 68.0000, 68.0000, 70.0000, 71.0000, 74.0000, 75.0000, 77.0000,
    79.0000, 81.0000, 85.0000, 87.0000, 89.0000, 92.0000, 98.0000, 99.0000, 99.0000, 102.0000,
    2331.0000, 2333.0000, 2345.0000, 2349.0000, 2353.0000, 2356.0000, 2359.0000, 2362.0000, 2382.0000, 2383.0000,
    2387.0000, 2395.0000, 2397.0000, 2402.0000, 2404.0000, 2427.0000, 2434.0000, 2436.0000, 2445.0000, 2449.0000,
    2457.0000, 2461.0000, 2464.0000, 2471.0000, 2474.0000, 2480.0000, 2488.0000, 2491.0000, 2495.0000, 2509.0000,
    2511.0000, 2518.0000, 2522.0000, 2527.0000, 2542.0000, 2553.0000, 2558.0000, 2564.0000, 2564.0000, 2565.0000,
    2566.0000, 2583.0000, 2589.0000, 2591.0000, 2591.0000, 2593.0000, 2594.0000, 2595.0000, 2596.0000, 2607.0000,
  ]

### rewards/p1
  Total points: 100
  Min: -22.3378, Max: 2.1584, Mean: -9.6604
  Data: [
    -16.6044, -13.4461, -14.2026, -12.8107, -15.4219, -17.7758, -19.6805, -18.7378, -15.8439, -14.1889,
    -9.7087, -13.2622, -19.4962, -14.5076, -16.1737, -15.8024, -19.1937, -22.3378, -18.1853, -16.0281,
    -15.7129, -18.8961, -15.3492, -13.9433, -16.7841, -20.6222, -19.4136, -12.0694, -10.8793, -16.3274,
    -12.0172, -15.6813, -13.3827, -20.9287, -16.3812, -13.2779, -22.2435, -18.7991, -15.5956, -17.9016,
    -21.9195, -19.0648, -15.7658, -13.6698, -10.2541, -16.5381, -16.6811, -15.3587, -18.2418, -14.3265,
    -7.7036, -5.0869, -4.4280, 0.6557, -0.7898, -2.5497, -4.4229, -5.9067, 1.1631, -5.6992,
    -5.8533, 1.5378, -1.5710, -3.3873, -3.2583, -3.0202, -0.3267, -1.4897, -3.6369, 1.7494,
    -3.5966, -6.2009, -1.3575, -1.0535, -0.0991, 2.1584, -6.5009, -6.6010, 0.2838, -4.3497,
    -3.1919, -5.9485, 0.1879, -0.4356, 1.3089, 0.8350, -3.4186, -0.3539, -6.6322, -2.9098,
    -5.1121, -3.2882, -5.0031, -4.7401, -9.5941, -2.9814, -2.4702, -9.0293, -5.6558, -4.8264,
  ]

### rewards/p2
  Total points: 100
  Min: -2.1584, Max: 23.9049, Mean: 10.4745
  Data: [
    17.5546, 15.0979, 15.6134, 14.3695, 16.5960, 19.2082, 21.4563, 20.8460, 17.0817, 15.5976,
    11.4346, 14.7102, 21.2050, 16.3530, 17.9844, 17.6173, 20.8405, 23.9049, 19.8825, 17.4161,
    17.3755, 20.5289, 16.9058, 15.4944, 18.6262, 22.2167, 20.8797, 13.5832, 12.1517, 17.5120,
    14.0627, 17.6089, 15.0934, 22.8447, 18.2734, 14.4866, 23.4318, 20.8433, 16.8781, 19.6202,
    23.4201, 20.9840, 17.2784, 15.0401, 12.2268, 18.2004, 18.5337, 17.4734, 20.1910, 16.3105,
    7.7036, 5.0869, 4.4280, -0.6557, 0.7898, 2.5497, 4.4229, 5.9067, -1.1631, 5.6992,
    5.8533, -1.5378, 1.5710, 3.3873, 3.2583, 3.0202, 0.3267, 1.4897, 3.6369, -1.7494,
    3.5966, 6.2009, 1.3575, 1.0535, 0.0991, -2.1584, 6.5009, 6.6010, -0.2838, 4.3497,
    3.1919, 5.9485, -0.1879, 0.4356, -1.3089, -0.8350, 3.4186, 0.3539, 6.6322, 2.9098,
    5.1121, 3.2882, 5.0031, 4.7401, 9.5941, 2.9814, 2.4702, 9.0293, 5.6558, 4.8264,
  ]

### rewards/sparse_only
  Total points: 100
  Min: -23.9049, Max: 2.1584, Mean: -10.4745
  Data: [
    -17.5546, -15.0979, -15.6134, -14.3695, -16.5960, -19.2082, -21.4563, -20.8460, -17.0817, -15.5976,
    -11.4346, -14.7102, -21.2050, -16.3530, -17.9844, -17.6173, -20.8405, -23.9049, -19.8825, -17.4161,
    -17.3755, -20.5289, -16.9058, -15.4944, -18.6262, -22.2167, -20.8797, -13.5832, -12.1517, -17.5120,
    -14.0627, -17.6089, -15.0934, -22.8447, -18.2734, -14.4866, -23.4318, -20.8433, -16.8781, -19.6202,
    -23.4201, -20.9840, -17.2784, -15.0401, -12.2268, -18.2004, -18.5337, -17.4734, -20.1910, -16.3105,
    -7.7036, -5.0869, -4.4280, 0.6557, -0.7898, -2.5497, -4.4229, -5.9067, 1.1631, -5.6992,
    -5.8533, 1.5378, -1.5710, -3.3873, -3.2583, -3.0202, -0.3267, -1.4897, -3.6369, 1.7494,
    -3.5966, -6.2009, -1.3575, -1.0535, -0.0991, 2.1584, -6.5009, -6.6010, 0.2838, -4.3497,
    -3.1919, -5.9485, 0.1879, -0.4356, 1.3089, 0.8350, -3.4186, -0.3539, -6.6322, -2.9098,
    -5.1121, -3.2882, -5.0031, -4.7401, -9.5941, -2.9814, -2.4702, -9.0293, -5.6558, -4.8264,
  ]

### rewards/sparse_ratio
  Total points: 100
  Min: 1.0000, Max: 1.1924, Mean: 1.0520
  Data: [
    1.0572, 1.1228, 1.0993, 1.1217, 1.0761, 1.0806, 1.0902, 1.1125, 1.0781, 1.0993,
    1.1778, 1.1092, 1.0876, 1.1272, 1.1120, 1.1148, 1.0858, 1.0702, 1.0933, 1.0866,
    1.1058, 1.0864, 1.1014, 1.1112, 1.1098, 1.0773, 1.0755, 1.1254, 1.1170, 1.0726,
    1.1702, 1.1229, 1.1278, 1.0915, 1.1155, 1.0910, 1.0534, 1.1087, 1.0822, 1.0960,
    1.0685, 1.1007, 1.0959, 1.1002, 1.1924, 1.1005, 1.1111, 1.1377, 1.1069, 1.1385,
    1.0000, 1.0000, 1.0000, 1.0000, 1.0000, 1.0000, 1.0000, 1.0000, 1.0000, 1.0000,
    1.0000, 1.0000, 1.0000, 1.0000, 1.0000, 1.0000, 1.0000, 1.0000, 1.0000, 1.0000,
    1.0000, 1.0000, 1.0000, 1.0000, 1.0000, 1.0000, 1.0000, 1.0000, 1.0000, 1.0000,
    1.0000, 1.0000, 1.0000, 1.0000, 1.0000, 1.0000, 1.0000, 1.0000, 1.0000, 1.0000,
    1.0000, 1.0000, 1.0000, 1.0000, 1.0000, 1.0000, 1.0000, 1.0000, 1.0000, 1.0000,
  ]

### scoring/goals_conceded
  Total points: 100
  Min: 7.0000, Max: 4157.0000, Mean: 2104.0500
  Data: [
    7.0000, 13.0000, 44.0000, 50.0000, 57.0000, 68.0000, 84.0000, 89.0000, 144.0000, 148.0000,
    155.0000, 160.0000, 170.0000, 211.0000, 225.0000, 230.0000, 233.0000, 236.0000, 244.0000, 252.0000,
    273.0000, 282.0000, 287.0000, 301.0000, 313.0000, 317.0000, 329.0000, 341.0000, 349.0000, 366.0000,
    369.0000, 382.0000, 387.0000, 422.0000, 428.0000, 438.0000, 449.0000, 466.0000, 472.0000, 492.0000,
    506.0000, 514.0000, 523.0000, 531.0000, 536.0000, 549.0000, 582.0000, 586.0000, 591.0000, 602.0000,
    3670.0000, 3675.0000, 3702.0000, 3704.0000, 3712.0000, 3716.0000, 3722.0000, 3735.0000, 3747.0000, 3752.0000,
    3759.0000, 3764.0000, 3770.0000, 3778.0000, 3782.0000, 3816.0000, 3821.0000, 3823.0000, 3841.0000, 3841.0000,
    3855.0000, 3862.0000, 3865.0000, 3871.0000, 3873.0000, 3880.0000, 3897.0000, 3904.0000, 3906.0000, 3934.0000,
    3938.0000, 3954.0000, 3956.0000, 3960.0000, 3978.0000, 3986.0000, 3993.0000, 4000.0000, 4005.0000, 4007.0000,
    4011.0000, 4053.0000, 4074.0000, 4079.0000, 4087.0000, 4090.0000, 4092.0000, 4100.0000, 4105.0000, 4157.0000,
  ]

### scoring/goals_scored
  Total points: 100
  Min: 0.0000, Max: 2607.0000, Mean: 1263.9100
  Data: [
    0.0000, 1.0000, 6.0000, 7.0000, 8.0000, 10.0000, 11.0000, 12.0000, 25.0000, 28.0000,
    30.0000, 31.0000, 31.0000, 38.0000, 39.0000, 39.0000, 39.0000, 39.0000, 39.0000, 39.0000,
    42.0000, 42.0000, 43.0000, 45.0000, 47.0000, 47.0000, 47.0000, 51.0000, 54.0000, 56.0000,
    58.0000, 62.0000, 63.0000, 68.0000, 68.0000, 70.0000, 71.0000, 74.0000, 75.0000, 77.0000,
    79.0000, 81.0000, 85.0000, 87.0000, 89.0000, 92.0000, 98.0000, 99.0000, 99.0000, 102.0000,
    2331.0000, 2333.0000, 2345.0000, 2349.0000, 2353.0000, 2356.0000, 2359.0000, 2362.0000, 2382.0000, 2383.0000,
    2387.0000, 2395.0000, 2397.0000, 2402.0000, 2404.0000, 2427.0000, 2434.0000, 2436.0000, 2445.0000, 2449.0000,
    2457.0000, 2461.0000, 2464.0000, 2471.0000, 2474.0000, 2480.0000, 2488.0000, 2491.0000, 2495.0000, 2509.0000,
    2511.0000, 2518.0000, 2522.0000, 2527.0000, 2542.0000, 2553.0000, 2558.0000, 2564.0000, 2564.0000, 2565.0000,
    2566.0000, 2583.0000, 2589.0000, 2591.0000, 2591.0000, 2593.0000, 2594.0000, 2595.0000, 2596.0000, 2607.0000,
  ]

### selfplay/active
  Total points: 100
  Min: 0.0000, Max: 0.0000, Mean: 0.0000
  Data: [
    0.0000, 0.0000, 0.0000, 0.0000, 0.0000, 0.0000, 0.0000, 0.0000, 0.0000, 0.0000,
    0.0000, 0.0000, 0.0000, 0.0000, 0.0000, 0.0000, 0.0000, 0.0000, 0.0000, 0.0000,
    0.0000, 0.0000, 0.0000, 0.0000, 0.0000, 0.0000, 0.0000, 0.0000, 0.0000, 0.0000,
    0.0000, 0.0000, 0.0000, 0.0000, 0.0000, 0.0000, 0.0000, 0.0000, 0.0000, 0.0000,
    0.0000, 0.0000, 0.0000, 0.0000, 0.0000, 0.0000, 0.0000, 0.0000, 0.0000, 0.0000,
    0.0000, 0.0000, 0.0000, 0.0000, 0.0000, 0.0000, 0.0000, 0.0000, 0.0000, 0.0000,
    0.0000, 0.0000, 0.0000, 0.0000, 0.0000, 0.0000, 0.0000, 0.0000, 0.0000, 0.0000,
    0.0000, 0.0000, 0.0000, 0.0000, 0.0000, 0.0000, 0.0000, 0.0000, 0.0000, 0.0000,
    0.0000, 0.0000, 0.0000, 0.0000, 0.0000, 0.0000, 0.0000, 0.0000, 0.0000, 0.0000,
    0.0000, 0.0000, 0.0000, 0.0000, 0.0000, 0.0000, 0.0000, 0.0000, 0.0000, 0.0000,
  ]

### selfplay/episode_opponent_type_selfplay
  Total points: 100
  Min: 0.0000, Max: 0.0000, Mean: 0.0000
  Data: [
    0.0000, 0.0000, 0.0000, 0.0000, 0.0000, 0.0000, 0.0000, 0.0000, 0.0000, 0.0000,
    0.0000, 0.0000, 0.0000, 0.0000, 0.0000, 0.0000, 0.0000, 0.0000, 0.0000, 0.0000,
    0.0000, 0.0000, 0.0000, 0.0000, 0.0000, 0.0000, 0.0000, 0.0000, 0.0000, 0.0000,
    0.0000, 0.0000, 0.0000, 0.0000, 0.0000, 0.0000, 0.0000, 0.0000, 0.0000, 0.0000,
    0.0000, 0.0000, 0.0000, 0.0000, 0.0000, 0.0000, 0.0000, 0.0000, 0.0000, 0.0000,
    0.0000, 0.0000, 0.0000, 0.0000, 0.0000, 0.0000, 0.0000, 0.0000, 0.0000, 0.0000,
    0.0000, 0.0000, 0.0000, 0.0000, 0.0000, 0.0000, 0.0000, 0.0000, 0.0000, 0.0000,
    0.0000, 0.0000, 0.0000, 0.0000, 0.0000, 0.0000, 0.0000, 0.0000, 0.0000, 0.0000,
    0.0000, 0.0000, 0.0000, 0.0000, 0.0000, 0.0000, 0.0000, 0.0000, 0.0000, 0.0000,
    0.0000, 0.0000, 0.0000, 0.0000, 0.0000, 0.0000, 0.0000, 0.0000, 0.0000, 0.0000,
  ]

### selfplay/episode_opponent_type_strong
  Total points: 100
  Min: 0.0000, Max: 0.0000, Mean: 0.0000
  Data: [
    0.0000, 0.0000, 0.0000, 0.0000, 0.0000, 0.0000, 0.0000, 0.0000, 0.0000, 0.0000,
    0.0000, 0.0000, 0.0000, 0.0000, 0.0000, 0.0000, 0.0000, 0.0000, 0.0000, 0.0000,
    0.0000, 0.0000, 0.0000, 0.0000, 0.0000, 0.0000, 0.0000, 0.0000, 0.0000, 0.0000,
    0.0000, 0.0000, 0.0000, 0.0000, 0.0000, 0.0000, 0.0000, 0.0000, 0.0000, 0.0000,
    0.0000, 0.0000, 0.0000, 0.0000, 0.0000, 0.0000, 0.0000, 0.0000, 0.0000, 0.0000,
    0.0000, 0.0000, 0.0000, 0.0000, 0.0000, 0.0000, 0.0000, 0.0000, 0.0000, 0.0000,
    0.0000, 0.0000, 0.0000, 0.0000, 0.0000, 0.0000, 0.0000, 0.0000, 0.0000, 0.0000,
    0.0000, 0.0000, 0.0000, 0.0000, 0.0000, 0.0000, 0.0000, 0.0000, 0.0000, 0.0000,
    0.0000, 0.0000, 0.0000, 0.0000, 0.0000, 0.0000, 0.0000, 0.0000, 0.0000, 0.0000,
    0.0000, 0.0000, 0.0000, 0.0000, 0.0000, 0.0000, 0.0000, 0.0000, 0.0000, 0.0000,
  ]

### selfplay/episode_opponent_type_weak
  Total points: 100
  Min: 1.0000, Max: 1.0000, Mean: 1.0000
  Data: [
    1.0000, 1.0000, 1.0000, 1.0000, 1.0000, 1.0000, 1.0000, 1.0000, 1.0000, 1.0000,
    1.0000, 1.0000, 1.0000, 1.0000, 1.0000, 1.0000, 1.0000, 1.0000, 1.0000, 1.0000,
    1.0000, 1.0000, 1.0000, 1.0000, 1.0000, 1.0000, 1.0000, 1.0000, 1.0000, 1.0000,
    1.0000, 1.0000, 1.0000, 1.0000, 1.0000, 1.0000, 1.0000, 1.0000, 1.0000, 1.0000,
    1.0000, 1.0000, 1.0000, 1.0000, 1.0000, 1.0000, 1.0000, 1.0000, 1.0000, 1.0000,
    1.0000, 1.0000, 1.0000, 1.0000, 1.0000, 1.0000, 1.0000, 1.0000, 1.0000, 1.0000,
    1.0000, 1.0000, 1.0000, 1.0000, 1.0000, 1.0000, 1.0000, 1.0000, 1.0000, 1.0000,
    1.0000, 1.0000, 1.0000, 1.0000, 1.0000, 1.0000, 1.0000, 1.0000, 1.0000, 1.0000,
    1.0000, 1.0000, 1.0000, 1.0000, 1.0000, 1.0000, 1.0000, 1.0000, 1.0000, 1.0000,
    1.0000, 1.0000, 1.0000, 1.0000, 1.0000, 1.0000, 1.0000, 1.0000, 1.0000, 1.0000,
  ]

### selfplay/pool_size
  Total points: 100
  Min: 0.0000, Max: 0.0000, Mean: 0.0000
  Data: [
    0.0000, 0.0000, 0.0000, 0.0000, 0.0000, 0.0000, 0.0000, 0.0000, 0.0000, 0.0000,
    0.0000, 0.0000, 0.0000, 0.0000, 0.0000, 0.0000, 0.0000, 0.0000, 0.0000, 0.0000,
    0.0000, 0.0000, 0.0000, 0.0000, 0.0000, 0.0000, 0.0000, 0.0000, 0.0000, 0.0000,
    0.0000, 0.0000, 0.0000, 0.0000, 0.0000, 0.0000, 0.0000, 0.0000, 0.0000, 0.0000,
    0.0000, 0.0000, 0.0000, 0.0000, 0.0000, 0.0000, 0.0000, 0.0000, 0.0000, 0.0000,
    0.0000, 0.0000, 0.0000, 0.0000, 0.0000, 0.0000, 0.0000, 0.0000, 0.0000, 0.0000,
    0.0000, 0.0000, 0.0000, 0.0000, 0.0000, 0.0000, 0.0000, 0.0000, 0.0000, 0.0000,
    0.0000, 0.0000, 0.0000, 0.0000, 0.0000, 0.0000, 0.0000, 0.0000, 0.0000, 0.0000,
    0.0000, 0.0000, 0.0000, 0.0000, 0.0000, 0.0000, 0.0000, 0.0000, 0.0000, 0.0000,
    0.0000, 0.0000, 0.0000, 0.0000, 0.0000, 0.0000, 0.0000, 0.0000, 0.0000, 0.0000,
  ]

### selfplay/weak_ratio_target
  Total points: 100
  Min: 0.5000, Max: 0.5000, Mean: 0.5000
  Data: [
    0.5000, 0.5000, 0.5000, 0.5000, 0.5000, 0.5000, 0.5000, 0.5000, 0.5000, 0.5000,
    0.5000, 0.5000, 0.5000, 0.5000, 0.5000, 0.5000, 0.5000, 0.5000, 0.5000, 0.5000,
    0.5000, 0.5000, 0.5000, 0.5000, 0.5000, 0.5000, 0.5000, 0.5000, 0.5000, 0.5000,
    0.5000, 0.5000, 0.5000, 0.5000, 0.5000, 0.5000, 0.5000, 0.5000, 0.5000, 0.5000,
    0.5000, 0.5000, 0.5000, 0.5000, 0.5000, 0.5000, 0.5000, 0.5000, 0.5000, 0.5000,
    0.5000, 0.5000, 0.5000, 0.5000, 0.5000, 0.5000, 0.5000, 0.5000, 0.5000, 0.5000,
    0.5000, 0.5000, 0.5000, 0.5000, 0.5000, 0.5000, 0.5000, 0.5000, 0.5000, 0.5000,
    0.5000, 0.5000, 0.5000, 0.5000, 0.5000, 0.5000, 0.5000, 0.5000, 0.5000, 0.5000,
    0.5000, 0.5000, 0.5000, 0.5000, 0.5000, 0.5000, 0.5000, 0.5000, 0.5000, 0.5000,
    0.5000, 0.5000, 0.5000, 0.5000, 0.5000, 0.5000, 0.5000, 0.5000, 0.5000, 0.5000,
  ]

### training/avg_episode_length
  Total points: 100
  Min: 83.5000, Max: 232.2000, Mean: 159.0130
  Data: [
    124.4000, 144.0000, 149.6000, 128.9000, 114.0000, 152.9000, 179.1000, 219.2000, 123.8000, 143.9000,
    172.1000, 137.0000, 178.7000, 144.3000, 141.2000, 169.7000, 186.9000, 189.0000, 136.9000, 127.4000,
    148.0000, 178.7000, 153.1000, 148.2000, 180.2000, 178.8000, 187.4000, 124.7000, 130.4000, 137.6000,
    171.7000, 164.3000, 149.2000, 181.2000, 163.3000, 156.9000, 152.8000, 170.7000, 122.6000, 139.8000,
    184.8000, 195.3000, 157.8000, 160.0000, 146.4000, 165.5000, 178.0000, 191.6000, 173.0000, 174.9000,
    154.3000, 144.9000, 130.2000, 174.6000, 155.4000, 142.6000, 190.5000, 202.7000, 192.0000, 169.9000,
    172.7000, 165.4000, 221.8000, 232.2000, 159.8000, 153.0000, 126.1000, 196.6000, 219.6000, 178.6000,
    173.4000, 203.3000, 143.1000, 193.4000, 172.1000, 187.5000, 159.0000, 148.4000, 144.9000, 149.6000,
    152.7000, 139.6000, 157.9000, 92.8000, 123.9000, 179.5000, 112.2000, 124.0000, 172.0000, 204.5000,
    162.4000, 154.5000, 131.4000, 154.4000, 102.5000, 170.5000, 186.9000, 86.1000, 122.5000, 83.5000,
  ]

### training/calls_per_episode
  Total points: 100
  Min: 0.0000, Max: 0.0000, Mean: 0.0000
  Data: [
    0.0000, 0.0000, 0.0000, 0.0000, 0.0000, 0.0000, 0.0000, 0.0000, 0.0000, 0.0000,
    0.0000, 0.0000, 0.0000, 0.0000, 0.0000, 0.0000, 0.0000, 0.0000, 0.0000, 0.0000,
    0.0000, 0.0000, 0.0000, 0.0000, 0.0000, 0.0000, 0.0000, 0.0000, 0.0000, 0.0000,
    0.0000, 0.0000, 0.0000, 0.0000, 0.0000, 0.0000, 0.0000, 0.0000, 0.0000, 0.0000,
    0.0000, 0.0000, 0.0000, 0.0000, 0.0000, 0.0000, 0.0000, 0.0000, 0.0000, 0.0000,
    0.0000, 0.0000, 0.0000, 0.0000, 0.0000, 0.0000, 0.0000, 0.0000, 0.0000, 0.0000,
    0.0000, 0.0000, 0.0000, 0.0000, 0.0000, 0.0000, 0.0000, 0.0000, 0.0000, 0.0000,
    0.0000, 0.0000, 0.0000, 0.0000, 0.0000, 0.0000, 0.0000, 0.0000, 0.0000, 0.0000,
    0.0000, 0.0000, 0.0000, 0.0000, 0.0000, 0.0000, 0.0000, 0.0000, 0.0000, 0.0000,
    0.0000, 0.0000, 0.0000, 0.0000, 0.0000, 0.0000, 0.0000, 0.0000, 0.0000, 0.0000,
  ]

### training/episode
  Total points: 100
  Min: 10.0000, Max: 10890.0000, Mean: 5434.0000
  Data: [
    10.0000, 20.0000, 80.0000, 90.0000, 100.0000, 120.0000, 150.0000, 170.0000, 280.0000, 290.0000,
    310.0000, 320.0000, 340.0000, 420.0000, 440.0000, 450.0000, 460.0000, 470.0000, 480.0000, 490.0000,
    530.0000, 550.0000, 560.0000, 590.0000, 610.0000, 620.0000, 650.0000, 680.0000, 700.0000, 740.0000,
    750.0000, 780.0000, 790.0000, 860.0000, 870.0000, 890.0000, 910.0000, 950.0000, 960.0000, 1000.0000,
    1030.0000, 1050.0000, 1070.0000, 1090.0000, 1100.0000, 1130.0000, 1190.0000, 1200.0000, 1210.0000, 1230.0000,
    9550.0000, 9560.0000, 9620.0000, 9630.0000, 9650.0000, 9660.0000, 9680.0000, 9710.0000, 9770.0000, 9780.0000,
    9800.0000, 9830.0000, 9850.0000, 9880.0000, 9890.0000, 10020.0000, 10040.0000, 10050.0000, 10100.0000, 10110.0000,
    10150.0000, 10180.0000, 10190.0000, 10210.0000, 10220.0000, 10240.0000, 10290.0000, 10310.0000, 10320.0000, 10410.0000,
    10420.0000, 10450.0000, 10460.0000, 10470.0000, 10520.0000, 10550.0000, 10570.0000, 10590.0000, 10600.0000, 10610.0000,
    10620.0000, 10710.0000, 10750.0000, 10760.0000, 10770.0000, 10780.0000, 10790.0000, 10800.0000, 10810.0000, 10890.0000,
  ]

### training/eps_per_sec
  Total points: 100
  Min: 0.1103, Max: 11.5076, Mean: 4.4406
  Data: [
    3.6103, 9.4577, 9.3646, 10.7949, 11.5076, 8.8375, 7.4632, 6.4385, 11.1507, 9.6416,
    7.7768, 9.8953, 7.7458, 9.6526, 9.8920, 8.2408, 7.4855, 7.4072, 9.9837, 10.7191,
    9.0591, 7.5715, 8.8575, 9.2957, 7.3707, 7.3692, 7.2437, 10.9125, 10.5098, 9.4543,
    7.6982, 8.1532, 8.6777, 7.3638, 8.4296, 8.6292, 8.7030, 7.8132, 10.6771, 9.4907,
    7.3564, 6.7931, 8.3843, 8.3697, 9.0230, 8.1182, 7.5302, 7.0624, 7.6933, 7.5950,
    0.3683, 0.1103, 0.5298, 0.3813, 0.4854, 0.1505, 0.3752, 0.1307, 0.3601, 0.3483,
    0.3161, 0.3645, 0.3911, 0.3421, 0.3096, 0.3701, 0.3563, 0.2839, 0.3064, 0.1152,
    0.3597, 0.3326, 0.3869, 0.1154, 0.4600, 0.4632, 0.3277, 0.1163, 0.3080, 0.1135,
    0.3240, 0.3886, 0.1176, 0.3359, 0.4036, 0.3841, 0.4859, 0.3495, 0.3645, 0.1421,
    0.3891, 0.1185, 0.3198, 0.1344, 0.5053, 0.4639, 0.2839, 0.3761, 0.1161, 0.4055,
  ]

### training/epsilon
  Total points: 100
  Min: 0.0500, Max: 0.9950, Mean: 0.3946
  Data: [
    0.9950, 0.9900, 0.9608, 0.9560, 0.9512, 0.9418, 0.9277, 0.9185, 0.8693, 0.8650,
    0.8564, 0.8521, 0.8436, 0.8105, 0.8025, 0.7985, 0.7945, 0.7905, 0.7866, 0.7827,
    0.7672, 0.7595, 0.7557, 0.7445, 0.7371, 0.7334, 0.7225, 0.7117, 0.7046, 0.6907,
    0.6872, 0.6770, 0.6736, 0.6504, 0.6472, 0.6408, 0.6344, 0.6218, 0.6187, 0.6065,
    0.5974, 0.5915, 0.5856, 0.5798, 0.5769, 0.5683, 0.5515, 0.5487, 0.5460, 0.5406,
    0.0500, 0.0500, 0.0500, 0.0500, 0.0500, 0.0500, 0.0500, 0.0500, 0.0500, 0.0500,
    0.0500, 0.0500, 0.0500, 0.0500, 0.0500, 0.0500, 0.0500, 0.0500, 0.0500, 0.0500,
    0.0500, 0.0500, 0.0500, 0.0500, 0.0500, 0.0500, 0.0500, 0.0500, 0.0500, 0.0500,
    0.0500, 0.0500, 0.0500, 0.0500, 0.0500, 0.0500, 0.0500, 0.0500, 0.0500, 0.0500,
    0.0500, 0.0500, 0.0500, 0.0500, 0.0500, 0.0500, 0.0500, 0.0500, 0.0500, 0.0500,
  ]

### training/pbrs_enabled
  Total points: 100
  Min: 1.0000, Max: 1.0000, Mean: 1.0000
  Data: [
    1.0000, 1.0000, 1.0000, 1.0000, 1.0000, 1.0000, 1.0000, 1.0000, 1.0000, 1.0000,
    1.0000, 1.0000, 1.0000, 1.0000, 1.0000, 1.0000, 1.0000, 1.0000, 1.0000, 1.0000,
    1.0000, 1.0000, 1.0000, 1.0000, 1.0000, 1.0000, 1.0000, 1.0000, 1.0000, 1.0000,
    1.0000, 1.0000, 1.0000, 1.0000, 1.0000, 1.0000, 1.0000, 1.0000, 1.0000, 1.0000,
    1.0000, 1.0000, 1.0000, 1.0000, 1.0000, 1.0000, 1.0000, 1.0000, 1.0000, 1.0000,
    1.0000, 1.0000, 1.0000, 1.0000, 1.0000, 1.0000, 1.0000, 1.0000, 1.0000, 1.0000,
    1.0000, 1.0000, 1.0000, 1.0000, 1.0000, 1.0000, 1.0000, 1.0000, 1.0000, 1.0000,
    1.0000, 1.0000, 1.0000, 1.0000, 1.0000, 1.0000, 1.0000, 1.0000, 1.0000, 1.0000,
    1.0000, 1.0000, 1.0000, 1.0000, 1.0000, 1.0000, 1.0000, 1.0000, 1.0000, 1.0000,
    1.0000, 1.0000, 1.0000, 1.0000, 1.0000, 1.0000, 1.0000, 1.0000, 1.0000, 1.0000,
  ]

### values/Q_avg
  Total points: 43
  Min: -4.3166, Max: 0.0866, Mean: -3.1325
  Data: [
    0.0500, 0.0866, 0.0457, 0.0519, 0.0475, 0.0640, 0.0552, 0.0413, -3.0100, -3.9262,
    -3.6252, -3.6906, -3.7942, -4.2410, -4.0600, -3.8110, -3.9132, -3.8665, -4.0997, -4.1343,
    -4.2488, -4.3166, -4.2796, -4.1629, -4.0123, -4.0047, -3.6275, -3.9115, -4.0826, -3.9478,
    -3.8253, -3.8196, -3.9471, -3.6488, -3.7174, -3.6602, -3.4279, -3.9089, -3.9536, -3.5118,
    -3.6154, -3.7156, -3.6200,
  ]

### values/Q_max
  Total points: 43
  Min: -2.3800, Max: 11.0490, Mean: 4.0670
  Data: [
    0.3444, 0.3441, 0.3516, 0.2984, 0.3517, 0.3470, 0.3129, 0.3456, 5.9667, -1.5008,
    4.8223, 6.1772, 7.1685, -1.8922, 3.9619, 11.0490, 10.4354, 6.5716, 10.0820, 7.4484,
    8.0125, -2.3041, -2.3800, -2.2638, -1.5401, 7.8494, 7.4065, 8.6396, -2.3640, 3.8977,
    5.9827, 8.6715, 7.0528, 7.5021, 10.2005, 7.8253, 10.5964, -2.3321, -2.2603, 9.2226,
    -1.6736, 6.9142, 9.2398,
  ]

### values/Q_min
  Total points: 43
  Min: -9.6489, Max: -0.1916, Mean: -6.6415
  Data: [
    -0.3466, -0.1916, -0.2417, -0.2539, -0.2438, -0.2552, -0.2005, -0.2210, -8.4190, -8.4678,
    -7.5291, -8.3257, -8.2364, -8.4743, -6.0457, -8.5488, -7.0325, -8.6386, -7.6354, -7.9749,
    -8.2399, -8.1056, -8.1449, -8.3902, -7.7122, -7.9648, -7.6796, -8.2217, -7.9716, -7.7569,
    -7.6893, -7.6222, -7.3601, -8.1293, -7.2800, -8.7475, -7.1536, -8.8322, -9.0273, -8.0953,
    -9.1959, -9.6489, -9.3320,
  ]

### values/Q_std
  Total points: 43
  Min: 0.1182, Max: 2.2298, Mean: 1.2792
  Data: [
    0.1362, 0.1264, 0.1387, 0.1316, 0.1301, 0.1339, 0.1182, 0.1235, 1.9146, 1.2279,
    1.4054, 1.6812, 1.6391, 1.1071, 1.2422, 2.2298, 2.2259, 1.6346, 1.7526, 1.5154,
    1.6800, 0.9718, 1.1052, 0.9736, 1.0504, 1.5629, 2.1040, 1.6236, 1.0902, 1.2287,
    1.5559, 1.5925, 1.4797, 2.0757, 1.6531, 2.0362, 1.6274, 1.2964, 1.3070, 1.7394,
    1.0629, 1.6927, 1.8840,
  ]
