================================================================================
W&B RUN DATA: 2TD3-Hockey-NORMAL-weak-lr0.0010-seed42
================================================================================

## RUN METADATA
Run ID: 0dt2qjft
Created: 2026-01-18T23:06:40Z
State: running
Duration: 40396.085445557 seconds

## CONFIGURATION
  algorithm: TD3
  mode: NORMAL
  opponent: weak
  learning_rate_actor: 0.001
  learning_rate_critic: 0.001
  batch_size: 100
  buffer_size: 1000000
  max_episodes: 100000
  random_seed: 42
  self_play_start: 100000
  self_play_pool_size: 25
  gamma: 0.99
  tau: 0.005

## FINAL SUMMARY

## NOTE: Data discretized to fit 100000 char limit
  Showing ~66 points per metric (of 238 total)

## METRICS DATA

### behavior/action_magnitude_avg
  Total points: 100
  Min: 0.9626, Max: 1.3893, Mean: 1.1955
  Data: [
    0.9836, 0.9755, 0.9643, 0.9706, 0.9669, 0.9744, 0.9754, 0.9952, 0.9878, 0.9911,
    0.9798, 0.9640, 0.9693, 0.9859, 0.9867, 0.9652, 0.9731, 0.9796, 0.9775, 0.9748,
    0.9715, 0.9702, 0.9626, 0.9734, 0.9737, 0.9721, 0.9667, 0.9724, 0.9686, 0.9711,
    0.9780, 0.9816, 0.9741, 0.9739, 0.9765, 0.9754, 0.9738, 0.9725, 0.9832, 0.9851,
    1.1307, 1.1330, 1.1217, 1.1009, 1.1329, 1.1058, 1.1265, 1.1185, 1.1200, 1.1304,
    1.3862, 1.3864, 1.3872, 1.3852, 1.3854, 1.3866, 1.3875, 1.3857, 1.3861, 1.3855,
    1.3862, 1.3845, 1.3866, 1.3870, 1.3861, 1.3871, 1.3871, 1.3863, 1.3865, 1.3856,
    1.3854, 1.3843, 1.3845, 1.3893, 1.3862, 1.3882, 1.3855, 1.3866, 1.3881, 1.3859,
    1.3871, 1.3864, 1.3872, 1.3852, 1.3868, 1.3842, 1.3881, 1.3864, 1.3871, 1.3861,
    1.3885, 1.3873, 1.3872, 1.3851, 1.3878, 1.3857, 1.3856, 1.3862, 1.3850, 1.3856,
  ]

### behavior/action_magnitude_max
  Total points: 100
  Min: 1.4039, Max: 1.4142, Mean: 1.4141
  Data: [
    1.4142, 1.4142, 1.4142, 1.4142, 1.4142, 1.4142, 1.4142, 1.4142, 1.4142, 1.4142,
    1.4142, 1.4142, 1.4112, 1.4142, 1.4142, 1.4142, 1.4142, 1.4142, 1.4142, 1.4142,
    1.4142, 1.4142, 1.4142, 1.4142, 1.4142, 1.4039, 1.4142, 1.4142, 1.4142, 1.4142,
    1.4142, 1.4142, 1.4142, 1.4142, 1.4142, 1.4142, 1.4142, 1.4142, 1.4142, 1.4142,
    1.4142, 1.4142, 1.4142, 1.4142, 1.4142, 1.4142, 1.4142, 1.4142, 1.4142, 1.4142,
    1.4142, 1.4142, 1.4142, 1.4142, 1.4142, 1.4142, 1.4142, 1.4142, 1.4142, 1.4142,
    1.4142, 1.4142, 1.4142, 1.4142, 1.4142, 1.4142, 1.4142, 1.4142, 1.4142, 1.4142,
    1.4142, 1.4142, 1.4142, 1.4142, 1.4142, 1.4142, 1.4142, 1.4142, 1.4142, 1.4142,
    1.4142, 1.4142, 1.4142, 1.4142, 1.4142, 1.4142, 1.4142, 1.4142, 1.4142, 1.4142,
    1.4142, 1.4142, 1.4142, 1.4142, 1.4142, 1.4142, 1.4142, 1.4142, 1.4142, 1.4142,
  ]

### behavior/dist_to_puck_avg
  Total points: 100
  Min: 2.0430, Max: 3.9133, Mean: 2.8298
  Data: [
    3.7181, 3.9133, 3.2174, 3.2501, 3.0093, 3.4647, 3.8326, 3.7693, 3.4525, 3.6156,
    3.3437, 3.2217, 3.3324, 3.0924, 3.6009, 3.3920, 3.5758, 3.2184, 3.1096, 3.2514,
    3.1592, 3.3843, 3.4068, 3.5287, 3.2940, 3.1860, 3.2965, 3.6509, 3.0232, 3.0588,
    3.6038, 3.2106, 3.3926, 3.3464, 3.8093, 3.3722, 3.1640, 3.3530, 3.4851, 3.7326,
    2.6307, 2.8241, 2.5445, 2.5712, 2.3159, 2.2408, 2.0719, 2.2078, 2.3666, 2.2383,
    2.4915, 2.4190, 2.6824, 2.6760, 2.7904, 2.3811, 2.8059, 2.4780, 2.5205, 2.8655,
    2.5128, 2.3667, 2.5536, 2.3143, 2.5165, 2.1938, 2.2294, 2.1580, 2.0447, 2.2181,
    2.6243, 2.3577, 2.3717, 2.5328, 2.2148, 2.2637, 2.2109, 2.6693, 2.6799, 2.2235,
    2.8145, 2.4809, 2.7057, 2.5885, 2.7459, 2.5218, 2.4319, 2.2657, 2.5318, 2.6509,
    2.5345, 2.4988, 2.6761, 2.6004, 2.3015, 2.4510, 2.1809, 2.4262, 2.0430, 2.3098,
  ]

### behavior/dist_to_puck_min
  Total points: 100
  Min: 0.2390, Max: 1.4733, Mean: 0.5976
  Data: [
    1.1647, 1.4301, 0.9185, 0.7960, 1.0341, 0.9896, 0.9017, 1.0091, 0.7084, 1.0247,
    1.3205, 0.8815, 0.6521, 0.5924, 0.6347, 1.1592, 0.9136, 0.6770, 0.9382, 0.7252,
    0.5521, 0.8504, 1.0602, 1.3954, 0.7591, 0.8052, 0.9720, 1.4733, 0.8733, 0.4768,
    1.0052, 0.5735, 1.1740, 1.0815, 0.6250, 1.1855, 0.6860, 0.8451, 0.8777, 1.0797,
    0.4512, 0.4697, 0.5746, 0.3972, 0.3262, 0.3458, 0.2803, 0.2709, 0.3807, 0.2778,
    0.3835, 0.2747, 0.3464, 0.3670, 0.3584, 0.5794, 0.4790, 0.3497, 0.2390, 0.2636,
    0.2442, 0.3044, 0.2932, 0.3037, 0.3260, 0.2852, 0.3098, 0.3520, 0.3995, 0.3199,
    0.4566, 0.5287, 0.4582, 0.3543, 0.4272, 0.3082, 0.3536, 0.3251, 0.5848, 0.6481,
    0.3855, 0.2954, 0.3126, 0.2453, 0.3437, 0.4295, 0.3429, 0.4118, 0.3950, 0.6825,
    0.3471, 0.4431, 0.5718, 0.3619, 0.4165, 0.4695, 0.4649, 0.3373, 0.3763, 0.3105,
  ]

### behavior/distance_traveled
  Total points: 100
  Min: 4.8268, Max: 16.6989, Mean: 11.2373
  Data: [
    9.7026, 11.6566, 10.4796, 10.1341, 11.4629, 13.7535, 13.8831, 12.6034, 12.5209, 12.8301,
    13.5880, 13.4623, 12.3277, 13.5430, 13.1210, 11.4222, 13.3862, 7.0703, 10.9879, 12.9574,
    12.7608, 13.0239, 14.6770, 13.8733, 12.6738, 11.5691, 10.7004, 11.6626, 12.3835, 11.8503,
    11.2543, 14.8001, 12.3993, 14.8623, 10.7902, 8.7426, 11.5020, 11.7374, 14.4518, 14.5475,
    8.7094, 6.5558, 6.4959, 7.2759, 8.5449, 9.4187, 4.8268, 8.3511, 7.8532, 8.3763,
    8.9618, 13.5511, 7.1628, 12.2402, 10.0400, 6.2729, 9.1373, 11.3605, 11.8925, 14.0409,
    12.3147, 13.8136, 13.8252, 11.3938, 14.3980, 13.4940, 14.7406, 12.7108, 10.7192, 13.9844,
    9.7307, 8.4438, 9.4879, 8.8120, 10.1292, 9.5895, 10.4501, 11.5586, 10.2210, 8.5110,
    11.1711, 8.9059, 12.0720, 13.4505, 13.5502, 8.6072, 8.4207, 10.8224, 11.7174, 8.8980,
    11.6537, 8.7411, 10.2720, 11.2720, 10.0912, 9.0894, 9.8351, 13.3422, 14.5649, 16.6989,
  ]

### behavior/gameplay_vs_strong
  Total points: 66
  ✗ Could not format data: float() argument must be a string or a real number, not 'dict'

### behavior/gameplay_vs_weak
  Total points: 66
  ✗ Could not format data: float() argument must be a string or a real number, not 'dict'

### behavior/lazy_action_ratio
  Total points: 100
  Min: 0.0000, Max: 0.0112, Mean: 0.0020
  Data: [
    0.0077, 0.0046, 0.0084, 0.0011, 0.0055, 0.0044, 0.0038, 0.0090, 0.0035, 0.0059,
    0.0027, 0.0048, 0.0043, 0.0036, 0.0016, 0.0084, 0.0112, 0.0071, 0.0016, 0.0045,
    0.0018, 0.0039, 0.0035, 0.0048, 0.0083, 0.0039, 0.0034, 0.0044, 0.0051, 0.0046,
    0.0054, 0.0012, 0.0032, 0.0024, 0.0054, 0.0078, 0.0035, 0.0016, 0.0049, 0.0031,
    0.0024, 0.0033, 0.0030, 0.0009, 0.0029, 0.0000, 0.0000, 0.0012, 0.0004, 0.0028,
    0.0000, 0.0000, 0.0000, 0.0000, 0.0000, 0.0000, 0.0000, 0.0000, 0.0000, 0.0000,
    0.0000, 0.0000, 0.0000, 0.0000, 0.0000, 0.0000, 0.0000, 0.0000, 0.0000, 0.0000,
    0.0000, 0.0000, 0.0000, 0.0000, 0.0000, 0.0000, 0.0000, 0.0000, 0.0000, 0.0000,
    0.0000, 0.0000, 0.0000, 0.0000, 0.0000, 0.0000, 0.0000, 0.0000, 0.0000, 0.0000,
    0.0000, 0.0000, 0.0000, 0.0000, 0.0000, 0.0000, 0.0000, 0.0000, 0.0000, 0.0000,
  ]

### behavior/possession_ratio
  Total points: 100
  Min: 0.0018, Max: 0.2199, Mean: 0.0883
  Data: [
    0.0179, 0.0122, 0.0106, 0.0195, 0.0054, 0.0111, 0.0098, 0.0163, 0.0073, 0.0151,
    0.0032, 0.0251, 0.0125, 0.0165, 0.0251, 0.0060, 0.0196, 0.0367, 0.0100, 0.0206,
    0.0151, 0.0264, 0.0094, 0.0051, 0.0231, 0.0055, 0.0277, 0.0060, 0.0218, 0.0333,
    0.0243, 0.0231, 0.0018, 0.0043, 0.0313, 0.0216, 0.0204, 0.0153, 0.0280, 0.0148,
    0.0150, 0.0233, 0.0867, 0.1476, 0.1668, 0.1661, 0.2199, 0.1586, 0.1194, 0.1813,
    0.1509, 0.1719, 0.1254, 0.1162, 0.1415, 0.0702, 0.1043, 0.1417, 0.1841, 0.1139,
    0.1757, 0.1858, 0.1556, 0.1691, 0.1522, 0.1260, 0.1666, 0.1300, 0.1548, 0.1613,
    0.1202, 0.1019, 0.1480, 0.1814, 0.1252, 0.1378, 0.1625, 0.1237, 0.0675, 0.0586,
    0.1206, 0.1901, 0.1516, 0.2198, 0.0999, 0.1255, 0.1658, 0.1263, 0.1067, 0.1131,
    0.1646, 0.1633, 0.0893, 0.1259, 0.1400, 0.1325, 0.0983, 0.1529, 0.1311, 0.1408,
  ]

### behavior/puck_touches
  Total points: 100
  Min: 0.0000, Max: 0.0000, Mean: 0.0000
  Data: [
    0.0000, 0.0000, 0.0000, 0.0000, 0.0000, 0.0000, 0.0000, 0.0000, 0.0000, 0.0000,
    0.0000, 0.0000, 0.0000, 0.0000, 0.0000, 0.0000, 0.0000, 0.0000, 0.0000, 0.0000,
    0.0000, 0.0000, 0.0000, 0.0000, 0.0000, 0.0000, 0.0000, 0.0000, 0.0000, 0.0000,
    0.0000, 0.0000, 0.0000, 0.0000, 0.0000, 0.0000, 0.0000, 0.0000, 0.0000, 0.0000,
    0.0000, 0.0000, 0.0000, 0.0000, 0.0000, 0.0000, 0.0000, 0.0000, 0.0000, 0.0000,
    0.0000, 0.0000, 0.0000, 0.0000, 0.0000, 0.0000, 0.0000, 0.0000, 0.0000, 0.0000,
    0.0000, 0.0000, 0.0000, 0.0000, 0.0000, 0.0000, 0.0000, 0.0000, 0.0000, 0.0000,
    0.0000, 0.0000, 0.0000, 0.0000, 0.0000, 0.0000, 0.0000, 0.0000, 0.0000, 0.0000,
    0.0000, 0.0000, 0.0000, 0.0000, 0.0000, 0.0000, 0.0000, 0.0000, 0.0000, 0.0000,
    0.0000, 0.0000, 0.0000, 0.0000, 0.0000, 0.0000, 0.0000, 0.0000, 0.0000, 0.0000,
  ]

### behavior/shoot_action_avg
  Total points: 100
  Min: -0.9454, Max: 0.6319, Mean: -0.2788
  Data: [
    -0.0977, -0.0654, -0.0655, -0.1147, -0.0685, -0.0942, -0.0707, -0.0800, -0.0823, -0.0338,
    -0.0599, -0.0528, -0.0750, -0.0872, -0.0204, -0.0840, -0.0410, -0.0879, -0.0875, -0.0894,
    -0.0495, -0.0917, -0.0661, -0.0520, -0.0453, -0.0927, -0.0876, -0.0389, -0.0642, -0.1009,
    -0.1259, -0.0464, -0.0855, -0.0635, -0.0853, -0.0651, -0.1215, -0.0522, -0.0461, -0.0664,
    0.6128, 0.6319, -0.6136, -0.6376, -0.6166, -0.0578, -0.6007, -0.4752, -0.6472, -0.5591,
    -0.4436, -0.4287, -0.1633, -0.0582, -0.3107, -0.1500, -0.4439, -0.1611, -0.3674, -0.3756,
    -0.5660, -0.6020, -0.5179, -0.4951, -0.5548, -0.4242, -0.4087, 0.0279, -0.2213, -0.3920,
    -0.3954, -0.0965, -0.2425, -0.1626, -0.2382, -0.2672, -0.2895, -0.3607, -0.3043, -0.1851,
    -0.3870, -0.5161, -0.3240, -0.6714, -0.3978, -0.5027, -0.9189, -0.7679, -0.8328, -0.8972,
    -0.9454, -0.7867, -0.6826, -0.5627, -0.6338, -0.6510, -0.4094, -0.6894, -0.3194, -0.5171,
  ]

### behavior/shoot_action_when_possess
  Total points: 100
  Min: -0.9046, Max: 0.4446, Mean: -0.4647
  Data: [
    0.0100, -0.2148, 0.0862, -0.1438, -0.0812, -0.2537, -0.3269, -0.3098, -0.1883, -0.2034,
    0.0314, -0.1072, -0.0147, -0.2466, -0.1934, -0.0695, -0.3043, -0.3293, -0.0738, -0.2230,
    -0.2459, -0.0024, -0.2096, -0.0232, -0.1597, -0.0491, -0.0915, -0.0341, -0.2411, -0.1921,
    -0.2311, -0.3112, 0.1273, -0.1088, -0.4284, -0.0756, -0.2615, -0.1378, -0.1859, 0.1707,
    0.4446, 0.1486, -0.4735, -0.7296, -0.6651, -0.5454, -0.7295, -0.5721, -0.4982, -0.6654,
    -0.7289, -0.7795, -0.6712, -0.7687, -0.7837, -0.3594, -0.6257, -0.7996, -0.8644, -0.8769,
    -0.8940, -0.8131, -0.9046, -0.9018, -0.7027, -0.6940, -0.8083, -0.7047, -0.7104, -0.7917,
    -0.6358, -0.5063, -0.7296, -0.8012, -0.6106, -0.6834, -0.7277, -0.7982, -0.5779, -0.3774,
    -0.7243, -0.8609, -0.7873, -0.8702, -0.8162, -0.6211, -0.8809, -0.6737, -0.7645, -0.5809,
    -0.8756, -0.7834, -0.5872, -0.7184, -0.6682, -0.6422, -0.5389, -0.8171, -0.7078, -0.7871,
  ]

### behavior/time_near_puck
  Total points: 100
  Min: 0.3000, Max: 36.1000, Mean: 11.8990
  Data: [
    3.0000, 1.6000, 1.4000, 3.2000, 1.1000, 2.9000, 1.7000, 4.2000, 2.2000, 2.8000,
    1.3000, 2.5000, 2.0000, 3.6000, 4.0000, 0.9000, 3.5000, 2.6000, 0.7000, 3.1000,
    2.1000, 6.4000, 1.7000, 1.3000, 4.5000, 0.9000, 4.0000, 0.9000, 3.1000, 2.8000,
    1.8000, 4.7000, 0.3000, 0.8000, 3.9000, 1.7000, 2.6000, 1.7000, 4.7000, 2.1000,
    2.1000, 3.2000, 8.1000, 16.7000, 19.9000, 17.4000, 12.0000, 18.2000, 19.2000, 23.2000,
    17.0000, 31.2000, 11.0000, 19.3000, 18.4000, 4.7000, 15.2000, 15.1000, 28.0000, 14.7000,
    22.1000, 33.9000, 26.2000, 16.8000, 33.9000, 22.8000, 28.4000, 16.8000, 17.8000, 28.0000,
    13.7000, 9.8000, 16.1000, 15.0000, 14.4000, 15.7000, 16.7000, 17.4000, 10.5000, 5.5000,
    21.5000, 16.4000, 20.6000, 36.1000, 17.0000, 15.3000, 18.5000, 19.5000, 16.8000, 14.1000,
    24.6000, 20.5000, 14.5000, 19.5000, 16.4000, 15.7000, 11.5000, 22.2000, 19.9000, 32.9000,
  ]

### behavior/velocity_avg
  Total points: 100
  Min: 0.0675, Max: 0.1005, Mean: 0.0805
  Data: [
    0.0756, 0.0718, 0.0784, 0.0742, 0.0767, 0.0785, 0.0761, 0.0781, 0.0723, 0.0759,
    0.0837, 0.0800, 0.0802, 0.0707, 0.0776, 0.0821, 0.0758, 0.0766, 0.0845, 0.0822,
    0.0790, 0.0802, 0.0813, 0.0798, 0.0770, 0.0860, 0.0765, 0.0742, 0.0833, 0.0778,
    0.0829, 0.0759, 0.0773, 0.0783, 0.0791, 0.0768, 0.0824, 0.0718, 0.0785, 0.0761,
    0.0730, 0.0784, 0.0866, 0.0839, 0.0777, 0.0729, 0.0851, 0.0746, 0.0782, 0.0675,
    0.0771, 0.0793, 0.0839, 0.0852, 0.0886, 0.0827, 0.0930, 0.0849, 0.0765, 0.0805,
    0.0830, 0.0835, 0.0784, 0.0865, 0.0791, 0.0738, 0.0769, 0.0711, 0.0785, 0.0771,
    0.0841, 0.0856, 0.0945, 0.1005, 0.0889, 0.0724, 0.0919, 0.0814, 0.0951, 0.0735,
    0.0740, 0.0900, 0.0898, 0.0790, 0.0806, 0.0801, 0.0903, 0.0750, 0.0853, 0.0854,
    0.0869, 0.0939, 0.0853, 0.0746, 0.0893, 0.0887, 0.0806, 0.0798, 0.0771, 0.0730,
  ]

### behavior/velocity_max
  Total points: 100
  Min: 0.1711, Max: 0.2315, Mean: 0.2089
  Data: [
    0.1914, 0.1799, 0.1732, 0.1779, 0.1965, 0.1868, 0.1875, 0.1923, 0.1926, 0.1890,
    0.1975, 0.1893, 0.1836, 0.1991, 0.2024, 0.1849, 0.1974, 0.1711, 0.1917, 0.1959,
    0.1920, 0.1825, 0.1969, 0.2022, 0.1840, 0.1951, 0.1820, 0.1912, 0.1959, 0.1840,
    0.1969, 0.1984, 0.1900, 0.2023, 0.2024, 0.1841, 0.1893, 0.1777, 0.1922, 0.1968,
    0.2174, 0.2152, 0.2156, 0.2103, 0.2111, 0.2112, 0.2152, 0.2152, 0.2191, 0.2116,
    0.2192, 0.2217, 0.2172, 0.2239, 0.2184, 0.2199, 0.2192, 0.2215, 0.2183, 0.2204,
    0.2225, 0.2241, 0.2244, 0.2208, 0.2197, 0.2186, 0.2216, 0.2196, 0.2274, 0.2263,
    0.2197, 0.2265, 0.2264, 0.2253, 0.2264, 0.2188, 0.2261, 0.2248, 0.2303, 0.2195,
    0.2206, 0.2249, 0.2315, 0.2256, 0.2213, 0.2209, 0.2229, 0.2237, 0.2182, 0.2238,
    0.2213, 0.2242, 0.2220, 0.2273, 0.2245, 0.2217, 0.2269, 0.2217, 0.2236, 0.2188,
  ]

### eval/strong/avg_reward
  Total points: 66
  Min: -24.1224, Max: -4.7268, Mean: -7.8976
  Data: [
    -24.1224, -6.8214, -5.1618, -5.0860, -7.0871, -5.9092, -6.0106, -7.2986, -5.0449, -5.8875,
    -7.8229, -7.0940, -5.0388, -7.4140, -6.0869, -6.3939, -7.0251, -8.7765, -4.7268, -9.0260,
    -8.0648, -9.0822, -8.1318, -7.4425, -5.2860, -8.5872, -6.0177, -8.5126, -8.1172, -8.3748,
    -7.6119, -7.4620, -5.9240, -9.5433, -9.8512, -6.2556, -7.4612, -6.6739, -7.1312, -8.9801,
    -8.0656, -8.3522, -10.1687, -11.0214, -8.8669, -10.5556, -8.3192, -8.1581, -7.6018, -8.5753,
    -6.4808, -8.6344, -7.8349, -5.0330, -9.1337, -9.6723, -6.6103, -8.1581, -8.2352, -9.8365,
    -7.9105, -8.8903, -8.4469, -9.4016, -8.1073, -6.8266,
  ]

### eval/strong/loss_rate
  Total points: 66
  Min: 0.3000, Max: 0.6600, Mean: 0.5115
  Data: [
    0.3000, 0.4400, 0.4200, 0.4100, 0.5100, 0.4600, 0.5400, 0.4900, 0.4600, 0.4700,
    0.6000, 0.5300, 0.4500, 0.5100, 0.4900, 0.5200, 0.5700, 0.5800, 0.4300, 0.6100,
    0.5700, 0.5200, 0.4800, 0.4700, 0.4800, 0.5300, 0.4400, 0.5300, 0.5400, 0.5600,
    0.5000, 0.4800, 0.4600, 0.6500, 0.5900, 0.4700, 0.5400, 0.5100, 0.4500, 0.5800,
    0.5100, 0.5200, 0.5900, 0.5500, 0.5500, 0.6600, 0.4300, 0.5400, 0.4800, 0.4900,
    0.4500, 0.5800, 0.4800, 0.4700, 0.6100, 0.5200, 0.4500, 0.5000, 0.4700, 0.6600,
    0.5500, 0.5800, 0.5200, 0.6000, 0.4400, 0.4200,
  ]

### eval/strong/losses
  Total points: 66
  Min: 30.0000, Max: 66.0000, Mean: 51.1515
  Data: [
    30.0000, 44.0000, 42.0000, 41.0000, 51.0000, 46.0000, 54.0000, 49.0000, 46.0000, 47.0000,
    60.0000, 53.0000, 45.0000, 51.0000, 49.0000, 52.0000, 57.0000, 58.0000, 43.0000, 61.0000,
    57.0000, 52.0000, 48.0000, 47.0000, 48.0000, 53.0000, 44.0000, 53.0000, 54.0000, 56.0000,
    50.0000, 48.0000, 46.0000, 65.0000, 59.0000, 47.0000, 54.0000, 51.0000, 45.0000, 58.0000,
    51.0000, 52.0000, 59.0000, 55.0000, 55.0000, 66.0000, 43.0000, 54.0000, 48.0000, 49.0000,
    45.0000, 58.0000, 48.0000, 47.0000, 61.0000, 52.0000, 45.0000, 50.0000, 47.0000, 66.0000,
    55.0000, 58.0000, 52.0000, 60.0000, 44.0000, 42.0000,
  ]

### eval/strong/tie_rate
  Total points: 66
  Min: 0.1600, Max: 0.6400, Mean: 0.3050
  Data: [
    0.6400, 0.3200, 0.2400, 0.2700, 0.2100, 0.2100, 0.1600, 0.3600, 0.2100, 0.2300,
    0.1900, 0.2400, 0.2900, 0.3200, 0.2100, 0.2300, 0.2200, 0.2800, 0.2400, 0.2400,
    0.2400, 0.3600, 0.3100, 0.2800, 0.2100, 0.3800, 0.3100, 0.3300, 0.3300, 0.2900,
    0.3500, 0.3700, 0.3500, 0.2200, 0.3100, 0.2900, 0.2900, 0.2600, 0.3700, 0.3000,
    0.3900, 0.3800, 0.3200, 0.3700, 0.3200, 0.2700, 0.4600, 0.3100, 0.3200, 0.3800,
    0.3400, 0.2900, 0.3400, 0.2200, 0.2500, 0.3300, 0.3400, 0.3700, 0.3800, 0.2600,
    0.3000, 0.3200, 0.3600, 0.2600, 0.4300, 0.3600,
  ]

### eval/strong/ties
  Total points: 66
  Min: 16.0000, Max: 64.0000, Mean: 30.5000
  Data: [
    64.0000, 32.0000, 24.0000, 27.0000, 21.0000, 21.0000, 16.0000, 36.0000, 21.0000, 23.0000,
    19.0000, 24.0000, 29.0000, 32.0000, 21.0000, 23.0000, 22.0000, 28.0000, 24.0000, 24.0000,
    24.0000, 36.0000, 31.0000, 28.0000, 21.0000, 38.0000, 31.0000, 33.0000, 33.0000, 29.0000,
    35.0000, 37.0000, 35.0000, 22.0000, 31.0000, 29.0000, 29.0000, 26.0000, 37.0000, 30.0000,
    39.0000, 38.0000, 32.0000, 37.0000, 32.0000, 27.0000, 46.0000, 31.0000, 32.0000, 38.0000,
    34.0000, 29.0000, 34.0000, 22.0000, 25.0000, 33.0000, 34.0000, 37.0000, 38.0000, 26.0000,
    30.0000, 32.0000, 36.0000, 26.0000, 43.0000, 36.0000,
  ]

### eval/strong/win_rate
  Total points: 66
  Min: 0.0600, Max: 0.3400, Mean: 0.1835
  Data: [
    0.0600, 0.2400, 0.3400, 0.3200, 0.2800, 0.3300, 0.3000, 0.1500, 0.3300, 0.3000,
    0.2100, 0.2300, 0.2600, 0.1700, 0.3000, 0.2500, 0.2100, 0.1400, 0.3300, 0.1500,
    0.1900, 0.1200, 0.2100, 0.2500, 0.3100, 0.0900, 0.2500, 0.1400, 0.1300, 0.1500,
    0.1500, 0.1500, 0.1900, 0.1300, 0.1000, 0.2400, 0.1700, 0.2300, 0.1800, 0.1200,
    0.1000, 0.1000, 0.0900, 0.0800, 0.1300, 0.0700, 0.1100, 0.1500, 0.2000, 0.1300,
    0.2100, 0.1300, 0.1800, 0.3100, 0.1400, 0.1500, 0.2100, 0.1300, 0.1500, 0.0800,
    0.1500, 0.1000, 0.1200, 0.1400, 0.1300, 0.2200,
  ]

### eval/strong/win_rate_decisive
  Total points: 66
  Min: 0.0959, Max: 0.4474, Mean: 0.2597
  Data: [
    0.1667, 0.3529, 0.4474, 0.4384, 0.3544, 0.4177, 0.3571, 0.2344, 0.4177, 0.3896,
    0.2593, 0.3026, 0.3662, 0.2500, 0.3797, 0.3247, 0.2692, 0.1944, 0.4342, 0.1974,
    0.2500, 0.1875, 0.3043, 0.3472, 0.3924, 0.1452, 0.3623, 0.2090, 0.1940, 0.2113,
    0.2308, 0.2381, 0.2923, 0.1667, 0.1449, 0.3380, 0.2394, 0.3108, 0.2857, 0.1714,
    0.1639, 0.1613, 0.1324, 0.1270, 0.1912, 0.0959, 0.2037, 0.2174, 0.2941, 0.2097,
    0.3182, 0.1831, 0.2727, 0.3974, 0.1867, 0.2239, 0.3182, 0.2063, 0.2419, 0.1081,
    0.2143, 0.1471, 0.1875, 0.1892, 0.2281, 0.3438,
  ]

### eval/strong/wins
  Total points: 66
  Min: 6.0000, Max: 34.0000, Mean: 18.3485
  Data: [
    6.0000, 24.0000, 34.0000, 32.0000, 28.0000, 33.0000, 30.0000, 15.0000, 33.0000, 30.0000,
    21.0000, 23.0000, 26.0000, 17.0000, 30.0000, 25.0000, 21.0000, 14.0000, 33.0000, 15.0000,
    19.0000, 12.0000, 21.0000, 25.0000, 31.0000, 9.0000, 25.0000, 14.0000, 13.0000, 15.0000,
    15.0000, 15.0000, 19.0000, 13.0000, 10.0000, 24.0000, 17.0000, 23.0000, 18.0000, 12.0000,
    10.0000, 10.0000, 9.0000, 8.0000, 13.0000, 7.0000, 11.0000, 15.0000, 20.0000, 13.0000,
    21.0000, 13.0000, 18.0000, 31.0000, 14.0000, 15.0000, 21.0000, 13.0000, 15.0000, 8.0000,
    15.0000, 10.0000, 12.0000, 14.0000, 13.0000, 22.0000,
  ]

### eval/weak/avg_reward
  Total points: 66
  Min: -25.3922, Max: 0.9488, Mean: -5.5250
  Data: [
    -25.3922, -6.1864, -2.8610, 0.3413, -3.2980, -2.6940, -2.7357, -5.7910, -5.8098, -2.2076,
    -3.1219, -3.3019, -2.8406, -5.1901, -2.8944, -4.0026, -0.6182, -1.1468, -2.2776, -2.1804,
    -4.4930, -5.3137, 0.9488, -0.7966, -3.0884, -3.7104, -6.8123, -3.9110, -3.4662, -4.3716,
    -4.9283, -6.3956, -1.8676, -5.4864, -7.6673, -6.3300, -8.2392, -4.9581, -1.8472, -6.1095,
    -7.1532, -3.4766, -6.7231, -11.3420, -5.9438, -8.7409, -4.9887, -3.1939, -6.0172, -5.5263,
    -4.8177, -8.8860, -8.9701, -7.6969, -8.3867, -10.3715, -8.2753, -5.4372, -8.4921, -5.2239,
    -9.3226, -9.1094, -8.7965, -9.3904, -9.7386, -5.5805,
  ]

### eval/weak/loss_rate
  Total points: 66
  Min: 0.1800, Max: 0.7800, Mean: 0.4392
  Data: [
    0.4100, 0.4800, 0.3800, 0.2700, 0.4100, 0.4100, 0.3800, 0.5000, 0.5100, 0.3600,
    0.4300, 0.3800, 0.4100, 0.4400, 0.3300, 0.3900, 0.2500, 0.3500, 0.3400, 0.2000,
    0.4400, 0.4700, 0.2300, 0.2300, 0.4200, 0.3500, 0.5200, 0.3700, 0.2200, 0.3500,
    0.4300, 0.5300, 0.1800, 0.3300, 0.5800, 0.4600, 0.6300, 0.4100, 0.2300, 0.5200,
    0.6300, 0.3200, 0.5300, 0.6500, 0.5300, 0.7100, 0.2300, 0.3100, 0.3100, 0.3500,
    0.2900, 0.6200, 0.7300, 0.5000, 0.7100, 0.6100, 0.6000, 0.4400, 0.6100, 0.4200,
    0.7800, 0.7300, 0.6600, 0.6200, 0.3700, 0.2000,
  ]

### eval/weak/losses
  Total points: 66
  Min: 18.0000, Max: 78.0000, Mean: 43.9242
  Data: [
    41.0000, 48.0000, 38.0000, 27.0000, 41.0000, 41.0000, 38.0000, 50.0000, 51.0000, 36.0000,
    43.0000, 38.0000, 41.0000, 44.0000, 33.0000, 39.0000, 25.0000, 35.0000, 34.0000, 20.0000,
    44.0000, 47.0000, 23.0000, 23.0000, 42.0000, 35.0000, 52.0000, 37.0000, 22.0000, 35.0000,
    43.0000, 53.0000, 18.0000, 33.0000, 58.0000, 46.0000, 63.0000, 41.0000, 23.0000, 52.0000,
    63.0000, 32.0000, 53.0000, 65.0000, 53.0000, 71.0000, 23.0000, 31.0000, 31.0000, 35.0000,
    29.0000, 62.0000, 73.0000, 50.0000, 71.0000, 61.0000, 60.0000, 44.0000, 61.0000, 42.0000,
    78.0000, 73.0000, 66.0000, 62.0000, 37.0000, 20.0000,
  ]

### eval/weak/tie_rate
  Total points: 66
  Min: 0.1300, Max: 0.6500, Mean: 0.3524
  Data: [
    0.5600, 0.3400, 0.2500, 0.2000, 0.2600, 0.1900, 0.2500, 0.3300, 0.2100, 0.2400,
    0.2000, 0.2900, 0.2100, 0.2800, 0.3300, 0.3100, 0.3300, 0.2400, 0.2900, 0.5500,
    0.2700, 0.3600, 0.2100, 0.3800, 0.2400, 0.4300, 0.2800, 0.4600, 0.6200, 0.5000,
    0.4100, 0.3600, 0.6200, 0.5300, 0.2600, 0.4300, 0.2600, 0.3800, 0.5000, 0.3700,
    0.2600, 0.4800, 0.3500, 0.3200, 0.3500, 0.2300, 0.6500, 0.5400, 0.5300, 0.4800,
    0.4900, 0.3100, 0.1300, 0.3600, 0.2000, 0.3200, 0.3200, 0.4300, 0.3200, 0.4400,
    0.1500, 0.2100, 0.2100, 0.3300, 0.5200, 0.6000,
  ]

### eval/weak/ties
  Total points: 66
  Min: 13.0000, Max: 65.0000, Mean: 35.2424
  Data: [
    56.0000, 34.0000, 25.0000, 20.0000, 26.0000, 19.0000, 25.0000, 33.0000, 21.0000, 24.0000,
    20.0000, 29.0000, 21.0000, 28.0000, 33.0000, 31.0000, 33.0000, 24.0000, 29.0000, 55.0000,
    27.0000, 36.0000, 21.0000, 38.0000, 24.0000, 43.0000, 28.0000, 46.0000, 62.0000, 50.0000,
    41.0000, 36.0000, 62.0000, 53.0000, 26.0000, 43.0000, 26.0000, 38.0000, 50.0000, 37.0000,
    26.0000, 48.0000, 35.0000, 32.0000, 35.0000, 23.0000, 65.0000, 54.0000, 53.0000, 48.0000,
    49.0000, 31.0000, 13.0000, 36.0000, 20.0000, 32.0000, 32.0000, 43.0000, 32.0000, 44.0000,
    15.0000, 21.0000, 21.0000, 33.0000, 52.0000, 60.0000,
  ]

### eval/weak/win_rate
  Total points: 66
  Min: 0.0300, Max: 0.5600, Mean: 0.2083
  Data: [
    0.0300, 0.1800, 0.3700, 0.5300, 0.3300, 0.4000, 0.3700, 0.1700, 0.2800, 0.4000,
    0.3700, 0.3300, 0.3800, 0.2800, 0.3400, 0.3000, 0.4200, 0.4100, 0.3700, 0.2500,
    0.2900, 0.1700, 0.5600, 0.3900, 0.3400, 0.2200, 0.2000, 0.1700, 0.1600, 0.1500,
    0.1600, 0.1100, 0.2000, 0.1400, 0.1600, 0.1100, 0.1100, 0.2100, 0.2700, 0.1100,
    0.1100, 0.2000, 0.1200, 0.0300, 0.1200, 0.0600, 0.1200, 0.1500, 0.1600, 0.1700,
    0.2200, 0.0700, 0.1400, 0.1400, 0.0900, 0.0700, 0.0800, 0.1300, 0.0700, 0.1400,
    0.0700, 0.0600, 0.1300, 0.0500, 0.1100, 0.2000,
  ]

### eval/weak/win_rate_decisive
  Total points: 66
  Min: 0.0441, Max: 0.7089, Mean: 0.3240
  Data: [
    0.0682, 0.2727, 0.4933, 0.6625, 0.4459, 0.4938, 0.4933, 0.2537, 0.3544, 0.5263,
    0.4625, 0.4648, 0.4810, 0.3889, 0.5075, 0.4348, 0.6269, 0.5395, 0.5211, 0.5556,
    0.3973, 0.2656, 0.7089, 0.6290, 0.4474, 0.3860, 0.2778, 0.3148, 0.4211, 0.3000,
    0.2712, 0.1719, 0.5263, 0.2979, 0.2162, 0.1930, 0.1486, 0.3387, 0.5400, 0.1746,
    0.1486, 0.3846, 0.1846, 0.0441, 0.1846, 0.0779, 0.3429, 0.3261, 0.3404, 0.3269,
    0.4314, 0.1014, 0.1609, 0.2188, 0.1125, 0.1029, 0.1176, 0.2281, 0.1029, 0.2500,
    0.0824, 0.0759, 0.1646, 0.0746, 0.2292, 0.5000,
  ]

### eval/weak/wins
  Total points: 66
  Min: 3.0000, Max: 56.0000, Mean: 20.8333
  Data: [
    3.0000, 18.0000, 37.0000, 53.0000, 33.0000, 40.0000, 37.0000, 17.0000, 28.0000, 40.0000,
    37.0000, 33.0000, 38.0000, 28.0000, 34.0000, 30.0000, 42.0000, 41.0000, 37.0000, 25.0000,
    29.0000, 17.0000, 56.0000, 39.0000, 34.0000, 22.0000, 20.0000, 17.0000, 16.0000, 15.0000,
    16.0000, 11.0000, 20.0000, 14.0000, 16.0000, 11.0000, 11.0000, 21.0000, 27.0000, 11.0000,
    11.0000, 20.0000, 12.0000, 3.0000, 12.0000, 6.0000, 12.0000, 15.0000, 16.0000, 17.0000,
    22.0000, 7.0000, 14.0000, 14.0000, 9.0000, 7.0000, 8.0000, 13.0000, 7.0000, 14.0000,
    7.0000, 6.0000, 13.0000, 5.0000, 11.0000, 20.0000,
  ]

### gradients/actor_grad_norm
  Total points: 100
  Min: 0.0000, Max: 0.1775, Mean: 0.0157
  Data: [
    0.0000, 0.0000, 0.0000, 0.0000, 0.0000, 0.0000, 0.0000, 0.0000, 0.0000, 0.0000,
    0.0000, 0.0000, 0.0000, 0.0000, 0.0000, 0.0000, 0.0000, 0.0000, 0.0000, 0.0000,
    0.0000, 0.0000, 0.0000, 0.0000, 0.0000, 0.0000, 0.0000, 0.0000, 0.0000, 0.0000,
    0.0000, 0.0000, 0.0000, 0.0000, 0.0000, 0.0000, 0.0000, 0.0000, 0.0000, 0.0000,
    0.0048, 0.0023, 0.0058, 0.0117, 0.0138, 0.0146, 0.0206, 0.0122, 0.0309, 0.0235,
    0.1775, 0.0524, 0.0385, 0.0409, 0.0712, 0.0034, 0.0115, 0.0805, 0.0036, 0.0165,
    0.0031, 0.0055, 0.0141, 0.0349, 0.0208, 0.0036, 0.0175, 0.0188, 0.0178, 0.0004,
    0.0081, 0.0005, 0.0063, 0.0186, 0.0064, 0.0292, 0.0223, 0.1196, 0.1746, 0.0009,
    0.0019, 0.0028, 0.0002, 0.0817, 0.0032, 0.1018, 0.0198, 0.0017, 0.0173, 0.0368,
    0.0230, 0.0353, 0.0035, 0.0565, 0.0018, 0.0077, 0.0048, 0.0052, 0.0085, 0.0011,
  ]

### gradients/critic_grad_norm
  Total points: 100
  Min: 0.0000, Max: 2.3275, Mean: 0.5704
  Data: [
    0.0000, 0.0000, 0.0000, 0.0000, 0.0000, 0.0000, 0.0000, 0.0000, 0.0000, 0.0000,
    0.0000, 0.0000, 0.0000, 0.0000, 0.0000, 0.0000, 0.0000, 0.0000, 0.0000, 0.0000,
    0.0000, 0.0000, 0.0000, 0.0000, 0.0000, 0.0000, 0.0000, 0.0000, 0.0000, 0.0000,
    0.0000, 0.0000, 0.0000, 0.0000, 0.0000, 0.0000, 0.0000, 0.0000, 0.0000, 0.0630,
    0.6142, 0.6775, 0.8320, 0.6493, 0.5357, 0.4095, 0.4579, 0.6214, 0.5562, 0.5868,
    1.0534, 1.0808, 0.6965, 2.3275, 0.9250, 0.8266, 0.6330, 0.7963, 0.7434, 0.5784,
    0.8554, 0.5072, 1.6726, 1.2281, 0.8261, 0.7450, 1.1788, 0.9606, 0.5752, 0.7880,
    0.3952, 1.1014, 1.9392, 0.6976, 1.0539, 1.0357, 0.7056, 0.9776, 0.8956, 0.7948,
    1.2890, 1.0634, 1.5683, 1.7431, 0.7793, 0.5851, 2.0778, 0.9064, 1.4700, 0.9720,
    1.9755, 0.6343, 1.0759, 0.4358, 1.1579, 0.8112, 0.7748, 0.8384, 1.0030, 1.2843,
  ]

### hacking/pbrs_to_sparse_ratio
  Total points: 100
  Min: 0.0425, Max: 2.4187, Mean: 0.3358
  Data: [
    0.0764, 0.0568, 0.0466, 0.0545, 0.0505, 0.0741, 0.0574, 0.0599, 0.0603, 0.0729,
    0.2660, 0.0784, 0.0590, 0.0635, 0.4818, 0.0563, 0.0625, 0.0979, 0.0425, 0.1019,
    0.1913, 0.0585, 0.0767, 0.0515, 0.0565, 0.0634, 0.0486, 0.0469, 0.0639, 0.0759,
    0.0690, 0.1903, 0.0476, 0.0541, 0.4653, 0.0885, 0.0486, 0.0687, 0.0617, 0.0640,
    0.2383, 0.0754, 0.0705, 0.0827, 0.1077, 0.1106, 0.0567, 0.2280, 0.0691, 0.0864,
    0.0729, 0.6344, 0.0588, 1.4673, 0.1654, 0.0507, 0.1474, 0.3929, 0.9492, 2.4187,
    1.6302, 0.4260, 1.1037, 1.1041, 0.3788, 0.9070, 0.4323, 1.4863, 0.3593, 0.7386,
    0.3798, 0.0637, 0.2593, 0.8427, 0.0785, 0.0877, 0.1045, 0.5086, 0.4968, 0.0680,
    1.3759, 0.7214, 1.2108, 0.5975, 0.5579, 0.0744, 0.0964, 0.6169, 0.4921, 0.1912,
    0.7694, 0.0770, 0.5167, 0.3605, 0.1158, 0.1067, 0.1392, 0.7329, 0.6984, 1.3821,
  ]

### hacking/possession_hoarding_ratio
  Total points: 100
  Min: 0.0000, Max: 0.7111, Mean: 0.3324
  Data: [
    0.2438, 0.1333, 0.1917, 0.2131, 0.1333, 0.2849, 0.1375, 0.1583, 0.0143, 0.0889,
    0.2600, 0.0738, 0.1667, 0.2217, 0.0792, 0.0250, 0.4208, 0.1417, 0.0500, 0.3778,
    0.4500, 0.3790, 0.1538, 0.1143, 0.1741, 0.0800, 0.1471, 0.0000, 0.2164, 0.3333,
    0.2846, 0.3758, 0.1000, 0.0000, 0.2096, 0.1238, 0.3235, 0.2957, 0.1628, 0.0308,
    0.1667, 0.2479, 0.1429, 0.3827, 0.4437, 0.4739, 0.3110, 0.3465, 0.2565, 0.4444,
    0.4774, 0.5966, 0.3478, 0.4782, 0.4719, 0.2083, 0.3324, 0.3901, 0.6520, 0.5775,
    0.7111, 0.5462, 0.5603, 0.4932, 0.5639, 0.4690, 0.5251, 0.5107, 0.5114, 0.5852,
    0.3464, 0.4298, 0.3881, 0.3775, 0.2464, 0.6845, 0.2644, 0.5095, 0.1429, 0.1643,
    0.4988, 0.5398, 0.5722, 0.6969, 0.4857, 0.4071, 0.3518, 0.3488, 0.4560, 0.2071,
    0.4470, 0.4482, 0.2643, 0.5881, 0.2490, 0.3964, 0.4214, 0.6369, 0.4475, 0.6234,
  ]

### hacking/possession_no_shoot_count
  Total points: 100
  Min: 0.0000, Max: 25.9000, Mean: 7.0100
  Data: [
    2.1000, 0.4000, 1.2000, 1.3000, 0.4000, 1.4000, 0.5000, 1.1000, 0.1000, 0.7000,
    0.5000, 0.9000, 0.5000, 1.7000, 0.4000, 0.1000, 2.4000, 0.8000, 0.1000, 1.7000,
    2.3000, 4.1000, 0.8000, 0.4000, 2.2000, 0.4000, 2.5000, 0.0000, 1.8000, 1.4000,
    1.3000, 2.4000, 0.1000, 0.0000, 1.3000, 0.8000, 0.9000, 1.3000, 1.2000, 0.4000,
    0.6000, 0.9000, 2.2000, 10.2000, 10.6000, 9.2000, 3.4000, 7.3000, 8.4000, 11.9000,
    12.6000, 23.0000, 5.0000, 12.3000, 11.0000, 2.5000, 8.9000, 7.3000, 19.0000, 8.8000,
    16.2000, 22.7000, 18.3000, 8.3000, 23.9000, 13.5000, 18.4000, 11.0000, 13.4000, 20.4000,
    7.8000, 6.8000, 10.1000, 6.9000, 5.0000, 12.5000, 7.9000, 9.8000, 2.7000, 2.3000,
    13.8000, 9.2000, 13.2000, 25.9000, 9.4000, 10.4000, 9.5000, 11.1000, 10.7000, 6.5000,
    13.7000, 12.8000, 7.9000, 14.3000, 7.7000, 8.8000, 8.0000, 17.0000, 11.9000, 22.3000,
  ]

### losses/actor_loss
  Total points: 100
  Min: 0.0000, Max: 4.1214, Mean: 2.1032
  Data: [
    0.0000, 0.0000, 0.0000, 0.0000, 0.0000, 0.0000, 0.0000, 0.0000, 0.0000, 0.0000,
    0.0000, 0.0000, 0.0000, 0.0000, 0.0000, 0.0000, 0.0000, 0.0000, 0.0000, 0.0000,
    0.0000, 0.0000, 0.0000, 0.0000, 0.0000, 0.0000, 0.0000, 0.0000, 0.0000, 0.0000,
    0.0000, 0.0000, 0.0000, 0.0000, 0.0000, 0.0000, 0.0000, 0.0000, 0.0000, 0.1021,
    1.0013, 1.7958, 2.4140, 2.9944, 3.3573, 3.6434, 3.9634, 3.9360, 4.0899, 4.1214,
    3.5638, 3.5064, 3.5493, 3.4578, 3.4648, 3.5309, 3.4782, 3.5899, 3.4676, 3.5467,
    3.5041, 3.6567, 3.6058, 3.6979, 3.6050, 3.5133, 3.5035, 3.4992, 3.6213, 3.6270,
    3.5503, 3.5334, 3.5915, 3.6136, 3.6552, 3.5399, 3.5881, 3.6762, 3.6459, 3.6531,
    3.6027, 3.6089, 3.5266, 3.5045, 3.5919, 3.5492, 3.5109, 3.6206, 3.5752, 3.6021,
    3.5899, 3.5665, 3.6601, 3.6581, 3.5597, 3.6348, 3.5737, 3.5979, 3.6469, 3.6825,
  ]

### losses/critic_loss
  Total points: 100
  Min: 0.0000, Max: 0.0783, Mean: 0.0248
  Data: [
    0.0000, 0.0000, 0.0000, 0.0000, 0.0000, 0.0000, 0.0000, 0.0000, 0.0000, 0.0000,
    0.0000, 0.0000, 0.0000, 0.0000, 0.0000, 0.0000, 0.0000, 0.0000, 0.0000, 0.0000,
    0.0000, 0.0000, 0.0000, 0.0000, 0.0000, 0.0000, 0.0000, 0.0000, 0.0000, 0.0000,
    0.0000, 0.0000, 0.0000, 0.0000, 0.0000, 0.0000, 0.0000, 0.0000, 0.0000, 0.0377,
    0.0392, 0.0669, 0.0624, 0.0414, 0.0350, 0.0320, 0.0182, 0.0464, 0.0194, 0.0264,
    0.0405, 0.0450, 0.0516, 0.0481, 0.0369, 0.0355, 0.0224, 0.0238, 0.0555, 0.0508,
    0.0448, 0.0294, 0.0315, 0.0527, 0.0345, 0.0420, 0.0269, 0.0431, 0.0442, 0.0486,
    0.0398, 0.0269, 0.0783, 0.0472, 0.0209, 0.0251, 0.0264, 0.0371, 0.0454, 0.0584,
    0.0640, 0.0479, 0.0277, 0.0525, 0.0246, 0.0333, 0.0407, 0.0351, 0.0574, 0.0267,
    0.0524, 0.0335, 0.0378, 0.0354, 0.0443, 0.0403, 0.0393, 0.0525, 0.0389, 0.0564,
  ]

### pbrs/annealing_weight
  Total points: 100
  Min: 1.0000, Max: 1.0000, Mean: 1.0000
  Data: [
    1.0000, 1.0000, 1.0000, 1.0000, 1.0000, 1.0000, 1.0000, 1.0000, 1.0000, 1.0000,
    1.0000, 1.0000, 1.0000, 1.0000, 1.0000, 1.0000, 1.0000, 1.0000, 1.0000, 1.0000,
    1.0000, 1.0000, 1.0000, 1.0000, 1.0000, 1.0000, 1.0000, 1.0000, 1.0000, 1.0000,
    1.0000, 1.0000, 1.0000, 1.0000, 1.0000, 1.0000, 1.0000, 1.0000, 1.0000, 1.0000,
    1.0000, 1.0000, 1.0000, 1.0000, 1.0000, 1.0000, 1.0000, 1.0000, 1.0000, 1.0000,
    1.0000, 1.0000, 1.0000, 1.0000, 1.0000, 1.0000, 1.0000, 1.0000, 1.0000, 1.0000,
    1.0000, 1.0000, 1.0000, 1.0000, 1.0000, 1.0000, 1.0000, 1.0000, 1.0000, 1.0000,
    1.0000, 1.0000, 1.0000, 1.0000, 1.0000, 1.0000, 1.0000, 1.0000, 1.0000, 1.0000,
    1.0000, 1.0000, 1.0000, 1.0000, 1.0000, 1.0000, 1.0000, 1.0000, 1.0000, 1.0000,
    1.0000, 1.0000, 1.0000, 1.0000, 1.0000, 1.0000, 1.0000, 1.0000, 1.0000, 1.0000,
  ]

### pbrs/avg_per_episode
  Total points: 100
  Min: 0.8165, Max: 0.9244, Mean: 0.8683
  Data: [
    0.9171, 0.9038, 0.9084, 0.9171, 0.9045, 0.9160, 0.9181, 0.9160, 0.9172, 0.9210,
    0.9227, 0.9174, 0.9207, 0.9244, 0.9239, 0.9232, 0.9232, 0.9216, 0.9209, 0.9197,
    0.9213, 0.9192, 0.9217, 0.9215, 0.9206, 0.9197, 0.9201, 0.9198, 0.9197, 0.9197,
    0.9199, 0.9200, 0.9193, 0.9198, 0.9209, 0.9213, 0.9206, 0.9209, 0.9219, 0.9219,
    0.9194, 0.9154, 0.9094, 0.9064, 0.9028, 0.9009, 0.8968, 0.8944, 0.8916, 0.8891,
    0.8235, 0.8234, 0.8232, 0.8234, 0.8233, 0.8229, 0.8229, 0.8229, 0.8232, 0.8232,
    0.8231, 0.8229, 0.8229, 0.8227, 0.8228, 0.8229, 0.8227, 0.8230, 0.8232, 0.8233,
    0.8233, 0.8230, 0.8227, 0.8221, 0.8216, 0.8211, 0.8207, 0.8205, 0.8203, 0.8198,
    0.8196, 0.8192, 0.8190, 0.8190, 0.8192, 0.8193, 0.8191, 0.8189, 0.8187, 0.8184,
    0.8181, 0.8179, 0.8176, 0.8173, 0.8172, 0.8168, 0.8165, 0.8165, 0.8169, 0.8172,
  ]

### performance/cumulative_win_rate
  Total points: 100
  Min: 0.0709, Max: 0.2140, Mean: 0.1449
  Data: [
    0.0800, 0.0900, 0.0867, 0.0850, 0.0840, 0.0833, 0.0829, 0.0825, 0.0756, 0.0760,
    0.0709, 0.0717, 0.0738, 0.0743, 0.0760, 0.0737, 0.0776, 0.0811, 0.0789, 0.0780,
    0.0810, 0.0818, 0.0817, 0.0842, 0.0832, 0.0831, 0.0859, 0.0857, 0.0869, 0.0867,
    0.0865, 0.0881, 0.0873, 0.0859, 0.0857, 0.0861, 0.0838, 0.0821, 0.0815, 0.0805,
    0.0805, 0.0819, 0.0879, 0.0932, 0.0991, 0.1048, 0.1111, 0.1146, 0.1176, 0.1204,
    0.2140, 0.2134, 0.2129, 0.2123, 0.2120, 0.2115, 0.2109, 0.2100, 0.2091, 0.2082,
    0.2081, 0.2080, 0.2076, 0.2076, 0.2075, 0.2077, 0.2077, 0.2075, 0.2069, 0.2064,
    0.2062, 0.2059, 0.2055, 0.2051, 0.2050, 0.2050, 0.2045, 0.2039, 0.2034, 0.2027,
    0.2021, 0.2016, 0.2016, 0.2015, 0.2013, 0.2010, 0.2004, 0.1999, 0.1997, 0.1992,
    0.1986, 0.1984, 0.1981, 0.1975, 0.1970, 0.1964, 0.1958, 0.1953, 0.1950, 0.1946,
  ]

### performance/losses
  Total points: 100
  Min: 28.0000, Max: 5301.0000, Mean: 2625.5400
  Data: [
    28.0000, 52.0000, 75.0000, 101.0000, 131.0000, 153.0000, 182.0000, 205.0000, 231.0000, 255.0000,
    278.0000, 302.0000, 321.0000, 345.0000, 364.0000, 394.0000, 418.0000, 447.0000, 471.0000, 495.0000,
    519.0000, 542.0000, 558.0000, 578.0000, 610.0000, 637.0000, 660.0000, 687.0000, 707.0000, 733.0000,
    755.0000, 778.0000, 801.0000, 825.0000, 848.0000, 868.0000, 901.0000, 921.0000, 946.0000, 973.0000,
    997.0000, 1026.0000, 1051.0000, 1073.0000, 1096.0000, 1120.0000, 1140.0000, 1165.0000, 1191.0000, 1216.0000,
    4015.0000, 4038.0000, 4067.0000, 4094.0000, 4118.0000, 4152.0000, 4174.0000, 4201.0000, 4230.0000, 4252.0000,
    4275.0000, 4296.0000, 4312.0000, 4324.0000, 4337.0000, 4348.0000, 4369.0000, 4383.0000, 4401.0000, 4421.0000,
    4443.0000, 4472.0000, 4500.0000, 4536.0000, 4566.0000, 4597.0000, 4630.0000, 4669.0000, 4699.0000, 4741.0000,
    4769.0000, 4807.0000, 4831.0000, 4847.0000, 4868.0000, 4894.0000, 4927.0000, 4951.0000, 4977.0000, 5010.0000,
    5046.0000, 5074.0000, 5102.0000, 5136.0000, 5170.0000, 5211.0000, 5245.0000, 5272.0000, 5286.0000, 5301.0000,
  ]

### performance/ties
  Total points: 100
  Min: 18.0000, Max: 4283.0000, Mean: 2204.1700
  Data: [
    18.0000, 39.0000, 62.0000, 82.0000, 98.0000, 122.0000, 139.0000, 162.0000, 185.0000, 207.0000,
    233.0000, 255.0000, 281.0000, 303.0000, 329.0000, 347.0000, 366.0000, 380.0000, 404.0000, 427.0000,
    446.0000, 468.0000, 498.0000, 521.0000, 536.0000, 555.0000, 574.0000, 593.0000, 617.0000, 637.0000,
    661.0000, 681.0000, 705.0000, 729.0000, 752.0000, 777.0000, 794.0000, 823.0000, 845.0000, 866.0000,
    888.0000, 902.0000, 910.0000, 922.0000, 931.0000, 939.0000, 949.0000, 960.0000, 971.0000, 983.0000,
    3413.0000, 3435.0000, 3450.0000, 3468.0000, 3486.0000, 3496.0000, 3520.0000, 3541.0000, 3560.0000, 3587.0000,
    3604.0000, 3624.0000, 3652.0000, 3679.0000, 3707.0000, 3733.0000, 3752.0000, 3780.0000, 3808.0000, 3832.0000,
    3852.0000, 3866.0000, 3882.0000, 3890.0000, 3901.0000, 3910.0000, 3922.0000, 3929.0000, 3944.0000, 3950.0000,
    3968.0000, 3975.0000, 3991.0000, 4016.0000, 4037.0000, 4055.0000, 4069.0000, 4090.0000, 4106.0000, 4119.0000,
    4130.0000, 4144.0000, 4160.0000, 4173.0000, 4185.0000, 4191.0000, 4204.0000, 4223.0000, 4253.0000, 4283.0000,
  ]

### performance/wins
  Total points: 100
  Min: 4.0000, Max: 2316.0000, Mean: 1145.2900
  Data: [
    4.0000, 9.0000, 13.0000, 17.0000, 21.0000, 25.0000, 29.0000, 33.0000, 34.0000, 38.0000,
    39.0000, 43.0000, 48.0000, 52.0000, 57.0000, 59.0000, 66.0000, 73.0000, 75.0000, 78.0000,
    85.0000, 90.0000, 94.0000, 101.0000, 104.0000, 108.0000, 116.0000, 120.0000, 126.0000, 130.0000,
    134.0000, 141.0000, 144.0000, 146.0000, 150.0000, 155.0000, 155.0000, 156.0000, 159.0000, 161.0000,
    165.0000, 172.0000, 189.0000, 205.0000, 223.0000, 241.0000, 261.0000, 275.0000, 288.0000, 301.0000,
    2022.0000, 2027.0000, 2033.0000, 2038.0000, 2046.0000, 2052.0000, 2056.0000, 2058.0000, 2060.0000, 2061.0000,
    2071.0000, 2080.0000, 2086.0000, 2097.0000, 2106.0000, 2119.0000, 2129.0000, 2137.0000, 2141.0000, 2147.0000,
    2155.0000, 2162.0000, 2168.0000, 2174.0000, 2183.0000, 2193.0000, 2198.0000, 2202.0000, 2207.0000, 2209.0000,
    2213.0000, 2218.0000, 2228.0000, 2237.0000, 2245.0000, 2251.0000, 2254.0000, 2259.0000, 2267.0000, 2271.0000,
    2274.0000, 2282.0000, 2288.0000, 2291.0000, 2295.0000, 2298.0000, 2301.0000, 2305.0000, 2311.0000, 2316.0000,
  ]

### rewards/p1
  Total points: 100
  Min: -22.3165, Max: 2.6759, Mean: -10.3557
  Data: [
    -14.3020, -15.6767, -18.4154, -16.1916, -17.2179, -22.3165, -20.3516, -18.1280, -18.3094, -19.4151,
    -19.4264, -15.0633, -15.7219, -18.6387, -10.5669, -20.5297, -16.5886, -6.0685, -19.9624, -12.4437,
    -16.0143, -13.4630, -18.1539, -19.2744, -17.2048, -17.9451, -16.9458, -21.8272, -12.9520, -16.2063,
    -15.7020, -15.4800, -20.5607, -22.1926, -12.0029, -16.1055, -19.4242, -19.5406, -17.7859, -16.1253,
    -5.4326, -4.2379, -4.6709, 1.9142, 0.2913, 2.6759, -4.8264, -6.1384, -11.8691, -7.9836,
    -8.9075, -2.7822, -11.1165, -6.6518, -4.9481, -13.4083, -7.4788, -9.1495, -8.1079, -2.4341,
    -0.1441, -0.6791, -6.4396, -1.1557, -3.4515, -4.0297, 0.4862, -6.0692, -7.0184, -7.2176,
    -7.1584, -8.1275, -4.8448, -7.1570, -5.9979, -5.0197, -5.2544, -8.7103, -8.2816, -10.5287,
    -5.8187, -7.1515, -0.7185, 0.4623, -6.9083, -10.9062, -8.2291, -8.7443, -5.2025, -8.4818,
    -8.1908, -6.2150, -6.4647, -8.8069, -10.9237, -7.3616, -11.2045, -3.1465, -8.3737, -0.8805,
  ]

### rewards/p2
  Total points: 100
  Min: -1.8513, Max: 23.2619, Mean: 11.1968
  Data: [
    15.1881, 16.6340, 19.2742, 17.0903, 18.0446, 23.2619, 21.4039, 19.0823, 19.2487, 20.4037,
    20.3503, 15.9157, 16.6095, 19.6465, 11.5277, 21.4376, 17.6019, 6.8061, 20.7348, 13.3677,
    16.9221, 14.2853, 19.1298, 20.2375, 18.1654, 18.8543, 17.7950, 22.7376, 13.8665, 17.0901,
    16.5353, 16.4941, 21.5005, 23.1592, 12.8778, 16.9094, 20.3528, 20.4205, 18.8595, 17.1392,
    6.2485, 4.9529, 5.3853, -1.2202, 0.5125, -1.8513, 5.4311, 6.9428, 12.6465, 8.8364,
    9.6552, 3.6004, 11.8115, 7.4668, 5.7065, 14.1317, 8.1715, 9.9492, 8.9267, 3.2603,
    0.9355, 1.4754, 7.2709, 1.9336, 4.3349, 4.8991, 0.3976, 6.9390, 7.8120, 8.0501,
    7.9672, 8.8926, 5.5780, 7.8327, 6.7752, 5.8560, 6.0038, 9.5523, 9.0216, 11.3495,
    6.5865, 7.8684, 1.5087, 0.3635, 7.8016, 11.6923, 8.9224, 9.5892, 6.0066, 9.2044,
    8.9832, 6.9432, 7.2404, 9.6166, 11.7502, 8.0903, 12.0199, 3.9828, 9.3130, 1.7935,
  ]

### rewards/sparse_only
  Total points: 100
  Min: -23.2619, Max: 1.8513, Mean: -11.1968
  Data: [
    -15.1881, -16.6340, -19.2742, -17.0903, -18.0446, -23.2619, -21.4039, -19.0823, -19.2487, -20.4037,
    -20.3503, -15.9157, -16.6095, -19.6465, -11.5277, -21.4376, -17.6019, -6.8061, -20.7348, -13.3677,
    -16.9221, -14.2853, -19.1298, -20.2375, -18.1654, -18.8543, -17.7950, -22.7376, -13.8665, -17.0901,
    -16.5353, -16.4941, -21.5005, -23.1592, -12.8778, -16.9094, -20.3528, -20.4205, -18.8595, -17.1392,
    -6.2485, -4.9529, -5.3853, 1.2202, -0.5125, 1.8513, -5.4311, -6.9428, -12.6465, -8.8364,
    -9.6552, -3.6004, -11.8115, -7.4668, -5.7065, -14.1317, -8.1715, -9.9492, -8.9267, -3.2603,
    -0.9355, -1.4754, -7.2709, -1.9336, -4.3349, -4.8991, -0.3976, -6.9390, -7.8120, -8.0501,
    -7.9672, -8.8926, -5.5780, -7.8327, -6.7752, -5.8560, -6.0038, -9.5523, -9.0216, -11.3495,
    -6.5865, -7.8684, -1.5087, -0.3635, -7.8016, -11.6923, -8.9224, -9.5892, -6.0066, -9.2044,
    -8.9832, -6.9432, -7.2404, -9.6166, -11.7502, -8.0903, -12.0199, -3.9828, -9.3130, -1.7935,
  ]

### rewards/sparse_ratio
  Total points: 100
  Min: -1.7592, Max: 6.4932, Mean: 1.1103
  Data: [
    1.0620, 1.0611, 1.0466, 1.0555, 1.0480, 1.0424, 1.0517, 1.0526, 1.0513, 1.0509,
    1.0476, 1.0566, 1.0565, 1.0541, 1.0909, 1.0442, 1.0611, 1.1215, 1.0387, 1.0743,
    1.0567, 1.0611, 1.0538, 1.0500, 1.0558, 1.0507, 1.0501, 1.0417, 1.0706, 1.0545,
    1.0531, 1.0655, 1.0457, 1.0436, 1.0729, 1.0499, 1.0478, 1.0450, 1.0604, 1.0629,
    1.1502, 1.1687, 1.1529, 0.6375, -1.7592, 0.6919, 1.1253, 1.1311, 1.0655, 1.1068,
    1.0839, 1.2941, 1.0625, 1.1225, 1.1533, 1.0540, 1.0926, 1.0874, 1.1010, 1.3394,
    6.4932, 2.1724, 1.1291, 1.6732, 1.2560, 1.2158, -0.8178, 1.1433, 1.1131, 1.1153,
    1.1130, 1.0941, 1.1513, 1.0944, 1.1296, 1.1666, 1.1426, 1.0967, 1.0894, 1.0780,
    1.1320, 1.1002, 2.0998, -0.7862, 1.1293, 1.0721, 1.0842, 1.0966, 1.1546, 1.0852,
    1.0967, 1.1172, 1.1200, 1.0919, 1.0757, 1.0990, 1.0728, 1.2658, 1.1122, 2.0369,
  ]

### scoring/goals_conceded
  Total points: 100
  Min: 28.0000, Max: 5301.0000, Mean: 2625.5400
  Data: [
    28.0000, 52.0000, 75.0000, 101.0000, 131.0000, 153.0000, 182.0000, 205.0000, 231.0000, 255.0000,
    278.0000, 302.0000, 321.0000, 345.0000, 364.0000, 394.0000, 418.0000, 447.0000, 471.0000, 495.0000,
    519.0000, 542.0000, 558.0000, 578.0000, 610.0000, 637.0000, 660.0000, 687.0000, 707.0000, 733.0000,
    755.0000, 778.0000, 801.0000, 825.0000, 848.0000, 868.0000, 901.0000, 921.0000, 946.0000, 973.0000,
    997.0000, 1026.0000, 1051.0000, 1073.0000, 1096.0000, 1120.0000, 1140.0000, 1165.0000, 1191.0000, 1216.0000,
    4015.0000, 4038.0000, 4067.0000, 4094.0000, 4118.0000, 4152.0000, 4174.0000, 4201.0000, 4230.0000, 4252.0000,
    4275.0000, 4296.0000, 4312.0000, 4324.0000, 4337.0000, 4348.0000, 4369.0000, 4383.0000, 4401.0000, 4421.0000,
    4443.0000, 4472.0000, 4500.0000, 4536.0000, 4566.0000, 4597.0000, 4630.0000, 4669.0000, 4699.0000, 4741.0000,
    4769.0000, 4807.0000, 4831.0000, 4847.0000, 4868.0000, 4894.0000, 4927.0000, 4951.0000, 4977.0000, 5010.0000,
    5046.0000, 5074.0000, 5102.0000, 5136.0000, 5170.0000, 5211.0000, 5245.0000, 5272.0000, 5286.0000, 5301.0000,
  ]

### scoring/goals_scored
  Total points: 100
  Min: 4.0000, Max: 2316.0000, Mean: 1145.2900
  Data: [
    4.0000, 9.0000, 13.0000, 17.0000, 21.0000, 25.0000, 29.0000, 33.0000, 34.0000, 38.0000,
    39.0000, 43.0000, 48.0000, 52.0000, 57.0000, 59.0000, 66.0000, 73.0000, 75.0000, 78.0000,
    85.0000, 90.0000, 94.0000, 101.0000, 104.0000, 108.0000, 116.0000, 120.0000, 126.0000, 130.0000,
    134.0000, 141.0000, 144.0000, 146.0000, 150.0000, 155.0000, 155.0000, 156.0000, 159.0000, 161.0000,
    165.0000, 172.0000, 189.0000, 205.0000, 223.0000, 241.0000, 261.0000, 275.0000, 288.0000, 301.0000,
    2022.0000, 2027.0000, 2033.0000, 2038.0000, 2046.0000, 2052.0000, 2056.0000, 2058.0000, 2060.0000, 2061.0000,
    2071.0000, 2080.0000, 2086.0000, 2097.0000, 2106.0000, 2119.0000, 2129.0000, 2137.0000, 2141.0000, 2147.0000,
    2155.0000, 2162.0000, 2168.0000, 2174.0000, 2183.0000, 2193.0000, 2198.0000, 2202.0000, 2207.0000, 2209.0000,
    2213.0000, 2218.0000, 2228.0000, 2237.0000, 2245.0000, 2251.0000, 2254.0000, 2259.0000, 2267.0000, 2271.0000,
    2274.0000, 2282.0000, 2288.0000, 2291.0000, 2295.0000, 2298.0000, 2301.0000, 2305.0000, 2311.0000, 2316.0000,
  ]

### selfplay/active
  Total points: 100
  Min: 0.0000, Max: 0.0000, Mean: 0.0000
  Data: [
    0.0000, 0.0000, 0.0000, 0.0000, 0.0000, 0.0000, 0.0000, 0.0000, 0.0000, 0.0000,
    0.0000, 0.0000, 0.0000, 0.0000, 0.0000, 0.0000, 0.0000, 0.0000, 0.0000, 0.0000,
    0.0000, 0.0000, 0.0000, 0.0000, 0.0000, 0.0000, 0.0000, 0.0000, 0.0000, 0.0000,
    0.0000, 0.0000, 0.0000, 0.0000, 0.0000, 0.0000, 0.0000, 0.0000, 0.0000, 0.0000,
    0.0000, 0.0000, 0.0000, 0.0000, 0.0000, 0.0000, 0.0000, 0.0000, 0.0000, 0.0000,
    0.0000, 0.0000, 0.0000, 0.0000, 0.0000, 0.0000, 0.0000, 0.0000, 0.0000, 0.0000,
    0.0000, 0.0000, 0.0000, 0.0000, 0.0000, 0.0000, 0.0000, 0.0000, 0.0000, 0.0000,
    0.0000, 0.0000, 0.0000, 0.0000, 0.0000, 0.0000, 0.0000, 0.0000, 0.0000, 0.0000,
    0.0000, 0.0000, 0.0000, 0.0000, 0.0000, 0.0000, 0.0000, 0.0000, 0.0000, 0.0000,
    0.0000, 0.0000, 0.0000, 0.0000, 0.0000, 0.0000, 0.0000, 0.0000, 0.0000, 0.0000,
  ]

### selfplay/episode_opponent_type_selfplay
  Total points: 100
  Min: 0.0000, Max: 0.0000, Mean: 0.0000
  Data: [
    0.0000, 0.0000, 0.0000, 0.0000, 0.0000, 0.0000, 0.0000, 0.0000, 0.0000, 0.0000,
    0.0000, 0.0000, 0.0000, 0.0000, 0.0000, 0.0000, 0.0000, 0.0000, 0.0000, 0.0000,
    0.0000, 0.0000, 0.0000, 0.0000, 0.0000, 0.0000, 0.0000, 0.0000, 0.0000, 0.0000,
    0.0000, 0.0000, 0.0000, 0.0000, 0.0000, 0.0000, 0.0000, 0.0000, 0.0000, 0.0000,
    0.0000, 0.0000, 0.0000, 0.0000, 0.0000, 0.0000, 0.0000, 0.0000, 0.0000, 0.0000,
    0.0000, 0.0000, 0.0000, 0.0000, 0.0000, 0.0000, 0.0000, 0.0000, 0.0000, 0.0000,
    0.0000, 0.0000, 0.0000, 0.0000, 0.0000, 0.0000, 0.0000, 0.0000, 0.0000, 0.0000,
    0.0000, 0.0000, 0.0000, 0.0000, 0.0000, 0.0000, 0.0000, 0.0000, 0.0000, 0.0000,
    0.0000, 0.0000, 0.0000, 0.0000, 0.0000, 0.0000, 0.0000, 0.0000, 0.0000, 0.0000,
    0.0000, 0.0000, 0.0000, 0.0000, 0.0000, 0.0000, 0.0000, 0.0000, 0.0000, 0.0000,
  ]

### selfplay/episode_opponent_type_strong
  Total points: 100
  Min: 0.0000, Max: 0.0000, Mean: 0.0000
  Data: [
    0.0000, 0.0000, 0.0000, 0.0000, 0.0000, 0.0000, 0.0000, 0.0000, 0.0000, 0.0000,
    0.0000, 0.0000, 0.0000, 0.0000, 0.0000, 0.0000, 0.0000, 0.0000, 0.0000, 0.0000,
    0.0000, 0.0000, 0.0000, 0.0000, 0.0000, 0.0000, 0.0000, 0.0000, 0.0000, 0.0000,
    0.0000, 0.0000, 0.0000, 0.0000, 0.0000, 0.0000, 0.0000, 0.0000, 0.0000, 0.0000,
    0.0000, 0.0000, 0.0000, 0.0000, 0.0000, 0.0000, 0.0000, 0.0000, 0.0000, 0.0000,
    0.0000, 0.0000, 0.0000, 0.0000, 0.0000, 0.0000, 0.0000, 0.0000, 0.0000, 0.0000,
    0.0000, 0.0000, 0.0000, 0.0000, 0.0000, 0.0000, 0.0000, 0.0000, 0.0000, 0.0000,
    0.0000, 0.0000, 0.0000, 0.0000, 0.0000, 0.0000, 0.0000, 0.0000, 0.0000, 0.0000,
    0.0000, 0.0000, 0.0000, 0.0000, 0.0000, 0.0000, 0.0000, 0.0000, 0.0000, 0.0000,
    0.0000, 0.0000, 0.0000, 0.0000, 0.0000, 0.0000, 0.0000, 0.0000, 0.0000, 0.0000,
  ]

### selfplay/episode_opponent_type_weak
  Total points: 100
  Min: 1.0000, Max: 1.0000, Mean: 1.0000
  Data: [
    1.0000, 1.0000, 1.0000, 1.0000, 1.0000, 1.0000, 1.0000, 1.0000, 1.0000, 1.0000,
    1.0000, 1.0000, 1.0000, 1.0000, 1.0000, 1.0000, 1.0000, 1.0000, 1.0000, 1.0000,
    1.0000, 1.0000, 1.0000, 1.0000, 1.0000, 1.0000, 1.0000, 1.0000, 1.0000, 1.0000,
    1.0000, 1.0000, 1.0000, 1.0000, 1.0000, 1.0000, 1.0000, 1.0000, 1.0000, 1.0000,
    1.0000, 1.0000, 1.0000, 1.0000, 1.0000, 1.0000, 1.0000, 1.0000, 1.0000, 1.0000,
    1.0000, 1.0000, 1.0000, 1.0000, 1.0000, 1.0000, 1.0000, 1.0000, 1.0000, 1.0000,
    1.0000, 1.0000, 1.0000, 1.0000, 1.0000, 1.0000, 1.0000, 1.0000, 1.0000, 1.0000,
    1.0000, 1.0000, 1.0000, 1.0000, 1.0000, 1.0000, 1.0000, 1.0000, 1.0000, 1.0000,
    1.0000, 1.0000, 1.0000, 1.0000, 1.0000, 1.0000, 1.0000, 1.0000, 1.0000, 1.0000,
    1.0000, 1.0000, 1.0000, 1.0000, 1.0000, 1.0000, 1.0000, 1.0000, 1.0000, 1.0000,
  ]

### selfplay/pool_size
  Total points: 100
  Min: 0.0000, Max: 0.0000, Mean: 0.0000
  Data: [
    0.0000, 0.0000, 0.0000, 0.0000, 0.0000, 0.0000, 0.0000, 0.0000, 0.0000, 0.0000,
    0.0000, 0.0000, 0.0000, 0.0000, 0.0000, 0.0000, 0.0000, 0.0000, 0.0000, 0.0000,
    0.0000, 0.0000, 0.0000, 0.0000, 0.0000, 0.0000, 0.0000, 0.0000, 0.0000, 0.0000,
    0.0000, 0.0000, 0.0000, 0.0000, 0.0000, 0.0000, 0.0000, 0.0000, 0.0000, 0.0000,
    0.0000, 0.0000, 0.0000, 0.0000, 0.0000, 0.0000, 0.0000, 0.0000, 0.0000, 0.0000,
    0.0000, 0.0000, 0.0000, 0.0000, 0.0000, 0.0000, 0.0000, 0.0000, 0.0000, 0.0000,
    0.0000, 0.0000, 0.0000, 0.0000, 0.0000, 0.0000, 0.0000, 0.0000, 0.0000, 0.0000,
    0.0000, 0.0000, 0.0000, 0.0000, 0.0000, 0.0000, 0.0000, 0.0000, 0.0000, 0.0000,
    0.0000, 0.0000, 0.0000, 0.0000, 0.0000, 0.0000, 0.0000, 0.0000, 0.0000, 0.0000,
    0.0000, 0.0000, 0.0000, 0.0000, 0.0000, 0.0000, 0.0000, 0.0000, 0.0000, 0.0000,
  ]

### selfplay/weak_ratio_target
  Total points: 100
  Min: 0.5000, Max: 0.5000, Mean: 0.5000
  Data: [
    0.5000, 0.5000, 0.5000, 0.5000, 0.5000, 0.5000, 0.5000, 0.5000, 0.5000, 0.5000,
    0.5000, 0.5000, 0.5000, 0.5000, 0.5000, 0.5000, 0.5000, 0.5000, 0.5000, 0.5000,
    0.5000, 0.5000, 0.5000, 0.5000, 0.5000, 0.5000, 0.5000, 0.5000, 0.5000, 0.5000,
    0.5000, 0.5000, 0.5000, 0.5000, 0.5000, 0.5000, 0.5000, 0.5000, 0.5000, 0.5000,
    0.5000, 0.5000, 0.5000, 0.5000, 0.5000, 0.5000, 0.5000, 0.5000, 0.5000, 0.5000,
    0.5000, 0.5000, 0.5000, 0.5000, 0.5000, 0.5000, 0.5000, 0.5000, 0.5000, 0.5000,
    0.5000, 0.5000, 0.5000, 0.5000, 0.5000, 0.5000, 0.5000, 0.5000, 0.5000, 0.5000,
    0.5000, 0.5000, 0.5000, 0.5000, 0.5000, 0.5000, 0.5000, 0.5000, 0.5000, 0.5000,
    0.5000, 0.5000, 0.5000, 0.5000, 0.5000, 0.5000, 0.5000, 0.5000, 0.5000, 0.5000,
    0.5000, 0.5000, 0.5000, 0.5000, 0.5000, 0.5000, 0.5000, 0.5000, 0.5000, 0.5000,
  ]

### training/avg_episode_length
  Total points: 100
  Min: 60.3000, Max: 231.2000, Mean: 151.9160
  Data: [
    132.6000, 169.2000, 132.6000, 132.3000, 155.4000, 176.9000, 177.6000, 160.5000, 172.5000, 169.1000,
    171.1000, 170.1000, 152.7000, 190.5000, 174.0000, 151.4000, 178.6000, 92.5000, 133.0000, 161.7000,
    161.1000, 155.6000, 182.1000, 179.9000, 159.3000, 143.5000, 143.7000, 161.0000, 147.2000, 155.8000,
    141.5000, 191.7000, 163.4000, 196.1000, 140.1000, 120.4000, 140.4000, 162.2000, 191.9000, 196.1000,
    145.0000, 109.7000, 99.2000, 108.9000, 130.4000, 153.4000, 60.3000, 133.4000, 125.1000, 135.0000,
    129.4000, 181.5000, 88.0000, 162.6000, 133.7000, 113.3000, 117.2000, 147.2000, 165.9000, 185.3000,
    161.2000, 183.7000, 190.5000, 149.3000, 191.0000, 196.1000, 206.1000, 196.2000, 163.1000, 197.8000,
    132.7000, 126.5000, 116.0000, 101.0000, 122.6000, 152.5000, 129.0000, 152.9000, 126.2000, 145.9000,
    161.5000, 109.9000, 156.7000, 179.1000, 182.8000, 127.4000, 103.8000, 171.1000, 157.3000, 118.7000,
    149.2000, 106.5000, 143.6000, 161.7000, 130.2000, 116.6000, 143.5000, 182.6000, 206.1000, 231.2000,
  ]

### training/calls_per_episode
  Total points: 100
  Min: 0.0000, Max: 0.0000, Mean: 0.0000
  Data: [
    0.0000, 0.0000, 0.0000, 0.0000, 0.0000, 0.0000, 0.0000, 0.0000, 0.0000, 0.0000,
    0.0000, 0.0000, 0.0000, 0.0000, 0.0000, 0.0000, 0.0000, 0.0000, 0.0000, 0.0000,
    0.0000, 0.0000, 0.0000, 0.0000, 0.0000, 0.0000, 0.0000, 0.0000, 0.0000, 0.0000,
    0.0000, 0.0000, 0.0000, 0.0000, 0.0000, 0.0000, 0.0000, 0.0000, 0.0000, 0.0000,
    0.0000, 0.0000, 0.0000, 0.0000, 0.0000, 0.0000, 0.0000, 0.0000, 0.0000, 0.0000,
    0.0000, 0.0000, 0.0000, 0.0000, 0.0000, 0.0000, 0.0000, 0.0000, 0.0000, 0.0000,
    0.0000, 0.0000, 0.0000, 0.0000, 0.0000, 0.0000, 0.0000, 0.0000, 0.0000, 0.0000,
    0.0000, 0.0000, 0.0000, 0.0000, 0.0000, 0.0000, 0.0000, 0.0000, 0.0000, 0.0000,
    0.0000, 0.0000, 0.0000, 0.0000, 0.0000, 0.0000, 0.0000, 0.0000, 0.0000, 0.0000,
    0.0000, 0.0000, 0.0000, 0.0000, 0.0000, 0.0000, 0.0000, 0.0000, 0.0000, 0.0000,
  ]

### training/episode
  Total points: 100
  Min: 50.0000, Max: 11900.0000, Mean: 5975.0000
  Data: [
    50.0000, 100.0000, 150.0000, 200.0000, 250.0000, 300.0000, 350.0000, 400.0000, 450.0000, 500.0000,
    550.0000, 600.0000, 650.0000, 700.0000, 750.0000, 800.0000, 850.0000, 900.0000, 950.0000, 1000.0000,
    1050.0000, 1100.0000, 1150.0000, 1200.0000, 1250.0000, 1300.0000, 1350.0000, 1400.0000, 1450.0000, 1500.0000,
    1550.0000, 1600.0000, 1650.0000, 1700.0000, 1750.0000, 1800.0000, 1850.0000, 1900.0000, 1950.0000, 2000.0000,
    2050.0000, 2100.0000, 2150.0000, 2200.0000, 2250.0000, 2300.0000, 2350.0000, 2400.0000, 2450.0000, 2500.0000,
    9450.0000, 9500.0000, 9550.0000, 9600.0000, 9650.0000, 9700.0000, 9750.0000, 9800.0000, 9850.0000, 9900.0000,
    9950.0000, 10000.0000, 10050.0000, 10100.0000, 10150.0000, 10200.0000, 10250.0000, 10300.0000, 10350.0000, 10400.0000,
    10450.0000, 10500.0000, 10550.0000, 10600.0000, 10650.0000, 10700.0000, 10750.0000, 10800.0000, 10850.0000, 10900.0000,
    10950.0000, 11000.0000, 11050.0000, 11100.0000, 11150.0000, 11200.0000, 11250.0000, 11300.0000, 11350.0000, 11400.0000,
    11450.0000, 11500.0000, 11550.0000, 11600.0000, 11650.0000, 11700.0000, 11750.0000, 11800.0000, 11850.0000, 11900.0000,
  ]

### training/eps_per_sec
  Total points: 100
  Min: 0.1937, Max: 7.1655, Mean: 2.5981
  Data: [
    5.4114, 6.6215, 6.0517, 6.2345, 7.1655, 5.6630, 6.4140, 6.3013, 6.1350, 6.0919,
    5.7495, 6.6682, 5.6466, 5.8319, 6.0262, 6.5279, 6.3842, 7.0256, 6.0553, 6.4048,
    6.1183, 6.4764, 5.2144, 6.0950, 6.6616, 6.5714, 6.1470, 6.4424, 6.0800, 6.4478,
    5.8941, 6.2012, 6.1734, 5.9520, 5.7589, 5.9596, 6.8660, 5.5887, 5.9523, 3.2837,
    0.1963, 0.3049, 0.2039, 0.3020, 0.2220, 0.3147, 0.2398, 0.3050, 0.2058, 0.3092,
    0.2158, 0.3030, 0.1994, 0.2945, 0.2016, 0.3128, 0.2222, 0.3082, 0.2046, 0.3017,
    0.2056, 0.3004, 0.2115, 0.2979, 0.1977, 0.3236, 0.2056, 0.2984, 0.2152, 0.3034,
    0.1993, 0.3144, 0.2167, 0.3132, 0.2230, 0.3072, 0.2047, 0.3154, 0.2303, 0.3084,
    0.2016, 0.3090, 0.2015, 0.3082, 0.1937, 0.3042, 0.1968, 0.3138, 0.2114, 0.3039,
    0.1984, 0.3134, 0.2282, 0.3134, 0.2044, 0.3218, 0.2277, 0.2967, 0.1996, 0.3091,
  ]

### training/epsilon
  Total points: 100
  Min: 0.0500, Max: 1.0000, Mean: 0.5123
  Data: [
    1.0000, 1.0000, 1.0000, 1.0000, 1.0000, 1.0000, 1.0000, 1.0000, 1.0000, 1.0000,
    1.0000, 1.0000, 1.0000, 1.0000, 1.0000, 1.0000, 1.0000, 1.0000, 1.0000, 1.0000,
    1.0000, 1.0000, 1.0000, 1.0000, 1.0000, 1.0000, 1.0000, 1.0000, 1.0000, 1.0000,
    1.0000, 1.0000, 1.0000, 1.0000, 1.0000, 1.0000, 1.0000, 1.0000, 1.0000, 0.9995,
    0.9748, 0.9507, 0.9273, 0.9044, 0.8820, 0.8602, 0.8390, 0.8183, 0.7981, 0.7784,
    0.0500, 0.0500, 0.0500, 0.0500, 0.0500, 0.0500, 0.0500, 0.0500, 0.0500, 0.0500,
    0.0500, 0.0500, 0.0500, 0.0500, 0.0500, 0.0500, 0.0500, 0.0500, 0.0500, 0.0500,
    0.0500, 0.0500, 0.0500, 0.0500, 0.0500, 0.0500, 0.0500, 0.0500, 0.0500, 0.0500,
    0.0500, 0.0500, 0.0500, 0.0500, 0.0500, 0.0500, 0.0500, 0.0500, 0.0500, 0.0500,
    0.0500, 0.0500, 0.0500, 0.0500, 0.0500, 0.0500, 0.0500, 0.0500, 0.0500, 0.0500,
  ]

### training/pbrs_enabled
  Total points: 100
  Min: 1.0000, Max: 1.0000, Mean: 1.0000
  Data: [
    1.0000, 1.0000, 1.0000, 1.0000, 1.0000, 1.0000, 1.0000, 1.0000, 1.0000, 1.0000,
    1.0000, 1.0000, 1.0000, 1.0000, 1.0000, 1.0000, 1.0000, 1.0000, 1.0000, 1.0000,
    1.0000, 1.0000, 1.0000, 1.0000, 1.0000, 1.0000, 1.0000, 1.0000, 1.0000, 1.0000,
    1.0000, 1.0000, 1.0000, 1.0000, 1.0000, 1.0000, 1.0000, 1.0000, 1.0000, 1.0000,
    1.0000, 1.0000, 1.0000, 1.0000, 1.0000, 1.0000, 1.0000, 1.0000, 1.0000, 1.0000,
    1.0000, 1.0000, 1.0000, 1.0000, 1.0000, 1.0000, 1.0000, 1.0000, 1.0000, 1.0000,
    1.0000, 1.0000, 1.0000, 1.0000, 1.0000, 1.0000, 1.0000, 1.0000, 1.0000, 1.0000,
    1.0000, 1.0000, 1.0000, 1.0000, 1.0000, 1.0000, 1.0000, 1.0000, 1.0000, 1.0000,
    1.0000, 1.0000, 1.0000, 1.0000, 1.0000, 1.0000, 1.0000, 1.0000, 1.0000, 1.0000,
    1.0000, 1.0000, 1.0000, 1.0000, 1.0000, 1.0000, 1.0000, 1.0000, 1.0000, 1.0000,
  ]

### values/Q_avg
  Total points: 66
  Min: -4.4826, Max: 0.0706, Mean: -2.5195
  Data: [
    0.0683, 0.0368, 0.0508, 0.0344, 0.0236, 0.0665, 0.0706, 0.0318, 0.0443, 0.0336,
    0.0502, 0.0297, 0.0279, 0.0394, 0.0653, 0.0590, 0.0514, 0.0392, 0.0433, -0.1163,
    -1.7493, -2.7273, -3.7299, -3.9321, -3.9854, -4.2648, -4.3202, -4.1197, -4.0867, -4.4826,
    -4.1493, -4.2879, -4.0798, -3.9513, -3.9840, -3.5178, -3.4205, -3.6011, -3.2394, -3.0576,
    -3.4197, -3.4405, -3.4202, -3.9231, -3.5280, -3.6472, -3.7549, -3.5880, -3.5132, -3.6104,
    -3.5305, -3.4323, -3.4034, -3.3890, -3.6171, -3.5437, -3.5728, -3.5809, -3.4296, -3.4786,
    -3.6596, -3.7404, -3.3933, -3.6072, -3.5833, -3.5434,
  ]

### values/Q_max
  Total points: 66
  Min: -2.4527, Max: 9.1048, Mean: 1.2029
  Data: [
    0.3453, 0.3362, 0.3352, 0.3019, 0.3337, 0.3275, 0.3195, 0.3119, 0.3152, 0.3270,
    0.3860, 0.3100, 0.3691, 0.3506, 0.3612, 0.3196, 0.3537, 0.3234, 0.3454, 0.1887,
    0.0630, -0.1106, -0.4258, -0.8060, -1.5043, 2.8311, -2.4527, -1.8498, 4.9072, 0.5767,
    7.3166, -0.6726, 3.7716, -2.3102, 4.5840, 8.4295, 6.3933, -1.8519, 5.8906, 7.7607,
    6.7361, -1.6989, -2.0645, -2.0968, -2.1853, -1.6748, -2.2118, -2.3480, 7.7011, -2.2865,
    -2.3272, 7.4614, 9.1048, -1.9211, -2.3109, 1.7988, 8.1758, 1.2536, -2.0959, -2.2531,
    -2.2841, 5.8614, 8.9115, -2.2838, 1.2317, 6.0957,
  ]

### values/Q_min
  Total points: 66
  Min: -9.2279, Max: -0.2047, Mean: -5.9758
  Data: [
    -0.2314, -0.2265, -0.2484, -0.2468, -0.3545, -0.2287, -0.2207, -0.2856, -0.2633, -0.2772,
    -0.3485, -0.2381, -0.3015, -0.2352, -0.2681, -0.2122, -0.3449, -0.2047, -0.3316, -0.3894,
    -8.1821, -8.3014, -8.0729, -7.8356, -7.6909, -8.7679, -8.9611, -7.9247, -8.9801, -8.0370,
    -8.8553, -8.7437, -8.9927, -7.9315, -8.2461, -8.7658, -7.8693, -9.0387, -7.8996, -8.0207,
    -8.6338, -8.0390, -8.9157, -8.7793, -7.3636, -8.8281, -8.9377, -7.9620, -8.8098, -8.0180,
    -8.4639, -8.2936, -9.0578, -7.8813, -8.3090, -7.9455, -8.7694, -9.2279, -8.9645, -8.6971,
    -8.9387, -8.9556, -8.1389, -8.2812, -8.8841, -8.7316,
  ]

### values/Q_std
  Total points: 66
  Min: 0.1199, Max: 2.2021, Mean: 1.0326
  Data: [
    0.1426, 0.1338, 0.1346, 0.1417, 0.1358, 0.1445, 0.1366, 0.1230, 0.1323, 0.1384,
    0.1466, 0.1305, 0.1509, 0.1225, 0.1380, 0.1311, 0.1345, 0.1199, 0.1428, 0.1258,
    1.2909, 1.3510, 1.2990, 1.2356, 1.1587, 1.5026, 1.0873, 0.9910, 1.7919, 1.1945,
    1.7476, 1.2806, 1.4335, 1.0070, 1.7921, 2.0928, 1.8836, 1.3328, 1.3707, 2.0822,
    1.8321, 1.2847, 1.1826, 1.5299, 1.0485, 1.3171, 1.3959, 1.0385, 1.7741, 1.2558,
    1.2135, 1.5537, 2.2021, 0.9866, 1.0995, 1.1614, 1.7152, 1.3204, 1.1689, 0.9812,
    1.3233, 1.7570, 1.8549, 1.2524, 1.4726, 1.8017,
  ]

### vf_reg/active_ratio
  Total points: 98
  Min: 0.7382, Max: 0.9107, Mean: 0.8066
  Data: [
    0.9090, 0.9107, 0.9081, 0.9054, 0.8997, 0.8994, 0.8962, 0.8927, 0.8956, 0.8894,
    0.8846, 0.8838, 0.8844, 0.8826, 0.8814, 0.8784, 0.8791, 0.8735, 0.8726, 0.8703,
    0.8713, 0.8762, 0.8662, 0.8625, 0.8698, 0.8645, 0.8578, 0.8604, 0.8598, 0.8564,
    0.8519, 0.8552, 0.8514, 0.8558, 0.8510, 0.8516, 0.8464, 0.8510, 0.8504, 0.8444,
    0.8463, 0.8386, 0.8390, 0.8385, 0.8423, 0.8326, 0.8406, 0.8359, 0.8366, 0.7467,
    0.7492, 0.7456, 0.7466, 0.7533, 0.7396, 0.7480, 0.7409, 0.7515, 0.7482, 0.7540,
    0.7441, 0.7481, 0.7529, 0.7458, 0.7476, 0.7394, 0.7432, 0.7450, 0.7487, 0.7442,
    0.7471, 0.7496, 0.7474, 0.7518, 0.7526, 0.7490, 0.7486, 0.7442, 0.7524, 0.7430,
    0.7462, 0.7405, 0.7482, 0.7487, 0.7410, 0.7402, 0.7382, 0.7487, 0.7403, 0.7419,
    0.7415, 0.7430, 0.7460, 0.7429, 0.7413, 0.7441, 0.7467, 0.7421,
  ]

### vf_reg/q_advantage_mean
  Total points: 98
  Min: 0.0040, Max: 0.0397, Mean: 0.0146
  Data: [
    0.0040, 0.0397, 0.0374, 0.0326, 0.0304, 0.0314, 0.0255, 0.0281, 0.0295, 0.0280,
    0.0270, 0.0225, 0.0260, 0.0241, 0.0257, 0.0224, 0.0226, 0.0219, 0.0227, 0.0218,
    0.0216, 0.0244, 0.0231, 0.0218, 0.0220, 0.0220, 0.0210, 0.0222, 0.0220, 0.0205,
    0.0237, 0.0209, 0.0196, 0.0210, 0.0210, 0.0207, 0.0210, 0.0195, 0.0209, 0.0202,
    0.0195, 0.0188, 0.0210, 0.0201, 0.0191, 0.0200, 0.0206, 0.0194, 0.0196, 0.0056,
    0.0065, 0.0059, 0.0063, 0.0059, 0.0062, 0.0062, 0.0060, 0.0054, 0.0066, 0.0056,
    0.0062, 0.0053, 0.0053, 0.0061, 0.0058, 0.0060, 0.0059, 0.0070, 0.0067, 0.0069,
    0.0071, 0.0071, 0.0072, 0.0062, 0.0066, 0.0061, 0.0058, 0.0063, 0.0056, 0.0056,
    0.0064, 0.0068, 0.0065, 0.0063, 0.0060, 0.0060, 0.0060, 0.0063, 0.0061, 0.0056,
    0.0056, 0.0064, 0.0057, 0.0061, 0.0055, 0.0066, 0.0076, 0.0065,
  ]

### vf_reg/reg_loss
  Total points: 98
  Min: 0.0000, Max: 0.0002, Mean: 0.0001
  Data: [
    0.0000, 0.0001, 0.0001, 0.0001, 0.0001, 0.0001, 0.0001, 0.0001, 0.0001, 0.0001,
    0.0001, 0.0001, 0.0001, 0.0001, 0.0001, 0.0001, 0.0001, 0.0001, 0.0001, 0.0001,
    0.0001, 0.0001, 0.0001, 0.0001, 0.0001, 0.0002, 0.0002, 0.0001, 0.0001, 0.0001,
    0.0001, 0.0001, 0.0001, 0.0001, 0.0001, 0.0001, 0.0001, 0.0002, 0.0002, 0.0001,
    0.0002, 0.0001, 0.0001, 0.0001, 0.0002, 0.0002, 0.0002, 0.0002, 0.0002, 0.0001,
    0.0001, 0.0001, 0.0001, 0.0001, 0.0001, 0.0001, 0.0001, 0.0001, 0.0001, 0.0001,
    0.0001, 0.0002, 0.0001, 0.0001, 0.0001, 0.0001, 0.0001, 0.0001, 0.0001, 0.0001,
    0.0001, 0.0001, 0.0001, 0.0001, 0.0001, 0.0001, 0.0001, 0.0001, 0.0001, 0.0001,
    0.0001, 0.0001, 0.0001, 0.0001, 0.0001, 0.0001, 0.0001, 0.0001, 0.0001, 0.0001,
    0.0001, 0.0001, 0.0001, 0.0001, 0.0001, 0.0001, 0.0001, 0.0001,
  ]

### vf_reg/violation_ratio
  Total points: 98
  Min: 0.0546, Max: 0.3055, Mean: 0.2216
  Data: [
    0.1507, 0.0546, 0.0852, 0.0805, 0.0918, 0.0983, 0.1142, 0.1097, 0.0922, 0.1171,
    0.1238, 0.1291, 0.1248, 0.1267, 0.1312, 0.1480, 0.1481, 0.1462, 0.1583, 0.1614,
    0.1561, 0.1593, 0.1639, 0.1731, 0.1688, 0.1668, 0.1669, 0.1774, 0.1676, 0.1730,
    0.1669, 0.1794, 0.1822, 0.1767, 0.1744, 0.1796, 0.1817, 0.1935, 0.1915, 0.1839,
    0.1935, 0.1939, 0.1930, 0.1985, 0.1977, 0.1989, 0.2020, 0.1940, 0.1970, 0.2948,
    0.2794, 0.2874, 0.2879, 0.2833, 0.2834, 0.2741, 0.2795, 0.2818, 0.2821, 0.2896,
    0.2783, 0.2950, 0.2964, 0.2910, 0.2915, 0.2878, 0.2771, 0.2847, 0.2743, 0.2782,
    0.2788, 0.2910, 0.2807, 0.2844, 0.2826, 0.2674, 0.2786, 0.2875, 0.2879, 0.2854,
    0.2876, 0.2847, 0.2841, 0.2869, 0.2879, 0.2854, 0.2873, 0.2937, 0.2919, 0.2996,
    0.2995, 0.2963, 0.3000, 0.2989, 0.3055, 0.2925, 0.2936, 0.2972,
  ]
