================================================================================
W&B RUN DATA: pbrs0.2-weak-TD3-Hockey-NORMAL-weak-lr0.0003-seed55
================================================================================

## RUN METADATA
Run ID: sp9iclso
Created: 2026-01-13T19:51:28Z
State: crashed
Duration: 35978.034547993 seconds

## CONFIGURATION
  algorithm: TD3
  mode: NORMAL
  opponent: weak
  learning_rate_actor: 0.0003
  learning_rate_critic: 0.0003
  batch_size: 1024
  buffer_size: 1000000
  max_episodes: 50000
  random_seed: 55
  self_play_start: 0
  self_play_pool_size: 25
  gamma: 0.95
  tau: 0.005

## FINAL SUMMARY

## NOTE: Data discretized to fit 100000 char limit
  Showing ~50 points per metric (of 454 total)

## METRICS DATA

### behavior/action_magnitude_avg
  Total points: 100
  Min: 0.4377, Max: 1.3454, Mean: 1.2270
  Data: [
    0.4643, 0.4564, 0.4560, 0.4377, 1.3312, 1.1759, 0.9687, 0.9398, 1.1995, 1.1900,
    1.1988, 1.0434, 1.2400, 1.0408, 1.1521, 1.1553, 1.0574, 1.1565, 1.2166, 1.1948,
    1.1706, 1.2209, 1.2410, 1.2378, 1.2610, 1.2614, 1.2721, 1.2752, 1.2942, 1.3056,
    1.3025, 1.2872, 1.2793, 1.2613, 1.2818, 1.2819, 1.2551, 1.2514, 1.2065, 1.2721,
    1.2709, 1.2353, 1.2550, 1.2014, 1.1812, 1.2538, 1.2330, 1.1204, 1.1570, 1.2538,
    1.3123, 1.3074, 1.3010, 1.3159, 1.3319, 1.3257, 1.2913, 1.2449, 1.2916, 1.3058,
    1.2887, 1.3115, 1.3133, 1.3162, 1.3198, 1.3134, 1.2837, 1.2575, 1.3050, 1.2980,
    1.3454, 1.2925, 1.3238, 1.2983, 1.3270, 1.2897, 1.2942, 1.3332, 1.3137, 1.2738,
    1.2900, 1.2785, 1.3071, 1.3072, 1.2685, 1.2632, 1.3382, 1.3280, 1.3274, 1.3162,
    1.3373, 1.2823, 1.3169, 1.3063, 1.3109, 1.3172, 1.2983, 1.3172, 1.3097, 1.2969,
  ]

### behavior/action_magnitude_max
  Total points: 100
  Min: 0.9158, Max: 1.4142, Mean: 1.3952
  Data: [
    0.9400, 1.0129, 0.9158, 1.0034, 1.4121, 1.4122, 1.4056, 1.4078, 1.4137, 1.4142,
    1.4113, 1.3799, 1.4142, 1.4132, 1.4135, 1.4121, 1.4127, 1.4118, 1.4142, 1.4138,
    1.4142, 1.4142, 1.4142, 1.4123, 1.4116, 1.4140, 1.4125, 1.4134, 1.4130, 1.4142,
    1.4142, 1.4126, 1.4140, 1.4142, 1.4128, 1.4141, 1.4131, 1.4142, 1.4127, 1.4132,
    1.4142, 1.4142, 1.4142, 1.4133, 1.4111, 1.4141, 1.4142, 1.4111, 1.4104, 1.4101,
    1.4139, 1.4134, 1.4142, 1.4142, 1.4142, 1.4142, 1.4142, 1.4121, 1.4138, 1.4142,
    1.4137, 1.4138, 1.4142, 1.4142, 1.4142, 1.4140, 1.4139, 1.4140, 1.4141, 1.4142,
    1.4142, 1.4142, 1.4142, 1.4142, 1.4141, 1.4142, 1.4133, 1.4138, 1.4127, 1.4138,
    1.4116, 1.4142, 1.4140, 1.4136, 1.4138, 1.4141, 1.4142, 1.4142, 1.4139, 1.4142,
    1.4142, 1.4137, 1.4142, 1.4142, 1.4130, 1.4142, 1.4134, 1.4142, 1.4139, 1.4140,
  ]

### behavior/dist_to_puck_avg
  Total points: 100
  Min: 1.9804, Max: 3.8463, Mean: 2.5170
  Data: [
    3.7672, 3.4998, 3.8463, 3.8059, 3.1529, 2.6568, 2.4666, 2.3143, 2.6352, 2.5921,
    2.4564, 2.3109, 2.3600, 2.0854, 2.2255, 2.2420, 1.9804, 2.2748, 2.3373, 2.1274,
    2.2257, 2.0896, 2.1771, 2.3653, 2.5447, 2.3877, 2.4132, 2.1103, 2.5663, 2.4376,
    2.4868, 2.3508, 2.4819, 2.2138, 2.2040, 2.3453, 2.4243, 2.3675, 2.0869, 2.4233,
    2.6085, 2.4491, 2.6027, 2.2149, 2.3585, 2.2188, 2.3629, 2.2089, 2.3405, 2.4052,
    2.5817, 2.5907, 2.6722, 2.4179, 2.7839, 2.6678, 2.3003, 2.2832, 2.6598, 2.5036,
    2.4475, 2.3199, 2.2141, 2.6638, 2.6234, 2.5881, 2.6039, 2.2876, 2.6586, 2.6757,
    2.7467, 2.6122, 2.5379, 2.5621, 2.5126, 2.6369, 2.4988, 2.5744, 2.4760, 2.4920,
    2.4851, 2.7450, 2.5835, 2.4904, 2.5588, 2.5303, 2.5018, 2.6532, 2.5474, 2.6791,
    2.4041, 2.4762, 2.6623, 2.5185, 2.6689, 2.5741, 2.7253, 2.5239, 2.7249, 2.8451,
  ]

### behavior/dist_to_puck_min
  Total points: 100
  Min: 0.2634, Max: 1.8777, Mean: 0.5851
  Data: [
    1.7274, 1.5783, 1.8354, 1.4926, 1.8777, 0.7115, 0.6973, 1.0146, 0.3581, 0.6223,
    0.5545, 0.7146, 0.4027, 0.4914, 0.4682, 0.4031, 0.4618, 0.4704, 0.3566, 0.2634,
    0.3507, 0.3540, 0.3057, 0.3053, 0.4250, 0.4283, 0.4446, 0.5274, 0.3428, 0.3101,
    0.3089, 0.3874, 0.3754, 0.3511, 0.3984, 0.3927, 0.3184, 0.4518, 0.4690, 0.3215,
    0.3473, 0.3257, 0.3168, 0.3680, 0.5927, 0.2891, 0.4533, 0.5202, 0.5075, 0.3839,
    0.7331, 0.7528, 0.6862, 0.4438, 0.4695, 0.6546, 0.4417, 0.8415, 0.5038, 0.4083,
    0.5437, 0.5506, 0.6799, 0.6279, 0.4706, 0.8248, 0.6081, 0.4471, 0.5630, 0.5973,
    0.6951, 0.7646, 0.6672, 0.6812, 0.5506, 0.5892, 0.8638, 0.6666, 0.6594, 0.6342,
    0.5431, 0.4957, 0.5839, 0.4764, 0.6088, 0.6010, 0.4508, 0.5174, 0.4340, 0.4522,
    0.6424, 0.4021, 0.4920, 0.5658, 0.7904, 0.5928, 0.6878, 0.7228, 0.7188, 0.9404,
  ]

### behavior/distance_traveled
  Total points: 100
  Min: 4.9911, Max: 23.9788, Mean: 13.1841
  Data: [
    5.6368, 4.9911, 5.6755, 6.1399, 5.4142, 14.1180, 13.8308, 9.2589, 22.3199, 15.0452,
    10.2787, 13.4823, 11.7275, 10.3460, 10.0187, 11.2929, 11.7593, 14.8391, 17.7877, 11.2080,
    16.1516, 10.2258, 14.1558, 13.5084, 14.3975, 12.4084, 14.1501, 7.2344, 8.9244, 14.3744,
    11.0631, 9.3883, 19.2728, 14.8670, 10.0114, 13.5119, 14.9831, 12.8913, 10.9454, 16.1192,
    16.1792, 14.0882, 17.9362, 23.9788, 17.3423, 16.3183, 16.9405, 14.9066, 13.9237, 12.6433,
    13.5352, 9.1967, 16.3381, 15.0420, 17.2120, 9.1503, 12.8879, 8.8110, 12.3095, 18.1871,
    10.6977, 8.7766, 8.2128, 13.8126, 16.5307, 17.4121, 10.3451, 15.5531, 18.6352, 16.3670,
    16.0443, 10.0893, 14.7259, 9.8267, 10.2326, 12.4037, 6.8994, 10.5352, 12.8697, 13.1808,
    11.1347, 21.0240, 14.5293, 9.9575, 16.4018, 15.0212, 15.5856, 17.7127, 15.4423, 17.2694,
    10.3063, 11.7786, 21.9904, 16.1748, 11.1207, 11.3197, 12.1359, 11.4835, 14.4001, 9.7909,
  ]

### behavior/lazy_action_ratio
  Total points: 100
  Min: 0.0000, Max: 0.0692, Mean: 0.0035
  Data: [
    0.0447, 0.0622, 0.0484, 0.0692, 0.0000, 0.0004, 0.0137, 0.0048, 0.0039, 0.0013,
    0.0012, 0.0153, 0.0016, 0.0092, 0.0020, 0.0063, 0.0061, 0.0049, 0.0010, 0.0028,
    0.0016, 0.0000, 0.0000, 0.0000, 0.0000, 0.0000, 0.0006, 0.0000, 0.0000, 0.0000,
    0.0000, 0.0000, 0.0000, 0.0004, 0.0005, 0.0000, 0.0004, 0.0000, 0.0004, 0.0000,
    0.0000, 0.0018, 0.0000, 0.0018, 0.0027, 0.0030, 0.0023, 0.0116, 0.0135, 0.0000,
    0.0000, 0.0000, 0.0000, 0.0022, 0.0000, 0.0020, 0.0000, 0.0000, 0.0000, 0.0004,
    0.0004, 0.0000, 0.0000, 0.0000, 0.0000, 0.0000, 0.0000, 0.0000, 0.0000, 0.0000,
    0.0000, 0.0000, 0.0000, 0.0000, 0.0000, 0.0000, 0.0000, 0.0000, 0.0000, 0.0000,
    0.0000, 0.0000, 0.0000, 0.0004, 0.0000, 0.0000, 0.0000, 0.0004, 0.0000, 0.0000,
    0.0000, 0.0000, 0.0000, 0.0000, 0.0000, 0.0000, 0.0018, 0.0000, 0.0000, 0.0018,
  ]

### behavior/puck_touches
  Total points: 100
  Min: 0.0000, Max: 5.7000, Mean: 1.8650
  Data: [
    0.0000, 0.1000, 0.1000, 0.1000, 0.0000, 1.5000, 1.5000, 0.8000, 2.2000, 2.1000,
    1.3000, 1.2000, 1.9000, 2.0000, 1.6000, 1.1000, 1.0000, 1.0000, 1.8000, 2.1000,
    1.4000, 2.3000, 3.1000, 2.3000, 2.0000, 2.4000, 2.6000, 0.9000, 1.1000, 1.7000,
    1.8000, 1.9000, 4.6000, 1.7000, 1.3000, 1.5000, 1.9000, 2.4000, 1.8000, 3.2000,
    1.3000, 3.0000, 2.0000, 2.3000, 2.0000, 3.9000, 2.9000, 1.4000, 5.7000, 1.6000,
    1.8000, 1.1000, 2.2000, 3.1000, 2.7000, 1.7000, 2.4000, 1.0000, 2.0000, 2.7000,
    1.1000, 1.8000, 0.5000, 2.3000, 2.3000, 1.4000, 1.7000, 2.1000, 2.0000, 2.5000,
    2.2000, 1.3000, 1.9000, 1.5000, 1.6000, 1.1000, 1.0000, 1.9000, 1.8000, 2.1000,
    2.0000, 2.0000, 2.2000, 1.5000, 2.4000, 1.4000, 2.5000, 3.6000, 2.4000, 1.8000,
    1.1000, 1.6000, 4.1000, 1.9000, 1.5000, 1.1000, 1.6000, 1.9000, 2.1000, 1.6000,
  ]

### behavior/time_near_puck
  Total points: 100
  Min: 0.0000, Max: 26.4000, Mean: 12.6570
  Data: [
    0.0000, 1.4000, 1.4000, 0.2000, 0.0000, 9.3000, 14.8000, 5.6000, 22.5000, 17.0000,
    12.6000, 13.2000, 18.3000, 11.1000, 11.3000, 11.3000, 10.2000, 11.7000, 16.6000, 16.9000,
    17.6000, 26.4000, 22.6000, 20.2000, 15.4000, 12.6000, 14.9000, 9.4000, 8.4000, 15.9000,
    14.0000, 17.2000, 24.1000, 14.8000, 14.2000, 16.4000, 13.5000, 11.5000, 12.2000, 22.0000,
    9.5000, 12.0000, 10.2000, 18.5000, 13.5000, 21.0000, 20.6000, 14.2000, 20.3000, 14.2000,
    11.6000, 7.3000, 10.4000, 15.1000, 14.4000, 8.2000, 15.2000, 10.3000, 9.3000, 17.7000,
    7.9000, 10.1000, 5.1000, 17.0000, 12.9000, 13.5000, 10.1000, 11.7000, 14.8000, 15.7000,
    11.4000, 10.0000, 14.1000, 7.7000, 11.0000, 6.7000, 6.3000, 11.2000, 10.4000, 14.4000,
    11.0000, 14.1000, 15.5000, 11.0000, 14.0000, 9.4000, 13.4000, 17.5000, 13.2000, 11.8000,
    8.3000, 11.3000, 19.0000, 13.5000, 10.8000, 8.5000, 9.9000, 9.2000, 11.3000, 8.8000,
  ]

### behavior/velocity_avg
  Total points: 100
  Min: 0.0408, Max: 0.1554, Mean: 0.1224
  Data: [
    0.0456, 0.0434, 0.0408, 0.0457, 0.0745, 0.1163, 0.0939, 0.0782, 0.1271, 0.1131,
    0.1160, 0.0906, 0.1109, 0.0959, 0.1087, 0.1059, 0.0961, 0.1071, 0.1111, 0.0983,
    0.1057, 0.0987, 0.1108, 0.1031, 0.1173, 0.1187, 0.1190, 0.1112, 0.1115, 0.1112,
    0.1166, 0.1108, 0.1196, 0.1153, 0.1190, 0.1201, 0.1230, 0.1160, 0.1261, 0.1160,
    0.1197, 0.1140, 0.1134, 0.1196, 0.1309, 0.1311, 0.1233, 0.1126, 0.1176, 0.1284,
    0.1410, 0.1438, 0.1275, 0.1355, 0.1364, 0.1321, 0.1337, 0.1373, 0.1434, 0.1410,
    0.1384, 0.1346, 0.1554, 0.1452, 0.1412, 0.1390, 0.1405, 0.1398, 0.1374, 0.1350,
    0.1388, 0.1435, 0.1415, 0.1439, 0.1323, 0.1378, 0.1466, 0.1455, 0.1444, 0.1404,
    0.1426, 0.1285, 0.1295, 0.1392, 0.1359, 0.1388, 0.1431, 0.1322, 0.1361, 0.1311,
    0.1428, 0.1308, 0.1293, 0.1408, 0.1433, 0.1415, 0.1349, 0.1443, 0.1338, 0.1339,
  ]

### behavior/velocity_max
  Total points: 100
  Min: 0.1534, Max: 0.2497, Mean: 0.2321
  Data: [
    0.1764, 0.1550, 0.1718, 0.1534, 0.2300, 0.2328, 0.2289, 0.2229, 0.2388, 0.2370,
    0.2367, 0.2210, 0.2272, 0.2247, 0.2271, 0.2313, 0.2249, 0.2338, 0.2351, 0.2284,
    0.2187, 0.2297, 0.2313, 0.2337, 0.2288, 0.2349, 0.2374, 0.2313, 0.2264, 0.2351,
    0.2298, 0.2282, 0.2366, 0.2373, 0.2287, 0.2322, 0.2338, 0.2329, 0.2308, 0.2322,
    0.2357, 0.2304, 0.2324, 0.2318, 0.2332, 0.2314, 0.2315, 0.2323, 0.2310, 0.2351,
    0.2406, 0.2330, 0.2408, 0.2380, 0.2394, 0.2383, 0.2432, 0.2301, 0.2355, 0.2400,
    0.2393, 0.2330, 0.2336, 0.2358, 0.2409, 0.2458, 0.2371, 0.2355, 0.2395, 0.2374,
    0.2454, 0.2366, 0.2404, 0.2353, 0.2448, 0.2394, 0.2321, 0.2350, 0.2409, 0.2371,
    0.2296, 0.2375, 0.2319, 0.2342, 0.2479, 0.2382, 0.2497, 0.2439, 0.2433, 0.2392,
    0.2390, 0.2329, 0.2370, 0.2479, 0.2431, 0.2365, 0.2399, 0.2374, 0.2345, 0.2341,
  ]

### eval/strong/avg_reward
  Total points: 41
  Min: -15.1352, Max: -0.9481, Mean: -5.2846
  Data: [
    -8.4924, -5.2902, -4.7434, -15.1352, -6.8445, -7.4696, -8.5278, -4.6841, -4.9852, -5.5602,
    -1.7435, -4.1912, -2.1185, -0.9481, -6.6784, -5.3242, -2.1812, -2.0030, -4.7398, -5.8095,
    -2.0690, -5.0811, -7.6712, -9.8580, -6.0687, -8.0371, -5.3133, -7.2203, -5.3999, -5.1913,
    -7.5315, -2.2822, -4.1276, -5.2033, -5.0312, -3.8763, -4.6658, -2.4683, -6.2355, -3.9135,
    -1.9522,
  ]

### eval/strong/loss_rate
  Total points: 41
  Min: 0.2400, Max: 0.6000, Mean: 0.4478
  Data: [
    0.6000, 0.3400, 0.4800, 0.2400, 0.5200, 0.3400, 0.2400, 0.5000, 0.5200, 0.5400,
    0.4000, 0.4800, 0.4200, 0.3400, 0.5600, 0.4800, 0.3400, 0.3400, 0.4200, 0.4400,
    0.3400, 0.5200, 0.4400, 0.4200, 0.5600, 0.5400, 0.5200, 0.5000, 0.5200, 0.5400,
    0.6000, 0.3600, 0.5000, 0.5000, 0.5000, 0.4800, 0.5000, 0.3200, 0.4600, 0.3600,
    0.3400,
  ]

### eval/strong/losses
  Total points: 41
  Min: 12.0000, Max: 30.0000, Mean: 22.3902
  Data: [
    30.0000, 17.0000, 24.0000, 12.0000, 26.0000, 17.0000, 12.0000, 25.0000, 26.0000, 27.0000,
    20.0000, 24.0000, 21.0000, 17.0000, 28.0000, 24.0000, 17.0000, 17.0000, 21.0000, 22.0000,
    17.0000, 26.0000, 22.0000, 21.0000, 28.0000, 27.0000, 26.0000, 25.0000, 26.0000, 27.0000,
    30.0000, 18.0000, 25.0000, 25.0000, 25.0000, 24.0000, 25.0000, 16.0000, 23.0000, 18.0000,
    17.0000,
  ]

### eval/strong/tie_rate
  Total points: 41
  Min: 0.1000, Max: 0.7200, Mean: 0.2541
  Data: [
    0.1800, 0.3800, 0.2200, 0.7200, 0.2600, 0.4400, 0.5600, 0.1800, 0.1800, 0.2000,
    0.1200, 0.2000, 0.1600, 0.1800, 0.2400, 0.2200, 0.2000, 0.2400, 0.3000, 0.3400,
    0.2600, 0.2000, 0.2600, 0.3600, 0.1800, 0.3200, 0.1800, 0.2800, 0.2000, 0.1200,
    0.1600, 0.2800, 0.1000, 0.2200, 0.1800, 0.1600, 0.1600, 0.3000, 0.3400, 0.3600,
    0.2800,
  ]

### eval/strong/ties
  Total points: 41
  Min: 5.0000, Max: 36.0000, Mean: 12.7073
  Data: [
    9.0000, 19.0000, 11.0000, 36.0000, 13.0000, 22.0000, 28.0000, 9.0000, 9.0000, 10.0000,
    6.0000, 10.0000, 8.0000, 9.0000, 12.0000, 11.0000, 10.0000, 12.0000, 15.0000, 17.0000,
    13.0000, 10.0000, 13.0000, 18.0000, 9.0000, 16.0000, 9.0000, 14.0000, 10.0000, 6.0000,
    8.0000, 14.0000, 5.0000, 11.0000, 9.0000, 8.0000, 8.0000, 15.0000, 17.0000, 18.0000,
    14.0000,
  ]

### eval/strong/win_rate
  Total points: 41
  Min: 0.0400, Max: 0.4800, Mean: 0.2980
  Data: [
    0.2200, 0.2800, 0.3000, 0.0400, 0.2200, 0.2200, 0.2000, 0.3200, 0.3000, 0.2600,
    0.4800, 0.3200, 0.4200, 0.4800, 0.2000, 0.3000, 0.4600, 0.4200, 0.2800, 0.2200,
    0.4000, 0.2800, 0.3000, 0.2200, 0.2600, 0.1400, 0.3000, 0.2200, 0.2800, 0.3400,
    0.2400, 0.3600, 0.4000, 0.2800, 0.3200, 0.3600, 0.3400, 0.3800, 0.2000, 0.2800,
    0.3800,
  ]

### eval/strong/win_rate_decisive
  Total points: 41
  Min: 0.1429, Max: 0.5854, Mean: 0.3953
  Data: [
    0.2683, 0.4516, 0.3846, 0.1429, 0.2973, 0.3929, 0.4545, 0.3902, 0.3659, 0.3250,
    0.5455, 0.4000, 0.5000, 0.5854, 0.2632, 0.3846, 0.5750, 0.5526, 0.4000, 0.3333,
    0.5405, 0.3500, 0.4054, 0.3438, 0.3171, 0.2059, 0.3659, 0.3056, 0.3500, 0.3864,
    0.2857, 0.5000, 0.4444, 0.3590, 0.3902, 0.4286, 0.4048, 0.5429, 0.3030, 0.4375,
    0.5278,
  ]

### eval/strong/wins
  Total points: 41
  Min: 2.0000, Max: 24.0000, Mean: 14.9024
  Data: [
    11.0000, 14.0000, 15.0000, 2.0000, 11.0000, 11.0000, 10.0000, 16.0000, 15.0000, 13.0000,
    24.0000, 16.0000, 21.0000, 24.0000, 10.0000, 15.0000, 23.0000, 21.0000, 14.0000, 11.0000,
    20.0000, 14.0000, 15.0000, 11.0000, 13.0000, 7.0000, 15.0000, 11.0000, 14.0000, 17.0000,
    12.0000, 18.0000, 20.0000, 14.0000, 16.0000, 18.0000, 17.0000, 19.0000, 10.0000, 14.0000,
    19.0000,
  ]

### eval/weak/avg_reward
  Total points: 41
  Min: -8.7277, Max: -2.0389, Mean: -5.6766
  Data: [
    -7.1518, -5.4912, -2.7856, -6.9959, -8.0962, -6.7072, -6.3744, -4.1737, -6.2380, -4.3435,
    -6.5763, -5.1574, -4.2273, -5.3808, -6.2499, -4.9029, -4.6634, -4.6998, -6.1940, -4.4457,
    -2.0389, -5.9681, -4.7891, -4.7104, -6.1527, -5.5730, -6.1654, -7.2203, -4.5646, -7.3482,
    -4.8021, -6.1575, -6.9714, -8.7277, -5.4733, -5.1428, -6.7402, -7.6929, -3.1217, -5.8956,
    -6.6286,
  ]

### eval/weak/loss_rate
  Total points: 41
  Min: 0.3200, Max: 0.8200, Mean: 0.6034
  Data: [
    0.5800, 0.5600, 0.4800, 0.5600, 0.7400, 0.5800, 0.5200, 0.5800, 0.6600, 0.5200,
    0.6600, 0.6200, 0.5200, 0.5800, 0.6000, 0.4800, 0.5400, 0.5200, 0.6600, 0.5600,
    0.3200, 0.5800, 0.6200, 0.6000, 0.6600, 0.6400, 0.6000, 0.6600, 0.6000, 0.7000,
    0.6000, 0.6600, 0.7200, 0.8200, 0.6200, 0.6000, 0.7000, 0.7200, 0.4800, 0.6600,
    0.6600,
  ]

### eval/weak/losses
  Total points: 41
  Min: 16.0000, Max: 41.0000, Mean: 30.1707
  Data: [
    29.0000, 28.0000, 24.0000, 28.0000, 37.0000, 29.0000, 26.0000, 29.0000, 33.0000, 26.0000,
    33.0000, 31.0000, 26.0000, 29.0000, 30.0000, 24.0000, 27.0000, 26.0000, 33.0000, 28.0000,
    16.0000, 29.0000, 31.0000, 30.0000, 33.0000, 32.0000, 30.0000, 33.0000, 30.0000, 35.0000,
    30.0000, 33.0000, 36.0000, 41.0000, 31.0000, 30.0000, 35.0000, 36.0000, 24.0000, 33.0000,
    33.0000,
  ]

### eval/weak/tie_rate
  Total points: 41
  Min: 0.0200, Max: 0.3400, Mean: 0.1556
  Data: [
    0.2400, 0.1400, 0.1000, 0.2800, 0.1400, 0.2400, 0.3000, 0.1000, 0.1000, 0.2400,
    0.1200, 0.1200, 0.1800, 0.1600, 0.2000, 0.3000, 0.2000, 0.2200, 0.0800, 0.0800,
    0.3400, 0.2200, 0.0800, 0.0800, 0.1000, 0.1000, 0.2000, 0.1200, 0.1000, 0.1400,
    0.1200, 0.1200, 0.1000, 0.0200, 0.1600, 0.1600, 0.1000, 0.1400, 0.1800, 0.1000,
    0.1600,
  ]

### eval/weak/ties
  Total points: 41
  Min: 1.0000, Max: 17.0000, Mean: 7.7805
  Data: [
    12.0000, 7.0000, 5.0000, 14.0000, 7.0000, 12.0000, 15.0000, 5.0000, 5.0000, 12.0000,
    6.0000, 6.0000, 9.0000, 8.0000, 10.0000, 15.0000, 10.0000, 11.0000, 4.0000, 4.0000,
    17.0000, 11.0000, 4.0000, 4.0000, 5.0000, 5.0000, 10.0000, 6.0000, 5.0000, 7.0000,
    6.0000, 6.0000, 5.0000, 1.0000, 8.0000, 8.0000, 5.0000, 7.0000, 9.0000, 5.0000,
    8.0000,
  ]

### eval/weak/win_rate
  Total points: 41
  Min: 0.1200, Max: 0.4200, Mean: 0.2410
  Data: [
    0.1800, 0.3000, 0.4200, 0.1600, 0.1200, 0.1800, 0.1800, 0.3200, 0.2400, 0.2400,
    0.2200, 0.2600, 0.3000, 0.2600, 0.2000, 0.2200, 0.2600, 0.2600, 0.2600, 0.3600,
    0.3400, 0.2000, 0.3000, 0.3200, 0.2400, 0.2600, 0.2000, 0.2200, 0.3000, 0.1600,
    0.2800, 0.2200, 0.1800, 0.1600, 0.2200, 0.2400, 0.2000, 0.1400, 0.3400, 0.2400,
    0.1800,
  ]

### eval/weak/win_rate_decisive
  Total points: 41
  Min: 0.1395, Max: 0.5152, Mean: 0.2864
  Data: [
    0.2368, 0.3488, 0.4667, 0.2222, 0.1395, 0.2368, 0.2571, 0.3556, 0.2667, 0.3158,
    0.2500, 0.2955, 0.3659, 0.3095, 0.2500, 0.3143, 0.3250, 0.3333, 0.2826, 0.3913,
    0.5152, 0.2564, 0.3261, 0.3478, 0.2667, 0.2889, 0.2500, 0.2500, 0.3333, 0.1860,
    0.3182, 0.2500, 0.2000, 0.1633, 0.2619, 0.2857, 0.2222, 0.1628, 0.4146, 0.2667,
    0.2143,
  ]

### eval/weak/wins
  Total points: 41
  Min: 6.0000, Max: 21.0000, Mean: 12.0488
  Data: [
    9.0000, 15.0000, 21.0000, 8.0000, 6.0000, 9.0000, 9.0000, 16.0000, 12.0000, 12.0000,
    11.0000, 13.0000, 15.0000, 13.0000, 10.0000, 11.0000, 13.0000, 13.0000, 13.0000, 18.0000,
    17.0000, 10.0000, 15.0000, 16.0000, 12.0000, 13.0000, 10.0000, 11.0000, 15.0000, 8.0000,
    14.0000, 11.0000, 9.0000, 8.0000, 11.0000, 12.0000, 10.0000, 7.0000, 17.0000, 12.0000,
    9.0000,
  ]

### gradients/actor_grad_norm
  Total points: 100
  Min: 0.0000, Max: 0.0819, Mean: 0.0469
  Data: [
    0.0000, 0.0000, 0.0000, 0.0000, 0.0006, 0.0131, 0.0123, 0.0168, 0.0226, 0.0243,
    0.0266, 0.0278, 0.0340, 0.0216, 0.0332, 0.0227, 0.0241, 0.0218, 0.0265, 0.0319,
    0.0205, 0.0280, 0.0288, 0.0282, 0.0273, 0.0337, 0.0282, 0.0287, 0.0203, 0.0248,
    0.0236, 0.0248, 0.0270, 0.0317, 0.0284, 0.0275, 0.0244, 0.0250, 0.0285, 0.0286,
    0.0375, 0.0269, 0.0250, 0.0268, 0.0339, 0.0319, 0.0247, 0.0259, 0.0325, 0.0308,
    0.0779, 0.0670, 0.0738, 0.0719, 0.0723, 0.0747, 0.0649, 0.0819, 0.0757, 0.0743,
    0.0658, 0.0654, 0.0781, 0.0641, 0.0659, 0.0702, 0.0643, 0.0699, 0.0729, 0.0725,
    0.0702, 0.0732, 0.0704, 0.0770, 0.0690, 0.0698, 0.0728, 0.0652, 0.0672, 0.0703,
    0.0670, 0.0668, 0.0655, 0.0705, 0.0674, 0.0667, 0.0741, 0.0727, 0.0734, 0.0699,
    0.0745, 0.0632, 0.0646, 0.0642, 0.0652, 0.0751, 0.0644, 0.0640, 0.0687, 0.0690,
  ]

### gradients/critic_grad_norm
  Total points: 100
  Min: 0.0000, Max: 1.0693, Mean: 0.6060
  Data: [
    0.0000, 0.0000, 0.0000, 0.0000, 0.0301, 0.0982, 0.1400, 0.1897, 0.4391, 0.4521,
    0.4777, 0.5325, 0.4801, 0.5880, 0.5173, 0.5591, 0.6777, 0.6651, 0.7543, 0.7066,
    0.7295, 0.7258, 0.7297, 0.7175, 0.7264, 0.7775, 0.6527, 0.7395, 0.8370, 0.7949,
    0.7754, 0.7718, 0.7863, 0.9183, 0.9219, 0.7251, 0.7508, 0.6621, 0.7553, 0.8965,
    0.9476, 0.7281, 1.0693, 0.8756, 0.7709, 0.7220, 0.8360, 0.7770, 0.6022, 0.8402,
    0.6030, 0.6427, 0.4857, 0.6081, 0.6320, 0.6735, 0.5838, 0.5545, 0.6913, 0.5532,
    0.5929, 0.6580, 0.5613, 0.5936, 0.5474, 0.5647, 0.5674, 0.5063, 0.5795, 0.6227,
    0.6051, 0.6049, 0.6133, 0.5815, 0.6293, 0.6042, 0.5954, 0.5989, 0.5660, 0.6206,
    0.5849, 0.5348, 0.5978, 0.6688, 0.6524, 0.6117, 0.5955, 0.5449, 0.6039, 0.6038,
    0.6059, 0.6430, 0.6131, 0.5483, 0.5728, 0.5872, 0.6111, 0.5842, 0.5834, 0.5441,
  ]

### losses/actor_loss
  Total points: 100
  Min: -3.7951, Max: 1.3209, Mean: 0.8785
  Data: [
    0.0000, 0.0000, 0.0000, 0.0000, -3.7951, -2.2950, -1.5659, -0.7295, 0.4101, 0.4763,
    0.6130, 0.7528, 0.8451, 0.7904, 0.8101, 0.7308, 0.7434, 0.7066, 0.6770, 0.6265,
    0.6767, 0.6597, 0.7384, 0.8034, 0.7906, 0.8595, 0.8782, 0.9121, 0.9312, 0.9498,
    0.9897, 1.0000, 1.0552, 1.0589, 1.1298, 1.1324, 1.1434, 1.1996, 1.2495, 1.2477,
    1.2453, 1.2908, 1.2997, 1.3209, 1.3034, 1.3079, 1.2834, 1.2561, 1.1979, 1.0853,
    1.0498, 1.0445, 1.0159, 1.0131, 1.0819, 1.0532, 1.0737, 1.0694, 1.0675, 1.0866,
    1.1101, 1.1525, 1.1159, 1.0952, 1.0920, 1.1423, 1.1561, 1.1166, 1.1308, 1.1198,
    1.1138, 1.1189, 1.1259, 1.1440, 1.1398, 1.1775, 1.1199, 1.1382, 1.1619, 1.1252,
    1.1361, 1.1679, 1.1526, 1.1514, 1.1435, 1.1506, 1.1328, 1.1014, 1.1234, 1.1815,
    1.1366, 1.1476, 1.1588, 1.1448, 1.1706, 1.1490, 1.1346, 1.1236, 1.1460, 1.1498,
  ]

### losses/critic_loss
  Total points: 100
  Min: 0.0000, Max: 0.0721, Mean: 0.0462
  Data: [
    0.0000, 0.0000, 0.0000, 0.0000, 0.0263, 0.0213, 0.0304, 0.0314, 0.0355, 0.0288,
    0.0332, 0.0359, 0.0436, 0.0483, 0.0438, 0.0463, 0.0462, 0.0516, 0.0511, 0.0518,
    0.0591, 0.0511, 0.0623, 0.0589, 0.0721, 0.0517, 0.0570, 0.0577, 0.0602, 0.0550,
    0.0534, 0.0568, 0.0544, 0.0586, 0.0600, 0.0572, 0.0622, 0.0665, 0.0615, 0.0571,
    0.0639, 0.0554, 0.0646, 0.0574, 0.0599, 0.0496, 0.0477, 0.0540, 0.0566, 0.0513,
    0.0419, 0.0506, 0.0492, 0.0425, 0.0474, 0.0481, 0.0503, 0.0482, 0.0493, 0.0408,
    0.0476, 0.0480, 0.0441, 0.0419, 0.0477, 0.0480, 0.0423, 0.0496, 0.0467, 0.0431,
    0.0473, 0.0455, 0.0444, 0.0406, 0.0448, 0.0485, 0.0405, 0.0432, 0.0370, 0.0446,
    0.0416, 0.0469, 0.0406, 0.0458, 0.0480, 0.0486, 0.0432, 0.0422, 0.0413, 0.0455,
    0.0406, 0.0490, 0.0421, 0.0457, 0.0447, 0.0464, 0.0461, 0.0451, 0.0454, 0.0450,
  ]

### pbrs/avg_per_episode
  Total points: 100
  Min: 0.2290, Max: 0.3707, Mean: 0.3410
  Data: [
    0.2290, 0.2325, 0.2539, 0.2564, 0.2550, 0.2739, 0.2788, 0.2770, 0.2898, 0.2947,
    0.2995, 0.2996, 0.3187, 0.3213, 0.3209, 0.3203, 0.3211, 0.3199, 0.3205, 0.3178,
    0.3180, 0.3181, 0.3176, 0.3188, 0.3189, 0.3219, 0.3226, 0.3228, 0.3254, 0.3269,
    0.3284, 0.3275, 0.3277, 0.3306, 0.3308, 0.3312, 0.3324, 0.3333, 0.3346, 0.3346,
    0.3347, 0.3337, 0.3345, 0.3355, 0.3348, 0.3350, 0.3360, 0.3354, 0.3365, 0.3374,
    0.3661, 0.3663, 0.3663, 0.3664, 0.3665, 0.3665, 0.3668, 0.3669, 0.3669, 0.3670,
    0.3675, 0.3676, 0.3677, 0.3677, 0.3676, 0.3676, 0.3677, 0.3678, 0.3678, 0.3680,
    0.3681, 0.3684, 0.3685, 0.3685, 0.3686, 0.3687, 0.3687, 0.3690, 0.3690, 0.3691,
    0.3692, 0.3691, 0.3692, 0.3692, 0.3693, 0.3693, 0.3695, 0.3696, 0.3695, 0.3698,
    0.3700, 0.3701, 0.3702, 0.3703, 0.3703, 0.3704, 0.3705, 0.3705, 0.3706, 0.3707,
  ]

### performance/cumulative_win_rate
  Total points: 100
  Min: 0.0289, Max: 0.2370, Mean: 0.1859
  Data: [
    0.0400, 0.0400, 0.0325, 0.0289, 0.0382, 0.0400, 0.0475, 0.0547, 0.0731, 0.0748,
    0.0814, 0.0897, 0.1067, 0.1090, 0.1146, 0.1176, 0.1209, 0.1232, 0.1231, 0.1359,
    0.1376, 0.1420, 0.1515, 0.1532, 0.1547, 0.1610, 0.1623, 0.1669, 0.1735, 0.1733,
    0.1734, 0.1755, 0.1769, 0.1792, 0.1805, 0.1803, 0.1800, 0.1810, 0.1812, 0.1817,
    0.1824, 0.1837, 0.1834, 0.1807, 0.1821, 0.1823, 0.1837, 0.1848, 0.1854, 0.1872,
    0.2369, 0.2368, 0.2368, 0.2369, 0.2369, 0.2370, 0.2368, 0.2367, 0.2367, 0.2368,
    0.2366, 0.2365, 0.2365, 0.2367, 0.2367, 0.2368, 0.2367, 0.2367, 0.2366, 0.2365,
    0.2364, 0.2362, 0.2361, 0.2361, 0.2360, 0.2360, 0.2359, 0.2358, 0.2359, 0.2357,
    0.2356, 0.2356, 0.2357, 0.2357, 0.2356, 0.2357, 0.2355, 0.2354, 0.2355, 0.2354,
    0.2353, 0.2353, 0.2352, 0.2352, 0.2352, 0.2351, 0.2350, 0.2350, 0.2349, 0.2349,
  ]

### performance/losses
  Total points: 100
  Min: 18.0000, Max: 28664.0000, Mean: 14337.3800
  Data: [
    18.0000, 37.0000, 160.0000, 181.0000, 221.0000, 297.0000, 343.0000, 405.0000, 580.0000, 612.0000,
    670.0000, 718.0000, 960.0000, 993.0000, 1018.0000, 1043.0000, 1070.0000, 1091.0000, 1119.0000, 1215.0000,
    1244.0000, 1270.0000, 1347.0000, 1405.0000, 1431.0000, 1549.0000, 1578.0000, 1633.0000, 1752.0000, 1786.0000,
    1820.0000, 1843.0000, 1870.0000, 1966.0000, 2020.0000, 2048.0000, 2080.0000, 2138.0000, 2172.0000, 2199.0000,
    2226.0000, 2299.0000, 2329.0000, 2414.0000, 2485.0000, 2540.0000, 2602.0000, 2649.0000, 2737.0000, 2910.0000,
    25510.0000, 25608.0000, 25671.0000, 25703.0000, 25892.0000, 25981.0000, 26087.0000, 26153.0000, 26185.0000, 26248.0000,
    26462.0000, 26527.0000, 26562.0000, 26592.0000, 26620.0000, 26649.0000, 26717.0000, 26748.0000, 26784.0000, 26821.0000,
    26891.0000, 26997.0000, 27064.0000, 27093.0000, 27157.0000, 27190.0000, 27225.0000, 27334.0000, 27363.0000, 27547.0000,
    27618.0000, 27668.0000, 27737.0000, 27768.0000, 27806.0000, 27834.0000, 27939.0000, 27970.0000, 28027.0000, 28161.0000,
    28237.0000, 28271.0000, 28370.0000, 28433.0000, 28464.0000, 28499.0000, 28568.0000, 28598.0000, 28632.0000, 28664.0000,
  ]

### performance/ties
  Total points: 100
  Min: 30.0000, Max: 7832.0000, Mean: 4235.0400
  Data: [
    30.0000, 59.0000, 227.0000, 256.0000, 308.0000, 375.0000, 419.0000, 493.0000, 625.0000, 637.0000,
    662.0000, 693.0000, 782.0000, 789.0000, 797.0000, 810.0000, 820.0000, 838.0000, 854.0000, 902.0000,
    912.0000, 918.0000, 944.0000, 966.0000, 978.0000, 1010.0000, 1019.0000, 1033.0000, 1058.0000, 1066.0000,
    1073.0000, 1084.0000, 1093.0000, 1112.0000, 1135.0000, 1149.0000, 1159.0000, 1179.0000, 1185.0000, 1197.0000,
    1208.0000, 1252.0000, 1264.0000, 1314.0000, 1359.0000, 1385.0000, 1398.0000, 1427.0000, 1458.0000, 1520.0000,
    7225.0000, 7249.0000, 7261.0000, 7264.0000, 7301.0000, 7322.0000, 7341.0000, 7354.0000, 7360.0000, 7373.0000,
    7397.0000, 7409.0000, 7413.0000, 7415.0000, 7423.0000, 7430.0000, 7442.0000, 7450.0000, 7454.0000, 7461.0000,
    7470.0000, 7489.0000, 7502.0000, 7511.0000, 7527.0000, 7535.0000, 7540.0000, 7550.0000, 7556.0000, 7611.0000,
    7622.0000, 7646.0000, 7650.0000, 7658.0000, 7661.0000, 7669.0000, 7687.0000, 7697.0000, 7713.0000, 7735.0000,
    7742.0000, 7745.0000, 7768.0000, 7782.0000, 7788.0000, 7794.0000, 7809.0000, 7816.0000, 7824.0000, 7832.0000,
  ]

### performance/wins
  Total points: 100
  Min: 2.0000, Max: 11204.0000, Mean: 5598.5800
  Data: [
    2.0000, 4.0000, 13.0000, 13.0000, 21.0000, 28.0000, 38.0000, 52.0000, 95.0000, 101.0000,
    118.0000, 139.0000, 208.0000, 218.0000, 235.0000, 247.0000, 260.0000, 271.0000, 277.0000, 333.0000,
    344.0000, 362.0000, 409.0000, 429.0000, 441.0000, 491.0000, 503.0000, 534.0000, 590.0000, 598.0000,
    607.0000, 623.0000, 637.0000, 672.0000, 695.0000, 703.0000, 711.0000, 733.0000, 743.0000, 754.0000,
    766.0000, 799.0000, 807.0000, 822.0000, 856.0000, 875.0000, 900.0000, 924.0000, 955.0000, 1020.0000,
    10165.0000, 10193.0000, 10218.0000, 10233.0000, 10307.0000, 10347.0000, 10372.0000, 10393.0000, 10405.0000, 10429.0000,
    10491.0000, 10514.0000, 10525.0000, 10543.0000, 10557.0000, 10571.0000, 10591.0000, 10602.0000, 10612.0000, 10618.0000,
    10639.0000, 10664.0000, 10684.0000, 10696.0000, 10716.0000, 10725.0000, 10735.0000, 10766.0000, 10781.0000, 10842.0000,
    10860.0000, 10886.0000, 10913.0000, 10924.0000, 10933.0000, 10947.0000, 10974.0000, 10983.0000, 11010.0000, 11054.0000,
    11071.0000, 11084.0000, 11112.0000, 11135.0000, 11148.0000, 11157.0000, 11173.0000, 11186.0000, 11194.0000, 11204.0000,
  ]

### rewards/p1
  Total points: 100
  Min: -30.8503, Max: 1.1762, Mean: -6.7583
  Data: [
    -25.7999, -20.8239, -30.8503, -27.5184, -24.3961, -9.8798, -7.8908, -16.1958, -8.3608, -7.0562,
    -3.1356, -8.4738, -4.5495, -10.4180, -6.6532, -8.6566, -8.5582, -3.2530, -8.2913, -6.5192,
    -6.0865, -3.4252, -6.1134, -7.5006, -3.4739, -6.2341, -5.8383, -3.7510, -2.5961, 0.1205,
    -2.1208, -0.2270, -1.5858, -6.5022, -3.4054, -4.5811, -6.4025, -6.4465, -10.6380, -0.7178,
    -4.9230, 0.2067, -6.5282, -7.9345, -5.1703, -4.0793, -6.3425, -7.0710, -5.5711, -6.0453,
    -7.4890, -3.7823, -3.2871, -5.1541, -5.6041, -4.7325, -5.3009, -8.3026, -6.2031, 1.1762,
    -3.0359, -7.1140, -9.2828, -3.5122, -0.1374, -7.4196, -0.8952, -7.2475, -10.6094, -5.9798,
    -8.5388, -6.2176, -10.8025, -1.7411, -9.0462, -5.2921, -4.8808, -6.3695, -7.4797, -7.5894,
    -2.4276, -4.3514, -3.7250, -4.3518, -11.2768, -8.7006, -7.7725, -2.5806, -3.5437, -2.8734,
    -9.2783, -6.5198, -5.3877, -7.0485, -5.0792, -7.3633, -6.1658, -2.6547, -5.6754, -8.9207,
  ]

### rewards/p2
  Total points: 100
  Min: -0.7023, Max: 31.2289, Mean: 7.2299
  Data: [
    26.2498, 20.9231, 31.2289, 27.6973, 25.0145, 10.8143, 8.0989, 16.6049, 8.5582, 7.8860,
    3.3474, 8.5743, 4.9769, 10.2664, 7.1285, 8.9423, 8.7217, 3.6951, 9.1197, 7.1139,
    6.7582, 3.6652, 6.3786, 8.1665, 3.8178, 6.8370, 6.4118, 4.2120, 3.2341, 0.3045,
    2.5553, 0.5310, 2.1820, 6.9805, 3.8094, 4.8986, 7.0989, 7.2596, 10.7271, 1.3556,
    5.9833, 0.4388, 7.2708, 7.4635, 5.1927, 4.5097, 7.2000, 7.0349, 5.4199, 6.9520,
    8.4165, 4.2479, 3.5982, 5.9632, 5.8615, 5.2624, 5.6366, 8.4322, 6.5503, -0.7023,
    3.3319, 7.5453, 9.5525, 4.0360, 0.5923, 7.8078, 1.2510, 7.7548, 11.6595, 6.3662,
    9.4489, 6.5151, 11.3554, 2.1530, 9.6152, 5.8759, 5.0924, 6.7307, 7.9209, 7.7437,
    2.7677, 4.6611, 4.1240, 4.5758, 12.4509, 9.3820, 8.2666, 3.0283, 3.9525, 3.9827,
    9.9140, 6.9178, 6.5656, 7.5701, 5.6333, 7.7916, 6.7439, 3.2363, 6.5962, 9.6081,
  ]

### rewards/sparse_only
  Total points: 100
  Min: -31.2289, Max: 0.7023, Mean: -7.2299
  Data: [
    -26.2498, -20.9231, -31.2289, -27.6973, -25.0145, -10.8143, -8.0989, -16.6049, -8.5582, -7.8860,
    -3.3474, -8.5743, -4.9769, -10.2664, -7.1285, -8.9423, -8.7217, -3.6951, -9.1197, -7.1139,
    -6.7582, -3.6652, -6.3786, -8.1665, -3.8178, -6.8370, -6.4118, -4.2120, -3.2341, -0.3045,
    -2.5553, -0.5310, -2.1820, -6.9805, -3.8094, -4.8986, -7.0989, -7.2596, -10.7271, -1.3556,
    -5.9833, -0.4388, -7.2708, -7.4635, -5.1927, -4.5097, -7.2000, -7.0349, -5.4199, -6.9520,
    -8.4165, -4.2479, -3.5982, -5.9632, -5.8615, -5.2624, -5.6366, -8.4322, -6.5503, 0.7023,
    -3.3319, -7.5453, -9.5525, -4.0360, -0.5923, -7.8078, -1.2510, -7.7548, -11.6595, -6.3662,
    -9.4489, -6.5151, -11.3554, -2.1530, -9.6152, -5.8759, -5.0924, -6.7307, -7.9209, -7.7437,
    -2.7677, -4.6611, -4.1240, -4.5758, -12.4509, -9.3820, -8.2666, -3.0283, -3.9525, -3.9827,
    -9.9140, -6.9178, -6.5656, -7.5701, -5.6333, -7.7916, -6.7439, -3.2363, -6.5962, -9.6081,
  ]

### rewards/sparse_ratio
  Total points: 100
  Min: -2.5273, Max: 4.3103, Mean: 1.0718
  Data: [
    1.0174, 1.0048, 1.0123, 1.0065, 1.0253, 1.0946, 1.0264, 1.0253, 1.0236, 1.1176,
    1.0675, 1.0119, 1.0939, 0.9854, 1.0714, 1.0330, 1.0191, 1.1359, 1.0999, 1.0912,
    1.1104, 1.0701, 1.0434, 1.0888, 1.0990, 1.0967, 1.0982, 1.1229, 1.2457, -2.5273,
    1.2049, 2.3389, 1.3759, 1.0736, 1.1186, 1.0693, 1.1088, 1.1261, 1.0084, 1.8885,
    1.2154, -2.1229, 1.1137, 0.9406, 1.0043, 1.1055, 1.1352, 0.9949, 0.9729, 1.1500,
    1.1239, 1.1231, 1.0947, 1.1570, 1.0459, 1.1120, 1.0633, 1.0156, 1.0560, 0.5971,
    1.0975, 1.0606, 1.0291, 1.1492, 4.3103, 1.0523, 1.3975, 1.0700, 1.0990, 1.0646,
    1.1066, 1.0479, 1.0512, 1.2366, 1.0629, 1.1103, 1.0433, 1.0567, 1.0590, 1.0203,
    1.1401, 1.0712, 1.1071, 1.0515, 1.1041, 1.0783, 1.0636, 1.1735, 1.1154, 1.3861,
    1.0685, 1.0610, 1.2186, 1.0740, 1.1091, 1.0582, 1.0937, 1.2191, 1.1622, 1.0771,
  ]

### scoring/goals_conceded
  Total points: 100
  Min: 18.0000, Max: 28664.0000, Mean: 14337.3800
  Data: [
    18.0000, 37.0000, 160.0000, 181.0000, 221.0000, 297.0000, 343.0000, 405.0000, 580.0000, 612.0000,
    670.0000, 718.0000, 960.0000, 993.0000, 1018.0000, 1043.0000, 1070.0000, 1091.0000, 1119.0000, 1215.0000,
    1244.0000, 1270.0000, 1347.0000, 1405.0000, 1431.0000, 1549.0000, 1578.0000, 1633.0000, 1752.0000, 1786.0000,
    1820.0000, 1843.0000, 1870.0000, 1966.0000, 2020.0000, 2048.0000, 2080.0000, 2138.0000, 2172.0000, 2199.0000,
    2226.0000, 2299.0000, 2329.0000, 2414.0000, 2485.0000, 2540.0000, 2602.0000, 2649.0000, 2737.0000, 2910.0000,
    25510.0000, 25608.0000, 25671.0000, 25703.0000, 25892.0000, 25981.0000, 26087.0000, 26153.0000, 26185.0000, 26248.0000,
    26462.0000, 26527.0000, 26562.0000, 26592.0000, 26620.0000, 26649.0000, 26717.0000, 26748.0000, 26784.0000, 26821.0000,
    26891.0000, 26997.0000, 27064.0000, 27093.0000, 27157.0000, 27190.0000, 27225.0000, 27334.0000, 27363.0000, 27547.0000,
    27618.0000, 27668.0000, 27737.0000, 27768.0000, 27806.0000, 27834.0000, 27939.0000, 27970.0000, 28027.0000, 28161.0000,
    28237.0000, 28271.0000, 28370.0000, 28433.0000, 28464.0000, 28499.0000, 28568.0000, 28598.0000, 28632.0000, 28664.0000,
  ]

### scoring/goals_scored
  Total points: 100
  Min: 2.0000, Max: 11204.0000, Mean: 5598.5800
  Data: [
    2.0000, 4.0000, 13.0000, 13.0000, 21.0000, 28.0000, 38.0000, 52.0000, 95.0000, 101.0000,
    118.0000, 139.0000, 208.0000, 218.0000, 235.0000, 247.0000, 260.0000, 271.0000, 277.0000, 333.0000,
    344.0000, 362.0000, 409.0000, 429.0000, 441.0000, 491.0000, 503.0000, 534.0000, 590.0000, 598.0000,
    607.0000, 623.0000, 637.0000, 672.0000, 695.0000, 703.0000, 711.0000, 733.0000, 743.0000, 754.0000,
    766.0000, 799.0000, 807.0000, 822.0000, 856.0000, 875.0000, 900.0000, 924.0000, 955.0000, 1020.0000,
    10165.0000, 10193.0000, 10218.0000, 10233.0000, 10307.0000, 10347.0000, 10372.0000, 10393.0000, 10405.0000, 10429.0000,
    10491.0000, 10514.0000, 10525.0000, 10543.0000, 10557.0000, 10571.0000, 10591.0000, 10602.0000, 10612.0000, 10618.0000,
    10639.0000, 10664.0000, 10684.0000, 10696.0000, 10716.0000, 10725.0000, 10735.0000, 10766.0000, 10781.0000, 10842.0000,
    10860.0000, 10886.0000, 10913.0000, 10924.0000, 10933.0000, 10947.0000, 10974.0000, 10983.0000, 11010.0000, 11054.0000,
    11071.0000, 11084.0000, 11112.0000, 11135.0000, 11148.0000, 11157.0000, 11173.0000, 11186.0000, 11194.0000, 11204.0000,
  ]

### selfplay/active
  Total points: 100
  Min: 0.0000, Max: 0.0000, Mean: 0.0000
  Data: [
    0.0000, 0.0000, 0.0000, 0.0000, 0.0000, 0.0000, 0.0000, 0.0000, 0.0000, 0.0000,
    0.0000, 0.0000, 0.0000, 0.0000, 0.0000, 0.0000, 0.0000, 0.0000, 0.0000, 0.0000,
    0.0000, 0.0000, 0.0000, 0.0000, 0.0000, 0.0000, 0.0000, 0.0000, 0.0000, 0.0000,
    0.0000, 0.0000, 0.0000, 0.0000, 0.0000, 0.0000, 0.0000, 0.0000, 0.0000, 0.0000,
    0.0000, 0.0000, 0.0000, 0.0000, 0.0000, 0.0000, 0.0000, 0.0000, 0.0000, 0.0000,
    0.0000, 0.0000, 0.0000, 0.0000, 0.0000, 0.0000, 0.0000, 0.0000, 0.0000, 0.0000,
    0.0000, 0.0000, 0.0000, 0.0000, 0.0000, 0.0000, 0.0000, 0.0000, 0.0000, 0.0000,
    0.0000, 0.0000, 0.0000, 0.0000, 0.0000, 0.0000, 0.0000, 0.0000, 0.0000, 0.0000,
    0.0000, 0.0000, 0.0000, 0.0000, 0.0000, 0.0000, 0.0000, 0.0000, 0.0000, 0.0000,
    0.0000, 0.0000, 0.0000, 0.0000, 0.0000, 0.0000, 0.0000, 0.0000, 0.0000, 0.0000,
  ]

### selfplay/episode_opponent_type_selfplay
  Total points: 100
  Min: 0.0000, Max: 0.0000, Mean: 0.0000
  Data: [
    0.0000, 0.0000, 0.0000, 0.0000, 0.0000, 0.0000, 0.0000, 0.0000, 0.0000, 0.0000,
    0.0000, 0.0000, 0.0000, 0.0000, 0.0000, 0.0000, 0.0000, 0.0000, 0.0000, 0.0000,
    0.0000, 0.0000, 0.0000, 0.0000, 0.0000, 0.0000, 0.0000, 0.0000, 0.0000, 0.0000,
    0.0000, 0.0000, 0.0000, 0.0000, 0.0000, 0.0000, 0.0000, 0.0000, 0.0000, 0.0000,
    0.0000, 0.0000, 0.0000, 0.0000, 0.0000, 0.0000, 0.0000, 0.0000, 0.0000, 0.0000,
    0.0000, 0.0000, 0.0000, 0.0000, 0.0000, 0.0000, 0.0000, 0.0000, 0.0000, 0.0000,
    0.0000, 0.0000, 0.0000, 0.0000, 0.0000, 0.0000, 0.0000, 0.0000, 0.0000, 0.0000,
    0.0000, 0.0000, 0.0000, 0.0000, 0.0000, 0.0000, 0.0000, 0.0000, 0.0000, 0.0000,
    0.0000, 0.0000, 0.0000, 0.0000, 0.0000, 0.0000, 0.0000, 0.0000, 0.0000, 0.0000,
    0.0000, 0.0000, 0.0000, 0.0000, 0.0000, 0.0000, 0.0000, 0.0000, 0.0000, 0.0000,
  ]

### selfplay/episode_opponent_type_strong
  Total points: 100
  Min: 0.0000, Max: 0.0000, Mean: 0.0000
  Data: [
    0.0000, 0.0000, 0.0000, 0.0000, 0.0000, 0.0000, 0.0000, 0.0000, 0.0000, 0.0000,
    0.0000, 0.0000, 0.0000, 0.0000, 0.0000, 0.0000, 0.0000, 0.0000, 0.0000, 0.0000,
    0.0000, 0.0000, 0.0000, 0.0000, 0.0000, 0.0000, 0.0000, 0.0000, 0.0000, 0.0000,
    0.0000, 0.0000, 0.0000, 0.0000, 0.0000, 0.0000, 0.0000, 0.0000, 0.0000, 0.0000,
    0.0000, 0.0000, 0.0000, 0.0000, 0.0000, 0.0000, 0.0000, 0.0000, 0.0000, 0.0000,
    0.0000, 0.0000, 0.0000, 0.0000, 0.0000, 0.0000, 0.0000, 0.0000, 0.0000, 0.0000,
    0.0000, 0.0000, 0.0000, 0.0000, 0.0000, 0.0000, 0.0000, 0.0000, 0.0000, 0.0000,
    0.0000, 0.0000, 0.0000, 0.0000, 0.0000, 0.0000, 0.0000, 0.0000, 0.0000, 0.0000,
    0.0000, 0.0000, 0.0000, 0.0000, 0.0000, 0.0000, 0.0000, 0.0000, 0.0000, 0.0000,
    0.0000, 0.0000, 0.0000, 0.0000, 0.0000, 0.0000, 0.0000, 0.0000, 0.0000, 0.0000,
  ]

### selfplay/episode_opponent_type_weak
  Total points: 100
  Min: 1.0000, Max: 1.0000, Mean: 1.0000
  Data: [
    1.0000, 1.0000, 1.0000, 1.0000, 1.0000, 1.0000, 1.0000, 1.0000, 1.0000, 1.0000,
    1.0000, 1.0000, 1.0000, 1.0000, 1.0000, 1.0000, 1.0000, 1.0000, 1.0000, 1.0000,
    1.0000, 1.0000, 1.0000, 1.0000, 1.0000, 1.0000, 1.0000, 1.0000, 1.0000, 1.0000,
    1.0000, 1.0000, 1.0000, 1.0000, 1.0000, 1.0000, 1.0000, 1.0000, 1.0000, 1.0000,
    1.0000, 1.0000, 1.0000, 1.0000, 1.0000, 1.0000, 1.0000, 1.0000, 1.0000, 1.0000,
    1.0000, 1.0000, 1.0000, 1.0000, 1.0000, 1.0000, 1.0000, 1.0000, 1.0000, 1.0000,
    1.0000, 1.0000, 1.0000, 1.0000, 1.0000, 1.0000, 1.0000, 1.0000, 1.0000, 1.0000,
    1.0000, 1.0000, 1.0000, 1.0000, 1.0000, 1.0000, 1.0000, 1.0000, 1.0000, 1.0000,
    1.0000, 1.0000, 1.0000, 1.0000, 1.0000, 1.0000, 1.0000, 1.0000, 1.0000, 1.0000,
    1.0000, 1.0000, 1.0000, 1.0000, 1.0000, 1.0000, 1.0000, 1.0000, 1.0000, 1.0000,
  ]

### selfplay/pool_size
  Total points: 100
  Min: 0.0000, Max: 0.0000, Mean: 0.0000
  Data: [
    0.0000, 0.0000, 0.0000, 0.0000, 0.0000, 0.0000, 0.0000, 0.0000, 0.0000, 0.0000,
    0.0000, 0.0000, 0.0000, 0.0000, 0.0000, 0.0000, 0.0000, 0.0000, 0.0000, 0.0000,
    0.0000, 0.0000, 0.0000, 0.0000, 0.0000, 0.0000, 0.0000, 0.0000, 0.0000, 0.0000,
    0.0000, 0.0000, 0.0000, 0.0000, 0.0000, 0.0000, 0.0000, 0.0000, 0.0000, 0.0000,
    0.0000, 0.0000, 0.0000, 0.0000, 0.0000, 0.0000, 0.0000, 0.0000, 0.0000, 0.0000,
    0.0000, 0.0000, 0.0000, 0.0000, 0.0000, 0.0000, 0.0000, 0.0000, 0.0000, 0.0000,
    0.0000, 0.0000, 0.0000, 0.0000, 0.0000, 0.0000, 0.0000, 0.0000, 0.0000, 0.0000,
    0.0000, 0.0000, 0.0000, 0.0000, 0.0000, 0.0000, 0.0000, 0.0000, 0.0000, 0.0000,
    0.0000, 0.0000, 0.0000, 0.0000, 0.0000, 0.0000, 0.0000, 0.0000, 0.0000, 0.0000,
    0.0000, 0.0000, 0.0000, 0.0000, 0.0000, 0.0000, 0.0000, 0.0000, 0.0000, 0.0000,
  ]

### selfplay/weak_ratio_target
  Total points: 100
  Min: 0.5000, Max: 0.5000, Mean: 0.5000
  Data: [
    0.5000, 0.5000, 0.5000, 0.5000, 0.5000, 0.5000, 0.5000, 0.5000, 0.5000, 0.5000,
    0.5000, 0.5000, 0.5000, 0.5000, 0.5000, 0.5000, 0.5000, 0.5000, 0.5000, 0.5000,
    0.5000, 0.5000, 0.5000, 0.5000, 0.5000, 0.5000, 0.5000, 0.5000, 0.5000, 0.5000,
    0.5000, 0.5000, 0.5000, 0.5000, 0.5000, 0.5000, 0.5000, 0.5000, 0.5000, 0.5000,
    0.5000, 0.5000, 0.5000, 0.5000, 0.5000, 0.5000, 0.5000, 0.5000, 0.5000, 0.5000,
    0.5000, 0.5000, 0.5000, 0.5000, 0.5000, 0.5000, 0.5000, 0.5000, 0.5000, 0.5000,
    0.5000, 0.5000, 0.5000, 0.5000, 0.5000, 0.5000, 0.5000, 0.5000, 0.5000, 0.5000,
    0.5000, 0.5000, 0.5000, 0.5000, 0.5000, 0.5000, 0.5000, 0.5000, 0.5000, 0.5000,
    0.5000, 0.5000, 0.5000, 0.5000, 0.5000, 0.5000, 0.5000, 0.5000, 0.5000, 0.5000,
    0.5000, 0.5000, 0.5000, 0.5000, 0.5000, 0.5000, 0.5000, 0.5000, 0.5000, 0.5000,
  ]

### strategic/attack_diversity_bonus
  Total points: 100
  Min: 0.0000, Max: 0.0000, Mean: 0.0000
  Data: [
    0.0000, 0.0000, 0.0000, 0.0000, 0.0000, 0.0000, 0.0000, 0.0000, 0.0000, 0.0000,
    0.0000, 0.0000, 0.0000, 0.0000, 0.0000, 0.0000, 0.0000, 0.0000, 0.0000, 0.0000,
    0.0000, 0.0000, 0.0000, 0.0000, 0.0000, 0.0000, 0.0000, 0.0000, 0.0000, 0.0000,
    0.0000, 0.0000, 0.0000, 0.0000, 0.0000, 0.0000, 0.0000, 0.0000, 0.0000, 0.0000,
    0.0000, 0.0000, 0.0000, 0.0000, 0.0000, 0.0000, 0.0000, 0.0000, 0.0000, 0.0000,
    0.0000, 0.0000, 0.0000, 0.0000, 0.0000, 0.0000, 0.0000, 0.0000, 0.0000, 0.0000,
    0.0000, 0.0000, 0.0000, 0.0000, 0.0000, 0.0000, 0.0000, 0.0000, 0.0000, 0.0000,
    0.0000, 0.0000, 0.0000, 0.0000, 0.0000, 0.0000, 0.0000, 0.0000, 0.0000, 0.0000,
    0.0000, 0.0000, 0.0000, 0.0000, 0.0000, 0.0000, 0.0000, 0.0000, 0.0000, 0.0000,
    0.0000, 0.0000, 0.0000, 0.0000, 0.0000, 0.0000, 0.0000, 0.0000, 0.0000, 0.0000,
  ]

### strategic/attack_sides_unique
  Total points: 100
  Min: 0.0000, Max: 0.0000, Mean: 0.0000
  Data: [
    0.0000, 0.0000, 0.0000, 0.0000, 0.0000, 0.0000, 0.0000, 0.0000, 0.0000, 0.0000,
    0.0000, 0.0000, 0.0000, 0.0000, 0.0000, 0.0000, 0.0000, 0.0000, 0.0000, 0.0000,
    0.0000, 0.0000, 0.0000, 0.0000, 0.0000, 0.0000, 0.0000, 0.0000, 0.0000, 0.0000,
    0.0000, 0.0000, 0.0000, 0.0000, 0.0000, 0.0000, 0.0000, 0.0000, 0.0000, 0.0000,
    0.0000, 0.0000, 0.0000, 0.0000, 0.0000, 0.0000, 0.0000, 0.0000, 0.0000, 0.0000,
    0.0000, 0.0000, 0.0000, 0.0000, 0.0000, 0.0000, 0.0000, 0.0000, 0.0000, 0.0000,
    0.0000, 0.0000, 0.0000, 0.0000, 0.0000, 0.0000, 0.0000, 0.0000, 0.0000, 0.0000,
    0.0000, 0.0000, 0.0000, 0.0000, 0.0000, 0.0000, 0.0000, 0.0000, 0.0000, 0.0000,
    0.0000, 0.0000, 0.0000, 0.0000, 0.0000, 0.0000, 0.0000, 0.0000, 0.0000, 0.0000,
    0.0000, 0.0000, 0.0000, 0.0000, 0.0000, 0.0000, 0.0000, 0.0000, 0.0000, 0.0000,
  ]

### strategic/forcing_bonus
  Total points: 100
  Min: 0.0000, Max: 0.0000, Mean: 0.0000
  Data: [
    0.0000, 0.0000, 0.0000, 0.0000, 0.0000, 0.0000, 0.0000, 0.0000, 0.0000, 0.0000,
    0.0000, 0.0000, 0.0000, 0.0000, 0.0000, 0.0000, 0.0000, 0.0000, 0.0000, 0.0000,
    0.0000, 0.0000, 0.0000, 0.0000, 0.0000, 0.0000, 0.0000, 0.0000, 0.0000, 0.0000,
    0.0000, 0.0000, 0.0000, 0.0000, 0.0000, 0.0000, 0.0000, 0.0000, 0.0000, 0.0000,
    0.0000, 0.0000, 0.0000, 0.0000, 0.0000, 0.0000, 0.0000, 0.0000, 0.0000, 0.0000,
    0.0000, 0.0000, 0.0000, 0.0000, 0.0000, 0.0000, 0.0000, 0.0000, 0.0000, 0.0000,
    0.0000, 0.0000, 0.0000, 0.0000, 0.0000, 0.0000, 0.0000, 0.0000, 0.0000, 0.0000,
    0.0000, 0.0000, 0.0000, 0.0000, 0.0000, 0.0000, 0.0000, 0.0000, 0.0000, 0.0000,
    0.0000, 0.0000, 0.0000, 0.0000, 0.0000, 0.0000, 0.0000, 0.0000, 0.0000, 0.0000,
    0.0000, 0.0000, 0.0000, 0.0000, 0.0000, 0.0000, 0.0000, 0.0000, 0.0000, 0.0000,
  ]

### strategic/opponent_avg_movement
  Total points: 100
  Min: 0.0000, Max: 0.0000, Mean: 0.0000
  Data: [
    0.0000, 0.0000, 0.0000, 0.0000, 0.0000, 0.0000, 0.0000, 0.0000, 0.0000, 0.0000,
    0.0000, 0.0000, 0.0000, 0.0000, 0.0000, 0.0000, 0.0000, 0.0000, 0.0000, 0.0000,
    0.0000, 0.0000, 0.0000, 0.0000, 0.0000, 0.0000, 0.0000, 0.0000, 0.0000, 0.0000,
    0.0000, 0.0000, 0.0000, 0.0000, 0.0000, 0.0000, 0.0000, 0.0000, 0.0000, 0.0000,
    0.0000, 0.0000, 0.0000, 0.0000, 0.0000, 0.0000, 0.0000, 0.0000, 0.0000, 0.0000,
    0.0000, 0.0000, 0.0000, 0.0000, 0.0000, 0.0000, 0.0000, 0.0000, 0.0000, 0.0000,
    0.0000, 0.0000, 0.0000, 0.0000, 0.0000, 0.0000, 0.0000, 0.0000, 0.0000, 0.0000,
    0.0000, 0.0000, 0.0000, 0.0000, 0.0000, 0.0000, 0.0000, 0.0000, 0.0000, 0.0000,
    0.0000, 0.0000, 0.0000, 0.0000, 0.0000, 0.0000, 0.0000, 0.0000, 0.0000, 0.0000,
    0.0000, 0.0000, 0.0000, 0.0000, 0.0000, 0.0000, 0.0000, 0.0000, 0.0000, 0.0000,
  ]

### strategic/opponent_total_movement
  Total points: 100
  Min: 0.0000, Max: 0.0000, Mean: 0.0000
  Data: [
    0.0000, 0.0000, 0.0000, 0.0000, 0.0000, 0.0000, 0.0000, 0.0000, 0.0000, 0.0000,
    0.0000, 0.0000, 0.0000, 0.0000, 0.0000, 0.0000, 0.0000, 0.0000, 0.0000, 0.0000,
    0.0000, 0.0000, 0.0000, 0.0000, 0.0000, 0.0000, 0.0000, 0.0000, 0.0000, 0.0000,
    0.0000, 0.0000, 0.0000, 0.0000, 0.0000, 0.0000, 0.0000, 0.0000, 0.0000, 0.0000,
    0.0000, 0.0000, 0.0000, 0.0000, 0.0000, 0.0000, 0.0000, 0.0000, 0.0000, 0.0000,
    0.0000, 0.0000, 0.0000, 0.0000, 0.0000, 0.0000, 0.0000, 0.0000, 0.0000, 0.0000,
    0.0000, 0.0000, 0.0000, 0.0000, 0.0000, 0.0000, 0.0000, 0.0000, 0.0000, 0.0000,
    0.0000, 0.0000, 0.0000, 0.0000, 0.0000, 0.0000, 0.0000, 0.0000, 0.0000, 0.0000,
    0.0000, 0.0000, 0.0000, 0.0000, 0.0000, 0.0000, 0.0000, 0.0000, 0.0000, 0.0000,
    0.0000, 0.0000, 0.0000, 0.0000, 0.0000, 0.0000, 0.0000, 0.0000, 0.0000, 0.0000,
  ]

### strategic/shot_quality_ratio
  Total points: 100
  Min: 0.0000, Max: 0.0000, Mean: 0.0000
  Data: [
    0.0000, 0.0000, 0.0000, 0.0000, 0.0000, 0.0000, 0.0000, 0.0000, 0.0000, 0.0000,
    0.0000, 0.0000, 0.0000, 0.0000, 0.0000, 0.0000, 0.0000, 0.0000, 0.0000, 0.0000,
    0.0000, 0.0000, 0.0000, 0.0000, 0.0000, 0.0000, 0.0000, 0.0000, 0.0000, 0.0000,
    0.0000, 0.0000, 0.0000, 0.0000, 0.0000, 0.0000, 0.0000, 0.0000, 0.0000, 0.0000,
    0.0000, 0.0000, 0.0000, 0.0000, 0.0000, 0.0000, 0.0000, 0.0000, 0.0000, 0.0000,
    0.0000, 0.0000, 0.0000, 0.0000, 0.0000, 0.0000, 0.0000, 0.0000, 0.0000, 0.0000,
    0.0000, 0.0000, 0.0000, 0.0000, 0.0000, 0.0000, 0.0000, 0.0000, 0.0000, 0.0000,
    0.0000, 0.0000, 0.0000, 0.0000, 0.0000, 0.0000, 0.0000, 0.0000, 0.0000, 0.0000,
    0.0000, 0.0000, 0.0000, 0.0000, 0.0000, 0.0000, 0.0000, 0.0000, 0.0000, 0.0000,
    0.0000, 0.0000, 0.0000, 0.0000, 0.0000, 0.0000, 0.0000, 0.0000, 0.0000, 0.0000,
  ]

### strategic/shots_blocked
  Total points: 100
  Min: 0.0000, Max: 0.0000, Mean: 0.0000
  Data: [
    0.0000, 0.0000, 0.0000, 0.0000, 0.0000, 0.0000, 0.0000, 0.0000, 0.0000, 0.0000,
    0.0000, 0.0000, 0.0000, 0.0000, 0.0000, 0.0000, 0.0000, 0.0000, 0.0000, 0.0000,
    0.0000, 0.0000, 0.0000, 0.0000, 0.0000, 0.0000, 0.0000, 0.0000, 0.0000, 0.0000,
    0.0000, 0.0000, 0.0000, 0.0000, 0.0000, 0.0000, 0.0000, 0.0000, 0.0000, 0.0000,
    0.0000, 0.0000, 0.0000, 0.0000, 0.0000, 0.0000, 0.0000, 0.0000, 0.0000, 0.0000,
    0.0000, 0.0000, 0.0000, 0.0000, 0.0000, 0.0000, 0.0000, 0.0000, 0.0000, 0.0000,
    0.0000, 0.0000, 0.0000, 0.0000, 0.0000, 0.0000, 0.0000, 0.0000, 0.0000, 0.0000,
    0.0000, 0.0000, 0.0000, 0.0000, 0.0000, 0.0000, 0.0000, 0.0000, 0.0000, 0.0000,
    0.0000, 0.0000, 0.0000, 0.0000, 0.0000, 0.0000, 0.0000, 0.0000, 0.0000, 0.0000,
    0.0000, 0.0000, 0.0000, 0.0000, 0.0000, 0.0000, 0.0000, 0.0000, 0.0000, 0.0000,
  ]

### strategic/shots_clear
  Total points: 100
  Min: 0.0000, Max: 0.0000, Mean: 0.0000
  Data: [
    0.0000, 0.0000, 0.0000, 0.0000, 0.0000, 0.0000, 0.0000, 0.0000, 0.0000, 0.0000,
    0.0000, 0.0000, 0.0000, 0.0000, 0.0000, 0.0000, 0.0000, 0.0000, 0.0000, 0.0000,
    0.0000, 0.0000, 0.0000, 0.0000, 0.0000, 0.0000, 0.0000, 0.0000, 0.0000, 0.0000,
    0.0000, 0.0000, 0.0000, 0.0000, 0.0000, 0.0000, 0.0000, 0.0000, 0.0000, 0.0000,
    0.0000, 0.0000, 0.0000, 0.0000, 0.0000, 0.0000, 0.0000, 0.0000, 0.0000, 0.0000,
    0.0000, 0.0000, 0.0000, 0.0000, 0.0000, 0.0000, 0.0000, 0.0000, 0.0000, 0.0000,
    0.0000, 0.0000, 0.0000, 0.0000, 0.0000, 0.0000, 0.0000, 0.0000, 0.0000, 0.0000,
    0.0000, 0.0000, 0.0000, 0.0000, 0.0000, 0.0000, 0.0000, 0.0000, 0.0000, 0.0000,
    0.0000, 0.0000, 0.0000, 0.0000, 0.0000, 0.0000, 0.0000, 0.0000, 0.0000, 0.0000,
    0.0000, 0.0000, 0.0000, 0.0000, 0.0000, 0.0000, 0.0000, 0.0000, 0.0000, 0.0000,
  ]

### training/avg_episode_length
  Total points: 100
  Min: 50.4000, Max: 205.6000, Mean: 118.4730
  Data: [
    159.3000, 156.0000, 188.5000, 175.9000, 142.7000, 130.1000, 160.9000, 156.5000, 181.8000, 128.4000,
    96.6000, 166.5000, 110.8000, 138.7000, 107.3000, 116.8000, 136.6000, 146.3000, 164.9000, 116.4000,
    156.3000, 108.9000, 128.1000, 140.7000, 137.0000, 119.5000, 122.3000, 76.6000, 97.6000, 138.5000,
    100.0000, 94.5000, 163.8000, 125.8000, 86.5000, 116.9000, 130.2000, 112.3000, 96.2000, 152.0000,
    144.6000, 136.1000, 162.7000, 205.6000, 136.1000, 130.6000, 140.8000, 156.7000, 135.3000, 104.8000,
    101.8000, 70.1000, 136.8000, 115.9000, 134.8000, 73.8000, 101.8000, 66.4000, 89.8000, 133.9000,
    82.5000, 67.2000, 54.0000, 97.0000, 120.4000, 127.1000, 76.4000, 114.1000, 143.3000, 127.5000,
    119.6000, 74.9000, 111.8000, 73.9000, 82.7000, 91.2000, 50.4000, 79.8000, 96.5000, 98.9000,
    82.7000, 167.8000, 114.3000, 76.2000, 125.2000, 111.3000, 113.6000, 140.3000, 122.7000, 133.5000,
    76.8000, 91.7000, 175.9000, 121.8000, 83.8000, 81.9000, 93.8000, 85.8000, 118.2000, 77.7000,
  ]

### training/calls_per_episode
  Total points: 100
  Min: 0.0000, Max: 0.0000, Mean: 0.0000
  Data: [
    0.0000, 0.0000, 0.0000, 0.0000, 0.0000, 0.0000, 0.0000, 0.0000, 0.0000, 0.0000,
    0.0000, 0.0000, 0.0000, 0.0000, 0.0000, 0.0000, 0.0000, 0.0000, 0.0000, 0.0000,
    0.0000, 0.0000, 0.0000, 0.0000, 0.0000, 0.0000, 0.0000, 0.0000, 0.0000, 0.0000,
    0.0000, 0.0000, 0.0000, 0.0000, 0.0000, 0.0000, 0.0000, 0.0000, 0.0000, 0.0000,
    0.0000, 0.0000, 0.0000, 0.0000, 0.0000, 0.0000, 0.0000, 0.0000, 0.0000, 0.0000,
    0.0000, 0.0000, 0.0000, 0.0000, 0.0000, 0.0000, 0.0000, 0.0000, 0.0000, 0.0000,
    0.0000, 0.0000, 0.0000, 0.0000, 0.0000, 0.0000, 0.0000, 0.0000, 0.0000, 0.0000,
    0.0000, 0.0000, 0.0000, 0.0000, 0.0000, 0.0000, 0.0000, 0.0000, 0.0000, 0.0000,
    0.0000, 0.0000, 0.0000, 0.0000, 0.0000, 0.0000, 0.0000, 0.0000, 0.0000, 0.0000,
    0.0000, 0.0000, 0.0000, 0.0000, 0.0000, 0.0000, 0.0000, 0.0000, 0.0000, 0.0000,
  ]

### training/episode
  Total points: 100
  Min: 50.0000, Max: 47700.0000, Mean: 24171.0000
  Data: [
    50.0000, 100.0000, 400.0000, 450.0000, 550.0000, 700.0000, 800.0000, 950.0000, 1300.0000, 1350.0000,
    1450.0000, 1550.0000, 1950.0000, 2000.0000, 2050.0000, 2100.0000, 2150.0000, 2200.0000, 2250.0000, 2450.0000,
    2500.0000, 2550.0000, 2700.0000, 2800.0000, 2850.0000, 3050.0000, 3100.0000, 3200.0000, 3400.0000, 3450.0000,
    3500.0000, 3550.0000, 3600.0000, 3750.0000, 3850.0000, 3900.0000, 3950.0000, 4050.0000, 4100.0000, 4150.0000,
    4200.0000, 4350.0000, 4400.0000, 4550.0000, 4700.0000, 4800.0000, 4900.0000, 5000.0000, 5150.0000, 5450.0000,
    42900.0000, 43050.0000, 43150.0000, 43200.0000, 43500.0000, 43650.0000, 43800.0000, 43900.0000, 43950.0000, 44050.0000,
    44350.0000, 44450.0000, 44500.0000, 44550.0000, 44600.0000, 44650.0000, 44750.0000, 44800.0000, 44850.0000, 44900.0000,
    45000.0000, 45150.0000, 45250.0000, 45300.0000, 45400.0000, 45450.0000, 45500.0000, 45650.0000, 45700.0000, 46000.0000,
    46100.0000, 46200.0000, 46300.0000, 46350.0000, 46400.0000, 46450.0000, 46600.0000, 46650.0000, 46750.0000, 46950.0000,
    47050.0000, 47100.0000, 47250.0000, 47350.0000, 47400.0000, 47450.0000, 47550.0000, 47600.0000, 47650.0000, 47700.0000,
  ]

### training/eps_per_sec
  Total points: 100
  Min: 0.4637, Max: 7.5261, Mean: 1.5741
  Data: [
    5.2281, 7.2007, 7.5261, 7.5092, 0.4637, 1.2352, 1.0002, 0.9206, 1.0127, 1.0811,
    1.2672, 0.6513, 1.3370, 1.4346, 0.5793, 1.2028, 1.1518, 1.0472, 0.9725, 1.3244,
    1.2406, 0.6643, 1.2320, 1.2825, 1.3562, 0.7416, 1.3591, 1.3131, 1.7094, 1.3968,
    1.5020, 0.6205, 1.4092, 1.3866, 1.3991, 1.2779, 1.3363, 0.6377, 1.6007, 1.1083,
    1.1878, 1.1685, 1.2325, 0.4930, 1.2339, 1.1840, 1.5527, 1.1328, 1.4354, 1.4114,
    2.0214, 0.6066, 1.7166, 1.5389, 1.4162, 1.7076, 1.8359, 1.5161, 1.6159, 0.6036,
    1.7940, 1.5186, 1.7447, 0.7079, 1.4717, 1.5957, 1.9942, 1.5788, 1.6914, 1.7859,
    1.7347, 1.6893, 1.6872, 1.4739, 1.5304, 1.4894, 1.7678, 2.0318, 1.6051, 1.5972,
    1.7083, 1.2652, 1.8068, 1.6277, 1.5227, 1.5225, 1.5491, 1.3765, 1.5046, 1.9298,
    0.8741, 1.7070, 1.3382, 1.4109, 1.5552, 1.5637, 0.6985, 1.7152, 1.3848, 1.5308,
  ]

### training/epsilon
  Total points: 100
  Min: 0.0500, Max: 0.2941, Mean: 0.0826
  Data: [
    0.2941, 0.2882, 0.2556, 0.2506, 0.2407, 0.2267, 0.2178, 0.2051, 0.1783, 0.1748,
    0.1680, 0.1614, 0.1375, 0.1348, 0.1321, 0.1295, 0.1269, 0.1244, 0.1219, 0.1126,
    0.1103, 0.1082, 0.1019, 0.0979, 0.0959, 0.0885, 0.0868, 0.0834, 0.0770, 0.0755,
    0.0740, 0.0725, 0.0711, 0.0669, 0.0643, 0.0630, 0.0618, 0.0594, 0.0582, 0.0570,
    0.0559, 0.0526, 0.0516, 0.0500, 0.0500, 0.0500, 0.0500, 0.0500, 0.0500, 0.0500,
    0.0500, 0.0500, 0.0500, 0.0500, 0.0500, 0.0500, 0.0500, 0.0500, 0.0500, 0.0500,
    0.0500, 0.0500, 0.0500, 0.0500, 0.0500, 0.0500, 0.0500, 0.0500, 0.0500, 0.0500,
    0.0500, 0.0500, 0.0500, 0.0500, 0.0500, 0.0500, 0.0500, 0.0500, 0.0500, 0.0500,
    0.0500, 0.0500, 0.0500, 0.0500, 0.0500, 0.0500, 0.0500, 0.0500, 0.0500, 0.0500,
    0.0500, 0.0500, 0.0500, 0.0500, 0.0500, 0.0500, 0.0500, 0.0500, 0.0500, 0.0500,
  ]

### training/pbrs_enabled
  Total points: 100
  Min: 1.0000, Max: 1.0000, Mean: 1.0000
  Data: [
    1.0000, 1.0000, 1.0000, 1.0000, 1.0000, 1.0000, 1.0000, 1.0000, 1.0000, 1.0000,
    1.0000, 1.0000, 1.0000, 1.0000, 1.0000, 1.0000, 1.0000, 1.0000, 1.0000, 1.0000,
    1.0000, 1.0000, 1.0000, 1.0000, 1.0000, 1.0000, 1.0000, 1.0000, 1.0000, 1.0000,
    1.0000, 1.0000, 1.0000, 1.0000, 1.0000, 1.0000, 1.0000, 1.0000, 1.0000, 1.0000,
    1.0000, 1.0000, 1.0000, 1.0000, 1.0000, 1.0000, 1.0000, 1.0000, 1.0000, 1.0000,
    1.0000, 1.0000, 1.0000, 1.0000, 1.0000, 1.0000, 1.0000, 1.0000, 1.0000, 1.0000,
    1.0000, 1.0000, 1.0000, 1.0000, 1.0000, 1.0000, 1.0000, 1.0000, 1.0000, 1.0000,
    1.0000, 1.0000, 1.0000, 1.0000, 1.0000, 1.0000, 1.0000, 1.0000, 1.0000, 1.0000,
    1.0000, 1.0000, 1.0000, 1.0000, 1.0000, 1.0000, 1.0000, 1.0000, 1.0000, 1.0000,
    1.0000, 1.0000, 1.0000, 1.0000, 1.0000, 1.0000, 1.0000, 1.0000, 1.0000, 1.0000,
  ]

### training/tie_penalty
  Total points: 100
  Min: -1.5000, Max: 0.0000, Mean: -0.2400
  Data: [
    0.0000, 0.0000, 0.0000, 0.0000, 0.0000, 0.0000, 0.0000, 0.0000, 0.0000, 0.0000,
    0.0000, -1.5000, 0.0000, 0.0000, 0.0000, 0.0000, 0.0000, 0.0000, -1.5000, 0.0000,
    0.0000, 0.0000, 0.0000, 0.0000, -1.5000, 0.0000, 0.0000, -1.5000, -1.5000, 0.0000,
    0.0000, 0.0000, 0.0000, 0.0000, 0.0000, 0.0000, 0.0000, 0.0000, 0.0000, -1.5000,
    0.0000, -1.5000, -1.5000, -1.5000, 0.0000, 0.0000, 0.0000, 0.0000, 0.0000, 0.0000,
    0.0000, 0.0000, 0.0000, 0.0000, 0.0000, 0.0000, -1.5000, 0.0000, 0.0000, 0.0000,
    -1.5000, 0.0000, 0.0000, 0.0000, 0.0000, -1.5000, 0.0000, 0.0000, 0.0000, -1.5000,
    0.0000, 0.0000, 0.0000, 0.0000, 0.0000, 0.0000, 0.0000, 0.0000, -1.5000, 0.0000,
    0.0000, -1.5000, 0.0000, 0.0000, 0.0000, 0.0000, 0.0000, 0.0000, 0.0000, 0.0000,
    0.0000, 0.0000, 0.0000, 0.0000, 0.0000, 0.0000, -1.5000, 0.0000, 0.0000, 0.0000,
  ]

### values/Q_avg
  Total points: 100
  Min: -1.9078, Max: 4.9629, Mean: -0.7996
  Data: [
    4.9629, 4.9501, 2.6604, 1.7790, -0.9670, -0.9308, -1.1742, -1.1606, -1.3805, -1.0576,
    -1.4390, -1.1902, -1.5882, -1.5590, -1.3627, -0.9560, -1.4523, -1.7135, -1.8872, -1.3654,
    -1.5153, -1.6120, -1.5461, -1.2009, -0.7314, -1.3383, -0.7952, -1.0492, -1.1543, -0.5026,
    -0.9621, -0.3662, -0.4738, -1.2286, -0.8926, -1.3677, -0.8854, -0.9220, -0.3973, -0.7117,
    -0.2724, -0.2917, -0.8480, -0.1330, -0.3987, -0.5068, -0.3717, -0.6458, 0.0202, -0.9620,
    -0.9199, -1.0909, -1.2081, -0.9313, -1.2247, -0.8489, -0.9888, -0.8130, -0.8920, -0.8532,
    -0.8515, -1.3935, -0.8440, -0.6314, -1.1824, -1.3933, -1.1946, -0.2811, -0.4771, -0.1924,
    -1.1897, -1.2125, -0.0152, -0.5618, -1.1342, -1.0423, -0.2979, -1.6047, -0.8915, -0.6438,
    -0.1544, -0.9186, -1.3186, -1.9078, -1.2991, -1.2920, -1.4174, -1.5179, -1.1397, -1.5156,
    -1.5740, -0.5041, -1.1151, -1.2690, -1.0925, -1.5653, -0.4614, -1.2472, -0.5960, -0.3587,
  ]

### values/Q_max
  Total points: 100
  Min: 1.8190, Max: 12.5053, Mean: 8.4472
  Data: [
    5.1378, 5.1245, 5.6779, 5.0745, 5.9051, 3.8729, 8.9540, 9.0183, 8.5863, 9.3797,
    8.6495, 8.6183, 7.4765, 5.8898, 7.2182, 5.9126, 4.9453, 4.9575, 5.6879, 6.7192,
    3.7780, 1.8190, 5.2951, 7.0206, 6.0401, 6.7238, 7.5761, 5.4619, 8.0393, 7.4004,
    5.6610, 8.1770, 7.8589, 7.7984, 6.5959, 6.1076, 8.6672, 7.9513, 5.9994, 7.4283,
    7.4690, 7.2587, 8.2427, 11.5575, 9.2750, 7.5892, 9.5813, 11.8767, 9.9108, 7.6357,
    9.5880, 10.3156, 8.9181, 10.3637, 12.4163, 10.5066, 7.0821, 10.5413, 10.8460, 10.7711,
    10.0731, 11.0603, 10.7973, 10.7284, 5.9073, 10.1684, 10.9742, 11.6937, 10.6497, 9.6870,
    9.8904, 8.8841, 12.5053, 10.3362, 8.7923, 8.9956, 10.4295, 11.1851, 9.7309, 9.3126,
    11.3843, 9.6312, 8.4849, 9.7992, 9.3748, 7.1191, 9.7255, 8.6804, 7.8851, 8.5173,
    10.1698, 10.4873, 10.3398, 11.2014, 9.3132, 10.0777, 9.5927, 5.4427, 10.5321, 9.2054,
  ]

### values/Q_min
  Total points: 100
  Min: -10.8343, Max: 4.7512, Mean: -8.3364
  Data: [
    4.7351, 4.7512, 1.6226, -0.6934, -5.7311, -4.9441, -5.2103, -5.6038, -9.6052, -6.3742,
    -7.0479, -8.2391, -9.5230, -8.5798, -7.2671, -7.9743, -10.5619, -8.5570, -9.6595, -6.8154,
    -6.9255, -8.6989, -6.0407, -8.1361, -7.1666, -9.0411, -7.3192, -8.6991, -8.2688, -7.2505,
    -8.5796, -8.6829, -8.4013, -8.2151, -8.0931, -7.4583, -8.1197, -9.6367, -7.0071, -6.0991,
    -7.4324, -5.9765, -9.2085, -8.7378, -7.4032, -10.4439, -7.5286, -9.5239, -10.4606, -10.8343,
    -8.7608, -9.2323, -9.8124, -9.7215, -9.9736, -9.3458, -9.3844, -9.3733, -8.7292, -9.2523,
    -9.4362, -9.2157, -9.6803, -9.5168, -9.5284, -10.1736, -9.7764, -9.4156, -10.2613, -9.9510,
    -9.5191, -9.6037, -9.3594, -10.4059, -9.7191, -10.1836, -9.8074, -9.6919, -10.0662, -9.4488,
    -10.5691, -9.2972, -9.9891, -9.6115, -9.5551, -9.6115, -9.7127, -9.5918, -9.2127, -9.2955,
    -10.0174, -9.0586, -9.4846, -9.1193, -9.0013, -9.6580, -9.5096, -8.8585, -8.9594, -8.5176,
  ]

### values/Q_std
  Total points: 100
  Min: 0.0814, Max: 4.5061, Mean: 3.2128
  Data: [
    0.0814, 0.0848, 0.9062, 1.0137, 1.8693, 2.0549, 2.3081, 2.5603, 2.6551, 2.8504,
    2.4628, 2.9272, 2.6267, 2.4326, 2.4824, 2.6759, 2.7145, 2.3648, 2.7181, 2.5963,
    2.3140, 1.9021, 2.2897, 2.6623, 2.4154, 2.4328, 2.6752, 2.5643, 2.9180, 2.7453,
    2.7004, 3.0823, 3.1531, 2.8951, 3.2432, 2.9434, 2.8363, 2.9658, 2.9415, 2.8550,
    2.7628, 2.5348, 2.8078, 3.0202, 2.7254, 3.4079, 3.0518, 3.5008, 3.3580, 3.4856,
    4.2729, 3.7558, 4.1566, 3.7724, 4.5061, 3.5984, 3.2928, 4.3794, 4.0996, 3.8605,
    3.9514, 4.2441, 4.3681, 3.9859, 3.5199, 3.7843, 3.5916, 3.9570, 3.7485, 4.4183,
    3.9410, 3.9910, 4.0267, 3.9943, 3.8303, 3.8029, 4.1201, 3.9717, 4.3072, 3.5264,
    3.8753, 4.0913, 3.8033, 3.9058, 4.1168, 3.5763, 3.9516, 3.6755, 3.1838, 3.5898,
    3.6306, 4.1511, 3.8040, 3.7918, 4.0889, 3.7711, 3.4682, 2.7140, 3.9990, 3.7372,
  ]
