================================================================================
W&B RUN DATA: TD3-sizes-rw-metrics-TD3-Hockey-NORMAL-weak-lr0.0003-seed55
================================================================================

## RUN METADATA
Run ID: hdd8qa4r
Created: 2026-01-14T23:17:54Z
State: running
Duration: 3830.428701453 seconds

## CONFIGURATION
  algorithm: TD3
  mode: NORMAL
  opponent: weak
  learning_rate_actor: 0.0003
  learning_rate_critic: 0.0003
  batch_size: 1024
  buffer_size: 1000000
  max_episodes: 100000
  random_seed: 55
  self_play_start: 0
  self_play_pool_size: 25
  gamma: 0.99
  tau: 0.005

## FINAL SUMMARY

## METRICS DATA

### behavior/action_magnitude_avg
  Total points: 88
  Min: 0.7050, Max: 1.1182, Mean: 0.9022
  Data: [
    0.8391, 0.9417, 0.9200, 0.7966, 0.8032, 0.8400, 0.8179, 0.7720, 0.9275, 0.7398,
    0.8153, 0.7313, 0.8149, 0.8949, 0.8958, 0.8569, 0.7852, 0.8129, 0.8272, 0.7338,
    0.8947, 0.8212, 0.8276, 0.9043, 0.7353, 0.7699, 0.8539, 0.9491, 0.8134, 0.7599,
    0.8306, 0.9277, 0.8049, 0.7667, 0.7050, 0.7316, 0.7966, 0.7694, 0.7557, 0.7246,
    1.0920, 0.9748, 1.0294, 1.0403, 1.0682, 1.0484, 1.1182, 0.9879, 1.0300, 1.0286,
    1.0851, 1.0751, 1.0721, 1.0641, 0.9674, 1.0326, 1.0466, 1.0382, 1.0125, 1.0387,
    1.0116, 0.9861, 0.9631, 0.9659, 1.0206, 0.8923, 0.9042, 0.9383, 0.8706, 0.9063,
    0.8383, 0.9208, 0.9072, 0.8785, 0.8868, 0.9132, 0.9840, 1.0013, 0.9593, 0.8568,
    0.9670, 0.9019, 0.8847, 0.9511, 0.8875, 0.7332, 0.9505, 0.9577,
  ]

### behavior/action_magnitude_max
  Total points: 88
  Min: 1.2075, Max: 1.4142, Mean: 1.3533
  Data: [
    1.2512, 1.3853, 1.3371, 1.2477, 1.2345, 1.2896, 1.2075, 1.2552, 1.3945, 1.2327,
    1.3395, 1.2352, 1.2724, 1.3218, 1.3509, 1.2820, 1.2226, 1.2400, 1.2865, 1.2594,
    1.2632, 1.3522, 1.2636, 1.3577, 1.2286, 1.2163, 1.3382, 1.3036, 1.3538, 1.2866,
    1.2636, 1.3673, 1.2847, 1.2538, 1.2595, 1.2961, 1.2364, 1.2856, 1.2442, 1.2441,
    1.4123, 1.4142, 1.4142, 1.4142, 1.4103, 1.4084, 1.4142, 1.4140, 1.3930, 1.4142,
    1.4142, 1.4142, 1.4089, 1.4127, 1.4142, 1.4142, 1.4142, 1.4142, 1.4142, 1.4087,
    1.4142, 1.4142, 1.4130, 1.4142, 1.4142, 1.3988, 1.4014, 1.4142, 1.4142, 1.4104,
    1.4074, 1.4047, 1.4142, 1.3995, 1.4053, 1.4117, 1.4141, 1.4142, 1.4094, 1.4142,
    1.4142, 1.4142, 1.4142, 1.4142, 1.4142, 1.4107, 1.4105, 1.4142,
  ]

### behavior/dist_to_puck_avg
  Total points: 88
  Min: 2.2999, Max: 4.1860, Mean: 3.1717
  Data: [
    3.6630, 3.2353, 3.7843, 3.9841, 3.8437, 3.4754, 3.5673, 3.7451, 4.1860, 3.4766,
    3.6641, 3.4758, 3.7301, 4.1106, 3.8146, 3.9773, 3.7570, 3.5056, 3.7485, 3.7175,
    3.7154, 4.0006, 3.3598, 3.4724, 3.3925, 3.6967, 3.4293, 3.6493, 3.3619, 3.9085,
    3.5911, 3.6643, 3.4553, 3.4780, 3.3421, 3.7567, 3.4830, 3.3316, 3.6934, 3.3902,
    2.6540, 2.9718, 3.0561, 2.6162, 3.0090, 2.7302, 3.2848, 2.9771, 3.0203, 3.1136,
    2.8705, 3.1274, 2.8136, 3.1319, 3.0993, 2.7993, 2.8534, 3.1300, 3.2418, 2.9077,
    2.8895, 2.9161, 3.0515, 2.9976, 2.7956, 2.9887, 2.6912, 2.4015, 2.5487, 2.3811,
    2.5477, 2.9343, 2.6701, 2.3987, 2.6404, 2.4737, 2.7167, 2.6418, 2.6670, 2.4506,
    2.4811, 2.5265, 2.5814, 2.4530, 2.5655, 2.2999, 2.7352, 2.6247,
  ]

### behavior/dist_to_puck_min
  Total points: 88
  Min: 0.3223, Max: 1.9930, Mean: 0.9810
  Data: [
    1.4056, 1.1744, 1.5836, 1.8228, 1.4867, 1.1526, 1.6080, 1.2895, 1.1079, 1.3635,
    1.2484, 1.6806, 1.7464, 1.5798, 1.2978, 1.6405, 1.4884, 1.4253, 1.4514, 1.4509,
    1.2913, 1.5243, 1.5646, 1.3716, 1.6331, 1.9930, 0.7947, 1.6982, 1.3377, 1.9360,
    1.7862, 1.5972, 1.4650, 1.2159, 1.0502, 1.1343, 1.6266, 1.4167, 1.7647, 1.4060,
    0.4972, 1.0151, 0.5381, 0.5077, 0.8209, 0.6033, 0.7119, 0.7518, 0.6392, 0.3328,
    0.6896, 0.5704, 0.4411, 0.3223, 0.5227, 0.5954, 0.4319, 0.4199, 0.4737, 0.5046,
    0.4602, 0.6585, 0.6079, 0.4891, 0.5479, 0.6847, 0.5629, 0.4696, 0.5069, 0.7785,
    0.6630, 0.7483, 0.5694, 0.6885, 0.6944, 0.6115, 0.3935, 0.4148, 0.5198, 0.7055,
    0.5928, 0.5005, 0.4537, 0.5332, 0.7283, 0.7176, 0.5695, 0.4547,
  ]

### behavior/distance_traveled
  Total points: 88
  Min: 4.0738, Max: 20.1470, Mean: 11.4462
  Data: [
    7.5608, 7.2114, 8.9632, 6.6248, 7.0719, 7.1943, 7.0527, 6.2925, 6.8723, 7.0666,
    9.8810, 6.5992, 7.4268, 7.1519, 8.6492, 4.0738, 6.5438, 6.2805, 7.8419, 5.7732,
    4.4815, 8.9756, 9.1076, 9.2841, 7.6627, 6.6487, 8.6181, 6.6373, 7.4848, 9.1690,
    5.6894, 7.9965, 8.1279, 6.0041, 8.8505, 8.4066, 6.6750, 7.1458, 8.6086, 6.5717,
    7.3822, 12.2922, 16.5475, 15.3710, 12.5321, 16.5805, 17.4406, 13.8265, 15.0671, 15.8896,
    11.6672, 15.8799, 11.5614, 20.1470, 16.7192, 15.1852, 12.1783, 18.8525, 15.3004, 12.3717,
    15.6384, 13.1004, 18.7279, 16.5771, 13.4646, 17.4479, 13.9524, 15.8748, 12.9491, 11.0798,
    15.5696, 17.5804, 12.4415, 11.2726, 13.2047, 17.5530, 16.3868, 16.1465, 10.6591, 14.4241,
    17.6731, 14.4232, 18.2455, 15.8198, 10.1978, 15.0144, 16.9425, 17.8330,
  ]

### behavior/lazy_action_ratio
  Total points: 88
  Min: 0.0000, Max: 0.0382, Mean: 0.0123
  Data: [
    0.0172, 0.0068, 0.0113, 0.0221, 0.0282, 0.0124, 0.0088, 0.0185, 0.0095, 0.0187,
    0.0120, 0.0133, 0.0100, 0.0110, 0.0032, 0.0114, 0.0143, 0.0044, 0.0259, 0.0325,
    0.0012, 0.0066, 0.0012, 0.0119, 0.0295, 0.0259, 0.0100, 0.0122, 0.0212, 0.0193,
    0.0079, 0.0092, 0.0143, 0.0263, 0.0382, 0.0160, 0.0190, 0.0141, 0.0229, 0.0149,
    0.0004, 0.0064, 0.0036, 0.0058, 0.0004, 0.0021, 0.0000, 0.0040, 0.0008, 0.0028,
    0.0006, 0.0026, 0.0071, 0.0008, 0.0056, 0.0044, 0.0037, 0.0044, 0.0065, 0.0054,
    0.0092, 0.0174, 0.0071, 0.0107, 0.0040, 0.0107, 0.0208, 0.0111, 0.0144, 0.0148,
    0.0252, 0.0192, 0.0076, 0.0148, 0.0145, 0.0160, 0.0068, 0.0072, 0.0113, 0.0150,
    0.0080, 0.0060, 0.0230, 0.0232, 0.0304, 0.0380, 0.0136, 0.0044,
  ]

### behavior/possession_ratio
  Total points: 88
  Min: 0.0000, Max: 0.0970, Mean: 0.0288
  Data: [
    0.0020, 0.0276, 0.0112, 0.0056, 0.0056, 0.0359, 0.0000, 0.0321, 0.0224, 0.0135,
    0.0067, 0.0126, 0.0191, 0.0098, 0.0040, 0.0139, 0.0118, 0.0064, 0.0048, 0.0168,
    0.0479, 0.0351, 0.0152, 0.0182, 0.0006, 0.0000, 0.0282, 0.0296, 0.0278, 0.0000,
    0.0084, 0.0056, 0.0107, 0.0308, 0.0134, 0.0266, 0.0000, 0.0000, 0.0000, 0.0238,
    0.0695, 0.0648, 0.0877, 0.0970, 0.0652, 0.0778, 0.0817, 0.0424, 0.0524, 0.0472,
    0.0453, 0.0619, 0.0237, 0.0332, 0.0108, 0.0223, 0.0408, 0.0477, 0.0290, 0.0401,
    0.0477, 0.0281, 0.0383, 0.0409, 0.0164, 0.0090, 0.0057, 0.0433, 0.0194, 0.0251,
    0.0295, 0.0255, 0.0204, 0.0270, 0.0258, 0.0378, 0.0536, 0.0333, 0.0505, 0.0213,
    0.0354, 0.0422, 0.0444, 0.0541, 0.0500, 0.0096, 0.0511, 0.0228,
  ]

### behavior/puck_touches
  Total points: 88
  Min: 0.0000, Max: 2.7000, Mean: 0.9136
  Data: [
    0.2000, 0.4000, 0.3000, 0.1000, 0.2000, 0.3000, 0.0000, 0.3000, 0.4000, 0.2000,
    0.1000, 0.5000, 0.2000, 1.7000, 0.5000, 0.2000, 0.3000, 0.5000, 0.1000, 0.3000,
    0.3000, 2.1000, 1.5000, 0.6000, 0.1000, 0.0000, 0.8000, 0.7000, 0.3000, 0.0000,
    0.3000, 1.0000, 0.2000, 0.3000, 0.9000, 0.5000, 0.0000, 0.0000, 0.0000, 0.7000,
    1.0000, 0.9000, 1.8000, 1.2000, 0.7000, 1.1000, 2.0000, 0.8000, 1.7000, 1.9000,
    0.7000, 1.7000, 1.5000, 2.2000, 1.0000, 1.6000, 2.7000, 2.4000, 1.8000, 1.3000,
    1.0000, 1.2000, 2.4000, 1.4000, 1.4000, 0.8000, 0.8000, 1.5000, 0.9000, 0.8000,
    0.9000, 0.9000, 0.7000, 0.7000, 0.6000, 1.5000, 1.6000, 0.8000, 2.1000, 0.7000,
    1.5000, 1.1000, 1.7000, 1.4000, 0.8000, 0.6000, 2.5000, 1.0000,
  ]

### behavior/shoot_action_avg
  Total points: 88
  Min: -0.4461, Max: 0.3007, Mean: -0.0475
  Data: [
    -0.0276, -0.3518, -0.0650, -0.1803, -0.3032, -0.2443, 0.0021, -0.2708, -0.3333, -0.1750,
    0.0774, -0.1248, -0.2475, 0.2162, -0.1949, -0.2255, -0.2126, 0.0648, -0.1248, -0.4461,
    -0.1594, -0.0037, -0.1832, 0.2030, 0.0213, -0.0770, 0.1118, -0.1887, 0.0863, 0.0708,
    -0.0384, 0.0819, -0.4316, -0.0595, 0.0511, 0.0487, -0.0359, -0.2316, -0.2510, -0.1870,
    -0.2964, -0.0752, -0.1477, -0.1251, -0.0694, -0.1569, 0.1116, 0.3007, -0.3561, -0.0104,
    -0.1455, 0.0195, 0.1316, 0.1576, 0.0744, 0.1089, -0.0748, 0.1958, -0.1654, 0.0997,
    0.0143, 0.0864, 0.0557, 0.0080, -0.0428, 0.1777, 0.1638, -0.0255, 0.0449, -0.1150,
    -0.0172, 0.0229, -0.1234, 0.2287, -0.0334, 0.2446, -0.0593, 0.1924, -0.2036, 0.2015,
    0.0657, -0.2602, 0.0140, -0.0710, 0.1735, -0.0420, -0.1767, 0.0563,
  ]

### behavior/shoot_action_when_possess
  Total points: 88
  Min: -0.6605, Max: 0.3548, Mean: -0.0547
  Data: [
    0.0391, 0.0018, -0.0197, -0.0601, -0.1000, -0.0440, 0.0000, -0.2141, -0.1318, -0.0134,
    -0.0974, 0.0849, -0.0039, 0.0531, 0.1419, -0.1000, -0.0021, 0.0070, 0.0069, -0.1998,
    -0.1664, -0.0344, -0.0894, 0.0793, 0.0736, 0.0000, 0.0185, 0.0279, -0.0315, 0.0000,
    0.0189, -0.0194, -0.0602, -0.1312, -0.0140, 0.0566, 0.0000, 0.0000, 0.0000, 0.0385,
    -0.1328, -0.3404, -0.6270, -0.6605, -0.4683, -0.4281, -0.4010, -0.2380, -0.2165, -0.1531,
    -0.1283, 0.0195, 0.1639, 0.1689, 0.1964, 0.2129, -0.1106, 0.0406, -0.2588, 0.0213,
    -0.2476, 0.2846, -0.1059, 0.0842, 0.2125, 0.3548, 0.1484, 0.0437, 0.2800, 0.0978,
    -0.1487, -0.0540, 0.0692, -0.1722, -0.2714, -0.1505, -0.3221, -0.2361, -0.1873, 0.0165,
    -0.0039, -0.2242, 0.0501, -0.0583, 0.0011, 0.0298, -0.2404, 0.1626,
  ]

### behavior/time_near_puck
  Total points: 88
  Min: 0.0000, Max: 15.5000, Mean: 4.4193
  Data: [
    0.5000, 4.4000, 2.8000, 1.3000, 1.6000, 4.1000, 0.0000, 3.9000, 4.1000, 1.9000,
    1.5000, 3.0000, 3.2000, 1.8000, 1.2000, 1.5000, 0.8000, 1.6000, 1.1000, 4.0000,
    4.0000, 5.6000, 2.9000, 3.0000, 0.2000, 0.0000, 3.5000, 2.3000, 2.6000, 0.0000,
    1.7000, 1.4000, 1.5000, 3.9000, 3.2000, 3.4000, 0.0000, 0.0000, 0.0000, 5.4000,
    6.6000, 9.4000, 15.5000, 12.7000, 9.1000, 9.7000, 11.2000, 5.9000, 7.0000, 4.2000,
    3.7000, 6.5000, 3.8000, 9.7000, 4.9000, 5.7000, 6.0000, 8.0000, 6.9000, 3.9000,
    8.2000, 4.4000, 8.6000, 7.8000, 3.5000, 0.8000, 0.8000, 5.2000, 2.9000, 4.6000,
    4.2000, 4.7000, 2.0000, 4.7000, 5.8000, 9.5000, 7.4000, 7.2000, 5.1000, 3.2000,
    7.0000, 5.6000, 9.1000, 6.9000, 5.4000, 2.2000, 11.1000, 1.7000,
  ]

### behavior/velocity_avg
  Total points: 88
  Min: 0.0431, Max: 0.1375, Mean: 0.0845
  Data: [
    0.0560, 0.0541, 0.0480, 0.0455, 0.0553, 0.0590, 0.0700, 0.0655, 0.0472, 0.0615,
    0.0512, 0.0660, 0.0600, 0.0473, 0.0497, 0.0541, 0.0520, 0.0492, 0.0495, 0.0477,
    0.0519, 0.0462, 0.0740, 0.0533, 0.0639, 0.0566, 0.0527, 0.0594, 0.0667, 0.0608,
    0.0497, 0.0431, 0.0539, 0.0588, 0.0533, 0.0559, 0.0499, 0.0548, 0.0618, 0.0605,
    0.0675, 0.0958, 0.0980, 0.1138, 0.1229, 0.1244, 0.1224, 0.1125, 0.1143, 0.1228,
    0.1375, 0.1275, 0.1216, 0.1080, 0.1116, 0.1242, 0.1156, 0.1288, 0.1212, 0.1196,
    0.1130, 0.1058, 0.1139, 0.1067, 0.1099, 0.1012, 0.1072, 0.1090, 0.0963, 0.1065,
    0.0928, 0.1036, 0.1081, 0.0935, 0.0889, 0.0983, 0.1082, 0.1016, 0.0988, 0.1050,
    0.1092, 0.1088, 0.1077, 0.1123, 0.0989, 0.0810, 0.1082, 0.1115,
  ]

### behavior/velocity_max
  Total points: 88
  Min: 0.1678, Max: 0.2358, Mean: 0.2147
  Data: [
    0.2072, 0.1934, 0.2073, 0.1860, 0.1975, 0.1943, 0.2096, 0.1920, 0.1976, 0.1967,
    0.2045, 0.2052, 0.2054, 0.1945, 0.2017, 0.2080, 0.1870, 0.2033, 0.1873, 0.1678,
    0.1913, 0.2050, 0.2064, 0.2005, 0.1982, 0.1943, 0.2123, 0.2127, 0.2095, 0.2104,
    0.1911, 0.2008, 0.1998, 0.1977, 0.1916, 0.2060, 0.1870, 0.1899, 0.1965, 0.2073,
    0.2192, 0.2199, 0.2289, 0.2340, 0.2293, 0.2311, 0.2298, 0.2358, 0.2338, 0.2329,
    0.2230, 0.2328, 0.2193, 0.2352, 0.2282, 0.2340, 0.2329, 0.2346, 0.2289, 0.2320,
    0.2306, 0.2358, 0.2284, 0.2299, 0.2326, 0.2229, 0.2222, 0.2307, 0.2313, 0.2278,
    0.2198, 0.2317, 0.2186, 0.2219, 0.2192, 0.2263, 0.2216, 0.2292, 0.2283, 0.2291,
    0.2333, 0.2208, 0.2266, 0.2356, 0.2246, 0.2233, 0.2221, 0.2187,
  ]

### eval/strong/avg_reward
  Total points: 4
  Min: -25.6869, Max: -6.4781, Mean: -18.2934
  Data: [
    -25.2811, -25.6869, -6.4781, -15.7277,
  ]

### eval/strong/loss_rate
  Total points: 4
  Min: 0.2400, Max: 0.3800, Mean: 0.3050
  Data: [
    0.2700, 0.3300, 0.3800, 0.2400,
  ]

### eval/strong/losses
  Total points: 4
  Min: 24.0000, Max: 38.0000, Mean: 30.5000
  Data: [
    27.0000, 33.0000, 38.0000, 24.0000,
  ]

### eval/strong/tie_rate
  Total points: 4
  Min: 0.4100, Max: 0.6800, Mean: 0.5950
  Data: [
    0.6800, 0.6100, 0.4100, 0.6800,
  ]

### eval/strong/ties
  Total points: 4
  Min: 41.0000, Max: 68.0000, Mean: 59.5000
  Data: [
    68.0000, 61.0000, 41.0000, 68.0000,
  ]

### eval/strong/win_rate
  Total points: 4
  Min: 0.0500, Max: 0.2100, Mean: 0.1000
  Data: [
    0.0500, 0.0600, 0.2100, 0.0800,
  ]

### eval/strong/win_rate_decisive
  Total points: 4
  Min: 0.1538, Max: 0.3559, Mean: 0.2290
  Data: [
    0.1562, 0.1538, 0.3559, 0.2500,
  ]

### eval/strong/wins
  Total points: 4
  Min: 5.0000, Max: 21.0000, Mean: 10.0000
  Data: [
    5.0000, 6.0000, 21.0000, 8.0000,
  ]

### eval/weak/avg_reward
  Total points: 4
  Min: -27.0741, Max: -8.2712, Mean: -15.5599
  Data: [
    -27.0741, -15.6119, -8.2712, -11.2822,
  ]

### eval/weak/loss_rate
  Total points: 4
  Min: 0.4400, Max: 0.6600, Mean: 0.5075
  Data: [
    0.4400, 0.4700, 0.6600, 0.4600,
  ]

### eval/weak/losses
  Total points: 4
  Min: 44.0000, Max: 66.0000, Mean: 50.7500
  Data: [
    44.0000, 47.0000, 66.0000, 46.0000,
  ]

### eval/weak/tie_rate
  Total points: 4
  Min: 0.1800, Max: 0.5500, Mean: 0.4075
  Data: [
    0.5500, 0.4600, 0.1800, 0.4400,
  ]

### eval/weak/ties
  Total points: 4
  Min: 18.0000, Max: 55.0000, Mean: 40.7500
  Data: [
    55.0000, 46.0000, 18.0000, 44.0000,
  ]

### eval/weak/win_rate
  Total points: 4
  Min: 0.0100, Max: 0.1600, Mean: 0.0850
  Data: [
    0.0100, 0.0700, 0.1600, 0.1000,
  ]

### eval/weak/win_rate_decisive
  Total points: 4
  Min: 0.0222, Max: 0.1951, Mean: 0.1314
  Data: [
    0.0222, 0.1296, 0.1951, 0.1786,
  ]

### eval/weak/wins
  Total points: 4
  Min: 1.0000, Max: 16.0000, Mean: 8.5000
  Data: [
    1.0000, 7.0000, 16.0000, 10.0000,
  ]

### gradients/actor_grad_norm
  Total points: 88
  Min: 0.0000, Max: 0.0898, Mean: 0.0261
  Data: [
    0.0000, 0.0000, 0.0000, 0.0000, 0.0000, 0.0000, 0.0000, 0.0000, 0.0000, 0.0000,
    0.0000, 0.0000, 0.0000, 0.0000, 0.0000, 0.0000, 0.0000, 0.0000, 0.0000, 0.0000,
    0.0000, 0.0000, 0.0000, 0.0000, 0.0000, 0.0000, 0.0000, 0.0000, 0.0000, 0.0000,
    0.0000, 0.0000, 0.0000, 0.0000, 0.0000, 0.0000, 0.0000, 0.0000, 0.0000, 0.0898,
    0.0444, 0.0577, 0.0408, 0.0511, 0.0429, 0.0453, 0.0531, 0.0549, 0.0541, 0.0665,
    0.0469, 0.0339, 0.0305, 0.0536, 0.0391, 0.0484, 0.0341, 0.0350, 0.0345, 0.0628,
    0.0436, 0.0609, 0.0409, 0.0537, 0.0505, 0.0502, 0.0359, 0.0355, 0.0377, 0.0412,
    0.0461, 0.0438, 0.0587, 0.0535, 0.0446, 0.0459, 0.0441, 0.0538, 0.0427, 0.0461,
    0.0439, 0.0432, 0.0492, 0.0387, 0.0405, 0.0492, 0.0404, 0.0467,
  ]

### gradients/critic_grad_norm
  Total points: 88
  Min: 0.0000, Max: 0.3050, Mean: 0.1204
  Data: [
    0.0000, 0.0000, 0.0000, 0.0000, 0.0000, 0.0000, 0.0000, 0.0000, 0.0000, 0.0000,
    0.0000, 0.0000, 0.0000, 0.0000, 0.0000, 0.0000, 0.0000, 0.0000, 0.0000, 0.0000,
    0.0000, 0.0000, 0.0000, 0.0000, 0.0000, 0.0000, 0.0000, 0.0000, 0.0000, 0.0000,
    0.0000, 0.0000, 0.0000, 0.0000, 0.0000, 0.0000, 0.0000, 0.0000, 0.0000, 0.1172,
    0.1125, 0.1486, 0.1895, 0.1949, 0.1839, 0.1888, 0.1922, 0.2020, 0.1957, 0.2247,
    0.2404, 0.2061, 0.1946, 0.2040, 0.1710, 0.2149, 0.2720, 0.2335, 0.2281, 0.1909,
    0.2303, 0.2131, 0.2152, 0.2455, 0.2028, 0.2055, 0.2427, 0.2699, 0.2114, 0.1796,
    0.2904, 0.2262, 0.2126, 0.2728, 0.3050, 0.2759, 0.2248, 0.2636, 0.1906, 0.2345,
    0.2297, 0.2341, 0.1956, 0.2577, 0.1992, 0.2512, 0.1333, 0.2794,
  ]

### losses/actor_loss
  Total points: 88
  Min: 0.0000, Max: 1.3977, Mean: 0.6504
  Data: [
    0.0000, 0.0000, 0.0000, 0.0000, 0.0000, 0.0000, 0.0000, 0.0000, 0.0000, 0.0000,
    0.0000, 0.0000, 0.0000, 0.0000, 0.0000, 0.0000, 0.0000, 0.0000, 0.0000, 0.0000,
    0.0000, 0.0000, 0.0000, 0.0000, 0.0000, 0.0000, 0.0000, 0.0000, 0.0000, 0.0000,
    0.0000, 0.0000, 0.0000, 0.0000, 0.0000, 0.0000, 0.0000, 0.0000, 0.0000, 0.2509,
    0.4526, 0.6672, 0.7139, 0.7328, 0.7409, 0.8256, 0.8879, 0.9450, 0.9987, 1.0248,
    1.0522, 1.1135, 1.0901, 1.1307, 1.1520, 1.1901, 1.1900, 1.2223, 1.2379, 1.2493,
    1.2714, 1.2560, 1.3309, 1.2901, 1.3371, 1.3171, 1.3528, 1.3210, 1.3294, 1.3572,
    1.3669, 1.3641, 1.3760, 1.3070, 1.3546, 1.3955, 1.3275, 1.3400, 1.3977, 1.3664,
    1.3417, 1.3484, 1.3075, 1.3280, 1.3448, 1.3111, 1.3085, 1.3169,
  ]

### losses/critic_loss
  Total points: 88
  Min: 0.0000, Max: 0.0851, Mean: 0.0180
  Data: [
    0.0000, 0.0000, 0.0000, 0.0000, 0.0000, 0.0000, 0.0000, 0.0000, 0.0000, 0.0000,
    0.0000, 0.0000, 0.0000, 0.0000, 0.0000, 0.0000, 0.0000, 0.0000, 0.0000, 0.0000,
    0.0000, 0.0000, 0.0000, 0.0000, 0.0000, 0.0000, 0.0000, 0.0000, 0.0000, 0.0000,
    0.0000, 0.0000, 0.0000, 0.0000, 0.0000, 0.0000, 0.0000, 0.0000, 0.0000, 0.0302,
    0.0851, 0.0544, 0.0394, 0.0384, 0.0319, 0.0390, 0.0376, 0.0392, 0.0412, 0.0382,
    0.0416, 0.0393, 0.0379, 0.0388, 0.0340, 0.0365, 0.0329, 0.0383, 0.0409, 0.0315,
    0.0371, 0.0370, 0.0273, 0.0360, 0.0272, 0.0298, 0.0320, 0.0316, 0.0293, 0.0235,
    0.0296, 0.0310, 0.0247, 0.0306, 0.0286, 0.0260, 0.0246, 0.0224, 0.0240, 0.0248,
    0.0221, 0.0205, 0.0206, 0.0235, 0.0178, 0.0236, 0.0147, 0.0215,
  ]

### pbrs/avg_per_episode
  Total points: 88
  Min: 0.6085, Max: 0.8118, Mean: 0.6879
  Data: [
    0.8118, 0.6887, 0.6445, 0.6557, 0.6414, 0.6099, 0.6309, 0.6260, 0.6209, 0.6085,
    0.6142, 0.6307, 0.6393, 0.6499, 0.6475, 0.6511, 0.6459, 0.6469, 0.6390, 0.6349,
    0.6367, 0.6388, 0.6403, 0.6437, 0.6465, 0.6494, 0.6484, 0.6505, 0.6549, 0.6548,
    0.6584, 0.6536, 0.6508, 0.6513, 0.6523, 0.6497, 0.6492, 0.6502, 0.6480, 0.6493,
    0.6578, 0.6568, 0.6622, 0.6639, 0.6645, 0.6708, 0.6778, 0.6790, 0.6875, 0.6950,
    0.6974, 0.7028, 0.7085, 0.7121, 0.7160, 0.7236, 0.7296, 0.7330, 0.7374, 0.7389,
    0.7430, 0.7495, 0.7523, 0.7521, 0.7493, 0.7461, 0.7449, 0.7437, 0.7458, 0.7448,
    0.7419, 0.7403, 0.7389, 0.7387, 0.7407, 0.7371, 0.7374, 0.7359, 0.7359, 0.7358,
    0.7365, 0.7335, 0.7336, 0.7308, 0.7316, 0.7277, 0.7265, 0.7275,
  ]

### per/beta
  Total points: 5
  Min: 0.4552, Max: 0.6351, Mean: 0.4974
  Data: [
    0.4552, 0.4586, 0.4672, 0.4712, 0.6351,
  ]

### per/is_weight_max
  Total points: 5
  Min: 1.0000, Max: 1.0000, Mean: 1.0000
  Data: [
    1.0000, 1.0000, 1.0000, 1.0000, 1.0000,
  ]

### per/is_weight_mean
  Total points: 5
  Min: 0.1512, Max: 0.2323, Mean: 0.1916
  Data: [
    0.2309, 0.2323, 0.1758, 0.1676, 0.1512,
  ]

### per/is_weight_min
  Total points: 5
  Min: 0.0250, Max: 0.0632, Mean: 0.0481
  Data: [
    0.0632, 0.0630, 0.0460, 0.0434, 0.0250,
  ]

### per/is_weight_std
  Total points: 5
  Min: 0.0832, Max: 0.1063, Mean: 0.0956
  Data: [
    0.1060, 0.1063, 0.0832, 0.0865, 0.0958,
  ]

### per/max_priority
  Total points: 5
  Min: 10.5073, Max: 12.1697, Mean: 11.1432
  Data: [
    10.5073, 10.5753, 11.1514, 11.3124, 12.1697,
  ]

### per/n_entries
  Total points: 5
  Min: 407330.0000, Max: 689120.0000, Mean: 473530.0000
  Data: [
    407330.0000, 412980.0000, 426270.0000, 431950.0000, 689120.0000,
  ]

### per/td_error_max
  Total points: 5
  Min: 8.1669, Max: 11.3380, Mean: 9.5970
  Data: [
    8.7149, 10.2654, 9.4996, 8.1669, 11.3380,
  ]

### per/td_error_mean
  Total points: 5
  Min: 0.3101, Max: 0.4064, Mean: 0.3559
  Data: [
    0.3101, 0.3336, 0.3352, 0.3939, 0.4064,
  ]

### per/td_error_min
  Total points: 5
  Min: 0.0000, Max: 0.0002, Mean: 0.0001
  Data: [
    0.0001, 0.0002, 0.0002, 0.0000, 0.0001,
  ]

### per/td_error_std
  Total points: 5
  Min: 0.7453, Max: 0.9134, Mean: 0.8185
  Data: [
    0.7453, 0.8011, 0.7521, 0.9134, 0.8804,
  ]

### per/total_priority
  Total points: 5
  Min: 76956.5778, Max: 139611.5677, Mean: 91651.1769
  Data: [
    76956.5778, 77929.9654, 81052.3248, 82705.4487, 139611.5677,
  ]

### performance/cumulative_win_rate
  Total points: 88
  Min: 0.0000, Max: 0.0717, Mean: 0.0472
  Data: [
    0.0000, 0.0200, 0.0200, 0.0250, 0.0320, 0.0400, 0.0429, 0.0400, 0.0356, 0.0340,
    0.0345, 0.0350, 0.0338, 0.0314, 0.0320, 0.0362, 0.0376, 0.0367, 0.0358, 0.0370,
    0.0371, 0.0355, 0.0357, 0.0350, 0.0352, 0.0354, 0.0356, 0.0350, 0.0345, 0.0333,
    0.0335, 0.0338, 0.0333, 0.0324, 0.0326, 0.0322, 0.0324, 0.0337, 0.0344, 0.0340,
    0.0351, 0.0357, 0.0377, 0.0382, 0.0409, 0.0422, 0.0443, 0.0442, 0.0445, 0.0464,
    0.0490, 0.0500, 0.0525, 0.0533, 0.0538, 0.0539, 0.0540, 0.0559, 0.0569, 0.0590,
    0.0597, 0.0597, 0.0594, 0.0606, 0.0628, 0.0633, 0.0648, 0.0662, 0.0664, 0.0666,
    0.0670, 0.0675, 0.0682, 0.0686, 0.0685, 0.0689, 0.0683, 0.0685, 0.0694, 0.0698,
    0.0699, 0.0715, 0.0716, 0.0717, 0.0713, 0.0716, 0.0713, 0.0707,
  ]

### performance/losses
  Total points: 88
  Min: 25.0000, Max: 2057.0000, Mean: 1012.1136
  Data: [
    25.0000, 42.0000, 60.0000, 82.0000, 99.0000, 115.0000, 140.0000, 159.0000, 177.0000, 194.0000,
    215.0000, 241.0000, 264.0000, 289.0000, 310.0000, 333.0000, 351.0000, 373.0000, 389.0000, 408.0000,
    430.0000, 451.0000, 472.0000, 494.0000, 517.0000, 539.0000, 559.0000, 581.0000, 605.0000, 626.0000,
    650.0000, 666.0000, 685.0000, 706.0000, 728.0000, 749.0000, 770.0000, 793.0000, 813.0000, 835.0000,
    865.0000, 883.0000, 910.0000, 934.0000, 957.0000, 987.0000, 1018.0000, 1043.0000, 1077.0000, 1112.0000,
    1139.0000, 1169.0000, 1202.0000, 1232.0000, 1261.0000, 1298.0000, 1331.0000, 1362.0000, 1393.0000, 1422.0000,
    1455.0000, 1492.0000, 1520.0000, 1545.0000, 1565.0000, 1583.0000, 1604.0000, 1627.0000, 1655.0000, 1677.0000,
    1696.0000, 1715.0000, 1738.0000, 1760.0000, 1787.0000, 1804.0000, 1827.0000, 1846.0000, 1869.0000, 1891.0000,
    1916.0000, 1933.0000, 1957.0000, 1975.0000, 1999.0000, 2012.0000, 2031.0000, 2057.0000,
  ]

### performance/ties
  Total points: 88
  Min: 25.0000, Max: 2032.0000, Mean: 1089.0682
  Data: [
    25.0000, 56.0000, 87.0000, 113.0000, 143.0000, 173.0000, 195.0000, 225.0000, 257.0000, 289.0000,
    316.0000, 338.0000, 364.0000, 389.0000, 416.0000, 438.0000, 467.0000, 494.0000, 527.0000, 555.0000,
    581.0000, 610.0000, 637.0000, 664.0000, 689.0000, 715.0000, 743.0000, 770.0000, 795.0000, 824.0000,
    848.0000, 880.0000, 910.0000, 939.0000, 965.0000, 993.0000, 1020.0000, 1043.0000, 1070.0000, 1097.0000,
    1113.0000, 1142.0000, 1159.0000, 1182.0000, 1201.0000, 1216.0000, 1228.0000, 1251.0000, 1264.0000, 1272.0000,
    1286.0000, 1301.0000, 1309.0000, 1324.0000, 1341.0000, 1351.0000, 1365.0000, 1376.0000, 1389.0000, 1401.0000,
    1413.0000, 1423.0000, 1443.0000, 1461.0000, 1481.0000, 1508.0000, 1529.0000, 1548.0000, 1566.0000, 1590.0000,
    1616.0000, 1642.0000, 1663.0000, 1686.0000, 1706.0000, 1734.0000, 1760.0000, 1787.0000, 1807.0000, 1830.0000,
    1851.0000, 1874.0000, 1896.0000, 1924.0000, 1948.0000, 1980.0000, 2009.0000, 2032.0000,
  ]

### performance/wins
  Total points: 88
  Min: 0.0000, Max: 311.0000, Mean: 123.8182
  Data: [
    0.0000, 2.0000, 3.0000, 5.0000, 8.0000, 12.0000, 15.0000, 16.0000, 16.0000, 17.0000,
    19.0000, 21.0000, 22.0000, 22.0000, 24.0000, 29.0000, 32.0000, 33.0000, 34.0000, 37.0000,
    39.0000, 39.0000, 41.0000, 42.0000, 44.0000, 46.0000, 48.0000, 49.0000, 50.0000, 50.0000,
    52.0000, 54.0000, 55.0000, 55.0000, 57.0000, 58.0000, 60.0000, 64.0000, 67.0000, 68.0000,
    72.0000, 75.0000, 81.0000, 84.0000, 92.0000, 97.0000, 104.0000, 106.0000, 109.0000, 116.0000,
    125.0000, 130.0000, 139.0000, 144.0000, 148.0000, 151.0000, 154.0000, 162.0000, 168.0000, 177.0000,
    182.0000, 185.0000, 187.0000, 194.0000, 204.0000, 209.0000, 217.0000, 225.0000, 229.0000, 233.0000,
    238.0000, 243.0000, 249.0000, 254.0000, 257.0000, 262.0000, 263.0000, 267.0000, 274.0000, 279.0000,
    283.0000, 293.0000, 297.0000, 301.0000, 303.0000, 308.0000, 310.0000, 311.0000,
  ]

### rewards/p1
  Total points: 88
  Min: -32.4748, Max: -4.3916, Mean: -18.3240
  Data: [
    -28.1623, -23.5527, -26.8911, -26.5636, -30.1332, -17.3754, -27.2970, -25.1490, -27.0033, -20.9301,
    -26.5157, -23.7734, -25.8910, -32.4748, -26.7342, -26.0589, -28.2978, -25.7536, -23.5889, -20.3458,
    -23.3681, -28.2710, -23.6887, -24.5090, -23.9695, -26.8215, -23.0176, -23.0825, -24.3997, -28.1415,
    -26.8897, -28.6120, -27.2924, -23.9706, -25.9957, -25.8448, -27.8425, -23.9832, -26.9109, -22.4636,
    -15.7755, -13.1673, -17.6126, -7.3073, -11.8830, -11.5454, -13.5916, -16.3602, -11.6365, -4.3916,
    -9.1666, -10.7305, -8.2765, -12.3431, -7.2250, -9.5041, -9.0867, -11.5030, -8.8328, -6.8007,
    -11.3502, -15.1797, -13.3315, -9.2481, -15.4269, -15.5467, -12.8993, -10.3894, -16.2101, -11.1439,
    -16.5586, -14.6285, -13.9510, -12.6738, -15.5727, -13.3225, -13.8610, -8.1297, -14.6715, -13.9061,
    -11.8859, -16.1367, -13.3940, -8.6928, -15.2151, -14.8604, -12.6263, -13.3921,
  ]

### rewards/p2
  Total points: 88
  Min: 3.8559, Max: 31.8607, Mean: 17.7876
  Data: [
    27.6839, 22.9946, 25.8154, 25.9002, 29.5753, 16.8651, 26.7499, 24.7271, 26.4291, 20.4792,
    25.7752, 23.3457, 25.4177, 31.8607, 26.2093, 25.6685, 27.5202, 25.2419, 22.9075, 19.7336,
    22.8175, 27.6835, 23.1592, 23.9220, 23.6669, 26.2524, 22.6168, 22.3961, 24.0041, 27.2980,
    26.3908, 27.6123, 26.6552, 23.5745, 25.2713, 25.4001, 27.1334, 23.5097, 26.0333, 22.1756,
    15.8016, 12.8887, 17.4821, 6.6714, 11.5020, 11.2267, 13.1739, 15.7573, 11.6288, 3.8559,
    9.1580, 10.8636, 8.3057, 11.6705, 6.6204, 9.4375, 8.8372, 10.9458, 8.4526, 6.6442,
    10.6260, 14.9503, 12.9631, 8.7404, 14.8260, 14.7939, 12.1665, 9.8587, 15.9592, 10.4265,
    15.5863, 13.6286, 13.6362, 11.9430, 15.1776, 11.9978, 13.2436, 7.3324, 14.4431, 13.3006,
    11.3005, 15.2300, 12.7443, 7.9234, 14.6974, 13.8970, 11.9072, 12.6101,
  ]

### rewards/sparse_only
  Total points: 88
  Min: -31.8607, Max: -3.8559, Mean: -17.7876
  Data: [
    -27.6839, -22.9946, -25.8154, -25.9002, -29.5753, -16.8651, -26.7499, -24.7271, -26.4291, -20.4792,
    -25.7752, -23.3457, -25.4177, -31.8607, -26.2093, -25.6685, -27.5202, -25.2419, -22.9075, -19.7336,
    -22.8175, -27.6835, -23.1592, -23.9220, -23.6669, -26.2524, -22.6168, -22.3961, -24.0041, -27.2980,
    -26.3908, -27.6123, -26.6552, -23.5745, -25.2713, -25.4001, -27.1334, -23.5097, -26.0333, -22.1756,
    -15.8016, -12.8887, -17.4821, -6.6714, -11.5020, -11.2267, -13.1739, -15.7573, -11.6288, -3.8559,
    -9.1580, -10.8636, -8.3057, -11.6705, -6.6204, -9.4375, -8.8372, -10.9458, -8.4526, -6.6442,
    -10.6260, -14.9503, -12.9631, -8.7404, -14.8260, -14.7939, -12.1665, -9.8587, -15.9592, -10.4265,
    -15.5863, -13.6286, -13.6362, -11.9430, -15.1776, -11.9978, -13.2436, -7.3324, -14.4431, -13.3006,
    -11.3005, -15.2300, -12.7443, -7.9234, -14.6974, -13.8970, -11.9072, -12.6101,
  ]

### rewards/sparse_ratio
  Total points: 88
  Min: 0.8780, Max: 1.0124, Mean: 0.9663
  Data: [
    0.9830, 0.9763, 0.9600, 0.9750, 0.9815, 0.9706, 0.9800, 0.9832, 0.9787, 0.9785,
    0.9721, 0.9820, 0.9817, 0.9811, 0.9804, 0.9850, 0.9725, 0.9801, 0.9711, 0.9699,
    0.9764, 0.9792, 0.9776, 0.9760, 0.9874, 0.9788, 0.9826, 0.9703, 0.9838, 0.9700,
    0.9814, 0.9651, 0.9767, 0.9835, 0.9721, 0.9828, 0.9745, 0.9803, 0.9674, 0.9872,
    1.0017, 0.9788, 0.9926, 0.9130, 0.9679, 0.9724, 0.9693, 0.9631, 0.9993, 0.8780,
    0.9991, 1.0124, 1.0035, 0.9455, 0.9163, 0.9930, 0.9725, 0.9516, 0.9570, 0.9770,
    0.9362, 0.9849, 0.9724, 0.9451, 0.9611, 0.9516, 0.9432, 0.9489, 0.9845, 0.9356,
    0.9413, 0.9316, 0.9774, 0.9423, 0.9746, 0.9006, 0.9555, 0.9019, 0.9844, 0.9565,
    0.9508, 0.9438, 0.9515, 0.9115, 0.9660, 0.9352, 0.9430, 0.9416,
  ]

### scoring/goals_conceded
  Total points: 88
  Min: 25.0000, Max: 2057.0000, Mean: 1012.1136
  Data: [
    25.0000, 42.0000, 60.0000, 82.0000, 99.0000, 115.0000, 140.0000, 159.0000, 177.0000, 194.0000,
    215.0000, 241.0000, 264.0000, 289.0000, 310.0000, 333.0000, 351.0000, 373.0000, 389.0000, 408.0000,
    430.0000, 451.0000, 472.0000, 494.0000, 517.0000, 539.0000, 559.0000, 581.0000, 605.0000, 626.0000,
    650.0000, 666.0000, 685.0000, 706.0000, 728.0000, 749.0000, 770.0000, 793.0000, 813.0000, 835.0000,
    865.0000, 883.0000, 910.0000, 934.0000, 957.0000, 987.0000, 1018.0000, 1043.0000, 1077.0000, 1112.0000,
    1139.0000, 1169.0000, 1202.0000, 1232.0000, 1261.0000, 1298.0000, 1331.0000, 1362.0000, 1393.0000, 1422.0000,
    1455.0000, 1492.0000, 1520.0000, 1545.0000, 1565.0000, 1583.0000, 1604.0000, 1627.0000, 1655.0000, 1677.0000,
    1696.0000, 1715.0000, 1738.0000, 1760.0000, 1787.0000, 1804.0000, 1827.0000, 1846.0000, 1869.0000, 1891.0000,
    1916.0000, 1933.0000, 1957.0000, 1975.0000, 1999.0000, 2012.0000, 2031.0000, 2057.0000,
  ]

### scoring/goals_scored
  Total points: 88
  Min: 0.0000, Max: 311.0000, Mean: 123.8182
  Data: [
    0.0000, 2.0000, 3.0000, 5.0000, 8.0000, 12.0000, 15.0000, 16.0000, 16.0000, 17.0000,
    19.0000, 21.0000, 22.0000, 22.0000, 24.0000, 29.0000, 32.0000, 33.0000, 34.0000, 37.0000,
    39.0000, 39.0000, 41.0000, 42.0000, 44.0000, 46.0000, 48.0000, 49.0000, 50.0000, 50.0000,
    52.0000, 54.0000, 55.0000, 55.0000, 57.0000, 58.0000, 60.0000, 64.0000, 67.0000, 68.0000,
    72.0000, 75.0000, 81.0000, 84.0000, 92.0000, 97.0000, 104.0000, 106.0000, 109.0000, 116.0000,
    125.0000, 130.0000, 139.0000, 144.0000, 148.0000, 151.0000, 154.0000, 162.0000, 168.0000, 177.0000,
    182.0000, 185.0000, 187.0000, 194.0000, 204.0000, 209.0000, 217.0000, 225.0000, 229.0000, 233.0000,
    238.0000, 243.0000, 249.0000, 254.0000, 257.0000, 262.0000, 263.0000, 267.0000, 274.0000, 279.0000,
    283.0000, 293.0000, 297.0000, 301.0000, 303.0000, 308.0000, 310.0000, 311.0000,
  ]

### selfplay/active
  Total points: 88
  Min: 0.0000, Max: 0.0000, Mean: 0.0000
  Data: [
    0.0000, 0.0000, 0.0000, 0.0000, 0.0000, 0.0000, 0.0000, 0.0000, 0.0000, 0.0000,
    0.0000, 0.0000, 0.0000, 0.0000, 0.0000, 0.0000, 0.0000, 0.0000, 0.0000, 0.0000,
    0.0000, 0.0000, 0.0000, 0.0000, 0.0000, 0.0000, 0.0000, 0.0000, 0.0000, 0.0000,
    0.0000, 0.0000, 0.0000, 0.0000, 0.0000, 0.0000, 0.0000, 0.0000, 0.0000, 0.0000,
    0.0000, 0.0000, 0.0000, 0.0000, 0.0000, 0.0000, 0.0000, 0.0000, 0.0000, 0.0000,
    0.0000, 0.0000, 0.0000, 0.0000, 0.0000, 0.0000, 0.0000, 0.0000, 0.0000, 0.0000,
    0.0000, 0.0000, 0.0000, 0.0000, 0.0000, 0.0000, 0.0000, 0.0000, 0.0000, 0.0000,
    0.0000, 0.0000, 0.0000, 0.0000, 0.0000, 0.0000, 0.0000, 0.0000, 0.0000, 0.0000,
    0.0000, 0.0000, 0.0000, 0.0000, 0.0000, 0.0000, 0.0000, 0.0000,
  ]

### selfplay/episode_opponent_type_selfplay
  Total points: 88
  Min: 0.0000, Max: 0.0000, Mean: 0.0000
  Data: [
    0.0000, 0.0000, 0.0000, 0.0000, 0.0000, 0.0000, 0.0000, 0.0000, 0.0000, 0.0000,
    0.0000, 0.0000, 0.0000, 0.0000, 0.0000, 0.0000, 0.0000, 0.0000, 0.0000, 0.0000,
    0.0000, 0.0000, 0.0000, 0.0000, 0.0000, 0.0000, 0.0000, 0.0000, 0.0000, 0.0000,
    0.0000, 0.0000, 0.0000, 0.0000, 0.0000, 0.0000, 0.0000, 0.0000, 0.0000, 0.0000,
    0.0000, 0.0000, 0.0000, 0.0000, 0.0000, 0.0000, 0.0000, 0.0000, 0.0000, 0.0000,
    0.0000, 0.0000, 0.0000, 0.0000, 0.0000, 0.0000, 0.0000, 0.0000, 0.0000, 0.0000,
    0.0000, 0.0000, 0.0000, 0.0000, 0.0000, 0.0000, 0.0000, 0.0000, 0.0000, 0.0000,
    0.0000, 0.0000, 0.0000, 0.0000, 0.0000, 0.0000, 0.0000, 0.0000, 0.0000, 0.0000,
    0.0000, 0.0000, 0.0000, 0.0000, 0.0000, 0.0000, 0.0000, 0.0000,
  ]

### selfplay/episode_opponent_type_strong
  Total points: 88
  Min: 0.0000, Max: 0.0000, Mean: 0.0000
  Data: [
    0.0000, 0.0000, 0.0000, 0.0000, 0.0000, 0.0000, 0.0000, 0.0000, 0.0000, 0.0000,
    0.0000, 0.0000, 0.0000, 0.0000, 0.0000, 0.0000, 0.0000, 0.0000, 0.0000, 0.0000,
    0.0000, 0.0000, 0.0000, 0.0000, 0.0000, 0.0000, 0.0000, 0.0000, 0.0000, 0.0000,
    0.0000, 0.0000, 0.0000, 0.0000, 0.0000, 0.0000, 0.0000, 0.0000, 0.0000, 0.0000,
    0.0000, 0.0000, 0.0000, 0.0000, 0.0000, 0.0000, 0.0000, 0.0000, 0.0000, 0.0000,
    0.0000, 0.0000, 0.0000, 0.0000, 0.0000, 0.0000, 0.0000, 0.0000, 0.0000, 0.0000,
    0.0000, 0.0000, 0.0000, 0.0000, 0.0000, 0.0000, 0.0000, 0.0000, 0.0000, 0.0000,
    0.0000, 0.0000, 0.0000, 0.0000, 0.0000, 0.0000, 0.0000, 0.0000, 0.0000, 0.0000,
    0.0000, 0.0000, 0.0000, 0.0000, 0.0000, 0.0000, 0.0000, 0.0000,
  ]

### selfplay/episode_opponent_type_weak
  Total points: 88
  Min: 1.0000, Max: 1.0000, Mean: 1.0000
  Data: [
    1.0000, 1.0000, 1.0000, 1.0000, 1.0000, 1.0000, 1.0000, 1.0000, 1.0000, 1.0000,
    1.0000, 1.0000, 1.0000, 1.0000, 1.0000, 1.0000, 1.0000, 1.0000, 1.0000, 1.0000,
    1.0000, 1.0000, 1.0000, 1.0000, 1.0000, 1.0000, 1.0000, 1.0000, 1.0000, 1.0000,
    1.0000, 1.0000, 1.0000, 1.0000, 1.0000, 1.0000, 1.0000, 1.0000, 1.0000, 1.0000,
    1.0000, 1.0000, 1.0000, 1.0000, 1.0000, 1.0000, 1.0000, 1.0000, 1.0000, 1.0000,
    1.0000, 1.0000, 1.0000, 1.0000, 1.0000, 1.0000, 1.0000, 1.0000, 1.0000, 1.0000,
    1.0000, 1.0000, 1.0000, 1.0000, 1.0000, 1.0000, 1.0000, 1.0000, 1.0000, 1.0000,
    1.0000, 1.0000, 1.0000, 1.0000, 1.0000, 1.0000, 1.0000, 1.0000, 1.0000, 1.0000,
    1.0000, 1.0000, 1.0000, 1.0000, 1.0000, 1.0000, 1.0000, 1.0000,
  ]

### selfplay/pool_size
  Total points: 88
  Min: 0.0000, Max: 0.0000, Mean: 0.0000
  Data: [
    0.0000, 0.0000, 0.0000, 0.0000, 0.0000, 0.0000, 0.0000, 0.0000, 0.0000, 0.0000,
    0.0000, 0.0000, 0.0000, 0.0000, 0.0000, 0.0000, 0.0000, 0.0000, 0.0000, 0.0000,
    0.0000, 0.0000, 0.0000, 0.0000, 0.0000, 0.0000, 0.0000, 0.0000, 0.0000, 0.0000,
    0.0000, 0.0000, 0.0000, 0.0000, 0.0000, 0.0000, 0.0000, 0.0000, 0.0000, 0.0000,
    0.0000, 0.0000, 0.0000, 0.0000, 0.0000, 0.0000, 0.0000, 0.0000, 0.0000, 0.0000,
    0.0000, 0.0000, 0.0000, 0.0000, 0.0000, 0.0000, 0.0000, 0.0000, 0.0000, 0.0000,
    0.0000, 0.0000, 0.0000, 0.0000, 0.0000, 0.0000, 0.0000, 0.0000, 0.0000, 0.0000,
    0.0000, 0.0000, 0.0000, 0.0000, 0.0000, 0.0000, 0.0000, 0.0000, 0.0000, 0.0000,
    0.0000, 0.0000, 0.0000, 0.0000, 0.0000, 0.0000, 0.0000, 0.0000,
  ]

### selfplay/weak_ratio_target
  Total points: 88
  Min: 0.5000, Max: 0.5000, Mean: 0.5000
  Data: [
    0.5000, 0.5000, 0.5000, 0.5000, 0.5000, 0.5000, 0.5000, 0.5000, 0.5000, 0.5000,
    0.5000, 0.5000, 0.5000, 0.5000, 0.5000, 0.5000, 0.5000, 0.5000, 0.5000, 0.5000,
    0.5000, 0.5000, 0.5000, 0.5000, 0.5000, 0.5000, 0.5000, 0.5000, 0.5000, 0.5000,
    0.5000, 0.5000, 0.5000, 0.5000, 0.5000, 0.5000, 0.5000, 0.5000, 0.5000, 0.5000,
    0.5000, 0.5000, 0.5000, 0.5000, 0.5000, 0.5000, 0.5000, 0.5000, 0.5000, 0.5000,
    0.5000, 0.5000, 0.5000, 0.5000, 0.5000, 0.5000, 0.5000, 0.5000, 0.5000, 0.5000,
    0.5000, 0.5000, 0.5000, 0.5000, 0.5000, 0.5000, 0.5000, 0.5000, 0.5000, 0.5000,
    0.5000, 0.5000, 0.5000, 0.5000, 0.5000, 0.5000, 0.5000, 0.5000, 0.5000, 0.5000,
    0.5000, 0.5000, 0.5000, 0.5000, 0.5000, 0.5000, 0.5000, 0.5000,
  ]

### strategic/attack_diversity_bonus
  Total points: 88
  Min: 0.0000, Max: 0.0000, Mean: 0.0000
  Data: [
    0.0000, 0.0000, 0.0000, 0.0000, 0.0000, 0.0000, 0.0000, 0.0000, 0.0000, 0.0000,
    0.0000, 0.0000, 0.0000, 0.0000, 0.0000, 0.0000, 0.0000, 0.0000, 0.0000, 0.0000,
    0.0000, 0.0000, 0.0000, 0.0000, 0.0000, 0.0000, 0.0000, 0.0000, 0.0000, 0.0000,
    0.0000, 0.0000, 0.0000, 0.0000, 0.0000, 0.0000, 0.0000, 0.0000, 0.0000, 0.0000,
    0.0000, 0.0000, 0.0000, 0.0000, 0.0000, 0.0000, 0.0000, 0.0000, 0.0000, 0.0000,
    0.0000, 0.0000, 0.0000, 0.0000, 0.0000, 0.0000, 0.0000, 0.0000, 0.0000, 0.0000,
    0.0000, 0.0000, 0.0000, 0.0000, 0.0000, 0.0000, 0.0000, 0.0000, 0.0000, 0.0000,
    0.0000, 0.0000, 0.0000, 0.0000, 0.0000, 0.0000, 0.0000, 0.0000, 0.0000, 0.0000,
    0.0000, 0.0000, 0.0000, 0.0000, 0.0000, 0.0000, 0.0000, 0.0000,
  ]

### strategic/attack_sides_unique
  Total points: 88
  Min: 0.0000, Max: 0.0000, Mean: 0.0000
  Data: [
    0.0000, 0.0000, 0.0000, 0.0000, 0.0000, 0.0000, 0.0000, 0.0000, 0.0000, 0.0000,
    0.0000, 0.0000, 0.0000, 0.0000, 0.0000, 0.0000, 0.0000, 0.0000, 0.0000, 0.0000,
    0.0000, 0.0000, 0.0000, 0.0000, 0.0000, 0.0000, 0.0000, 0.0000, 0.0000, 0.0000,
    0.0000, 0.0000, 0.0000, 0.0000, 0.0000, 0.0000, 0.0000, 0.0000, 0.0000, 0.0000,
    0.0000, 0.0000, 0.0000, 0.0000, 0.0000, 0.0000, 0.0000, 0.0000, 0.0000, 0.0000,
    0.0000, 0.0000, 0.0000, 0.0000, 0.0000, 0.0000, 0.0000, 0.0000, 0.0000, 0.0000,
    0.0000, 0.0000, 0.0000, 0.0000, 0.0000, 0.0000, 0.0000, 0.0000, 0.0000, 0.0000,
    0.0000, 0.0000, 0.0000, 0.0000, 0.0000, 0.0000, 0.0000, 0.0000, 0.0000, 0.0000,
    0.0000, 0.0000, 0.0000, 0.0000, 0.0000, 0.0000, 0.0000, 0.0000,
  ]

### strategic/forcing_bonus
  Total points: 88
  Min: 0.0000, Max: 0.0000, Mean: 0.0000
  Data: [
    0.0000, 0.0000, 0.0000, 0.0000, 0.0000, 0.0000, 0.0000, 0.0000, 0.0000, 0.0000,
    0.0000, 0.0000, 0.0000, 0.0000, 0.0000, 0.0000, 0.0000, 0.0000, 0.0000, 0.0000,
    0.0000, 0.0000, 0.0000, 0.0000, 0.0000, 0.0000, 0.0000, 0.0000, 0.0000, 0.0000,
    0.0000, 0.0000, 0.0000, 0.0000, 0.0000, 0.0000, 0.0000, 0.0000, 0.0000, 0.0000,
    0.0000, 0.0000, 0.0000, 0.0000, 0.0000, 0.0000, 0.0000, 0.0000, 0.0000, 0.0000,
    0.0000, 0.0000, 0.0000, 0.0000, 0.0000, 0.0000, 0.0000, 0.0000, 0.0000, 0.0000,
    0.0000, 0.0000, 0.0000, 0.0000, 0.0000, 0.0000, 0.0000, 0.0000, 0.0000, 0.0000,
    0.0000, 0.0000, 0.0000, 0.0000, 0.0000, 0.0000, 0.0000, 0.0000, 0.0000, 0.0000,
    0.0000, 0.0000, 0.0000, 0.0000, 0.0000, 0.0000, 0.0000, 0.0000,
  ]

### strategic/opponent_avg_movement
  Total points: 88
  Min: 0.0000, Max: 0.0000, Mean: 0.0000
  Data: [
    0.0000, 0.0000, 0.0000, 0.0000, 0.0000, 0.0000, 0.0000, 0.0000, 0.0000, 0.0000,
    0.0000, 0.0000, 0.0000, 0.0000, 0.0000, 0.0000, 0.0000, 0.0000, 0.0000, 0.0000,
    0.0000, 0.0000, 0.0000, 0.0000, 0.0000, 0.0000, 0.0000, 0.0000, 0.0000, 0.0000,
    0.0000, 0.0000, 0.0000, 0.0000, 0.0000, 0.0000, 0.0000, 0.0000, 0.0000, 0.0000,
    0.0000, 0.0000, 0.0000, 0.0000, 0.0000, 0.0000, 0.0000, 0.0000, 0.0000, 0.0000,
    0.0000, 0.0000, 0.0000, 0.0000, 0.0000, 0.0000, 0.0000, 0.0000, 0.0000, 0.0000,
    0.0000, 0.0000, 0.0000, 0.0000, 0.0000, 0.0000, 0.0000, 0.0000, 0.0000, 0.0000,
    0.0000, 0.0000, 0.0000, 0.0000, 0.0000, 0.0000, 0.0000, 0.0000, 0.0000, 0.0000,
    0.0000, 0.0000, 0.0000, 0.0000, 0.0000, 0.0000, 0.0000, 0.0000,
  ]

### strategic/opponent_total_movement
  Total points: 88
  Min: 0.0000, Max: 0.0000, Mean: 0.0000
  Data: [
    0.0000, 0.0000, 0.0000, 0.0000, 0.0000, 0.0000, 0.0000, 0.0000, 0.0000, 0.0000,
    0.0000, 0.0000, 0.0000, 0.0000, 0.0000, 0.0000, 0.0000, 0.0000, 0.0000, 0.0000,
    0.0000, 0.0000, 0.0000, 0.0000, 0.0000, 0.0000, 0.0000, 0.0000, 0.0000, 0.0000,
    0.0000, 0.0000, 0.0000, 0.0000, 0.0000, 0.0000, 0.0000, 0.0000, 0.0000, 0.0000,
    0.0000, 0.0000, 0.0000, 0.0000, 0.0000, 0.0000, 0.0000, 0.0000, 0.0000, 0.0000,
    0.0000, 0.0000, 0.0000, 0.0000, 0.0000, 0.0000, 0.0000, 0.0000, 0.0000, 0.0000,
    0.0000, 0.0000, 0.0000, 0.0000, 0.0000, 0.0000, 0.0000, 0.0000, 0.0000, 0.0000,
    0.0000, 0.0000, 0.0000, 0.0000, 0.0000, 0.0000, 0.0000, 0.0000, 0.0000, 0.0000,
    0.0000, 0.0000, 0.0000, 0.0000, 0.0000, 0.0000, 0.0000, 0.0000,
  ]

### strategic/shot_quality_ratio
  Total points: 88
  Min: 0.0000, Max: 0.0000, Mean: 0.0000
  Data: [
    0.0000, 0.0000, 0.0000, 0.0000, 0.0000, 0.0000, 0.0000, 0.0000, 0.0000, 0.0000,
    0.0000, 0.0000, 0.0000, 0.0000, 0.0000, 0.0000, 0.0000, 0.0000, 0.0000, 0.0000,
    0.0000, 0.0000, 0.0000, 0.0000, 0.0000, 0.0000, 0.0000, 0.0000, 0.0000, 0.0000,
    0.0000, 0.0000, 0.0000, 0.0000, 0.0000, 0.0000, 0.0000, 0.0000, 0.0000, 0.0000,
    0.0000, 0.0000, 0.0000, 0.0000, 0.0000, 0.0000, 0.0000, 0.0000, 0.0000, 0.0000,
    0.0000, 0.0000, 0.0000, 0.0000, 0.0000, 0.0000, 0.0000, 0.0000, 0.0000, 0.0000,
    0.0000, 0.0000, 0.0000, 0.0000, 0.0000, 0.0000, 0.0000, 0.0000, 0.0000, 0.0000,
    0.0000, 0.0000, 0.0000, 0.0000, 0.0000, 0.0000, 0.0000, 0.0000, 0.0000, 0.0000,
    0.0000, 0.0000, 0.0000, 0.0000, 0.0000, 0.0000, 0.0000, 0.0000,
  ]

### strategic/shots_blocked
  Total points: 88
  Min: 0.0000, Max: 0.0000, Mean: 0.0000
  Data: [
    0.0000, 0.0000, 0.0000, 0.0000, 0.0000, 0.0000, 0.0000, 0.0000, 0.0000, 0.0000,
    0.0000, 0.0000, 0.0000, 0.0000, 0.0000, 0.0000, 0.0000, 0.0000, 0.0000, 0.0000,
    0.0000, 0.0000, 0.0000, 0.0000, 0.0000, 0.0000, 0.0000, 0.0000, 0.0000, 0.0000,
    0.0000, 0.0000, 0.0000, 0.0000, 0.0000, 0.0000, 0.0000, 0.0000, 0.0000, 0.0000,
    0.0000, 0.0000, 0.0000, 0.0000, 0.0000, 0.0000, 0.0000, 0.0000, 0.0000, 0.0000,
    0.0000, 0.0000, 0.0000, 0.0000, 0.0000, 0.0000, 0.0000, 0.0000, 0.0000, 0.0000,
    0.0000, 0.0000, 0.0000, 0.0000, 0.0000, 0.0000, 0.0000, 0.0000, 0.0000, 0.0000,
    0.0000, 0.0000, 0.0000, 0.0000, 0.0000, 0.0000, 0.0000, 0.0000, 0.0000, 0.0000,
    0.0000, 0.0000, 0.0000, 0.0000, 0.0000, 0.0000, 0.0000, 0.0000,
  ]

### strategic/shots_clear
  Total points: 88
  Min: 0.0000, Max: 0.0000, Mean: 0.0000
  Data: [
    0.0000, 0.0000, 0.0000, 0.0000, 0.0000, 0.0000, 0.0000, 0.0000, 0.0000, 0.0000,
    0.0000, 0.0000, 0.0000, 0.0000, 0.0000, 0.0000, 0.0000, 0.0000, 0.0000, 0.0000,
    0.0000, 0.0000, 0.0000, 0.0000, 0.0000, 0.0000, 0.0000, 0.0000, 0.0000, 0.0000,
    0.0000, 0.0000, 0.0000, 0.0000, 0.0000, 0.0000, 0.0000, 0.0000, 0.0000, 0.0000,
    0.0000, 0.0000, 0.0000, 0.0000, 0.0000, 0.0000, 0.0000, 0.0000, 0.0000, 0.0000,
    0.0000, 0.0000, 0.0000, 0.0000, 0.0000, 0.0000, 0.0000, 0.0000, 0.0000, 0.0000,
    0.0000, 0.0000, 0.0000, 0.0000, 0.0000, 0.0000, 0.0000, 0.0000, 0.0000, 0.0000,
    0.0000, 0.0000, 0.0000, 0.0000, 0.0000, 0.0000, 0.0000, 0.0000, 0.0000, 0.0000,
    0.0000, 0.0000, 0.0000, 0.0000, 0.0000, 0.0000, 0.0000, 0.0000,
  ]

### training/avg_episode_length
  Total points: 88
  Min: 84.4000, Max: 212.1000, Mean: 160.2580
  Data: [
    169.8000, 173.9000, 211.5000, 171.7000, 169.0000, 149.3000, 144.6000, 135.4000, 179.0000, 142.6000,
    201.0000, 128.1000, 161.6000, 186.4000, 208.0000, 136.5000, 168.7000, 172.1000, 185.9000, 163.0000,
    135.1000, 212.1000, 157.4000, 184.2000, 141.5000, 146.0000, 178.9000, 158.1000, 136.8000, 186.1000,
    161.1000, 210.9000, 180.2000, 136.8000, 179.4000, 171.0000, 171.1000, 156.3000, 166.9000, 136.7000,
    140.2000, 141.7000, 188.4000, 146.8000, 115.1000, 145.7000, 153.9000, 141.5000, 143.4000, 137.0000,
    84.4000, 129.1000, 99.3000, 198.2000, 158.4000, 125.2000, 117.0000, 153.5000, 132.9000, 116.0000,
    157.2000, 142.3000, 174.0000, 166.9000, 141.6000, 190.5000, 158.7000, 164.3000, 159.3000, 132.6000,
    192.6000, 192.1000, 135.0000, 158.7000, 179.1000, 195.4000, 168.2000, 185.2000, 141.0000, 158.5000,
    180.8000, 155.6000, 184.7000, 165.3000, 130.4000, 208.7000, 173.8000, 177.8000,
  ]

### training/calls_per_episode
  Total points: 88
  Min: 0.0000, Max: 0.0000, Mean: 0.0000
  Data: [
    0.0000, 0.0000, 0.0000, 0.0000, 0.0000, 0.0000, 0.0000, 0.0000, 0.0000, 0.0000,
    0.0000, 0.0000, 0.0000, 0.0000, 0.0000, 0.0000, 0.0000, 0.0000, 0.0000, 0.0000,
    0.0000, 0.0000, 0.0000, 0.0000, 0.0000, 0.0000, 0.0000, 0.0000, 0.0000, 0.0000,
    0.0000, 0.0000, 0.0000, 0.0000, 0.0000, 0.0000, 0.0000, 0.0000, 0.0000, 0.0000,
    0.0000, 0.0000, 0.0000, 0.0000, 0.0000, 0.0000, 0.0000, 0.0000, 0.0000, 0.0000,
    0.0000, 0.0000, 0.0000, 0.0000, 0.0000, 0.0000, 0.0000, 0.0000, 0.0000, 0.0000,
    0.0000, 0.0000, 0.0000, 0.0000, 0.0000, 0.0000, 0.0000, 0.0000, 0.0000, 0.0000,
    0.0000, 0.0000, 0.0000, 0.0000, 0.0000, 0.0000, 0.0000, 0.0000, 0.0000, 0.0000,
    0.0000, 0.0000, 0.0000, 0.0000, 0.0000, 0.0000, 0.0000, 0.0000,
  ]

### training/episode
  Total points: 88
  Min: 50.0000, Max: 4400.0000, Mean: 2225.0000
  Data: [
    50.0000, 100.0000, 150.0000, 200.0000, 250.0000, 300.0000, 350.0000, 400.0000, 450.0000, 500.0000,
    550.0000, 600.0000, 650.0000, 700.0000, 750.0000, 800.0000, 850.0000, 900.0000, 950.0000, 1000.0000,
    1050.0000, 1100.0000, 1150.0000, 1200.0000, 1250.0000, 1300.0000, 1350.0000, 1400.0000, 1450.0000, 1500.0000,
    1550.0000, 1600.0000, 1650.0000, 1700.0000, 1750.0000, 1800.0000, 1850.0000, 1900.0000, 1950.0000, 2000.0000,
    2050.0000, 2100.0000, 2150.0000, 2200.0000, 2250.0000, 2300.0000, 2350.0000, 2400.0000, 2450.0000, 2500.0000,
    2550.0000, 2600.0000, 2650.0000, 2700.0000, 2750.0000, 2800.0000, 2850.0000, 2900.0000, 2950.0000, 3000.0000,
    3050.0000, 3100.0000, 3150.0000, 3200.0000, 3250.0000, 3300.0000, 3350.0000, 3400.0000, 3450.0000, 3500.0000,
    3550.0000, 3600.0000, 3650.0000, 3700.0000, 3750.0000, 3800.0000, 3850.0000, 3900.0000, 3950.0000, 4000.0000,
    4050.0000, 4100.0000, 4150.0000, 4200.0000, 4250.0000, 4300.0000, 4350.0000, 4400.0000,
  ]

### training/eps_per_sec
  Total points: 88
  Min: 0.3626, Max: 8.3501, Mean: 3.5359
  Data: [
    5.6468, 6.5423, 6.5924, 7.4951, 6.8519, 6.8731, 8.2619, 7.0947, 6.2364, 6.5400,
    7.1525, 8.3501, 7.2197, 7.2549, 6.9599, 7.8738, 7.3192, 7.2972, 6.5842, 7.3175,
    0.6543, 6.7802, 7.1242, 6.7996, 7.7324, 7.3822, 6.8437, 7.5167, 7.2329, 7.1345,
    7.6600, 6.5227, 7.0623, 7.1857, 7.3186, 6.8896, 7.4605, 7.6930, 7.1073, 4.2711,
    0.4040, 0.6189, 0.7598, 0.6941, 0.7772, 0.7768, 0.8209, 0.7051, 0.8967, 1.0191,
    0.9247, 0.8351, 0.9995, 0.8722, 0.8417, 0.8724, 0.7716, 0.9081, 0.8987, 0.9301,
    0.4705, 0.9461, 0.7544, 0.7531, 0.7185, 0.6443, 0.7293, 0.7025, 0.7311, 0.6987,
    0.6663, 0.6546, 0.7512, 0.7026, 0.7042, 0.6391, 0.6260, 0.6438, 0.7516, 0.7128,
    0.3626, 0.7148, 0.6722, 0.6131, 0.7258, 0.5921, 0.6162, 0.7021,
  ]

### training/epsilon
  Total points: 88
  Min: 0.8025, Max: 0.9975, Mean: 0.8965
  Data: [
    0.9975, 0.9950, 0.9925, 0.9900, 0.9876, 0.9851, 0.9827, 0.9802, 0.9778, 0.9753,
    0.9729, 0.9704, 0.9680, 0.9656, 0.9632, 0.9608, 0.9584, 0.9560, 0.9536, 0.9512,
    0.9489, 0.9465, 0.9441, 0.9418, 0.9394, 0.9371, 0.9347, 0.9324, 0.9301, 0.9277,
    0.9254, 0.9231, 0.9208, 0.9185, 0.9162, 0.9139, 0.9116, 0.9094, 0.9071, 0.9048,
    0.9026, 0.9003, 0.8981, 0.8958, 0.8936, 0.8914, 0.8891, 0.8869, 0.8847, 0.8825,
    0.8803, 0.8781, 0.8759, 0.8737, 0.8715, 0.8694, 0.8672, 0.8650, 0.8629, 0.8607,
    0.8586, 0.8564, 0.8543, 0.8521, 0.8500, 0.8479, 0.8458, 0.8437, 0.8416, 0.8395,
    0.8374, 0.8353, 0.8332, 0.8311, 0.8290, 0.8270, 0.8249, 0.8228, 0.8208, 0.8187,
    0.8167, 0.8146, 0.8126, 0.8106, 0.8086, 0.8065, 0.8045, 0.8025,
  ]

### training/pbrs_enabled
  Total points: 88
  Min: 1.0000, Max: 1.0000, Mean: 1.0000
  Data: [
    1.0000, 1.0000, 1.0000, 1.0000, 1.0000, 1.0000, 1.0000, 1.0000, 1.0000, 1.0000,
    1.0000, 1.0000, 1.0000, 1.0000, 1.0000, 1.0000, 1.0000, 1.0000, 1.0000, 1.0000,
    1.0000, 1.0000, 1.0000, 1.0000, 1.0000, 1.0000, 1.0000, 1.0000, 1.0000, 1.0000,
    1.0000, 1.0000, 1.0000, 1.0000, 1.0000, 1.0000, 1.0000, 1.0000, 1.0000, 1.0000,
    1.0000, 1.0000, 1.0000, 1.0000, 1.0000, 1.0000, 1.0000, 1.0000, 1.0000, 1.0000,
    1.0000, 1.0000, 1.0000, 1.0000, 1.0000, 1.0000, 1.0000, 1.0000, 1.0000, 1.0000,
    1.0000, 1.0000, 1.0000, 1.0000, 1.0000, 1.0000, 1.0000, 1.0000, 1.0000, 1.0000,
    1.0000, 1.0000, 1.0000, 1.0000, 1.0000, 1.0000, 1.0000, 1.0000, 1.0000, 1.0000,
    1.0000, 1.0000, 1.0000, 1.0000, 1.0000, 1.0000, 1.0000, 1.0000,
  ]

### training/tie_penalty
  Total points: 88
  Min: -1.5000, Max: 0.0000, Mean: -0.3409
  Data: [
    -1.5000, 0.0000, -1.5000, 0.0000, 0.0000, 0.0000, 0.0000, 0.0000, 0.0000, 0.0000,
    -1.5000, 0.0000, 0.0000, -1.5000, 0.0000, 0.0000, 0.0000, 0.0000, 0.0000, -1.5000,
    0.0000, 0.0000, 0.0000, 0.0000, 0.0000, 0.0000, 0.0000, 0.0000, 0.0000, 0.0000,
    0.0000, -1.5000, 0.0000, -1.5000, 0.0000, -1.5000, -1.5000, 0.0000, 0.0000, 0.0000,
    0.0000, 0.0000, 0.0000, 0.0000, 0.0000, -1.5000, 0.0000, 0.0000, 0.0000, 0.0000,
    0.0000, 0.0000, 0.0000, 0.0000, -1.5000, 0.0000, -1.5000, 0.0000, 0.0000, 0.0000,
    -1.5000, 0.0000, 0.0000, 0.0000, 0.0000, 0.0000, 0.0000, -1.5000, 0.0000, 0.0000,
    -1.5000, 0.0000, 0.0000, -1.5000, 0.0000, 0.0000, 0.0000, 0.0000, 0.0000, -1.5000,
    0.0000, 0.0000, 0.0000, 0.0000, 0.0000, -1.5000, -1.5000, -1.5000,
  ]

### values/Q_avg
  Total points: 44
  Min: -2.2676, Max: -0.0096, Mean: -0.8139
  Data: [
    -0.0183, -0.0199, -0.0096, -0.0373, -0.0208, -0.0318, -0.0211, -0.0251, -0.0211, -0.0335,
    -0.0314, -0.0214, -0.0150, -0.0314, -0.0247, -0.0170, -0.0251, -0.0175, -0.0232, -0.1453,
    -1.4265, -1.1755, -0.9471, -0.8276, -0.4860, -0.7882, -0.9870, -0.8885, -0.9604, -1.4364,
    -0.9507, -0.9579, -1.3242, -1.8712, -1.9390, -1.9644, -1.9991, -1.9039, -1.9269, -2.2676,
    -2.1940, -1.9978, -1.8561, -2.1445,
  ]

### values/Q_max
  Total points: 44
  Min: 0.0970, Max: 8.1995, Mean: 3.6839
  Data: [
    0.1147, 0.1491, 0.1686, 0.1091, 0.0970, 0.1370, 0.1236, 0.1335, 0.1027, 0.1064,
    0.1113, 0.1835, 0.1065, 0.1626, 0.1039, 0.1368, 0.1442, 0.1775, 0.1393, 0.1698,
    2.8560, 4.7071, 7.3483, 6.6079, 7.8742, 6.8497, 6.2625, 8.0012, 7.6398, 7.8596,
    4.5801, 6.5502, 7.9676, 7.0809, 5.5545, 4.6111, 4.7347, 7.7781, 7.7844, 7.9564,
    6.9252, 7.2537, 6.4310, 8.1995,
  ]

### values/Q_min
  Total points: 44
  Min: -9.2284, Max: -0.1274, Mean: -3.7986
  Data: [
    -0.1740, -0.1374, -0.1734, -0.1844, -0.1517, -0.1516, -0.1274, -0.1974, -0.1547, -0.1318,
    -0.1334, -0.1380, -0.1870, -0.1713, -0.1485, -0.1584, -0.2057, -0.1629, -0.1581, -0.2930,
    -5.0676, -4.3635, -4.9148, -4.2160, -4.7074, -4.8778, -6.6578, -6.9076, -4.7392, -6.6970,
    -6.0208, -6.8109, -6.4932, -7.5958, -7.3178, -8.2475, -7.7573, -8.1297, -8.9902, -9.2284,
    -8.6473, -9.1572, -7.7015, -8.5533,
  ]

### values/Q_std
  Total points: 44
  Min: 0.0522, Max: 3.6983, Mean: 1.5541
  Data: [
    0.0606, 0.0537, 0.0676, 0.0615, 0.0522, 0.0607, 0.0539, 0.0604, 0.0561, 0.0530,
    0.0581, 0.0605, 0.0597, 0.0602, 0.0574, 0.0550, 0.0651, 0.0647, 0.0608, 0.0934,
    1.6700, 1.8813, 2.3017, 2.4713, 2.6570, 2.3736, 2.3614, 2.5491, 2.4767, 2.5718,
    2.6381, 2.9696, 2.9377, 2.9813, 2.6495, 3.0574, 2.7929, 2.9319, 3.5682, 3.5440,
    3.5143, 3.3534, 3.2153, 3.6983,
  ]
