================================================================================
W&B RUN DATA: eps-proof
================================================================================

## RUN METADATA
Run ID: pkvgzfxf
Created: 2026-01-16T09:09:06Z
State: finished
Duration: 15831.24270361 seconds

## CONFIGURATION
  algorithm: TD3
  mode: NORMAL
  opponent: weak
  learning_rate_actor: 0.001
  learning_rate_critic: 0.001
  batch_size: 100
  buffer_size: 1000000
  max_episodes: 5000
  random_seed: 42
  self_play_start: 0
  self_play_pool_size: 25
  gamma: 0.99
  tau: 0.005

## FINAL SUMMARY
  final_win_rate: 0.1436
  wins: 718
  losses: 1510
  ties: 2772
  total_episodes: 5000

## NOTE: Data discretized to fit 100000 char limit
  Showing ~50 points per metric (of 493 total)

## METRICS DATA

### behavior/action_magnitude_avg
  Total points: 100
  Min: 0.6315, Max: 1.1716, Mean: 0.8968
  Data: [
    0.6438, 0.6498, 0.6515, 0.6869, 0.6599, 0.6468, 0.6478, 0.6387, 0.6413, 0.6438,
    0.6441, 0.6470, 0.6497, 0.6365, 0.6468, 0.6620, 0.6352, 0.6626, 0.6481, 0.6804,
    0.6786, 0.6599, 0.6556, 0.6875, 0.6542, 0.6446, 0.6560, 0.6593, 0.6594, 0.6598,
    0.6588, 0.6676, 0.6543, 0.6617, 0.6556, 0.6838, 0.6532, 0.6752, 0.7037, 0.6690,
    0.6487, 0.6512, 0.6555, 0.6583, 0.6639, 0.6555, 0.6315, 0.6559, 0.6596, 0.6798,
    1.1353, 1.1451, 1.1403, 1.1478, 1.1356, 1.1557, 1.1447, 1.1348, 1.1567, 1.1395,
    1.1306, 1.1253, 1.1350, 1.1395, 1.1323, 1.1102, 1.0931, 1.1065, 1.1087, 1.1167,
    1.1549, 1.1201, 1.1326, 1.1598, 1.1477, 1.1586, 1.1640, 1.1244, 1.1716, 1.1339,
    1.1411, 1.1394, 1.1461, 1.1528, 1.1530, 1.1141, 1.1099, 1.1101, 1.0799, 1.0890,
    1.1338, 1.1315, 1.1494, 1.1437, 1.1475, 1.1492, 1.1562, 1.1484, 1.1448, 1.1556,
  ]

### behavior/action_magnitude_max
  Total points: 100
  Min: 1.3168, Max: 1.4142, Mean: 1.3919
  Data: [
    1.3339, 1.3288, 1.3676, 1.3687, 1.3732, 1.4083, 1.3868, 1.3858, 1.3898, 1.3785,
    1.4075, 1.3982, 1.4023, 1.4051, 1.3751, 1.4023, 1.3276, 1.3745, 1.3923, 1.3898,
    1.3870, 1.3679, 1.3857, 1.3507, 1.3168, 1.3400, 1.3596, 1.3695, 1.3864, 1.3751,
    1.3507, 1.3710, 1.3823, 1.3768, 1.3805, 1.3690, 1.3738, 1.3836, 1.3528, 1.3939,
    1.3341, 1.3247, 1.3628, 1.3522, 1.3329, 1.3445, 1.3232, 1.3737, 1.3599, 1.3971,
    1.4142, 1.4142, 1.4142, 1.4142, 1.4142, 1.4142, 1.4142, 1.4142, 1.4142, 1.4142,
    1.4142, 1.4142, 1.4142, 1.4142, 1.4142, 1.4142, 1.4142, 1.4142, 1.4142, 1.4142,
    1.4142, 1.4142, 1.4142, 1.4142, 1.4142, 1.4142, 1.4142, 1.4142, 1.4142, 1.4142,
    1.4142, 1.4142, 1.4142, 1.4142, 1.4142, 1.4142, 1.4142, 1.4142, 1.4142, 1.4142,
    1.4142, 1.4142, 1.4142, 1.4142, 1.4142, 1.4142, 1.4142, 1.4142, 1.4142, 1.4142,
  ]

### behavior/dist_to_puck_avg
  Total points: 100
  Min: 2.0144, Max: 4.1276, Mean: 3.1209
  Data: [
    3.8957, 3.5477, 3.5796, 3.0227, 3.4849, 3.9634, 4.1173, 3.8237, 3.7742, 3.8101,
    3.7348, 3.9974, 3.9174, 4.1011, 4.1276, 3.3157, 3.5314, 3.5400, 3.4564, 3.3389,
    3.3596, 3.3471, 3.7401, 3.3814, 3.5078, 3.2938, 3.5519, 3.5986, 3.5818, 3.5099,
    3.4013, 3.4821, 3.4575, 3.4985, 3.6249, 3.6084, 3.3753, 3.7011, 3.4159, 3.7994,
    3.3672, 3.4974, 3.0803, 3.3433, 3.4117, 3.5551, 3.5663, 3.5152, 3.3739, 3.7121,
    2.4203, 2.5642, 2.5811, 2.6991, 2.5400, 2.7210, 2.8135, 2.2941, 2.7094, 3.3169,
    3.3321, 2.6140, 2.7612, 2.6858, 2.5844, 2.7571, 3.0737, 3.0506, 2.8727, 2.6603,
    2.5809, 2.9439, 3.0396, 3.2387, 2.5888, 3.1973, 2.2833, 2.1249, 2.5437, 2.2904,
    2.7572, 2.5176, 2.8102, 2.4329, 2.2835, 2.6153, 2.6369, 2.5205, 2.6021, 2.7298,
    2.1419, 2.1322, 2.0144, 2.3773, 2.2859, 2.8173, 2.7552, 2.7833, 3.1715, 3.0829,
  ]

### behavior/dist_to_puck_min
  Total points: 100
  Min: 0.2512, Max: 2.6414, Mean: 1.1325
  Data: [
    1.3734, 1.1311, 0.7382, 0.5575, 1.0478, 2.3479, 2.5875, 2.4988, 2.4014, 2.3798,
    2.2654, 2.3291, 2.1056, 2.6414, 2.4812, 0.9227, 1.3615, 1.2809, 1.0565, 0.5744,
    1.0115, 0.8169, 1.3221, 0.9071, 1.4051, 1.0602, 1.2026, 1.0107, 0.8428, 1.1187,
    0.8112, 0.9381, 1.5466, 1.1576, 1.2143, 0.9295, 1.1424, 0.9867, 0.8603, 1.0837,
    1.3945, 0.6989, 0.9814, 0.9475, 0.9629, 1.1929, 1.3758, 1.1728, 0.9047, 0.6888,
    1.2905, 0.3722, 0.3708, 0.3429, 0.4204, 0.2512, 1.1296, 0.6607, 1.3203, 0.8236,
    1.4271, 0.5738, 0.4312, 0.4481, 0.5708, 2.2308, 2.0804, 2.1913, 2.3439, 2.3090,
    0.5397, 1.0743, 1.3057, 0.9961, 0.6619, 0.4213, 0.5732, 0.5569, 0.3943, 0.4484,
    0.3528, 0.4536, 0.4442, 0.5264, 0.3000, 1.6986, 2.1003, 2.1336, 2.0628, 2.1647,
    0.3972, 0.4233, 0.5002, 0.5268, 0.4133, 0.5943, 0.7696, 0.7435, 1.2352, 1.0748,
  ]

### behavior/distance_traveled
  Total points: 100
  Min: 7.7164, Max: 20.7445, Mean: 11.2650
  Data: [
    9.3276, 10.2702, 10.1928, 7.8445, 9.3444, 13.5014, 11.8443, 12.6419, 15.0349, 12.4683,
    14.2732, 13.5429, 14.9486, 12.7307, 13.3368, 14.1033, 8.6430, 9.7116, 8.7345, 9.1532,
    9.9047, 11.1265, 10.1288, 9.1185, 8.3060, 10.6226, 10.6741, 9.1229, 10.2055, 9.6923,
    9.5979, 10.2738, 8.9304, 9.3337, 9.6046, 11.1421, 10.4163, 10.6186, 8.3174, 11.8232,
    9.5162, 7.7698, 8.1233, 10.6898, 9.4400, 9.9922, 9.3130, 8.5696, 9.0181, 9.8288,
    14.9536, 7.9534, 16.1473, 15.6518, 15.7477, 15.9543, 9.1889, 10.8301, 8.2216, 14.1370,
    17.0912, 7.9523, 13.5839, 12.7899, 12.4277, 7.7164, 10.8904, 10.2644, 8.6229, 8.6413,
    12.9032, 11.4505, 11.5441, 14.7949, 10.7439, 20.7445, 12.0322, 13.3040, 16.0548, 11.4088,
    15.8645, 10.7676, 8.8999, 12.8269, 11.1947, 10.3790, 9.3603, 8.8319, 7.7878, 9.2992,
    11.7360, 12.5970, 10.5778, 11.9956, 9.3882, 17.0425, 12.1627, 12.7418, 12.9725, 13.4593,
  ]

### behavior/lazy_action_ratio
  Total points: 100
  Min: 0.0000, Max: 0.0264, Mean: 0.0091
  Data: [
    0.0152, 0.0213, 0.0168, 0.0125, 0.0169, 0.0190, 0.0136, 0.0226, 0.0228, 0.0235,
    0.0189, 0.0156, 0.0172, 0.0196, 0.0196, 0.0164, 0.0237, 0.0209, 0.0264, 0.0153,
    0.0181, 0.0121, 0.0148, 0.0165, 0.0201, 0.0197, 0.0139, 0.0220, 0.0164, 0.0136,
    0.0195, 0.0117, 0.0200, 0.0153, 0.0112, 0.0185, 0.0163, 0.0108, 0.0096, 0.0191,
    0.0201, 0.0157, 0.0190, 0.0196, 0.0137, 0.0145, 0.0145, 0.0142, 0.0173, 0.0165,
    0.0008, 0.0004, 0.0012, 0.0000, 0.0015, 0.0012, 0.0004, 0.0004, 0.0019, 0.0000,
    0.0012, 0.0012, 0.0004, 0.0008, 0.0004, 0.0021, 0.0020, 0.0020, 0.0004, 0.0008,
    0.0004, 0.0000, 0.0012, 0.0008, 0.0024, 0.0000, 0.0008, 0.0010, 0.0006, 0.0004,
    0.0009, 0.0004, 0.0008, 0.0011, 0.0000, 0.0008, 0.0029, 0.0012, 0.0008, 0.0012,
    0.0008, 0.0000, 0.0018, 0.0010, 0.0004, 0.0000, 0.0005, 0.0000, 0.0016, 0.0000,
  ]

### behavior/possession_ratio
  Total points: 100
  Min: 0.0000, Max: 0.1426, Mean: 0.0420
  Data: [
    0.0215, 0.0333, 0.0270, 0.0690, 0.0293, 0.0088, 0.0085, 0.0019, 0.0000, 0.0170,
    0.0088, 0.0116, 0.0028, 0.0000, 0.0048, 0.0100, 0.0079, 0.0165, 0.0229, 0.0360,
    0.0178, 0.0281, 0.0108, 0.0244, 0.0248, 0.0397, 0.0082, 0.0185, 0.0236, 0.0134,
    0.0418, 0.0338, 0.0059, 0.0132, 0.0120, 0.0119, 0.0119, 0.0099, 0.0239, 0.0102,
    0.0111, 0.0459, 0.0225, 0.0227, 0.0206, 0.0112, 0.0050, 0.0313, 0.0357, 0.0496,
    0.0392, 0.0535, 0.0382, 0.1016, 0.0476, 0.0786, 0.0861, 0.0516, 0.1045, 0.0601,
    0.0589, 0.0705, 0.0703, 0.0777, 0.0090, 0.0250, 0.0304, 0.0573, 0.0448, 0.0222,
    0.1060, 0.0873, 0.0688, 0.0889, 0.0922, 0.0652, 0.0844, 0.0223, 0.0893, 0.0828,
    0.0530, 0.0732, 0.0511, 0.0694, 0.0893, 0.0511, 0.0323, 0.0207, 0.0604, 0.0056,
    0.0716, 0.0219, 0.0355, 0.0417, 0.0812, 0.1426, 0.1159, 0.0706, 0.1026, 0.1159,
  ]

### behavior/puck_touches
  Total points: 100
  Min: 0.0000, Max: 0.0000, Mean: 0.0000
  Data: [
    0.0000, 0.0000, 0.0000, 0.0000, 0.0000, 0.0000, 0.0000, 0.0000, 0.0000, 0.0000,
    0.0000, 0.0000, 0.0000, 0.0000, 0.0000, 0.0000, 0.0000, 0.0000, 0.0000, 0.0000,
    0.0000, 0.0000, 0.0000, 0.0000, 0.0000, 0.0000, 0.0000, 0.0000, 0.0000, 0.0000,
    0.0000, 0.0000, 0.0000, 0.0000, 0.0000, 0.0000, 0.0000, 0.0000, 0.0000, 0.0000,
    0.0000, 0.0000, 0.0000, 0.0000, 0.0000, 0.0000, 0.0000, 0.0000, 0.0000, 0.0000,
    0.0000, 0.0000, 0.0000, 0.0000, 0.0000, 0.0000, 0.0000, 0.0000, 0.0000, 0.0000,
    0.0000, 0.0000, 0.0000, 0.0000, 0.0000, 0.0000, 0.0000, 0.0000, 0.0000, 0.0000,
    0.0000, 0.0000, 0.0000, 0.0000, 0.0000, 0.0000, 0.0000, 0.0000, 0.0000, 0.0000,
    0.0000, 0.0000, 0.0000, 0.0000, 0.0000, 0.0000, 0.0000, 0.0000, 0.0000, 0.0000,
    0.0000, 0.0000, 0.0000, 0.0000, 0.0000, 0.0000, 0.0000, 0.0000, 0.0000, 0.0000,
  ]

### behavior/shoot_action_avg
  Total points: 100
  Min: -0.1376, Max: 0.3576, Mean: 0.0461
  Data: [
    -0.0736, -0.0621, -0.0801, -0.0639, -0.0671, -0.0729, -0.1117, -0.0734, -0.0845, -0.0645,
    -0.0890, -0.0873, -0.0891, -0.0737, -0.0728, -0.0299, -0.1376, -0.0822, -0.0770, -0.0593,
    -0.0655, -0.1071, -0.0563, -0.0533, -0.1081, -0.0749, -0.0592, -0.1068, -0.0489, -0.1037,
    -0.0564, -0.0835, -0.1332, -0.0576, -0.0707, -0.0852, -0.0641, -0.0519, -0.1359, -0.0874,
    -0.0847, -0.1257, -0.0846, -0.0912, -0.0934, -0.1300, -0.0917, -0.1095, -0.0940, -0.0688,
    0.2359, 0.1485, 0.1761, 0.0800, 0.0314, -0.1070, 0.1704, 0.1326, 0.1989, 0.1405,
    0.0883, -0.0282, -0.0136, 0.1163, 0.1879, 0.3168, 0.2040, 0.2475, 0.3168, 0.2854,
    -0.0110, 0.3045, 0.2316, 0.2726, 0.1911, 0.1840, 0.0982, 0.2092, -0.0163, 0.1371,
    0.2447, 0.1653, 0.1745, 0.0760, 0.2330, 0.3306, 0.3476, 0.3452, 0.2459, 0.3576,
    0.1936, 0.2977, 0.3064, 0.1724, 0.1996, 0.0981, 0.1569, 0.1254, 0.0272, 0.1204,
  ]

### behavior/shoot_action_when_possess
  Total points: 100
  Min: -0.4896, Max: 0.0698, Mean: -0.1402
  Data: [
    -0.1756, -0.1122, -0.1028, -0.1524, -0.0885, -0.0247, -0.0699, -0.0371, 0.0000, -0.0905,
    -0.0078, -0.0674, -0.0119, 0.0000, -0.0601, -0.0776, 0.0698, -0.0170, -0.0562, -0.1856,
    -0.2025, -0.1287, -0.0589, -0.0722, -0.1161, -0.1073, -0.0252, -0.1041, -0.1050, -0.0482,
    -0.0416, -0.1317, -0.0178, -0.0913, -0.0247, -0.0154, -0.0873, -0.0779, -0.0349, -0.0961,
    -0.0241, -0.3822, -0.1097, -0.0814, -0.1155, -0.0492, -0.0291, -0.1006, -0.0936, -0.2230,
    -0.0738, -0.2016, -0.2464, -0.2057, -0.2511, -0.2715, -0.2082, -0.0824, -0.0766, -0.1984,
    -0.2017, -0.2764, -0.2539, -0.2410, -0.0791, -0.0734, -0.0789, -0.1420, -0.0731, -0.0455,
    -0.3055, -0.3244, -0.1805, -0.2822, -0.1471, -0.2934, -0.1559, -0.1563, -0.2625, -0.2519,
    -0.2762, -0.2718, -0.1133, -0.1503, -0.2759, -0.1545, -0.0906, -0.0405, -0.1352, -0.0432,
    -0.2794, -0.1519, -0.0772, -0.1806, -0.2844, -0.4896, -0.3329, -0.3329, -0.3019, -0.3382,
  ]

### behavior/time_near_puck
  Total points: 100
  Min: 0.0000, Max: 50.8000, Mean: 11.5150
  Data: [
    2.3000, 4.2000, 3.1000, 5.9000, 4.2000, 1.4000, 1.4000, 0.1000, 0.0000, 3.0000,
    1.3000, 3.3000, 0.7000, 0.0000, 1.4000, 2.7000, 2.1000, 2.2000, 2.4000, 3.1000,
    3.6000, 6.8000, 3.0000, 3.0000, 4.1000, 3.4000, 1.9000, 3.2000, 3.1000, 2.6000,
    4.3000, 5.3000, 1.2000, 2.1000, 3.3000, 2.6000, 2.7000, 0.9000, 3.7000, 2.2000,
    0.7000, 4.4000, 4.0000, 3.6000, 5.2000, 2.6000, 1.2000, 3.0000, 4.9000, 8.5000,
    26.0000, 9.1000, 23.4000, 17.2000, 8.9000, 17.0000, 20.8000, 18.3000, 9.9000, 30.7000,
    27.5000, 11.6000, 22.9000, 19.1000, 19.2000, 50.8000, 19.3000, 16.3000, 10.0000, 7.2000,
    13.7000, 16.5000, 13.8000, 14.8000, 17.2000, 20.6000, 12.9000, 15.1000, 21.8000, 13.8000,
    21.0000, 26.1000, 11.3000, 14.4000, 41.9000, 38.0000, 26.2000, 8.1000, 13.3000, 33.5000,
    11.1000, 16.9000, 31.7000, 15.1000, 12.5000, 40.7000, 26.2000, 30.8000, 18.2000, 23.2000,
  ]

### behavior/velocity_avg
  Total points: 100
  Min: 0.0373, Max: 0.1118, Mean: 0.0688
  Data: [
    0.0549, 0.0571, 0.0618, 0.0679, 0.0592, 0.0566, 0.0533, 0.0548, 0.0604, 0.0580,
    0.0602, 0.0548, 0.0600, 0.0511, 0.0536, 0.0613, 0.0608, 0.0654, 0.0597, 0.0654,
    0.0663, 0.0619, 0.0634, 0.0684, 0.0663, 0.0615, 0.0563, 0.0555, 0.0536, 0.0590,
    0.0590, 0.0642, 0.0597, 0.0629, 0.0585, 0.0645, 0.0596, 0.0594, 0.0787, 0.0564,
    0.0677, 0.0604, 0.0618, 0.0583, 0.0535, 0.0600, 0.0613, 0.0699, 0.0711, 0.0587,
    0.0705, 0.0805, 0.0777, 0.1000, 0.0868, 0.1072, 0.0720, 0.0755, 0.0821, 0.0834,
    0.0786, 0.0722, 0.0889, 0.0833, 0.0660, 0.0394, 0.0570, 0.0517, 0.0431, 0.0412,
    0.1118, 0.0912, 0.0860, 0.0971, 0.0939, 0.1091, 0.1031, 0.0829, 0.1052, 0.0874,
    0.0845, 0.0770, 0.0721, 0.0791, 0.0744, 0.0527, 0.0444, 0.0391, 0.0448, 0.0373,
    0.0768, 0.0674, 0.0711, 0.0826, 0.0836, 0.0986, 0.0819, 0.0848, 0.0867, 0.0859,
  ]

### behavior/velocity_max
  Total points: 100
  Min: 0.1161, Max: 0.2288, Mean: 0.1783
  Data: [
    0.1611, 0.1594, 0.1738, 0.1801, 0.1597, 0.1804, 0.1753, 0.1703, 0.1836, 0.1748,
    0.1858, 0.1880, 0.2006, 0.1793, 0.1744, 0.1864, 0.1611, 0.1718, 0.1634, 0.1705,
    0.1928, 0.1756, 0.1764, 0.1728, 0.1811, 0.1705, 0.1582, 0.1664, 0.1807, 0.1508,
    0.1796, 0.1688, 0.1676, 0.1778, 0.1576, 0.1786, 0.1686, 0.1786, 0.1782, 0.1661,
    0.1872, 0.1644, 0.1590, 0.1706, 0.1561, 0.1635, 0.1474, 0.1724, 0.1773, 0.1874,
    0.1654, 0.1763, 0.1875, 0.2166, 0.2041, 0.2288, 0.1765, 0.1708, 0.1745, 0.1949,
    0.1825, 0.1916, 0.2066, 0.2024, 0.1776, 0.1331, 0.1413, 0.1466, 0.1365, 0.1295,
    0.2244, 0.1956, 0.1985, 0.2120, 0.2133, 0.2282, 0.2012, 0.1894, 0.2203, 0.1963,
    0.1992, 0.1905, 0.1924, 0.1889, 0.2043, 0.1612, 0.1341, 0.1309, 0.1445, 0.1161,
    0.1812, 0.1676, 0.1694, 0.1786, 0.1854, 0.2110, 0.2105, 0.2148, 0.1851, 0.2094,
  ]

### eval/selfplay/avg_reward
  Total points: 2
  Min: -5.2326, Max: -3.9755, Mean: -4.6040
  Data: [
    -5.2326, -3.9755,
  ]

### eval/selfplay/loss_rate
  Total points: 2
  Min: 0.2900, Max: 0.3300, Mean: 0.3100
  Data: [
    0.3300, 0.2900,
  ]

### eval/selfplay/losses
  Total points: 2
  Min: 29.0000, Max: 33.0000, Mean: 31.0000
  Data: [
    33.0000, 29.0000,
  ]

### eval/selfplay/opponent_age
  Total points: 2
  Min: -3999.0000, Max: -3499.0000, Mean: -3749.0000
  Data: [
    -3499.0000, -3999.0000,
  ]

### eval/selfplay/tie_rate
  Total points: 2
  Min: 0.4300, Max: 0.4300, Mean: 0.4300
  Data: [
    0.4300, 0.4300,
  ]

### eval/selfplay/ties
  Total points: 2
  Min: 43.0000, Max: 43.0000, Mean: 43.0000
  Data: [
    43.0000, 43.0000,
  ]

### eval/selfplay/win_rate
  Total points: 2
  Min: 0.2400, Max: 0.2800, Mean: 0.2600
  Data: [
    0.2400, 0.2800,
  ]

### eval/selfplay/win_rate_decisive
  Total points: 2
  Min: 0.4211, Max: 0.4912, Mean: 0.4561
  Data: [
    0.4211, 0.4912,
  ]

### eval/selfplay/wins
  Total points: 2
  Min: 24.0000, Max: 28.0000, Mean: 26.0000
  Data: [
    24.0000, 28.0000,
  ]

### eval/strong/avg_reward
  Total points: 5
  Min: -25.3766, Max: -4.3416, Mean: -14.1672
  Data: [
    -25.3766, -24.6578, -8.3061, -4.3416, -8.1537,
  ]

### eval/strong/loss_rate
  Total points: 5
  Min: 0.2800, Max: 0.5300, Mean: 0.3480
  Data: [
    0.3200, 0.3000, 0.5300, 0.2800, 0.3100,
  ]

### eval/strong/losses
  Total points: 5
  Min: 28.0000, Max: 53.0000, Mean: 34.8000
  Data: [
    32.0000, 30.0000, 53.0000, 28.0000, 31.0000,
  ]

### eval/strong/tie_rate
  Total points: 5
  Min: 0.2900, Max: 0.6700, Mean: 0.5240
  Data: [
    0.6100, 0.6700, 0.2900, 0.4700, 0.5800,
  ]

### eval/strong/ties
  Total points: 5
  Min: 29.0000, Max: 67.0000, Mean: 52.4000
  Data: [
    61.0000, 67.0000, 29.0000, 47.0000, 58.0000,
  ]

### eval/strong/win_rate
  Total points: 5
  Min: 0.0300, Max: 0.2500, Mean: 0.1280
  Data: [
    0.0700, 0.0300, 0.1800, 0.2500, 0.1100,
  ]

### eval/strong/win_rate_decisive
  Total points: 5
  Min: 0.0909, Max: 0.4717, Mean: 0.2515
  Data: [
    0.1795, 0.0909, 0.2535, 0.4717, 0.2619,
  ]

### eval/strong/wins
  Total points: 5
  Min: 3.0000, Max: 25.0000, Mean: 12.8000
  Data: [
    7.0000, 3.0000, 18.0000, 25.0000, 11.0000,
  ]

### eval/weak/avg_reward
  Total points: 5
  Min: -26.1719, Max: -4.0926, Mean: -14.1185
  Data: [
    -25.0620, -26.1719, -9.1237, -4.0926, -6.1424,
  ]

### eval/weak/loss_rate
  Total points: 5
  Min: 0.2200, Max: 0.6000, Mean: 0.3740
  Data: [
    0.3500, 0.4200, 0.6000, 0.2800, 0.2200,
  ]

### eval/weak/losses
  Total points: 5
  Min: 22.0000, Max: 60.0000, Mean: 37.4000
  Data: [
    35.0000, 42.0000, 60.0000, 28.0000, 22.0000,
  ]

### eval/weak/tie_rate
  Total points: 5
  Min: 0.3400, Max: 0.6300, Mean: 0.5300
  Data: [
    0.6300, 0.5600, 0.3400, 0.5100, 0.6100,
  ]

### eval/weak/ties
  Total points: 5
  Min: 34.0000, Max: 63.0000, Mean: 53.0000
  Data: [
    63.0000, 56.0000, 34.0000, 51.0000, 61.0000,
  ]

### eval/weak/win_rate
  Total points: 5
  Min: 0.0200, Max: 0.2100, Mean: 0.0960
  Data: [
    0.0200, 0.0200, 0.0600, 0.2100, 0.1700,
  ]

### eval/weak/win_rate_decisive
  Total points: 5
  Min: 0.0455, Max: 0.4359, Mean: 0.2110
  Data: [
    0.0541, 0.0455, 0.0909, 0.4286, 0.4359,
  ]

### eval/weak/wins
  Total points: 5
  Min: 2.0000, Max: 21.0000, Mean: 9.6000
  Data: [
    2.0000, 2.0000, 6.0000, 21.0000, 17.0000,
  ]

### gradients/actor_grad_norm
  Total points: 100
  Min: 0.0000, Max: 0.1367, Mean: 0.0391
  Data: [
    0.0000, 0.0000, 0.0000, 0.0000, 0.0000, 0.0000, 0.0000, 0.0000, 0.0000, 0.0000,
    0.0000, 0.0000, 0.0000, 0.0000, 0.0000, 0.0000, 0.0000, 0.0000, 0.0000, 0.0000,
    0.0000, 0.0000, 0.0000, 0.0000, 0.0000, 0.0000, 0.0000, 0.0000, 0.0000, 0.0000,
    0.0000, 0.0000, 0.0000, 0.0000, 0.0000, 0.0000, 0.0000, 0.0000, 0.0000, 0.0000,
    0.0000, 0.0000, 0.0000, 0.0000, 0.0000, 0.0000, 0.0000, 0.0000, 0.0000, 0.0000,
    0.0575, 0.1072, 0.0595, 0.1221, 0.0625, 0.0620, 0.0656, 0.0849, 0.0644, 0.0638,
    0.0431, 0.0752, 0.0756, 0.0503, 0.0819, 0.0758, 0.1339, 0.0784, 0.0878, 0.0718,
    0.0897, 0.0496, 0.0539, 0.1221, 0.1074, 0.0671, 0.1039, 0.0638, 0.1104, 0.0570,
    0.0581, 0.1088, 0.1188, 0.0720, 0.0799, 0.0757, 0.0628, 0.0989, 0.0559, 0.0715,
    0.0601, 0.0483, 0.0879, 0.0763, 0.1367, 0.0826, 0.0818, 0.0607, 0.0677, 0.0617,
  ]

### gradients/critic_grad_norm
  Total points: 100
  Min: 0.0000, Max: 0.2658, Mean: 0.0934
  Data: [
    0.0000, 0.0000, 0.0000, 0.0000, 0.0000, 0.0000, 0.0000, 0.0000, 0.0000, 0.0000,
    0.0000, 0.0000, 0.0000, 0.0000, 0.0000, 0.0000, 0.0000, 0.0000, 0.0000, 0.0000,
    0.0000, 0.0000, 0.0000, 0.0000, 0.0000, 0.0000, 0.0000, 0.0000, 0.0000, 0.0000,
    0.0000, 0.0000, 0.0000, 0.0000, 0.0000, 0.0000, 0.0000, 0.0000, 0.0000, 0.0000,
    0.0000, 0.0000, 0.0000, 0.0000, 0.0000, 0.0000, 0.0000, 0.0000, 0.0000, 0.0000,
    0.1555, 0.1999, 0.1814, 0.1974, 0.2002, 0.1700, 0.1739, 0.1694, 0.2025, 0.2195,
    0.1871, 0.1871, 0.2025, 0.1829, 0.1812, 0.2376, 0.1678, 0.2051, 0.1910, 0.1854,
    0.1969, 0.1554, 0.2472, 0.1571, 0.1753, 0.1778, 0.1557, 0.1927, 0.2215, 0.1493,
    0.1720, 0.1885, 0.2121, 0.1569, 0.1401, 0.2204, 0.1892, 0.1893, 0.2005, 0.1854,
    0.1987, 0.1744, 0.2027, 0.1595, 0.1578, 0.2032, 0.1604, 0.1841, 0.2658, 0.1549,
  ]

### losses/actor_loss
  Total points: 100
  Min: 0.0000, Max: 1.6896, Mean: 0.7982
  Data: [
    0.0000, 0.0000, 0.0000, 0.0000, 0.0000, 0.0000, 0.0000, 0.0000, 0.0000, 0.0000,
    0.0000, 0.0000, 0.0000, 0.0000, 0.0000, 0.0000, 0.0000, 0.0000, 0.0000, 0.0000,
    0.0000, 0.0000, 0.0000, 0.0000, 0.0000, 0.0000, 0.0000, 0.0000, 0.0000, 0.0000,
    0.0000, 0.0000, 0.0000, 0.0000, 0.0000, 0.0000, 0.0000, 0.0000, 0.0000, 0.0000,
    0.0000, 0.0000, 0.0000, 0.0000, 0.0000, 0.0000, 0.0000, 0.0000, 0.0000, 0.0000,
    1.5038, 1.6320, 1.6049, 1.6200, 1.5050, 1.5179, 1.6104, 1.6547, 1.4574, 1.5836,
    1.5710, 1.5797, 1.5535, 1.6383, 1.5857, 1.6633, 1.6246, 1.5888, 1.5804, 1.4987,
    1.6838, 1.6471, 1.6411, 1.5251, 1.5610, 1.6700, 1.5752, 1.5896, 1.6453, 1.6131,
    1.5209, 1.5897, 1.6389, 1.6896, 1.5126, 1.6254, 1.6008, 1.6211, 1.5907, 1.6015,
    1.5688, 1.6246, 1.4843, 1.6280, 1.6282, 1.5490, 1.6416, 1.6762, 1.6475, 1.6510,
  ]

### losses/critic_loss
  Total points: 100
  Min: 0.0000, Max: 0.0108, Mean: 0.0036
  Data: [
    0.0000, 0.0000, 0.0000, 0.0000, 0.0000, 0.0000, 0.0000, 0.0000, 0.0000, 0.0000,
    0.0000, 0.0000, 0.0000, 0.0000, 0.0000, 0.0000, 0.0000, 0.0000, 0.0000, 0.0000,
    0.0000, 0.0000, 0.0000, 0.0000, 0.0000, 0.0000, 0.0000, 0.0000, 0.0000, 0.0000,
    0.0000, 0.0000, 0.0000, 0.0000, 0.0000, 0.0000, 0.0000, 0.0000, 0.0000, 0.0000,
    0.0000, 0.0000, 0.0000, 0.0000, 0.0000, 0.0000, 0.0000, 0.0000, 0.0000, 0.0000,
    0.0062, 0.0100, 0.0069, 0.0106, 0.0076, 0.0064, 0.0066, 0.0061, 0.0108, 0.0066,
    0.0076, 0.0077, 0.0085, 0.0056, 0.0054, 0.0096, 0.0052, 0.0077, 0.0088, 0.0055,
    0.0090, 0.0053, 0.0081, 0.0050, 0.0057, 0.0077, 0.0062, 0.0065, 0.0098, 0.0060,
    0.0056, 0.0055, 0.0098, 0.0062, 0.0056, 0.0074, 0.0064, 0.0076, 0.0064, 0.0103,
    0.0060, 0.0069, 0.0074, 0.0057, 0.0056, 0.0081, 0.0060, 0.0089, 0.0092, 0.0064,
  ]

### pbrs/annealing_weight
  Total points: 100
  Min: 1.0000, Max: 1.0000, Mean: 1.0000
  Data: [
    1.0000, 1.0000, 1.0000, 1.0000, 1.0000, 1.0000, 1.0000, 1.0000, 1.0000, 1.0000,
    1.0000, 1.0000, 1.0000, 1.0000, 1.0000, 1.0000, 1.0000, 1.0000, 1.0000, 1.0000,
    1.0000, 1.0000, 1.0000, 1.0000, 1.0000, 1.0000, 1.0000, 1.0000, 1.0000, 1.0000,
    1.0000, 1.0000, 1.0000, 1.0000, 1.0000, 1.0000, 1.0000, 1.0000, 1.0000, 1.0000,
    1.0000, 1.0000, 1.0000, 1.0000, 1.0000, 1.0000, 1.0000, 1.0000, 1.0000, 1.0000,
    1.0000, 1.0000, 1.0000, 1.0000, 1.0000, 1.0000, 1.0000, 1.0000, 1.0000, 1.0000,
    1.0000, 1.0000, 1.0000, 1.0000, 1.0000, 1.0000, 1.0000, 1.0000, 1.0000, 1.0000,
    1.0000, 1.0000, 1.0000, 1.0000, 1.0000, 1.0000, 1.0000, 1.0000, 1.0000, 1.0000,
    1.0000, 1.0000, 1.0000, 1.0000, 1.0000, 1.0000, 1.0000, 1.0000, 1.0000, 1.0000,
    1.0000, 1.0000, 1.0000, 1.0000, 1.0000, 1.0000, 1.0000, 1.0000, 1.0000, 1.0000,
  ]

### pbrs/avg_per_episode
  Total points: 100
  Min: 0.3915, Max: 1.3000, Mean: 0.7537
  Data: [
    0.8229, 0.7541, 1.0075, 1.2573, 1.3000, 1.0766, 0.9398, 0.8053, 0.7167, 0.6203,
    0.5942, 0.5726, 0.5292, 0.4919, 0.4591, 0.3915, 0.4714, 0.4695, 0.4948, 0.5162,
    0.5531, 0.5754, 0.5851, 0.6127, 0.6676, 0.6714, 0.6819, 0.7125, 0.7442, 0.7591,
    0.7563, 0.7932, 0.8191, 0.8269, 0.8391, 0.8604, 0.8563, 0.8422, 0.8567, 0.8466,
    0.8440, 0.8460, 0.8790, 0.8870, 0.8944, 0.9001, 0.9140, 0.9429, 0.9381, 0.9508,
    0.7446, 0.7452, 0.7441, 0.7442, 0.7452, 0.7487, 0.7486, 0.7508, 0.7508, 0.7517,
    0.7521, 0.7514, 0.7542, 0.7563, 0.7573, 0.7566, 0.7551, 0.7519, 0.7496, 0.7487,
    0.7504, 0.7497, 0.7468, 0.7441, 0.7445, 0.7449, 0.7456, 0.7451, 0.7472, 0.7470,
    0.7459, 0.7459, 0.7453, 0.7457, 0.7457, 0.7435, 0.7424, 0.7405, 0.7378, 0.7363,
    0.7351, 0.7343, 0.7335, 0.7332, 0.7335, 0.7310, 0.7306, 0.7298, 0.7294, 0.7291,
  ]

### performance/cumulative_win_rate
  Total points: 100
  Min: 0.0600, Max: 0.1436, Mean: 0.1073
  Data: [
    0.1000, 0.1000, 0.0667, 0.0750, 0.0800, 0.0833, 0.0857, 0.0875, 0.0778, 0.0900,
    0.0818, 0.0750, 0.0692, 0.0643, 0.0600, 0.0625, 0.0647, 0.0778, 0.0737, 0.0800,
    0.0810, 0.0818, 0.0826, 0.0875, 0.0840, 0.0846, 0.0815, 0.0786, 0.0759, 0.0733,
    0.0774, 0.0750, 0.0727, 0.0735, 0.0714, 0.0694, 0.0703, 0.0711, 0.0718, 0.0700,
    0.0707, 0.0738, 0.0721, 0.0705, 0.0689, 0.0674, 0.0660, 0.0646, 0.0694, 0.0680,
    0.1371, 0.1375, 0.1374, 0.1375, 0.1374, 0.1371, 0.1373, 0.1370, 0.1373, 0.1370,
    0.1367, 0.1373, 0.1370, 0.1369, 0.1366, 0.1365, 0.1364, 0.1368, 0.1369, 0.1366,
    0.1367, 0.1373, 0.1381, 0.1388, 0.1394, 0.1395, 0.1396, 0.1397, 0.1395, 0.1398,
    0.1399, 0.1400, 0.1404, 0.1405, 0.1408, 0.1409, 0.1409, 0.1408, 0.1411, 0.1408,
    0.1411, 0.1411, 0.1412, 0.1413, 0.1414, 0.1421, 0.1425, 0.1430, 0.1431, 0.1436,
  ]

### performance/losses
  Total points: 100
  Min: 3.0000, Max: 1510.0000, Mean: 759.6200
  Data: [
    3.0000, 6.0000, 11.0000, 18.0000, 23.0000, 23.0000, 24.0000, 24.0000, 24.0000, 24.0000,
    25.0000, 26.0000, 26.0000, 26.0000, 26.0000, 26.0000, 32.0000, 35.0000, 40.0000, 44.0000,
    48.0000, 52.0000, 55.0000, 60.0000, 66.0000, 69.0000, 72.0000, 77.0000, 82.0000, 86.0000,
    89.0000, 95.0000, 100.0000, 104.0000, 108.0000, 113.0000, 116.0000, 118.0000, 123.0000, 125.0000,
    129.0000, 133.0000, 140.0000, 144.0000, 148.0000, 152.0000, 157.0000, 164.0000, 168.0000, 173.0000,
    1360.0000, 1365.0000, 1367.0000, 1371.0000, 1375.0000, 1382.0000, 1386.0000, 1392.0000, 1396.0000, 1400.0000,
    1403.0000, 1407.0000, 1413.0000, 1422.0000, 1426.0000, 1428.0000, 1429.0000, 1429.0000, 1429.0000, 1430.0000,
    1436.0000, 1438.0000, 1440.0000, 1441.0000, 1445.0000, 1448.0000, 1452.0000, 1454.0000, 1460.0000, 1463.0000,
    1465.0000, 1469.0000, 1472.0000, 1476.0000, 1480.0000, 1480.0000, 1481.0000, 1481.0000, 1481.0000, 1481.0000,
    1483.0000, 1485.0000, 1487.0000, 1491.0000, 1495.0000, 1496.0000, 1500.0000, 1503.0000, 1507.0000, 1510.0000,
  ]

### performance/ties
  Total points: 100
  Min: 6.0000, Max: 2772.0000, Mean: 1404.0800
  Data: [
    6.0000, 12.0000, 17.0000, 19.0000, 23.0000, 32.0000, 40.0000, 49.0000, 59.0000, 67.0000,
    76.0000, 85.0000, 95.0000, 105.0000, 115.0000, 124.0000, 127.0000, 131.0000, 136.0000, 140.0000,
    145.0000, 150.0000, 156.0000, 159.0000, 163.0000, 169.0000, 176.0000, 181.0000, 186.0000, 192.0000,
    197.0000, 201.0000, 206.0000, 211.0000, 217.0000, 222.0000, 228.0000, 235.0000, 239.0000, 247.0000,
    252.0000, 256.0000, 259.0000, 265.0000, 271.0000, 277.0000, 282.0000, 285.0000, 288.0000, 293.0000,
    2523.0000, 2525.0000, 2532.0000, 2536.0000, 2541.0000, 2544.0000, 2548.0000, 2552.0000, 2555.0000, 2561.0000,
    2568.0000, 2570.0000, 2574.0000, 2583.0000, 2589.0000, 2596.0000, 2604.0000, 2611.0000, 2619.0000, 2628.0000,
    2630.0000, 2634.0000, 2637.0000, 2641.0000, 2643.0000, 2648.0000, 2652.0000, 2658.0000, 2662.0000, 2666.0000,
    2672.0000, 2676.0000, 2680.0000, 2684.0000, 2687.0000, 2695.0000, 2703.0000, 2712.0000, 2719.0000, 2729.0000,
    2734.0000, 2741.0000, 2747.0000, 2751.0000, 2755.0000, 2759.0000, 2762.0000, 2765.0000, 2769.0000, 2772.0000,
  ]

### performance/wins
  Total points: 100
  Min: 1.0000, Max: 718.0000, Mean: 340.0000
  Data: [
    1.0000, 2.0000, 2.0000, 3.0000, 4.0000, 5.0000, 6.0000, 7.0000, 7.0000, 9.0000,
    9.0000, 9.0000, 9.0000, 9.0000, 9.0000, 10.0000, 11.0000, 14.0000, 14.0000, 16.0000,
    17.0000, 18.0000, 19.0000, 21.0000, 21.0000, 22.0000, 22.0000, 22.0000, 22.0000, 22.0000,
    24.0000, 24.0000, 24.0000, 25.0000, 25.0000, 25.0000, 26.0000, 27.0000, 28.0000, 28.0000,
    29.0000, 31.0000, 31.0000, 31.0000, 31.0000, 31.0000, 31.0000, 31.0000, 34.0000, 34.0000,
    617.0000, 620.0000, 621.0000, 623.0000, 624.0000, 624.0000, 626.0000, 626.0000, 629.0000, 629.0000,
    629.0000, 633.0000, 633.0000, 635.0000, 635.0000, 636.0000, 637.0000, 640.0000, 642.0000, 642.0000,
    644.0000, 648.0000, 653.0000, 658.0000, 662.0000, 664.0000, 666.0000, 668.0000, 668.0000, 671.0000,
    673.0000, 675.0000, 678.0000, 680.0000, 683.0000, 685.0000, 686.0000, 687.0000, 690.0000, 690.0000,
    693.0000, 694.0000, 696.0000, 698.0000, 700.0000, 705.0000, 708.0000, 712.0000, 714.0000, 718.0000,
  ]

### rewards/p1
  Total points: 100
  Min: -2.5890, Max: -0.1288, Mean: -1.4666
  Data: [
    -1.6147, -1.4477, -1.8777, -1.6286, -1.7725, -1.1588, -1.1929, -1.1742, -1.5220, -0.9198,
    -1.2794, -1.4391, -0.9483, -1.7062, -0.9957, -1.8516, -2.1145, -1.5532, -1.9738, -1.3771,
    -1.3850, -1.7156, -1.5194, -1.3786, -2.0560, -1.8086, -1.8808, -1.9826, -1.9719, -2.5890,
    -1.5693, -1.7314, -2.1560, -1.8496, -2.2810, -1.7203, -1.5943, -2.0427, -1.2803, -2.5103,
    -1.5239, -1.5226, -2.1666, -1.8350, -2.0705, -2.1719, -2.2390, -1.9645, -1.2130, -1.8527,
    -1.0101, -1.2916, -1.2648, -1.3323, -1.2909, -1.1981, -1.4091, -1.7522, -0.9343, -0.8458,
    -2.0219, -1.2898, -1.1925, -1.1808, -2.0653, -1.2341, -0.8841, -0.5128, -0.8915, -0.9990,
    -1.4287, -0.7217, -0.7950, -0.5444, -0.6829, -1.8615, -1.5113, -1.7576, -1.3616, -0.4901,
    -1.6888, -1.4307, -1.5332, -1.5246, -1.8000, -1.2121, -1.0314, -1.1103, -0.7649, -1.1588,
    -1.5113, -1.9374, -1.5350, -1.5750, -1.6680, -0.1288, -1.1979, -1.1206, -1.1349, -0.7145,
  ]

### rewards/p2
  Total points: 100
  Min: -0.0953, Max: 2.7281, Mean: 1.2067
  Data: [
    2.2258, 2.0583, 1.9059, 1.6346, 1.6613, 1.4746, 1.3378, 1.3862, 1.7976, 0.9558,
    1.7123, 1.4784, 1.5346, 2.0492, 1.3804, 1.7400, 2.3626, 1.6725, 2.5331, 1.5080,
    1.6938, 2.2069, 1.9069, 1.4369, 2.1254, 2.0716, 2.1103, 2.1608, 2.6294, 2.6022,
    1.5723, 2.0256, 2.0542, 2.1040, 2.1694, 2.1484, 2.1705, 2.7281, 1.2586, 2.2082,
    1.8318, 1.3483, 2.1311, 2.0053, 2.1460, 2.3408, 2.5380, 2.0194, 1.0193, 2.1613,
    0.7763, 0.5795, 0.5924, 0.6741, 0.8561, 1.1567, 0.4791, 1.1647, 0.2719, 0.7118,
    0.7208, 0.4046, 1.0781, 0.8034, 1.0688, 0.4005, 0.3039, -0.0118, 0.1703, 0.5048,
    0.7442, -0.0315, -0.0580, -0.0953, 0.2628, 0.4848, 0.6586, 0.6246, 1.1134, 0.4711,
    0.4802, 0.5819, 0.4459, 0.7350, 0.4376, 0.1129, 0.3056, 0.3601, -0.0415, 0.3737,
    0.5072, 0.7098, 0.5657, 0.7803, 0.6368, -0.0567, 0.4838, 0.2912, 0.4798, 0.2677,
  ]

### rewards/sparse_only
  Total points: 100
  Min: -2.7281, Max: 0.0953, Mean: -1.2067
  Data: [
    -2.2258, -2.0583, -1.9059, -1.6346, -1.6613, -1.4746, -1.3378, -1.3862, -1.7976, -0.9558,
    -1.7123, -1.4784, -1.5346, -2.0492, -1.3804, -1.7400, -2.3626, -1.6725, -2.5331, -1.5080,
    -1.6938, -2.2069, -1.9069, -1.4369, -2.1254, -2.0716, -2.1103, -2.1608, -2.6294, -2.6022,
    -1.5723, -2.0256, -2.0542, -2.1040, -2.1694, -2.1484, -2.1705, -2.7281, -1.2586, -2.2082,
    -1.8318, -1.3483, -2.1311, -2.0053, -2.1460, -2.3408, -2.5380, -2.0194, -1.0193, -2.1613,
    -0.7763, -0.5795, -0.5924, -0.6741, -0.8561, -1.1567, -0.4791, -1.1647, -0.2719, -0.7118,
    -0.7208, -0.4046, -1.0781, -0.8034, -1.0688, -0.4005, -0.3039, 0.0118, -0.1703, -0.5048,
    -0.7442, 0.0315, 0.0580, 0.0953, -0.2628, -0.4848, -0.6586, -0.6246, -1.1134, -0.4711,
    -0.4802, -0.5819, -0.4459, -0.7350, -0.4376, -0.1129, -0.3056, -0.3601, 0.0415, -0.3737,
    -0.5072, -0.7098, -0.5657, -0.7803, -0.6368, 0.0567, -0.4838, -0.2912, -0.4798, -0.2677,
  ]

### rewards/sparse_ratio
  Total points: 100
  Min: -0.4402, Max: 1.6182, Mean: 0.7581
  Data: [
    1.3785, 1.4217, 1.0150, 1.0037, 0.9373, 1.2725, 1.1215, 1.1805, 1.1811, 1.0391,
    1.3383, 1.0273, 1.6182, 1.2010, 1.3863, 0.9397, 1.1174, 1.0768, 1.2833, 1.0951,
    1.2230, 1.2863, 1.2550, 1.0423, 1.0337, 1.1454, 1.1220, 1.0898, 1.3334, 1.0051,
    1.0019, 1.1699, 0.9528, 1.1376, 0.9511, 1.2488, 1.3615, 1.3355, 0.9830, 0.8797,
    1.2021, 0.8855, 0.9836, 1.0928, 1.0365, 1.0778, 1.1335, 1.0280, 0.8404, 1.1666,
    0.7686, 0.4486, 0.4684, 0.5059, 0.6631, 0.9654, 0.3400, 0.6647, 0.2910, 0.8416,
    0.3565, 0.3137, 0.9040, 0.6803, 0.5175, 0.3245, 0.3438, -0.0229, 0.1910, 0.5053,
    0.5209, -0.0436, -0.0729, -0.1750, 0.3848, 0.2604, 0.4358, 0.3554, 0.8177, 0.9611,
    0.2844, 0.4067, 0.2908, 0.4821, 0.2431, 0.0932, 0.2963, 0.3243, -0.0542, 0.3225,
    0.3356, 0.3664, 0.3685, 0.4954, 0.3818, -0.4402, 0.4038, 0.2599, 0.4228, 0.3747,
  ]

### scoring/goals_conceded
  Total points: 100
  Min: 3.0000, Max: 1510.0000, Mean: 759.6200
  Data: [
    3.0000, 6.0000, 11.0000, 18.0000, 23.0000, 23.0000, 24.0000, 24.0000, 24.0000, 24.0000,
    25.0000, 26.0000, 26.0000, 26.0000, 26.0000, 26.0000, 32.0000, 35.0000, 40.0000, 44.0000,
    48.0000, 52.0000, 55.0000, 60.0000, 66.0000, 69.0000, 72.0000, 77.0000, 82.0000, 86.0000,
    89.0000, 95.0000, 100.0000, 104.0000, 108.0000, 113.0000, 116.0000, 118.0000, 123.0000, 125.0000,
    129.0000, 133.0000, 140.0000, 144.0000, 148.0000, 152.0000, 157.0000, 164.0000, 168.0000, 173.0000,
    1360.0000, 1365.0000, 1367.0000, 1371.0000, 1375.0000, 1382.0000, 1386.0000, 1392.0000, 1396.0000, 1400.0000,
    1403.0000, 1407.0000, 1413.0000, 1422.0000, 1426.0000, 1428.0000, 1429.0000, 1429.0000, 1429.0000, 1430.0000,
    1436.0000, 1438.0000, 1440.0000, 1441.0000, 1445.0000, 1448.0000, 1452.0000, 1454.0000, 1460.0000, 1463.0000,
    1465.0000, 1469.0000, 1472.0000, 1476.0000, 1480.0000, 1480.0000, 1481.0000, 1481.0000, 1481.0000, 1481.0000,
    1483.0000, 1485.0000, 1487.0000, 1491.0000, 1495.0000, 1496.0000, 1500.0000, 1503.0000, 1507.0000, 1510.0000,
  ]

### scoring/goals_scored
  Total points: 100
  Min: 1.0000, Max: 718.0000, Mean: 340.0000
  Data: [
    1.0000, 2.0000, 2.0000, 3.0000, 4.0000, 5.0000, 6.0000, 7.0000, 7.0000, 9.0000,
    9.0000, 9.0000, 9.0000, 9.0000, 9.0000, 10.0000, 11.0000, 14.0000, 14.0000, 16.0000,
    17.0000, 18.0000, 19.0000, 21.0000, 21.0000, 22.0000, 22.0000, 22.0000, 22.0000, 22.0000,
    24.0000, 24.0000, 24.0000, 25.0000, 25.0000, 25.0000, 26.0000, 27.0000, 28.0000, 28.0000,
    29.0000, 31.0000, 31.0000, 31.0000, 31.0000, 31.0000, 31.0000, 31.0000, 34.0000, 34.0000,
    617.0000, 620.0000, 621.0000, 623.0000, 624.0000, 624.0000, 626.0000, 626.0000, 629.0000, 629.0000,
    629.0000, 633.0000, 633.0000, 635.0000, 635.0000, 636.0000, 637.0000, 640.0000, 642.0000, 642.0000,
    644.0000, 648.0000, 653.0000, 658.0000, 662.0000, 664.0000, 666.0000, 668.0000, 668.0000, 671.0000,
    673.0000, 675.0000, 678.0000, 680.0000, 683.0000, 685.0000, 686.0000, 687.0000, 690.0000, 690.0000,
    693.0000, 694.0000, 696.0000, 698.0000, 700.0000, 705.0000, 708.0000, 712.0000, 714.0000, 718.0000,
  ]

### selfplay/active
  Total points: 100
  Min: 1.0000, Max: 1.0000, Mean: 1.0000
  Data: [
    1.0000, 1.0000, 1.0000, 1.0000, 1.0000, 1.0000, 1.0000, 1.0000, 1.0000, 1.0000,
    1.0000, 1.0000, 1.0000, 1.0000, 1.0000, 1.0000, 1.0000, 1.0000, 1.0000, 1.0000,
    1.0000, 1.0000, 1.0000, 1.0000, 1.0000, 1.0000, 1.0000, 1.0000, 1.0000, 1.0000,
    1.0000, 1.0000, 1.0000, 1.0000, 1.0000, 1.0000, 1.0000, 1.0000, 1.0000, 1.0000,
    1.0000, 1.0000, 1.0000, 1.0000, 1.0000, 1.0000, 1.0000, 1.0000, 1.0000, 1.0000,
    1.0000, 1.0000, 1.0000, 1.0000, 1.0000, 1.0000, 1.0000, 1.0000, 1.0000, 1.0000,
    1.0000, 1.0000, 1.0000, 1.0000, 1.0000, 1.0000, 1.0000, 1.0000, 1.0000, 1.0000,
    1.0000, 1.0000, 1.0000, 1.0000, 1.0000, 1.0000, 1.0000, 1.0000, 1.0000, 1.0000,
    1.0000, 1.0000, 1.0000, 1.0000, 1.0000, 1.0000, 1.0000, 1.0000, 1.0000, 1.0000,
    1.0000, 1.0000, 1.0000, 1.0000, 1.0000, 1.0000, 1.0000, 1.0000, 1.0000, 1.0000,
  ]

### selfplay/anchor_strong_episodes
  Total points: 100
  Min: 0.0000, Max: 26.0000, Mean: 12.8400
  Data: [
    0.0000, 0.0000, 0.0000, 0.0000, 0.0000, 0.0000, 0.0000, 0.0000, 0.0000, 0.0000,
    0.0000, 0.0000, 0.0000, 0.0000, 0.0000, 1.0000, 1.0000, 1.0000, 1.0000, 1.0000,
    1.0000, 1.0000, 1.0000, 1.0000, 1.0000, 1.0000, 1.0000, 1.0000, 1.0000, 1.0000,
    1.0000, 1.0000, 1.0000, 1.0000, 1.0000, 2.0000, 2.0000, 2.0000, 2.0000, 2.0000,
    2.0000, 2.0000, 2.0000, 2.0000, 2.0000, 2.0000, 2.0000, 2.0000, 2.0000, 2.0000,
    23.0000, 24.0000, 24.0000, 24.0000, 24.0000, 24.0000, 24.0000, 24.0000, 24.0000, 24.0000,
    24.0000, 24.0000, 24.0000, 24.0000, 24.0000, 24.0000, 24.0000, 24.0000, 24.0000, 24.0000,
    24.0000, 24.0000, 24.0000, 24.0000, 24.0000, 25.0000, 25.0000, 25.0000, 25.0000, 25.0000,
    25.0000, 25.0000, 25.0000, 25.0000, 25.0000, 25.0000, 25.0000, 25.0000, 25.0000, 25.0000,
    26.0000, 26.0000, 26.0000, 26.0000, 26.0000, 26.0000, 26.0000, 26.0000, 26.0000, 26.0000,
  ]

### selfplay/anchor_weak_episodes
  Total points: 100
  Min: 1.0000, Max: 25.0000, Mean: 12.6400
  Data: [
    1.0000, 1.0000, 1.0000, 1.0000, 1.0000, 1.0000, 1.0000, 1.0000, 1.0000, 1.0000,
    1.0000, 1.0000, 1.0000, 1.0000, 1.0000, 1.0000, 1.0000, 1.0000, 1.0000, 1.0000,
    1.0000, 1.0000, 1.0000, 1.0000, 1.0000, 1.0000, 1.0000, 1.0000, 1.0000, 1.0000,
    1.0000, 1.0000, 1.0000, 1.0000, 1.0000, 1.0000, 1.0000, 1.0000, 1.0000, 1.0000,
    1.0000, 1.0000, 1.0000, 1.0000, 1.0000, 2.0000, 2.0000, 2.0000, 2.0000, 2.0000,
    23.0000, 23.0000, 23.0000, 23.0000, 23.0000, 23.0000, 23.0000, 23.0000, 23.0000, 23.0000,
    23.0000, 24.0000, 24.0000, 24.0000, 24.0000, 24.0000, 24.0000, 24.0000, 24.0000, 24.0000,
    24.0000, 24.0000, 24.0000, 24.0000, 24.0000, 24.0000, 24.0000, 24.0000, 24.0000, 24.0000,
    25.0000, 25.0000, 25.0000, 25.0000, 25.0000, 25.0000, 25.0000, 25.0000, 25.0000, 25.0000,
    25.0000, 25.0000, 25.0000, 25.0000, 25.0000, 25.0000, 25.0000, 25.0000, 25.0000, 25.0000,
  ]

### selfplay/anchor_weak_ratio
  Total points: 100
  Min: 0.3333, Max: 1.0000, Mean: 0.5558
  Data: [
    1.0000, 1.0000, 1.0000, 1.0000, 1.0000, 1.0000, 1.0000, 1.0000, 1.0000, 1.0000,
    1.0000, 1.0000, 1.0000, 1.0000, 1.0000, 0.5000, 0.5000, 0.5000, 0.5000, 0.5000,
    0.5000, 0.5000, 0.5000, 0.5000, 0.5000, 0.5000, 0.5000, 0.5000, 0.5000, 0.5000,
    0.5000, 0.5000, 0.5000, 0.5000, 0.5000, 0.3333, 0.3333, 0.3333, 0.3333, 0.3333,
    0.3333, 0.3333, 0.3333, 0.3333, 0.3333, 0.5000, 0.5000, 0.5000, 0.5000, 0.5000,
    0.5000, 0.4894, 0.4894, 0.4894, 0.4894, 0.4894, 0.4894, 0.4894, 0.4894, 0.4894,
    0.4894, 0.5000, 0.5000, 0.5000, 0.5000, 0.5000, 0.5000, 0.5000, 0.5000, 0.5000,
    0.5000, 0.5000, 0.5000, 0.5000, 0.5000, 0.4898, 0.4898, 0.4898, 0.4898, 0.4898,
    0.5000, 0.5000, 0.5000, 0.5000, 0.5000, 0.5000, 0.5000, 0.5000, 0.5000, 0.5000,
    0.4902, 0.4902, 0.4902, 0.4902, 0.4902, 0.4902, 0.4902, 0.4902, 0.4902, 0.4902,
  ]

### selfplay/episode_opponent_type_selfplay
  Total points: 100
  Min: 0.0000, Max: 1.0000, Mean: 0.5600
  Data: [
    0.0000, 0.0000, 0.0000, 0.0000, 0.0000, 1.0000, 1.0000, 1.0000, 1.0000, 1.0000,
    1.0000, 1.0000, 1.0000, 1.0000, 1.0000, 0.0000, 0.0000, 0.0000, 0.0000, 0.0000,
    1.0000, 1.0000, 1.0000, 1.0000, 1.0000, 1.0000, 1.0000, 1.0000, 1.0000, 1.0000,
    1.0000, 1.0000, 1.0000, 1.0000, 1.0000, 0.0000, 0.0000, 0.0000, 0.0000, 0.0000,
    1.0000, 1.0000, 1.0000, 1.0000, 1.0000, 0.0000, 0.0000, 0.0000, 0.0000, 0.0000,
    1.0000, 0.0000, 0.0000, 0.0000, 0.0000, 0.0000, 1.0000, 1.0000, 1.0000, 1.0000,
    1.0000, 0.0000, 0.0000, 0.0000, 0.0000, 1.0000, 1.0000, 1.0000, 1.0000, 1.0000,
    1.0000, 1.0000, 1.0000, 1.0000, 1.0000, 0.0000, 0.0000, 0.0000, 0.0000, 0.0000,
    0.0000, 0.0000, 0.0000, 0.0000, 0.0000, 1.0000, 1.0000, 1.0000, 1.0000, 1.0000,
    0.0000, 0.0000, 0.0000, 0.0000, 0.0000, 1.0000, 1.0000, 1.0000, 1.0000, 1.0000,
  ]

### selfplay/episode_opponent_type_strong
  Total points: 100
  Min: 0.0000, Max: 1.0000, Mean: 0.2500
  Data: [
    0.0000, 0.0000, 0.0000, 0.0000, 0.0000, 0.0000, 0.0000, 0.0000, 0.0000, 0.0000,
    0.0000, 0.0000, 0.0000, 0.0000, 0.0000, 1.0000, 1.0000, 1.0000, 1.0000, 1.0000,
    0.0000, 0.0000, 0.0000, 0.0000, 0.0000, 0.0000, 0.0000, 0.0000, 0.0000, 0.0000,
    0.0000, 0.0000, 0.0000, 0.0000, 0.0000, 1.0000, 1.0000, 1.0000, 1.0000, 1.0000,
    0.0000, 0.0000, 0.0000, 0.0000, 0.0000, 0.0000, 0.0000, 0.0000, 0.0000, 0.0000,
    0.0000, 1.0000, 1.0000, 1.0000, 1.0000, 1.0000, 0.0000, 0.0000, 0.0000, 0.0000,
    0.0000, 0.0000, 0.0000, 0.0000, 0.0000, 0.0000, 0.0000, 0.0000, 0.0000, 0.0000,
    0.0000, 0.0000, 0.0000, 0.0000, 0.0000, 1.0000, 1.0000, 1.0000, 1.0000, 1.0000,
    0.0000, 0.0000, 0.0000, 0.0000, 0.0000, 0.0000, 0.0000, 0.0000, 0.0000, 0.0000,
    1.0000, 1.0000, 1.0000, 1.0000, 1.0000, 0.0000, 0.0000, 0.0000, 0.0000, 0.0000,
  ]

### selfplay/episode_opponent_type_weak
  Total points: 100
  Min: 0.0000, Max: 1.0000, Mean: 0.1900
  Data: [
    1.0000, 1.0000, 1.0000, 1.0000, 1.0000, 0.0000, 0.0000, 0.0000, 0.0000, 0.0000,
    0.0000, 0.0000, 0.0000, 0.0000, 0.0000, 0.0000, 0.0000, 0.0000, 0.0000, 0.0000,
    0.0000, 0.0000, 0.0000, 0.0000, 0.0000, 0.0000, 0.0000, 0.0000, 0.0000, 0.0000,
    0.0000, 0.0000, 0.0000, 0.0000, 0.0000, 0.0000, 0.0000, 0.0000, 0.0000, 0.0000,
    0.0000, 0.0000, 0.0000, 0.0000, 0.0000, 1.0000, 1.0000, 1.0000, 1.0000, 1.0000,
    0.0000, 0.0000, 0.0000, 0.0000, 0.0000, 0.0000, 0.0000, 0.0000, 0.0000, 0.0000,
    0.0000, 1.0000, 1.0000, 1.0000, 1.0000, 0.0000, 0.0000, 0.0000, 0.0000, 0.0000,
    0.0000, 0.0000, 0.0000, 0.0000, 0.0000, 0.0000, 0.0000, 0.0000, 0.0000, 0.0000,
    1.0000, 1.0000, 1.0000, 1.0000, 1.0000, 0.0000, 0.0000, 0.0000, 0.0000, 0.0000,
    0.0000, 0.0000, 0.0000, 0.0000, 0.0000, 0.0000, 0.0000, 0.0000, 0.0000, 0.0000,
  ]

### selfplay/opponent_checkpoint_episode
  Total points: 100
  Min: 1.0000, Max: 4500.0000, Mean: 1470.5000
  Data: [
    1.0000, 1.0000, 1.0000, 1.0000, 1.0000, 1.0000, 1.0000, 1.0000, 1.0000, 1.0000,
    1.0000, 1.0000, 1.0000, 1.0000, 1.0000, 1.0000, 1.0000, 1.0000, 1.0000, 1.0000,
    1.0000, 1.0000, 1.0000, 1.0000, 1.0000, 1.0000, 1.0000, 1.0000, 1.0000, 1.0000,
    1.0000, 1.0000, 1.0000, 1.0000, 1.0000, 1.0000, 1.0000, 1.0000, 1.0000, 1.0000,
    1.0000, 1.0000, 1.0000, 1.0000, 1.0000, 1.0000, 1.0000, 1.0000, 1.0000, 1.0000,
    4000.0000, 4000.0000, 4000.0000, 4000.0000, 4000.0000, 4000.0000, 4500.0000, 4500.0000, 4500.0000, 4500.0000,
    4500.0000, 4500.0000, 4500.0000, 4500.0000, 4500.0000, 500.0000, 500.0000, 500.0000, 500.0000, 500.0000,
    3000.0000, 3000.0000, 3000.0000, 3000.0000, 3000.0000, 3000.0000, 3000.0000, 3000.0000, 3000.0000, 3000.0000,
    3000.0000, 3000.0000, 3000.0000, 3000.0000, 3000.0000, 1500.0000, 1500.0000, 1500.0000, 1500.0000, 1500.0000,
    1500.0000, 1500.0000, 1500.0000, 1500.0000, 1500.0000, 4000.0000, 4000.0000, 4000.0000, 4000.0000, 4000.0000,
  ]

### selfplay/opponent_pool_index
  Total points: 100
  Min: 0.0000, Max: 9.0000, Mean: 2.9400
  Data: [
    0.0000, 0.0000, 0.0000, 0.0000, 0.0000, 0.0000, 0.0000, 0.0000, 0.0000, 0.0000,
    0.0000, 0.0000, 0.0000, 0.0000, 0.0000, 0.0000, 0.0000, 0.0000, 0.0000, 0.0000,
    0.0000, 0.0000, 0.0000, 0.0000, 0.0000, 0.0000, 0.0000, 0.0000, 0.0000, 0.0000,
    0.0000, 0.0000, 0.0000, 0.0000, 0.0000, 0.0000, 0.0000, 0.0000, 0.0000, 0.0000,
    0.0000, 0.0000, 0.0000, 0.0000, 0.0000, 0.0000, 0.0000, 0.0000, 0.0000, 0.0000,
    8.0000, 8.0000, 8.0000, 8.0000, 8.0000, 8.0000, 9.0000, 9.0000, 9.0000, 9.0000,
    9.0000, 9.0000, 9.0000, 9.0000, 9.0000, 1.0000, 1.0000, 1.0000, 1.0000, 1.0000,
    6.0000, 6.0000, 6.0000, 6.0000, 6.0000, 6.0000, 6.0000, 6.0000, 6.0000, 6.0000,
    6.0000, 6.0000, 6.0000, 6.0000, 6.0000, 3.0000, 3.0000, 3.0000, 3.0000, 3.0000,
    3.0000, 3.0000, 3.0000, 3.0000, 3.0000, 8.0000, 8.0000, 8.0000, 8.0000, 8.0000,
  ]

### selfplay/pfsp_avg_winrate
  Total points: 100
  Min: 0.0400, Max: 0.2013, Mean: 0.1255
  Data: [
    0.1000, 0.1000, 0.1000, 0.0750, 0.1000, 0.0833, 0.0714, 0.0625, 0.0556, 0.0500,
    0.0500, 0.0500, 0.0500, 0.0500, 0.0500, 0.0500, 0.0500, 0.0500, 0.0700, 0.0500,
    0.0600, 0.0600, 0.0600, 0.0600, 0.0600, 0.0700, 0.0600, 0.0500, 0.0400, 0.0400,
    0.0400, 0.0400, 0.0400, 0.0400, 0.0400, 0.0400, 0.0600, 0.0600, 0.0600, 0.0600,
    0.0600, 0.0600, 0.0600, 0.0600, 0.0600, 0.0600, 0.0600, 0.0600, 0.0600, 0.0600,
    0.1933, 0.1933, 0.1933, 0.1933, 0.1933, 0.1933, 0.1940, 0.1840, 0.1907, 0.1865,
    0.1840, 0.1840, 0.1840, 0.1840, 0.1840, 0.1850, 0.1860, 0.1870, 0.1890, 0.1890,
    0.1870, 0.1860, 0.1880, 0.1900, 0.1920, 0.1920, 0.1920, 0.1920, 0.1920, 0.1920,
    0.1920, 0.1920, 0.1920, 0.1920, 0.1920, 0.1940, 0.1940, 0.1940, 0.1960, 0.1960,
    0.1960, 0.1960, 0.1960, 0.1960, 0.1960, 0.2000, 0.2000, 0.2013, 0.2000, 0.2010,
  ]

### selfplay/pfsp_max_winrate
  Total points: 100
  Min: 0.0400, Max: 0.4600, Mean: 0.2519
  Data: [
    0.1000, 0.1000, 0.1000, 0.0750, 0.1000, 0.0833, 0.0714, 0.0625, 0.0556, 0.0500,
    0.0500, 0.0500, 0.0500, 0.0500, 0.0500, 0.0500, 0.0500, 0.0500, 0.0700, 0.0500,
    0.0600, 0.0600, 0.0600, 0.0600, 0.0600, 0.0700, 0.0600, 0.0500, 0.0400, 0.0400,
    0.0400, 0.0400, 0.0400, 0.0400, 0.0400, 0.0400, 0.0600, 0.0600, 0.0600, 0.0600,
    0.0600, 0.0600, 0.0600, 0.0600, 0.0600, 0.0600, 0.0600, 0.0600, 0.0600, 0.0600,
    0.4300, 0.4300, 0.4300, 0.4300, 0.4300, 0.4300, 0.4300, 0.4300, 0.4300, 0.4300,
    0.4300, 0.4300, 0.4300, 0.4300, 0.4300, 0.4300, 0.4300, 0.4300, 0.4300, 0.4300,
    0.4100, 0.4000, 0.4200, 0.4400, 0.4600, 0.4600, 0.4600, 0.4600, 0.4600, 0.4600,
    0.4600, 0.4600, 0.4600, 0.4600, 0.4600, 0.4600, 0.4600, 0.4600, 0.4600, 0.4600,
    0.4600, 0.4600, 0.4600, 0.4600, 0.4600, 0.4600, 0.4600, 0.4600, 0.4600, 0.4600,
  ]

### selfplay/pfsp_min_winrate
  Total points: 100
  Min: 0.0300, Max: 0.1000, Mean: 0.0446
  Data: [
    0.1000, 0.1000, 0.1000, 0.0750, 0.1000, 0.0833, 0.0714, 0.0625, 0.0556, 0.0500,
    0.0500, 0.0500, 0.0500, 0.0500, 0.0500, 0.0500, 0.0500, 0.0500, 0.0700, 0.0500,
    0.0600, 0.0600, 0.0600, 0.0600, 0.0600, 0.0700, 0.0600, 0.0500, 0.0400, 0.0400,
    0.0400, 0.0400, 0.0400, 0.0400, 0.0400, 0.0400, 0.0600, 0.0600, 0.0600, 0.0600,
    0.0600, 0.0600, 0.0600, 0.0600, 0.0600, 0.0600, 0.0600, 0.0600, 0.0600, 0.0600,
    0.0300, 0.0300, 0.0300, 0.0300, 0.0300, 0.0300, 0.0300, 0.0300, 0.0300, 0.0300,
    0.0300, 0.0300, 0.0300, 0.0300, 0.0300, 0.0300, 0.0300, 0.0300, 0.0300, 0.0300,
    0.0300, 0.0300, 0.0300, 0.0300, 0.0300, 0.0300, 0.0300, 0.0300, 0.0300, 0.0300,
    0.0300, 0.0300, 0.0300, 0.0300, 0.0300, 0.0300, 0.0300, 0.0300, 0.0300, 0.0300,
    0.0300, 0.0300, 0.0300, 0.0300, 0.0300, 0.0300, 0.0300, 0.0300, 0.0300, 0.0300,
  ]

### selfplay/pfsp_num_opponents_tracked
  Total points: 100
  Min: 1.0000, Max: 10.0000, Mean: 5.4400
  Data: [
    1.0000, 1.0000, 1.0000, 1.0000, 1.0000, 1.0000, 1.0000, 1.0000, 1.0000, 1.0000,
    1.0000, 1.0000, 1.0000, 1.0000, 1.0000, 1.0000, 1.0000, 1.0000, 1.0000, 1.0000,
    1.0000, 1.0000, 1.0000, 1.0000, 1.0000, 1.0000, 1.0000, 1.0000, 1.0000, 1.0000,
    1.0000, 1.0000, 1.0000, 1.0000, 1.0000, 1.0000, 1.0000, 1.0000, 1.0000, 1.0000,
    1.0000, 1.0000, 1.0000, 1.0000, 1.0000, 1.0000, 1.0000, 1.0000, 1.0000, 1.0000,
    9.0000, 9.0000, 9.0000, 9.0000, 9.0000, 9.0000, 10.0000, 10.0000, 10.0000, 10.0000,
    10.0000, 10.0000, 10.0000, 10.0000, 10.0000, 10.0000, 10.0000, 10.0000, 10.0000, 10.0000,
    10.0000, 10.0000, 10.0000, 10.0000, 10.0000, 10.0000, 10.0000, 10.0000, 10.0000, 10.0000,
    10.0000, 10.0000, 10.0000, 10.0000, 10.0000, 10.0000, 10.0000, 10.0000, 10.0000, 10.0000,
    10.0000, 10.0000, 10.0000, 10.0000, 10.0000, 10.0000, 10.0000, 10.0000, 10.0000, 10.0000,
  ]

### selfplay/pfsp_std_winrate
  Total points: 100
  Min: 0.0000, Max: 0.1329, Mean: 0.0650
  Data: [
    0.0000, 0.0000, 0.0000, 0.0000, 0.0000, 0.0000, 0.0000, 0.0000, 0.0000, 0.0000,
    0.0000, 0.0000, 0.0000, 0.0000, 0.0000, 0.0000, 0.0000, 0.0000, 0.0000, 0.0000,
    0.0000, 0.0000, 0.0000, 0.0000, 0.0000, 0.0000, 0.0000, 0.0000, 0.0000, 0.0000,
    0.0000, 0.0000, 0.0000, 0.0000, 0.0000, 0.0000, 0.0000, 0.0000, 0.0000, 0.0000,
    0.0000, 0.0000, 0.0000, 0.0000, 0.0000, 0.0000, 0.0000, 0.0000, 0.0000, 0.0000,
    0.1328, 0.1328, 0.1328, 0.1328, 0.1328, 0.1328, 0.1260, 0.1291, 0.1263, 0.1277,
    0.1291, 0.1291, 0.1291, 0.1291, 0.1291, 0.1285, 0.1279, 0.1274, 0.1267, 0.1267,
    0.1230, 0.1212, 0.1248, 0.1286, 0.1326, 0.1326, 0.1326, 0.1326, 0.1326, 0.1326,
    0.1326, 0.1326, 0.1326, 0.1326, 0.1326, 0.1309, 0.1309, 0.1309, 0.1294, 0.1294,
    0.1294, 0.1294, 0.1294, 0.1294, 0.1294, 0.1319, 0.1319, 0.1329, 0.1319, 0.1327,
  ]

### selfplay/pool_size
  Total points: 100
  Min: 1.0000, Max: 11.0000, Mean: 5.5200
  Data: [
    1.0000, 1.0000, 1.0000, 1.0000, 1.0000, 1.0000, 1.0000, 1.0000, 1.0000, 1.0000,
    1.0000, 1.0000, 1.0000, 1.0000, 1.0000, 1.0000, 1.0000, 1.0000, 1.0000, 1.0000,
    1.0000, 1.0000, 1.0000, 1.0000, 1.0000, 1.0000, 1.0000, 1.0000, 1.0000, 1.0000,
    1.0000, 1.0000, 1.0000, 1.0000, 1.0000, 1.0000, 1.0000, 1.0000, 1.0000, 1.0000,
    1.0000, 1.0000, 1.0000, 1.0000, 1.0000, 1.0000, 1.0000, 1.0000, 1.0000, 2.0000,
    10.0000, 10.0000, 10.0000, 10.0000, 10.0000, 10.0000, 10.0000, 10.0000, 10.0000, 10.0000,
    10.0000, 10.0000, 10.0000, 10.0000, 10.0000, 10.0000, 10.0000, 10.0000, 10.0000, 10.0000,
    10.0000, 10.0000, 10.0000, 10.0000, 10.0000, 10.0000, 10.0000, 10.0000, 10.0000, 10.0000,
    10.0000, 10.0000, 10.0000, 10.0000, 10.0000, 10.0000, 10.0000, 10.0000, 10.0000, 10.0000,
    10.0000, 10.0000, 10.0000, 10.0000, 10.0000, 10.0000, 10.0000, 10.0000, 10.0000, 11.0000,
  ]

### selfplay/weak_ratio_target
  Total points: 100
  Min: 0.5000, Max: 0.5000, Mean: 0.5000
  Data: [
    0.5000, 0.5000, 0.5000, 0.5000, 0.5000, 0.5000, 0.5000, 0.5000, 0.5000, 0.5000,
    0.5000, 0.5000, 0.5000, 0.5000, 0.5000, 0.5000, 0.5000, 0.5000, 0.5000, 0.5000,
    0.5000, 0.5000, 0.5000, 0.5000, 0.5000, 0.5000, 0.5000, 0.5000, 0.5000, 0.5000,
    0.5000, 0.5000, 0.5000, 0.5000, 0.5000, 0.5000, 0.5000, 0.5000, 0.5000, 0.5000,
    0.5000, 0.5000, 0.5000, 0.5000, 0.5000, 0.5000, 0.5000, 0.5000, 0.5000, 0.5000,
    0.5000, 0.5000, 0.5000, 0.5000, 0.5000, 0.5000, 0.5000, 0.5000, 0.5000, 0.5000,
    0.5000, 0.5000, 0.5000, 0.5000, 0.5000, 0.5000, 0.5000, 0.5000, 0.5000, 0.5000,
    0.5000, 0.5000, 0.5000, 0.5000, 0.5000, 0.5000, 0.5000, 0.5000, 0.5000, 0.5000,
    0.5000, 0.5000, 0.5000, 0.5000, 0.5000, 0.5000, 0.5000, 0.5000, 0.5000, 0.5000,
    0.5000, 0.5000, 0.5000, 0.5000, 0.5000, 0.5000, 0.5000, 0.5000, 0.5000, 0.5000,
  ]

### training/avg_episode_length
  Total points: 100
  Min: 118.0000, Max: 250.0000, Mean: 179.0440
  Data: [
    182.1000, 183.4000, 179.6000, 121.0000, 169.1000, 242.1000, 229.1000, 235.5000, 250.0000, 226.0000,
    240.9000, 248.4000, 250.0000, 250.0000, 250.0000, 230.0000, 145.8000, 153.2000, 160.7000, 149.4000,
    163.9000, 180.3000, 175.8000, 141.9000, 142.1000, 182.8000, 193.3000, 163.3000, 187.4000, 182.2000,
    174.1000, 163.4000, 155.8000, 155.6000, 168.6000, 179.5000, 183.9000, 196.2000, 121.1000, 216.0000,
    152.8000, 135.4000, 137.4000, 178.9000, 178.1000, 173.9000, 162.5000, 126.4000, 127.0000, 168.4000,
    225.9000, 120.4000, 207.0000, 153.7000, 183.8000, 145.6000, 157.4000, 175.0000, 130.5000, 178.4000,
    222.2000, 123.5000, 157.9000, 163.4000, 195.9000, 222.4000, 222.1000, 218.6000, 225.8000, 236.7000,
    118.0000, 142.8000, 146.3000, 155.3000, 121.1000, 187.0000, 134.3000, 185.3000, 157.6000, 144.1000,
    185.6000, 146.7000, 144.5000, 169.1000, 157.5000, 221.2000, 224.6000, 241.9000, 206.2000, 250.0000,
    181.6000, 203.8000, 183.5000, 174.8000, 139.3000, 180.5000, 166.5000, 161.9000, 170.8000, 172.1000,
  ]

### training/calls_per_episode
  Total points: 100
  Min: 0.0000, Max: 0.0000, Mean: 0.0000
  Data: [
    0.0000, 0.0000, 0.0000, 0.0000, 0.0000, 0.0000, 0.0000, 0.0000, 0.0000, 0.0000,
    0.0000, 0.0000, 0.0000, 0.0000, 0.0000, 0.0000, 0.0000, 0.0000, 0.0000, 0.0000,
    0.0000, 0.0000, 0.0000, 0.0000, 0.0000, 0.0000, 0.0000, 0.0000, 0.0000, 0.0000,
    0.0000, 0.0000, 0.0000, 0.0000, 0.0000, 0.0000, 0.0000, 0.0000, 0.0000, 0.0000,
    0.0000, 0.0000, 0.0000, 0.0000, 0.0000, 0.0000, 0.0000, 0.0000, 0.0000, 0.0000,
    0.0000, 0.0000, 0.0000, 0.0000, 0.0000, 0.0000, 0.0000, 0.0000, 0.0000, 0.0000,
    0.0000, 0.0000, 0.0000, 0.0000, 0.0000, 0.0000, 0.0000, 0.0000, 0.0000, 0.0000,
    0.0000, 0.0000, 0.0000, 0.0000, 0.0000, 0.0000, 0.0000, 0.0000, 0.0000, 0.0000,
    0.0000, 0.0000, 0.0000, 0.0000, 0.0000, 0.0000, 0.0000, 0.0000, 0.0000, 0.0000,
    0.0000, 0.0000, 0.0000, 0.0000, 0.0000, 0.0000, 0.0000, 0.0000, 0.0000, 0.0000,
  ]

### training/episode
  Total points: 100
  Min: 10.0000, Max: 5000.0000, Mean: 2503.7000
  Data: [
    10.0000, 20.0000, 30.0000, 40.0000, 50.0000, 60.0000, 70.0000, 80.0000, 90.0000, 100.0000,
    110.0000, 120.0000, 130.0000, 140.0000, 150.0000, 160.0000, 170.0000, 180.0000, 190.0000, 200.0000,
    210.0000, 220.0000, 230.0000, 240.0000, 250.0000, 260.0000, 270.0000, 280.0000, 290.0000, 300.0000,
    310.0000, 320.0000, 330.0000, 340.0000, 350.0000, 360.0000, 370.0000, 380.0000, 390.0000, 400.0000,
    410.0000, 420.0000, 430.0000, 440.0000, 450.0000, 460.0000, 470.0000, 480.0000, 490.0000, 500.0000,
    4500.0000, 4510.0000, 4520.0000, 4530.0000, 4540.0000, 4550.0000, 4560.0000, 4570.0000, 4580.0000, 4590.0000,
    4600.0000, 4610.0000, 4620.0000, 4640.0000, 4650.0000, 4660.0000, 4670.0000, 4680.0000, 4690.0000, 4700.0000,
    4710.0000, 4720.0000, 4730.0000, 4740.0000, 4750.0000, 4760.0000, 4770.0000, 4780.0000, 4790.0000, 4800.0000,
    4810.0000, 4820.0000, 4830.0000, 4840.0000, 4850.0000, 4860.0000, 4870.0000, 4880.0000, 4890.0000, 4900.0000,
    4910.0000, 4920.0000, 4930.0000, 4940.0000, 4950.0000, 4960.0000, 4970.0000, 4980.0000, 4990.0000, 5000.0000,
  ]

### training/episode_block_size
  Total points: 100
  Min: 50.0000, Max: 50.0000, Mean: 50.0000
  Data: [
    50.0000, 50.0000, 50.0000, 50.0000, 50.0000, 50.0000, 50.0000, 50.0000, 50.0000, 50.0000,
    50.0000, 50.0000, 50.0000, 50.0000, 50.0000, 50.0000, 50.0000, 50.0000, 50.0000, 50.0000,
    50.0000, 50.0000, 50.0000, 50.0000, 50.0000, 50.0000, 50.0000, 50.0000, 50.0000, 50.0000,
    50.0000, 50.0000, 50.0000, 50.0000, 50.0000, 50.0000, 50.0000, 50.0000, 50.0000, 50.0000,
    50.0000, 50.0000, 50.0000, 50.0000, 50.0000, 50.0000, 50.0000, 50.0000, 50.0000, 50.0000,
    50.0000, 50.0000, 50.0000, 50.0000, 50.0000, 50.0000, 50.0000, 50.0000, 50.0000, 50.0000,
    50.0000, 50.0000, 50.0000, 50.0000, 50.0000, 50.0000, 50.0000, 50.0000, 50.0000, 50.0000,
    50.0000, 50.0000, 50.0000, 50.0000, 50.0000, 50.0000, 50.0000, 50.0000, 50.0000, 50.0000,
    50.0000, 50.0000, 50.0000, 50.0000, 50.0000, 50.0000, 50.0000, 50.0000, 50.0000, 50.0000,
    50.0000, 50.0000, 50.0000, 50.0000, 50.0000, 50.0000, 50.0000, 50.0000, 50.0000, 50.0000,
  ]

### training/episodes_in_current_block
  Total points: 100
  Min: 9.0000, Max: 49.0000, Mean: 29.2000
  Data: [
    9.0000, 19.0000, 29.0000, 39.0000, 49.0000, 9.0000, 19.0000, 29.0000, 39.0000, 49.0000,
    9.0000, 19.0000, 29.0000, 39.0000, 49.0000, 9.0000, 19.0000, 29.0000, 39.0000, 49.0000,
    9.0000, 19.0000, 29.0000, 39.0000, 49.0000, 9.0000, 19.0000, 29.0000, 39.0000, 49.0000,
    9.0000, 19.0000, 29.0000, 39.0000, 49.0000, 9.0000, 19.0000, 29.0000, 39.0000, 49.0000,
    9.0000, 19.0000, 29.0000, 39.0000, 49.0000, 9.0000, 19.0000, 29.0000, 39.0000, 49.0000,
    49.0000, 9.0000, 19.0000, 29.0000, 39.0000, 49.0000, 9.0000, 19.0000, 29.0000, 39.0000,
    49.0000, 9.0000, 19.0000, 39.0000, 49.0000, 9.0000, 19.0000, 29.0000, 39.0000, 49.0000,
    9.0000, 19.0000, 29.0000, 39.0000, 49.0000, 9.0000, 19.0000, 29.0000, 39.0000, 49.0000,
    9.0000, 19.0000, 29.0000, 39.0000, 49.0000, 9.0000, 19.0000, 29.0000, 39.0000, 49.0000,
    9.0000, 19.0000, 29.0000, 39.0000, 49.0000, 9.0000, 19.0000, 29.0000, 39.0000, 49.0000,
  ]

### training/eps_per_sec
  Total points: 100
  Min: 0.1551, Max: 11.5701, Mean: 3.7996
  Data: [
    2.9539, 7.5465, 7.6894, 11.5701, 8.3740, 4.2813, 4.4694, 4.4598, 4.2365, 4.6666,
    3.8486, 4.1566, 4.1549, 4.1422, 4.1792, 6.1719, 9.5067, 8.9304, 8.5179, 9.4892,
    8.3546, 7.8174, 8.0178, 9.8010, 9.7027, 7.4643, 7.2000, 8.7693, 7.3262, 7.4018,
    7.5075, 8.0505, 8.5173, 8.6865, 7.9048, 7.4397, 6.8752, 6.8464, 10.8151, 6.3324,
    8.4440, 9.6263, 9.3711, 7.3735, 7.3188, 7.5978, 8.1674, 10.0950, 9.9682, 7.8554,
    0.2133, 0.2268, 0.1828, 0.1913, 0.1894, 0.2598, 0.2422, 0.1967, 0.1552, 0.1632,
    0.1952, 0.1598, 0.1572, 0.2030, 0.1918, 0.1989, 0.1895, 0.1791, 0.1902, 0.1874,
    0.2259, 0.2498, 0.1611, 0.1779, 0.2469, 0.2260, 0.2141, 0.2014, 0.1997, 0.2107,
    0.2073, 0.2576, 0.1660, 0.2033, 0.1602, 0.1995, 0.1896, 0.2027, 0.1996, 0.2251,
    0.1976, 0.2074, 0.1942, 0.1551, 0.2006, 0.2029, 0.2496, 0.1674, 0.2116, 0.1867,
  ]

### training/epsilon
  Total points: 100
  Min: 0.5000, Max: 0.5000, Mean: 0.5000
  Data: [
    0.5000, 0.5000, 0.5000, 0.5000, 0.5000, 0.5000, 0.5000, 0.5000, 0.5000, 0.5000,
    0.5000, 0.5000, 0.5000, 0.5000, 0.5000, 0.5000, 0.5000, 0.5000, 0.5000, 0.5000,
    0.5000, 0.5000, 0.5000, 0.5000, 0.5000, 0.5000, 0.5000, 0.5000, 0.5000, 0.5000,
    0.5000, 0.5000, 0.5000, 0.5000, 0.5000, 0.5000, 0.5000, 0.5000, 0.5000, 0.5000,
    0.5000, 0.5000, 0.5000, 0.5000, 0.5000, 0.5000, 0.5000, 0.5000, 0.5000, 0.5000,
    0.5000, 0.5000, 0.5000, 0.5000, 0.5000, 0.5000, 0.5000, 0.5000, 0.5000, 0.5000,
    0.5000, 0.5000, 0.5000, 0.5000, 0.5000, 0.5000, 0.5000, 0.5000, 0.5000, 0.5000,
    0.5000, 0.5000, 0.5000, 0.5000, 0.5000, 0.5000, 0.5000, 0.5000, 0.5000, 0.5000,
    0.5000, 0.5000, 0.5000, 0.5000, 0.5000, 0.5000, 0.5000, 0.5000, 0.5000, 0.5000,
    0.5000, 0.5000, 0.5000, 0.5000, 0.5000, 0.5000, 0.5000, 0.5000, 0.5000, 0.5000,
  ]

### training/pbrs_enabled
  Total points: 100
  Min: 1.0000, Max: 1.0000, Mean: 1.0000
  Data: [
    1.0000, 1.0000, 1.0000, 1.0000, 1.0000, 1.0000, 1.0000, 1.0000, 1.0000, 1.0000,
    1.0000, 1.0000, 1.0000, 1.0000, 1.0000, 1.0000, 1.0000, 1.0000, 1.0000, 1.0000,
    1.0000, 1.0000, 1.0000, 1.0000, 1.0000, 1.0000, 1.0000, 1.0000, 1.0000, 1.0000,
    1.0000, 1.0000, 1.0000, 1.0000, 1.0000, 1.0000, 1.0000, 1.0000, 1.0000, 1.0000,
    1.0000, 1.0000, 1.0000, 1.0000, 1.0000, 1.0000, 1.0000, 1.0000, 1.0000, 1.0000,
    1.0000, 1.0000, 1.0000, 1.0000, 1.0000, 1.0000, 1.0000, 1.0000, 1.0000, 1.0000,
    1.0000, 1.0000, 1.0000, 1.0000, 1.0000, 1.0000, 1.0000, 1.0000, 1.0000, 1.0000,
    1.0000, 1.0000, 1.0000, 1.0000, 1.0000, 1.0000, 1.0000, 1.0000, 1.0000, 1.0000,
    1.0000, 1.0000, 1.0000, 1.0000, 1.0000, 1.0000, 1.0000, 1.0000, 1.0000, 1.0000,
    1.0000, 1.0000, 1.0000, 1.0000, 1.0000, 1.0000, 1.0000, 1.0000, 1.0000, 1.0000,
  ]

### values/Q_avg
  Total points: 50
  Min: -2.0325, Max: 1.2253, Mean: -0.5900
  Data: [
    0.0156, 0.0374, 0.0283, 0.0615, 0.0431, 0.0462, 0.0612, 0.0354, 0.0492, 0.0334,
    0.0312, 0.0184, 0.0204, 0.0149, 0.0582, 0.0271, 0.0128, 0.0411, 0.0392, 0.0157,
    1.2253, 1.0354, 0.7565, 0.1604, 0.2374, -0.4385, -0.5083, -0.6507, -0.9656, -1.2128,
    -1.4592, -1.3906, -1.2431, -1.0877, -1.4638, -1.2635, -1.5288, -1.6692, -1.4023, -1.6119,
    -1.8307, -1.2365, -1.3267, -1.3946, -1.5422, -1.2410, -2.0325, -1.6669, -1.7501, -1.6879,
  ]

### values/Q_max
  Total points: 50
  Min: 0.2495, Max: 2.7849, Mean: 1.0710
  Data: [
    0.3079, 0.2495, 0.3067, 0.2740, 0.2949, 0.3240, 0.2978, 0.2990, 0.2884, 0.3390,
    0.2661, 0.2632, 0.2847, 0.2725, 0.2939, 0.3079, 0.2801, 0.2795, 0.2863, 0.5520,
    2.7849, 2.5382, 2.3270, 1.9675, 1.9846, 1.3030, 1.7535, 2.0578, 1.7209, 1.8518,
    2.0465, 1.3229, 1.0748, 1.6301, 1.9493, 1.9368, 1.8278, 1.1683, 0.4703, 1.5373,
    0.6860, 2.0572, 0.9378, 1.5736, 1.0767, 1.2430, 1.6219, 0.9216, 0.8944, 1.2173,
  ]

### values/Q_min
  Total points: 50
  Min: -8.0094, Max: -0.1877, Mean: -3.9224
  Data: [
    -0.2860, -0.2173, -0.2064, -0.2108, -0.2745, -0.2177, -0.2322, -0.2966, -0.2429, -0.2738,
    -0.2915, -0.2532, -0.2304, -0.2999, -0.1877, -0.2498, -0.2830, -0.2682, -0.2406, -0.3619,
    -4.3585, -3.5223, -5.6300, -5.6863, -4.2873, -5.2707, -7.7261, -5.0863, -6.7659, -7.0424,
    -7.2779, -7.3800, -6.5749, -6.2404, -6.7868, -6.1740, -8.0094, -7.2637, -7.4406, -6.5565,
    -7.1730, -4.7618, -5.8332, -6.9981, -6.1877, -6.6026, -7.1863, -6.3149, -7.1037, -7.7523,
  ]

### values/Q_std
  Total points: 50
  Min: 0.0990, Max: 1.8552, Mean: 0.9753
  Data: [
    0.1191, 0.1053, 0.1167, 0.1113, 0.1176, 0.1287, 0.0990, 0.1337, 0.1234, 0.1268,
    0.1150, 0.1140, 0.1200, 0.1188, 0.1211, 0.1236, 0.1282, 0.1207, 0.1085, 0.1579,
    1.4704, 1.4513, 1.4083, 1.4784, 1.0259, 1.4521, 1.7224, 1.3983, 1.5244, 1.5337,
    1.8552, 1.6804, 1.5905, 1.4710, 1.6737, 1.5301, 1.4580, 1.5910, 1.5961, 1.6305,
    1.7531, 1.3786, 1.3576, 1.5626, 1.5182, 1.4427, 1.8269, 1.7380, 1.7143, 1.5214,
  ]
