================================================================================
W&B RUN DATA: v10TD3-Hockey-NORMAL-weak-lr0.0003-seed48
================================================================================

## RUN METADATA
Run ID: b5x7hgua
Created: 2026-01-03T17:01:46Z
State: crashed
Duration: 23502.12728825 seconds

## CONFIGURATION
  algorithm: TD3
  mode: NORMAL
  opponent: weak
  learning_rate_actor: 0.0003
  learning_rate_critic: 0.0003
  batch_size: 512
  buffer_size: 500000
  max_episodes: 25000
  random_seed: 48
  self_play_start: 500
  self_play_pool_size: 12
  gamma: 0.99
  tau: 0.005

## FINAL SUMMARY

## NOTE: Data discretized to fit 100000 char limit
  Showing ~100 points per metric (of 241 total)

## METRICS DATA

### behavior/action_magnitude_avg
  Total points: 100
  Min: 0.5723, Max: 1.3895, Mean: 1.1754
  Data: [
    0.5723, 0.9758, 0.9065, 0.8744, 0.9824, 1.2183, 1.0466, 1.1165, 0.9585, 1.2228,
    1.0283, 1.0841, 0.9864, 0.9686, 0.9958, 1.1011, 1.2558, 1.1283, 1.1743, 1.0714,
    0.9749, 1.0939, 1.0343, 1.1539, 1.1720, 1.1806, 1.2404, 1.0976, 1.1929, 0.7542,
    1.0393, 1.1041, 0.8247, 1.0956, 1.2650, 0.8345, 1.1171, 0.7415, 1.2327, 0.9881,
    1.3195, 1.2019, 0.9995, 0.8228, 1.1834, 1.0363, 1.1843, 0.9314, 1.2495, 1.2122,
    1.2716, 1.3164, 1.2801, 1.3203, 1.3895, 1.3087, 1.3008, 1.2414, 1.3445, 1.3061,
    1.2941, 1.2700, 1.2915, 1.2716, 1.3035, 1.1911, 1.3259, 1.3445, 1.2862, 1.2090,
    1.2853, 1.3157, 1.3163, 1.2608, 1.2856, 1.2690, 1.3036, 1.2718, 1.3545, 1.2216,
    1.2991, 1.3214, 1.2865, 1.2415, 1.2531, 1.2997, 1.2445, 1.3078, 1.2854, 1.2662,
    1.3248, 1.2884, 1.2692, 1.3771, 1.2390, 1.3088, 1.3361, 1.3341, 1.2954, 1.2638,
  ]

### behavior/action_magnitude_max
  Total points: 100
  Min: 1.2720, Max: 1.4142, Mean: 1.4122
  Data: [
    1.4142, 1.4142, 1.2720, 1.4142, 1.4142, 1.4142, 1.4142, 1.4142, 1.4142, 1.4142,
    1.4142, 1.4142, 1.4142, 1.4142, 1.4142, 1.4142, 1.4142, 1.4142, 1.4142, 1.4142,
    1.4142, 1.4142, 1.4142, 1.4142, 1.4142, 1.4142, 1.4142, 1.4142, 1.4142, 1.4142,
    1.4142, 1.4142, 1.4142, 1.4142, 1.4142, 1.4142, 1.4142, 1.4142, 1.4142, 1.4142,
    1.4142, 1.4142, 1.4142, 1.4142, 1.4142, 1.4142, 1.4142, 1.3824, 1.4142, 1.4142,
    1.4142, 1.4142, 1.4053, 1.4142, 1.4142, 1.4142, 1.4142, 1.4142, 1.4142, 1.4142,
    1.4142, 1.4131, 1.4142, 1.4142, 1.4142, 1.4092, 1.4142, 1.4142, 1.4104, 1.4142,
    1.4142, 1.4142, 1.4142, 1.4142, 1.4142, 1.4142, 1.4142, 1.4142, 1.4142, 1.4142,
    1.4142, 1.4137, 1.4133, 1.4142, 1.4142, 1.4142, 1.4077, 1.4142, 1.4116, 1.4142,
    1.4142, 1.4142, 1.4142, 1.4142, 1.4142, 1.4142, 1.4142, 1.4142, 1.4142, 1.4142,
  ]

### behavior/dist_to_puck_avg
  Total points: 100
  Min: 1.4099, Max: 4.5013, Mean: 2.5669
  Data: [
    4.5013, 4.1096, 2.9838, 3.9236, 4.0604, 2.4930, 2.1968, 2.6721, 2.5799, 2.4527,
    2.7657, 2.8258, 2.4299, 1.4099, 2.7736, 2.3519, 2.4073, 2.4804, 2.2684, 1.8616,
    2.1549, 2.3473, 2.7059, 2.0562, 2.3871, 2.1878, 2.8571, 2.4568, 2.4884, 3.4938,
    2.5169, 2.6001, 3.1475, 2.7123, 2.8024, 2.0977, 2.5503, 2.5816, 2.7115, 2.5068,
    2.7032, 2.8615, 2.9571, 2.4177, 2.3762, 2.1379, 1.9763, 2.2818, 2.6200, 2.6211,
    2.4698, 2.4818, 2.4381, 2.6328, 2.9122, 2.5569, 2.7139, 2.3592, 2.0151, 2.6974,
    2.6310, 2.3841, 2.4475, 2.4542, 2.4774, 2.7881, 2.3420, 2.7384, 2.3208, 2.5195,
    2.3718, 2.3506, 2.4817, 2.9516, 2.8511, 2.5427, 2.3326, 2.6136, 2.6145, 2.4210,
    2.6865, 1.9252, 2.1433, 2.3314, 2.4769, 2.6639, 2.3804, 2.6827, 2.5916, 2.4482,
    2.5924, 2.3079, 2.3799, 2.5034, 2.4332, 2.5291, 2.5800, 2.4005, 2.4568, 2.4058,
  ]

### behavior/dist_to_puck_min
  Total points: 100
  Min: 0.0484, Max: 2.1976, Mean: 0.3604
  Data: [
    2.1976, 0.2420, 1.1909, 1.9997, 2.0765, 0.3014, 0.3144, 0.6252, 0.0982, 0.6004,
    1.5589, 0.3139, 0.3141, 0.3144, 0.3140, 0.2768, 0.3145, 0.3155, 0.2544, 0.3147,
    0.5329, 0.2312, 0.2647, 0.2307, 0.2386, 0.3165, 0.5268, 0.0520, 0.5663, 0.1790,
    0.3144, 0.3138, 0.1464, 0.2441, 0.2672, 0.5540, 0.2437, 0.3137, 0.2876, 0.2349,
    0.1923, 0.2501, 0.1945, 0.2371, 0.1550, 0.2967, 0.0821, 0.2478, 0.1537, 0.2614,
    0.2167, 0.0576, 0.5940, 0.3137, 0.3137, 0.3137, 0.4517, 0.1610, 0.3137, 0.3138,
    0.2979, 0.3140, 0.2842, 0.1406, 0.2240, 0.3144, 0.2847, 0.3087, 0.1872, 0.3138,
    0.2740, 0.3201, 0.3326, 0.3141, 0.3139, 0.0512, 0.3622, 0.3139, 0.2980, 0.2662,
    0.2178, 0.3137, 0.3076, 0.1919, 0.1759, 0.2890, 0.3138, 0.2919, 0.3804, 0.0484,
    0.0862, 0.3138, 0.3138, 0.3137, 0.1275, 0.3028, 0.2897, 0.3137, 0.6116, 0.1995,
  ]

### behavior/distance_traveled
  Total points: 100
  Min: 2.9433, Max: 27.4165, Mean: 11.5119
  Data: [
    3.6927, 13.7719, 9.6809, 7.0754, 5.8179, 14.2859, 5.3088, 7.3339, 16.5987, 10.3461,
    5.5796, 5.8472, 22.3491, 6.4395, 17.8878, 14.9832, 5.6934, 3.4270, 24.5627, 6.3626,
    7.3361, 6.4704, 15.3633, 16.6719, 23.3188, 16.8744, 4.8188, 23.1171, 3.3732, 18.9288,
    15.9308, 5.6915, 26.6166, 20.7830, 3.7213, 8.1409, 19.3973, 22.9023, 7.5621, 19.8374,
    9.3713, 8.9330, 17.2228, 11.4939, 27.4165, 21.9716, 19.5506, 6.3208, 16.1032, 8.6531,
    20.0408, 15.2586, 3.1950, 8.0254, 3.2077, 18.9874, 3.2999, 14.0581, 3.7847, 6.2974,
    8.9405, 4.1473, 16.0714, 10.4340, 16.8099, 4.9703, 16.8153, 8.5335, 7.4157, 6.1682,
    10.8536, 3.2456, 3.3757, 7.0803, 8.5103, 17.1395, 2.9433, 9.7564, 10.0711, 14.2599,
    13.2503, 3.9212, 3.1722, 10.3740, 17.9289, 12.9504, 13.3147, 16.2911, 3.5221, 16.4566,
    17.7738, 7.1464, 16.0366, 6.3562, 10.0520, 19.0710, 9.1814, 9.6576, 3.3466, 16.7579,
  ]

### behavior/lazy_action_ratio
  Total points: 100
  Min: 0.0000, Max: 0.0120, Mean: 0.0006
  Data: [
    0.0000, 0.0080, 0.0040, 0.0000, 0.0000, 0.0000, 0.0000, 0.0000, 0.0000, 0.0000,
    0.0000, 0.0000, 0.0000, 0.0000, 0.0000, 0.0000, 0.0000, 0.0000, 0.0000, 0.0000,
    0.0000, 0.0000, 0.0052, 0.0000, 0.0000, 0.0000, 0.0000, 0.0000, 0.0000, 0.0040,
    0.0000, 0.0000, 0.0120, 0.0000, 0.0000, 0.0105, 0.0000, 0.0080, 0.0000, 0.0080,
    0.0000, 0.0000, 0.0000, 0.0000, 0.0040, 0.0000, 0.0000, 0.0000, 0.0000, 0.0000,
    0.0000, 0.0000, 0.0000, 0.0000, 0.0000, 0.0000, 0.0000, 0.0000, 0.0000, 0.0000,
    0.0000, 0.0000, 0.0000, 0.0000, 0.0000, 0.0000, 0.0000, 0.0000, 0.0000, 0.0000,
    0.0000, 0.0000, 0.0000, 0.0000, 0.0000, 0.0000, 0.0000, 0.0000, 0.0000, 0.0000,
    0.0000, 0.0000, 0.0000, 0.0000, 0.0000, 0.0000, 0.0000, 0.0000, 0.0000, 0.0000,
    0.0000, 0.0000, 0.0000, 0.0000, 0.0000, 0.0000, 0.0000, 0.0000, 0.0000, 0.0000,
  ]

### behavior/puck_touches
  Total points: 100
  Min: 0.0000, Max: 14.0000, Mean: 3.4100
  Data: [
    0.0000, 3.0000, 0.0000, 0.0000, 0.0000, 1.0000, 1.0000, 1.0000, 5.0000, 1.0000,
    0.0000, 1.0000, 4.0000, 1.0000, 2.0000, 6.0000, 1.0000, 1.0000, 3.0000, 1.0000,
    0.0000, 2.0000, 8.0000, 2.0000, 3.0000, 1.0000, 0.0000, 10.0000, 1.0000, 7.0000,
    3.0000, 1.0000, 4.0000, 6.0000, 2.0000, 0.0000, 6.0000, 1.0000, 3.0000, 8.0000,
    6.0000, 2.0000, 8.0000, 4.0000, 14.0000, 4.0000, 6.0000, 3.0000, 7.0000, 4.0000,
    9.0000, 6.0000, 1.0000, 2.0000, 1.0000, 4.0000, 1.0000, 7.0000, 1.0000, 1.0000,
    3.0000, 1.0000, 7.0000, 5.0000, 7.0000, 1.0000, 7.0000, 2.0000, 3.0000, 1.0000,
    3.0000, 1.0000, 1.0000, 2.0000, 1.0000, 10.0000, 1.0000, 3.0000, 4.0000, 6.0000,
    4.0000, 1.0000, 1.0000, 7.0000, 6.0000, 4.0000, 5.0000, 7.0000, 1.0000, 7.0000,
    7.0000, 2.0000, 6.0000, 1.0000, 3.0000, 4.0000, 3.0000, 3.0000, 1.0000, 8.0000,
  ]

### behavior/time_near_puck
  Total points: 100
  Min: 0.0000, Max: 0.3947, Mean: 0.1622
  Data: [
    0.0000, 0.1080, 0.0000, 0.0000, 0.0000, 0.0600, 0.1750, 0.0000, 0.0320, 0.0000,
    0.0000, 0.2000, 0.1760, 0.2388, 0.0720, 0.2240, 0.1818, 0.0690, 0.1240, 0.2254,
    0.0000, 0.1609, 0.0838, 0.1268, 0.0840, 0.0758, 0.0000, 0.1880, 0.0000, 0.0720,
    0.1584, 0.1724, 0.1200, 0.2000, 0.1200, 0.0000, 0.1280, 0.0600, 0.2941, 0.1960,
    0.2330, 0.1573, 0.1120, 0.1320, 0.1680, 0.1280, 0.2640, 0.3333, 0.1840, 0.0714,
    0.2480, 0.2520, 0.0000, 0.2000, 0.2273, 0.2140, 0.0741, 0.2560, 0.3125, 0.2154,
    0.2364, 0.2571, 0.2000, 0.2888, 0.2880, 0.1493, 0.2640, 0.2366, 0.2842, 0.1806,
    0.1739, 0.1154, 0.0741, 0.1429, 0.1429, 0.2251, 0.1111, 0.1986, 0.1983, 0.2294,
    0.1898, 0.3947, 0.1200, 0.2922, 0.1320, 0.2151, 0.2715, 0.2520, 0.0714, 0.2360,
    0.2160, 0.2935, 0.2480, 0.2131, 0.2063, 0.2160, 0.2569, 0.2698, 0.0000, 0.2200,
  ]

### behavior/velocity_avg
  Total points: 100
  Min: 1.1312, Max: 7.5212, Mean: 4.2720
  Data: [
    2.7595, 2.6825, 1.8597, 1.4172, 1.1312, 2.7925, 3.3260, 4.7132, 3.2864, 3.9943,
    3.3317, 4.1562, 4.5009, 4.7629, 3.3475, 3.0190, 4.4499, 6.0737, 4.8497, 4.6333,
    5.4075, 3.8546, 3.9777, 5.7297, 4.6865, 6.1855, 7.3683, 4.5682, 6.9614, 3.7279,
    4.0242, 3.2127, 5.2558, 4.0527, 7.3595, 4.3511, 3.9484, 4.4530, 3.6903, 3.9475,
    4.5651, 5.0365, 3.4125, 2.2873, 5.5144, 4.3440, 3.9591, 3.9849, 3.2570, 3.5177,
    4.0250, 3.0753, 6.0602, 4.0873, 7.5212, 4.1909, 6.3054, 2.8717, 6.1803, 4.9188,
    4.1116, 6.1448, 3.2301, 2.8758, 3.4087, 3.6063, 3.3737, 4.6156, 3.9200, 4.2265,
    3.9938, 6.4450, 6.5352, 3.9619, 4.6693, 3.6976, 5.8313, 3.5227, 4.1363, 3.2809,
    4.8454, 5.3835, 6.5519, 2.4062, 3.5654, 3.8133, 3.0946, 3.3206, 6.6150, 3.3449,
    3.6223, 3.8687, 3.2670, 5.2411, 4.0093, 3.8403, 4.2856, 3.7134, 6.4215, 3.4339,
  ]

### behavior/velocity_max
  Total points: 100
  Min: 6.2845, Max: 11.6154, Mean: 10.9020
  Data: [
    6.2845, 10.8810, 8.5081, 10.4901, 10.1656, 10.9288, 10.6671, 10.7831, 11.2278, 10.5787,
    10.7717, 11.0694, 11.4032, 10.9999, 10.6379, 11.0628, 11.2002, 11.0490, 11.4223, 10.2613,
    10.8137, 10.3689, 11.4977, 11.5801, 11.3410, 11.2475, 11.0329, 11.0229, 10.3728, 10.6846,
    11.6154, 10.2383, 10.7430, 11.3517, 11.3948, 11.2094, 11.2239, 11.3463, 11.0173, 10.2438,
    11.3730, 11.1702, 11.2769, 10.8938, 11.5259, 11.3110, 10.1287, 10.8550, 10.6834, 10.4232,
    11.1358, 11.0896, 10.8095, 11.0595, 11.4339, 11.2835, 10.7495, 10.6515, 10.9680, 10.6393,
    10.9841, 10.3968, 10.6193, 10.6444, 11.4714, 10.8158, 10.5360, 11.5169, 11.1950, 11.1909,
    10.7936, 10.8931, 10.6836, 10.8246, 10.7956, 11.4666, 10.6914, 10.6028, 10.5685, 10.5344,
    11.3888, 11.0021, 11.2794, 10.6879, 11.5471, 11.3237, 11.1102, 11.2474, 11.1075, 11.2955,
    11.2263, 11.1637, 11.0099, 11.2872, 10.6037, 10.7423, 11.2598, 11.4463, 10.9376, 11.1079,
  ]

### losses/actor_loss
  Total points: 100
  Min: -6.4267, Max: 1.0378, Mean: -3.6871
  Data: [
    0.0000, 0.0000, 0.0000, 0.0000, 0.0021, 0.3501, 0.6318, 0.8134, 0.9273, 0.9905,
    1.0159, 1.0314, 1.0378, 1.0160, 0.9679, 0.9001, 0.7946, 0.6369, 0.4337, 0.2123,
    0.0014, -0.1669, -0.3540, -0.5274, -0.6589, -0.8039, -0.9430, -1.0917, -1.2593, -1.3993,
    -1.5175, -1.6799, -1.8054, -1.9544, -2.1351, -2.3004, -2.4524, -2.5712, -2.7300, -2.8648,
    -2.9858, -3.0999, -3.2181, -3.2742, -3.4200, -3.5775, -3.6764, -3.7585, -3.8886, -3.9860,
    -6.3359, -6.3325, -6.3309, -6.3049, -6.2861, -6.2646, -6.2819, -6.2865, -6.3354, -6.2683,
    -6.3274, -6.3388, -6.3669, -6.3574, -6.4169, -6.4078, -6.4106, -6.4267, -6.4111, -6.4055,
    -6.3894, -6.3134, -6.3901, -6.4009, -6.4052, -6.3865, -6.3677, -6.3860, -6.2951, -6.3672,
    -6.3396, -6.3406, -6.3221, -6.3000, -6.2885, -6.3032, -6.3150, -6.2961, -6.2774, -6.2825,
    -6.2966, -6.2978, -6.2942, -6.2845, -6.2837, -6.2893, -6.2828, -6.2664, -6.2116, -6.2040,
  ]

### losses/critic_loss
  Total points: 100
  Min: 0.0000, Max: 0.0843, Mean: 0.0612
  Data: [
    0.0000, 0.0000, 0.0000, 0.0000, 0.0002, 0.0148, 0.0201, 0.0246, 0.0316, 0.0370,
    0.0442, 0.0501, 0.0532, 0.0583, 0.0623, 0.0689, 0.0716, 0.0739, 0.0739, 0.0757,
    0.0769, 0.0774, 0.0783, 0.0785, 0.0789, 0.0783, 0.0813, 0.0782, 0.0779, 0.0798,
    0.0779, 0.0809, 0.0798, 0.0816, 0.0804, 0.0822, 0.0833, 0.0843, 0.0839, 0.0842,
    0.0826, 0.0792, 0.0786, 0.0764, 0.0747, 0.0721, 0.0718, 0.0690, 0.0702, 0.0689,
    0.0557, 0.0566, 0.0554, 0.0586, 0.0604, 0.0627, 0.0617, 0.0613, 0.0587, 0.0588,
    0.0589, 0.0580, 0.0574, 0.0568, 0.0558, 0.0552, 0.0559, 0.0546, 0.0555, 0.0576,
    0.0572, 0.0570, 0.0573, 0.0580, 0.0569, 0.0597, 0.0588, 0.0587, 0.0610, 0.0611,
    0.0600, 0.0611, 0.0617, 0.0618, 0.0617, 0.0610, 0.0622, 0.0631, 0.0652, 0.0643,
    0.0638, 0.0625, 0.0645, 0.0642, 0.0647, 0.0664, 0.0664, 0.0666, 0.0660, 0.0671,
  ]

### pbrs/avg_per_episode
  Total points: 100
  Min: 0.0023, Max: 0.0056, Mean: 0.0036
  Data: [
    0.0023, 0.0029, 0.0025, 0.0032, 0.0028, 0.0039, 0.0043, 0.0056, 0.0040, 0.0044,
    0.0036, 0.0037, 0.0028, 0.0035, 0.0028, 0.0029, 0.0032, 0.0038, 0.0035, 0.0036,
    0.0035, 0.0028, 0.0048, 0.0040, 0.0040, 0.0047, 0.0046, 0.0046, 0.0046, 0.0053,
    0.0042, 0.0038, 0.0041, 0.0043, 0.0043, 0.0050, 0.0043, 0.0044, 0.0045, 0.0044,
    0.0040, 0.0046, 0.0045, 0.0048, 0.0044, 0.0035, 0.0044, 0.0043, 0.0036, 0.0036,
    0.0038, 0.0026, 0.0032, 0.0043, 0.0030, 0.0038, 0.0040, 0.0042, 0.0039, 0.0039,
    0.0026, 0.0036, 0.0035, 0.0025, 0.0030, 0.0031, 0.0035, 0.0040, 0.0035, 0.0029,
    0.0031, 0.0029, 0.0030, 0.0026, 0.0030, 0.0027, 0.0038, 0.0027, 0.0033, 0.0032,
    0.0032, 0.0040, 0.0029, 0.0041, 0.0033, 0.0037, 0.0035, 0.0032, 0.0034, 0.0034,
    0.0032, 0.0036, 0.0028, 0.0036, 0.0028, 0.0029, 0.0034, 0.0028, 0.0033, 0.0041,
  ]

### performance/cumulative_win_rate
  Total points: 100
  Min: 0.0620, Max: 0.4470, Mean: 0.3047
  Data: [
    0.0900, 0.0750, 0.0767, 0.0675, 0.0620, 0.0833, 0.0971, 0.1075, 0.1211, 0.1290,
    0.1400, 0.1550, 0.1669, 0.1714, 0.1793, 0.1900, 0.1941, 0.1944, 0.2011, 0.2035,
    0.2048, 0.2109, 0.2122, 0.2175, 0.2216, 0.2238, 0.2237, 0.2229, 0.2241, 0.2247,
    0.2294, 0.2322, 0.2342, 0.2365, 0.2394, 0.2403, 0.2395, 0.2421, 0.2418, 0.2420,
    0.2427, 0.2448, 0.2451, 0.2448, 0.2456, 0.2480, 0.2483, 0.2490, 0.2482, 0.2500,
    0.3827, 0.3837, 0.3849, 0.3860, 0.3870, 0.3881, 0.3892, 0.3900, 0.3909, 0.3923,
    0.3939, 0.3948, 0.3961, 0.3979, 0.3995, 0.4009, 0.4023, 0.4033, 0.4044, 0.4064,
    0.4082, 0.4100, 0.4113, 0.4125, 0.4139, 0.4156, 0.4173, 0.4184, 0.4196, 0.4209,
    0.4223, 0.4235, 0.4250, 0.4260, 0.4276, 0.4291, 0.4307, 0.4321, 0.4332, 0.4349,
    0.4363, 0.4379, 0.4392, 0.4408, 0.4422, 0.4436, 0.4447, 0.4461, 0.4470, 0.4470,
  ]

### performance/losses
  Total points: 100
  Min: 19.0000, Max: 2841.0000, Mean: 1663.8500
  Data: [
    19.0000, 34.0000, 55.0000, 79.0000, 107.0000, 139.0000, 168.0000, 215.0000, 252.0000, 297.0000,
    340.0000, 377.0000, 414.0000, 448.0000, 486.0000, 512.0000, 536.0000, 555.0000, 577.0000, 613.0000,
    639.0000, 664.0000, 686.0000, 706.0000, 724.0000, 747.0000, 773.0000, 796.0000, 813.0000, 837.0000,
    855.0000, 873.0000, 891.0000, 909.0000, 926.0000, 942.0000, 963.0000, 984.0000, 1007.0000, 1023.0000,
    1037.0000, 1049.0000, 1064.0000, 1081.0000, 1098.0000, 1111.0000, 1125.0000, 1141.0000, 1162.0000, 1169.0000,
    2450.0000, 2457.0000, 2467.0000, 2478.0000, 2491.0000, 2498.0000, 2503.0000, 2513.0000, 2521.0000, 2529.0000,
    2538.0000, 2547.0000, 2560.0000, 2566.0000, 2574.0000, 2584.0000, 2591.0000, 2596.0000, 2606.0000, 2610.0000,
    2614.0000, 2621.0000, 2630.0000, 2639.0000, 2646.0000, 2658.0000, 2664.0000, 2672.0000, 2678.0000, 2681.0000,
    2684.0000, 2689.0000, 2694.0000, 2702.0000, 2710.0000, 2719.0000, 2730.0000, 2742.0000, 2755.0000, 2759.0000,
    2765.0000, 2768.0000, 2780.0000, 2785.0000, 2794.0000, 2807.0000, 2812.0000, 2819.0000, 2830.0000, 2841.0000,
  ]

### performance/ties
  Total points: 100
  Min: 72.0000, Max: 10487.0000, Mean: 5646.9400
  Data: [
    72.0000, 151.0000, 222.0000, 294.0000, 362.0000, 411.0000, 464.0000, 499.0000, 539.0000, 574.0000,
    606.0000, 637.0000, 669.0000, 712.0000, 745.0000, 784.0000, 834.0000, 895.0000, 941.0000, 980.0000,
    1031.0000, 1072.0000, 1126.0000, 1172.0000, 1222.0000, 1271.0000, 1323.0000, 1380.0000, 1437.0000, 1489.0000,
    1534.0000, 1584.0000, 1636.0000, 1687.0000, 1736.0000, 1793.0000, 1851.0000, 1896.0000, 1950.0000, 2009.0000,
    2068.0000, 2123.0000, 2182.0000, 2242.0000, 2297.0000, 2348.0000, 2408.0000, 2464.0000, 2522.0000, 2581.0000,
    9403.0000, 9437.0000, 9466.0000, 9495.0000, 9523.0000, 9557.0000, 9591.0000, 9626.0000, 9661.0000, 9685.0000,
    9706.0000, 9739.0000, 9760.0000, 9778.0000, 9797.0000, 9817.0000, 9841.0000, 9875.0000, 9902.0000, 9916.0000,
    9932.0000, 9947.0000, 9969.0000, 9993.0000, 10014.0000, 10024.0000, 10039.0000, 10066.0000, 10091.0000, 10117.0000,
    10141.0000, 10167.0000, 10187.0000, 10212.0000, 10226.0000, 10241.0000, 10250.0000, 10262.0000, 10282.0000, 10294.0000,
    10312.0000, 10330.0000, 10342.0000, 10356.0000, 10369.0000, 10379.0000, 10403.0000, 10419.0000, 10443.0000, 10487.0000,
  ]

### performance/wins
  Total points: 100
  Min: 9.0000, Max: 10772.0000, Mean: 4789.2100
  Data: [
    9.0000, 15.0000, 23.0000, 27.0000, 31.0000, 50.0000, 68.0000, 86.0000, 109.0000, 129.0000,
    154.0000, 186.0000, 217.0000, 240.0000, 269.0000, 304.0000, 330.0000, 350.0000, 382.0000, 407.0000,
    430.0000, 464.0000, 488.0000, 522.0000, 554.0000, 582.0000, 604.0000, 624.0000, 650.0000, 674.0000,
    711.0000, 743.0000, 773.0000, 804.0000, 838.0000, 865.0000, 886.0000, 920.0000, 943.0000, 968.0000,
    995.0000, 1028.0000, 1054.0000, 1077.0000, 1105.0000, 1141.0000, 1167.0000, 1195.0000, 1216.0000, 1250.0000,
    7347.0000, 7406.0000, 7467.0000, 7527.0000, 7586.0000, 7645.0000, 7706.0000, 7761.0000, 7818.0000, 7886.0000,
    7956.0000, 8014.0000, 8080.0000, 8156.0000, 8229.0000, 8299.0000, 8368.0000, 8429.0000, 8492.0000, 8574.0000,
    8654.0000, 8732.0000, 8801.0000, 8868.0000, 8940.0000, 9018.0000, 9097.0000, 9162.0000, 9231.0000, 9302.0000,
    9375.0000, 9444.0000, 9519.0000, 9586.0000, 9664.0000, 9740.0000, 9820.0000, 9896.0000, 9963.0000, 10047.0000,
    10123.0000, 10202.0000, 10278.0000, 10359.0000, 10437.0000, 10514.0000, 10585.0000, 10662.0000, 10727.0000, 10772.0000,
  ]

### rewards/p1
  Total points: 100
  Min: -24.8776, Max: 17.1593, Mean: 9.9675
  Data: [
    -21.7989, -23.0892, -22.9221, -24.8776, -23.9472, -5.3646, -2.6687, -2.3338, 0.0392, -2.6314,
    0.1455, 1.2720, 0.2039, 3.4656, 3.3994, 4.2162, 6.5201, 8.2771, 7.4146, 5.8165,
    5.3101, 6.8426, 8.6623, 8.2304, 9.5640, 8.1045, 7.0223, 8.1918, 9.4323, 9.1383,
    10.1334, 10.9824, 10.9679, 10.5657, 10.4932, 10.9598, 9.6532, 9.8926, 9.9547, 10.4215,
    10.2029, 12.1713, 11.2425, 11.0892, 10.8058, 12.2557, 12.2893, 11.7456, 11.3625, 13.9907,
    16.1665, 15.6929, 15.1852, 15.3992, 14.5326, 16.0716, 17.0174, 15.3384, 17.0994, 15.9039,
    14.8175, 15.6864, 13.8894, 16.2429, 15.1279, 15.6440, 16.1629, 16.7454, 15.2421, 15.8858,
    15.7641, 15.7906, 14.5232, 14.6243, 15.3330, 13.5667, 16.1952, 15.2461, 16.7280, 16.7223,
    16.6391, 16.5788, 15.5388, 17.0187, 15.8297, 16.0459, 15.0013, 14.8272, 14.3244, 17.1593,
    16.9478, 16.8206, 14.5357, 16.6816, 15.2551, 14.0708, 16.3323, 15.0531, 15.0178, 15.9095,
  ]

### rewards/p2
  Total points: 100
  Min: -22.8793, Max: -1.9833, Mean: -6.4554
  Data: [
    -21.4094, -22.8793, -21.6727, -21.8215, -20.3186, -7.2124, -6.1116, -3.3185, -3.9721, -3.3728,
    -2.7672, -4.1041, -4.7486, -2.6222, -2.6586, -5.0195, -4.5173, -3.9050, -4.2939, -1.9833,
    -3.8668, -3.9509, -3.8372, -4.6247, -4.3039, -3.7382, -2.7420, -3.1404, -4.2258, -3.0506,
    -4.3428, -4.0742, -4.0148, -3.7954, -4.3775, -3.7652, -2.5452, -4.1922, -2.6645, -3.2872,
    -4.1416, -4.5942, -3.7320, -3.1263, -3.4558, -4.6395, -3.4200, -3.7203, -2.2475, -5.0658,
    -6.6427, -6.2032, -6.3342, -6.0171, -5.8120, -6.3586, -6.7284, -5.7259, -5.9920, -6.9235,
    -7.1990, -6.0742, -6.4584, -8.0230, -7.4887, -7.0451, -7.4481, -6.6976, -6.3246, -8.9059,
    -8.6169, -7.9944, -7.1514, -6.7851, -7.6143, -7.6543, -8.3050, -6.6693, -7.4145, -7.9462,
    -8.1702, -7.5920, -8.0610, -7.0094, -8.0994, -7.8267, -8.0908, -7.4017, -6.6445, -9.0701,
    -8.0835, -8.7747, -7.6211, -8.6717, -8.0301, -7.4889, -7.7380, -8.0375, -6.5206, -4.6667,
  ]

### rewards/sparse_only
  Total points: 100
  Min: -25.8215, Max: 6.9299, Mean: -0.1154
  Data: [
    -23.4094, -24.6793, -24.2727, -25.8215, -25.1186, -9.8124, -8.3116, -9.1185, -6.7721, -8.3728,
    -6.3672, -5.1041, -5.9486, -4.8222, -4.4586, -3.2195, -4.1173, -3.7050, -2.2939, -4.1833,
    -4.4668, -2.1509, -3.4372, -1.8247, -1.5039, -2.7382, -3.5420, -3.7404, -2.4258, -3.0506,
    -0.5428, -1.2742, -1.6148, -1.1954, -0.9775, -1.5652, -2.5452, -1.5922, -2.6645, -1.4872,
    -1.5416, -0.3942, -1.5320, -1.9263, -1.2558, -0.0395, -1.0200, -1.3203, -2.2475, 0.3342,
    4.3573, 4.1968, 3.8658, 3.7829, 3.3880, 4.0414, 4.4716, 3.2741, 3.8080, 5.0765,
    5.0010, 3.7258, 4.1416, 5.9770, 5.5113, 4.9549, 4.9519, 4.5024, 4.2754, 6.6941,
    6.5831, 6.2056, 4.8486, 4.8149, 5.3857, 5.5457, 6.2950, 4.7307, 5.1855, 5.6538,
    5.8298, 5.2080, 5.9390, 4.7906, 5.9006, 5.5733, 5.7092, 5.3983, 4.1555, 6.9299,
    5.9165, 6.4253, 5.1789, 6.5283, 5.7699, 5.3111, 5.4620, 5.9625, 4.2794, 2.1333,
  ]

### rewards/sparse_ratio
  Total points: 100
  Min: -172.8260, Max: 3.9071, Mean: -2.2813
  Data: [
    1.0739, 1.0689, 1.0589, 1.0379, 1.0489, 1.8291, 3.1145, 3.9071, -172.8260, 3.1818,
    -43.7472, -4.0126, -29.1749, -1.3914, -1.3116, -0.7636, -0.6315, -0.4476, -0.3094, -0.7192,
    -0.8412, -0.3143, -0.3968, -0.2217, -0.1572, -0.3379, -0.5044, -0.4566, -0.2572, -0.3338,
    -0.0536, -0.1160, -0.1472, -0.1131, -0.0932, -0.1428, -0.2637, -0.1609, -0.2677, -0.1427,
    -0.1511, -0.0324, -0.1363, -0.1737, -0.1162, -0.0032, -0.0830, -0.1124, -0.1978, 0.0239,
    0.2695, 0.2674, 0.2546, 0.2457, 0.2331, 0.2515, 0.2628, 0.2135, 0.2227, 0.3192,
    0.3375, 0.2375, 0.2982, 0.3680, 0.3643, 0.3167, 0.3064, 0.2689, 0.2805, 0.4214,
    0.4176, 0.3930, 0.3338, 0.3292, 0.3512, 0.4088, 0.3887, 0.3103, 0.3100, 0.3381,
    0.3504, 0.3141, 0.3822, 0.2815, 0.3728, 0.3473, 0.3806, 0.3641, 0.2901, 0.4039,
    0.3491, 0.3820, 0.3563, 0.3913, 0.3782, 0.3775, 0.3344, 0.3961, 0.2850, 0.1341,
  ]

### scoring/goals_conceded
  Total points: 100
  Min: 19.0000, Max: 2841.0000, Mean: 1663.8500
  Data: [
    19.0000, 34.0000, 55.0000, 79.0000, 107.0000, 139.0000, 168.0000, 215.0000, 252.0000, 297.0000,
    340.0000, 377.0000, 414.0000, 448.0000, 486.0000, 512.0000, 536.0000, 555.0000, 577.0000, 613.0000,
    639.0000, 664.0000, 686.0000, 706.0000, 724.0000, 747.0000, 773.0000, 796.0000, 813.0000, 837.0000,
    855.0000, 873.0000, 891.0000, 909.0000, 926.0000, 942.0000, 963.0000, 984.0000, 1007.0000, 1023.0000,
    1037.0000, 1049.0000, 1064.0000, 1081.0000, 1098.0000, 1111.0000, 1125.0000, 1141.0000, 1162.0000, 1169.0000,
    2450.0000, 2457.0000, 2467.0000, 2478.0000, 2491.0000, 2498.0000, 2503.0000, 2513.0000, 2521.0000, 2529.0000,
    2538.0000, 2547.0000, 2560.0000, 2566.0000, 2574.0000, 2584.0000, 2591.0000, 2596.0000, 2606.0000, 2610.0000,
    2614.0000, 2621.0000, 2630.0000, 2639.0000, 2646.0000, 2658.0000, 2664.0000, 2672.0000, 2678.0000, 2681.0000,
    2684.0000, 2689.0000, 2694.0000, 2702.0000, 2710.0000, 2719.0000, 2730.0000, 2742.0000, 2755.0000, 2759.0000,
    2765.0000, 2768.0000, 2780.0000, 2785.0000, 2794.0000, 2807.0000, 2812.0000, 2819.0000, 2830.0000, 2841.0000,
  ]

### scoring/goals_scored
  Total points: 100
  Min: 9.0000, Max: 10772.0000, Mean: 4789.2100
  Data: [
    9.0000, 15.0000, 23.0000, 27.0000, 31.0000, 50.0000, 68.0000, 86.0000, 109.0000, 129.0000,
    154.0000, 186.0000, 217.0000, 240.0000, 269.0000, 304.0000, 330.0000, 350.0000, 382.0000, 407.0000,
    430.0000, 464.0000, 488.0000, 522.0000, 554.0000, 582.0000, 604.0000, 624.0000, 650.0000, 674.0000,
    711.0000, 743.0000, 773.0000, 804.0000, 838.0000, 865.0000, 886.0000, 920.0000, 943.0000, 968.0000,
    995.0000, 1028.0000, 1054.0000, 1077.0000, 1105.0000, 1141.0000, 1167.0000, 1195.0000, 1216.0000, 1250.0000,
    7347.0000, 7406.0000, 7467.0000, 7527.0000, 7586.0000, 7645.0000, 7706.0000, 7761.0000, 7818.0000, 7886.0000,
    7956.0000, 8014.0000, 8080.0000, 8156.0000, 8229.0000, 8299.0000, 8368.0000, 8429.0000, 8492.0000, 8574.0000,
    8654.0000, 8732.0000, 8801.0000, 8868.0000, 8940.0000, 9018.0000, 9097.0000, 9162.0000, 9231.0000, 9302.0000,
    9375.0000, 9444.0000, 9519.0000, 9586.0000, 9664.0000, 9740.0000, 9820.0000, 9896.0000, 9963.0000, 10047.0000,
    10123.0000, 10202.0000, 10278.0000, 10359.0000, 10437.0000, 10514.0000, 10585.0000, 10662.0000, 10727.0000, 10772.0000,
  ]

### training/avg_episode_length
  Total points: 100
  Min: 106.5400, Max: 223.7800, Mean: 153.5559
  Data: [
    211.5600, 223.7800, 210.2400, 212.2800, 206.7500, 170.3600, 176.2400, 164.8900, 157.9900, 151.2400,
    144.1400, 142.2500, 136.8900, 155.0200, 143.6100, 151.7000, 180.8700, 197.2200, 166.2300, 159.7800,
    172.6800, 151.5600, 187.9500, 165.2600, 173.9000, 174.3700, 169.1100, 189.1800, 182.3900, 182.2700,
    160.5100, 175.4100, 184.4300, 169.7600, 171.5500, 183.3500, 181.3400, 172.8200, 180.5600, 180.4200,
    179.7900, 183.9000, 183.0000, 185.9400, 178.0600, 166.6300, 187.2800, 183.3900, 187.8900, 185.8800,
    145.6900, 138.4300, 139.4600, 145.3600, 140.0300, 146.3800, 151.5200, 149.9000, 156.0400, 129.6200,
    124.6400, 144.2400, 122.5800, 124.0400, 122.0200, 131.5800, 138.7900, 149.4300, 134.2000, 118.4100,
    119.2100, 114.0500, 122.3000, 120.2500, 124.3200, 106.5400, 124.1900, 126.3900, 139.5600, 141.0600,
    134.6700, 142.3700, 124.2100, 146.3300, 122.5500, 128.2200, 119.5000, 117.4200, 130.9800, 125.2300,
    132.3000, 131.5200, 119.5400, 124.9000, 116.2900, 109.4200, 139.4600, 114.4600, 131.0100, 161.3600,
  ]

### training/calls_per_episode
  Total points: 100
  Min: 0.0000, Max: 19.7200, Mean: 14.2935
  Data: [
    0.0000, 0.0000, 0.0000, 0.0000, 0.2500, 17.0300, 17.6300, 16.4900, 15.7900, 15.1300,
    14.4100, 14.2300, 13.6900, 15.5000, 14.3600, 15.1700, 18.0900, 19.7200, 16.6200, 15.9800,
    17.2700, 15.1500, 18.8000, 16.5200, 17.3900, 17.4400, 16.9100, 18.9200, 18.2400, 18.2300,
    16.0500, 17.5400, 18.4400, 16.9800, 17.1500, 18.3400, 18.1300, 17.2800, 18.0600, 18.0400,
    17.9800, 18.3900, 18.3000, 18.5900, 17.8100, 16.6600, 18.7300, 18.3400, 18.7900, 18.5900,
    14.5700, 13.8400, 13.9500, 14.5300, 14.0100, 14.6300, 15.1600, 14.9900, 15.6000, 12.9600,
    12.4700, 14.4200, 12.2600, 12.4000, 12.2000, 13.1600, 13.8800, 14.9400, 13.4200, 11.8500,
    11.9200, 11.4000, 12.2300, 12.0300, 12.4300, 10.6500, 12.4200, 12.6400, 13.9600, 14.1000,
    13.4700, 14.2400, 12.4200, 14.6300, 12.2600, 12.8200, 11.9500, 11.7400, 13.1000, 12.5200,
    13.2300, 13.1500, 11.9600, 12.4900, 11.6300, 10.9400, 13.9400, 11.4500, 13.1000, 16.1400,
  ]

### training/episode
  Total points: 100
  Min: 100.0000, Max: 24100.0000, Mean: 12100.0000
  Data: [
    100.0000, 200.0000, 300.0000, 400.0000, 500.0000, 600.0000, 700.0000, 800.0000, 900.0000, 1000.0000,
    1100.0000, 1200.0000, 1300.0000, 1400.0000, 1500.0000, 1600.0000, 1700.0000, 1800.0000, 1900.0000, 2000.0000,
    2100.0000, 2200.0000, 2300.0000, 2400.0000, 2500.0000, 2600.0000, 2700.0000, 2800.0000, 2900.0000, 3000.0000,
    3100.0000, 3200.0000, 3300.0000, 3400.0000, 3500.0000, 3600.0000, 3700.0000, 3800.0000, 3900.0000, 4000.0000,
    4100.0000, 4200.0000, 4300.0000, 4400.0000, 4500.0000, 4600.0000, 4700.0000, 4800.0000, 4900.0000, 5000.0000,
    19200.0000, 19300.0000, 19400.0000, 19500.0000, 19600.0000, 19700.0000, 19800.0000, 19900.0000, 20000.0000, 20100.0000,
    20200.0000, 20300.0000, 20400.0000, 20500.0000, 20600.0000, 20700.0000, 20800.0000, 20900.0000, 21000.0000, 21100.0000,
    21200.0000, 21300.0000, 21400.0000, 21500.0000, 21600.0000, 21700.0000, 21800.0000, 21900.0000, 22000.0000, 22100.0000,
    22200.0000, 22300.0000, 22400.0000, 22500.0000, 22600.0000, 22700.0000, 22800.0000, 22900.0000, 23000.0000, 23100.0000,
    23200.0000, 23300.0000, 23400.0000, 23500.0000, 23600.0000, 23700.0000, 23800.0000, 23900.0000, 24000.0000, 24100.0000,
  ]

### training/eps_per_sec
  Total points: 100
  Min: 0.6078, Max: 5.1600, Mean: 1.2322
  Data: [
    3.8402, 4.8418, 3.8962, 5.1600, 4.4839, 0.8359, 1.0566, 1.0785, 1.1282, 1.1750,
    0.9981, 1.2335, 1.1883, 0.9514, 1.0743, 0.8226, 0.8635, 0.7373, 0.8788, 0.9291,
    0.7554, 0.9518, 0.7282, 0.8571, 0.8767, 0.7051, 0.9065, 0.7724, 0.8698, 0.8098,
    0.7355, 0.8756, 0.7672, 0.8096, 1.0256, 0.7965, 0.9692, 0.6694, 0.8424, 0.8477,
    0.6078, 0.7243, 0.6269, 0.7578, 0.7538, 0.7017, 0.7990, 0.6362, 0.7988, 0.8867,
    1.2560, 1.3092, 1.3063, 1.2515, 1.1186, 1.2389, 1.1170, 1.2120, 1.1706, 1.1706,
    1.4576, 1.1968, 1.4839, 1.4549, 1.2496, 1.3776, 1.2510, 1.2267, 1.3705, 1.2151,
    1.5308, 1.4909, 1.4979, 1.5258, 1.1994, 1.7064, 1.3592, 1.4427, 1.2975, 0.9677,
    1.2385, 1.1237, 1.1810, 1.0545, 1.0719, 1.2597, 1.2334, 1.3517, 1.2080, 0.9260,
    1.0558, 1.0597, 1.2181, 1.2872, 1.1040, 1.3544, 0.9487, 1.1945, 1.1185, 0.7381,
  ]

### training/epsilon
  Total points: 100
  Min: 0.0500, Max: 0.9851, Mean: 0.3744
  Data: [
    0.9851, 0.9704, 0.9560, 0.9418, 0.9277, 0.9139, 0.9003, 0.8869, 0.8737, 0.8607,
    0.8479, 0.8353, 0.8228, 0.8106, 0.7985, 0.7866, 0.7749, 0.7634, 0.7520, 0.7408,
    0.7298, 0.7189, 0.7082, 0.6977, 0.6873, 0.6770, 0.6670, 0.6570, 0.6472, 0.6376,
    0.6281, 0.6188, 0.6095, 0.6005, 0.5915, 0.5827, 0.5740, 0.5655, 0.5571, 0.5488,
    0.5406, 0.5326, 0.5246, 0.5168, 0.5091, 0.5016, 0.4941, 0.4867, 0.4795, 0.4723,
    0.0561, 0.0553, 0.0545, 0.0537, 0.0529, 0.0521, 0.0513, 0.0505, 0.0500, 0.0500,
    0.0500, 0.0500, 0.0500, 0.0500, 0.0500, 0.0500, 0.0500, 0.0500, 0.0500, 0.0500,
    0.0500, 0.0500, 0.0500, 0.0500, 0.0500, 0.0500, 0.0500, 0.0500, 0.0500, 0.0500,
    0.0500, 0.0500, 0.0500, 0.0500, 0.0500, 0.0500, 0.0500, 0.0500, 0.0500, 0.0500,
    0.0500, 0.0500, 0.0500, 0.0500, 0.0500, 0.0500, 0.0500, 0.0500, 0.0500, 0.0500,
  ]

### training/pbrs_enabled
  Total points: 100
  Min: 1.0000, Max: 1.0000, Mean: 1.0000
  Data: [
    1.0000, 1.0000, 1.0000, 1.0000, 1.0000, 1.0000, 1.0000, 1.0000, 1.0000, 1.0000,
    1.0000, 1.0000, 1.0000, 1.0000, 1.0000, 1.0000, 1.0000, 1.0000, 1.0000, 1.0000,
    1.0000, 1.0000, 1.0000, 1.0000, 1.0000, 1.0000, 1.0000, 1.0000, 1.0000, 1.0000,
    1.0000, 1.0000, 1.0000, 1.0000, 1.0000, 1.0000, 1.0000, 1.0000, 1.0000, 1.0000,
    1.0000, 1.0000, 1.0000, 1.0000, 1.0000, 1.0000, 1.0000, 1.0000, 1.0000, 1.0000,
    1.0000, 1.0000, 1.0000, 1.0000, 1.0000, 1.0000, 1.0000, 1.0000, 1.0000, 1.0000,
    1.0000, 1.0000, 1.0000, 1.0000, 1.0000, 1.0000, 1.0000, 1.0000, 1.0000, 1.0000,
    1.0000, 1.0000, 1.0000, 1.0000, 1.0000, 1.0000, 1.0000, 1.0000, 1.0000, 1.0000,
    1.0000, 1.0000, 1.0000, 1.0000, 1.0000, 1.0000, 1.0000, 1.0000, 1.0000, 1.0000,
    1.0000, 1.0000, 1.0000, 1.0000, 1.0000, 1.0000, 1.0000, 1.0000, 1.0000, 1.0000,
  ]

### values/Q_avg
  Total points: 100
  Min: -1.3191, Max: 6.8927, Mean: 3.7239
  Data: [
    0.0206, 0.0168, 0.0096, 0.0193, -0.1879, -0.4844, -0.6659, -0.9194, -0.9178, -0.9719,
    -0.8713, -0.9528, -0.8093, -1.3191, -0.5847, -1.0595, -0.4288, -0.5918, -0.2205, -0.0892,
    -0.2480, 0.0840, 0.7069, 0.3792, 0.7595, 1.1747, 0.9811, 1.3590, 1.5715, 1.5920,
    1.5926, 1.5698, 1.2923, 2.1847, 1.9015, 2.6396, 2.6894, 2.8535, 2.6919, 3.0504,
    2.7068, 2.9974, 2.8819, 3.1366, 3.6284, 3.8964, 4.2457, 3.7017, 4.0638, 3.9375,
    6.5941, 6.4158, 6.4630, 5.9427, 6.5169, 6.3673, 5.9734, 6.6079, 6.6022, 6.3748,
    6.3621, 6.2018, 6.4594, 6.2601, 6.4136, 6.4322, 6.3383, 6.3922, 6.3130, 6.8533,
    5.4173, 6.5510, 6.8867, 6.3049, 6.8276, 6.6710, 6.4150, 6.5987, 6.1220, 6.4721,
    5.9242, 6.5479, 6.2326, 6.0588, 6.6394, 6.2385, 6.7287, 6.4970, 5.8838, 6.6456,
    6.3514, 6.4287, 5.6992, 6.2911, 6.2840, 6.8927, 5.1998, 5.9499, 6.0509, 6.6800,
  ]

### values/Q_max
  Total points: 100
  Min: 0.1582, Max: 11.0888, Mean: 7.5408
  Data: [
    0.2418, 0.2311, 0.1841, 0.1861, 0.1582, 0.5038, 0.8662, 1.1683, 1.6009, 1.8059,
    2.0829, 2.4589, 2.8492, 2.0533, 2.7472, 2.9204, 3.5926, 3.0584, 4.1122, 3.7032,
    4.8830, 4.4979, 6.2847, 4.2627, 5.5159, 5.5309, 5.8101, 6.8455, 5.5806, 6.4850,
    7.0527, 6.2831, 7.3856, 11.0888, 7.1398, 6.7762, 6.8682, 8.0683, 7.9153, 7.7790,
    8.1051, 8.2860, 8.1388, 7.9998, 8.4632, 9.2427, 9.2710, 9.1942, 9.2884, 9.4304,
    9.8933, 9.7928, 9.8693, 10.2042, 9.7345, 9.6655, 10.2827, 9.9600, 9.9905, 10.0194,
    9.6773, 9.9517, 10.7767, 10.1572, 9.2230, 9.3929, 9.9363, 10.0162, 10.1209, 10.1256,
    9.8003, 10.1824, 10.2919, 10.0085, 10.1272, 10.1364, 9.8215, 9.8657, 9.9727, 9.8580,
    9.7412, 9.8409, 9.9038, 9.9536, 9.7209, 9.9086, 9.9982, 9.8002, 10.0043, 10.0011,
    9.9445, 9.5782, 10.1404, 10.0472, 9.7650, 10.1843, 10.0705, 9.8206, 10.2716, 10.5302,
  ]

### values/Q_min
  Total points: 100
  Min: -11.7232, Max: 0.4685, Mean: -6.4921
  Data: [
    -0.1335, -0.1877, -0.1828, -0.1720, -0.3865, -1.2770, -2.1908, -2.9651, -3.6859, -3.9070,
    -4.2807, -4.5478, -5.2448, -5.4578, -5.2281, -5.7880, -4.8180, -4.7331, -5.6015, -5.0172,
    -5.6301, -5.4250, -3.6896, -6.8340, -8.4032, -3.9391, -10.5440, -6.1307, -4.7858, -7.8270,
    -4.5898, -7.3929, -10.2814, -9.5946, -10.6360, -2.8832, -2.4298, -4.7071, -9.4065, -9.9859,
    -10.7273, -10.1623, -11.0075, -10.0975, -10.0923, -5.0529, -6.5005, -9.1098, -11.4908, -9.8482,
    -10.6472, -7.3978, -2.3167, -10.8400, -1.0844, -2.4805, -10.7006, 0.4685, -0.5691, -10.7324,
    -7.7467, -6.4248, -7.6701, -6.1768, -0.8189, -10.6168, -11.7232, -11.1475, -6.1378, -6.3169,
    -10.6664, -10.8502, -5.9363, -9.8558, -7.2444, -2.5393, -6.7200, -3.8098, -10.5301, -1.8632,
    -9.1374, -3.1447, -10.5343, -10.4338, -7.9332, -10.8352, -1.8758, -2.1912, -10.4893, -10.6822,
    -9.8429, -5.4395, -11.5264, -3.1262, -6.6587, -2.6423, -10.9617, -8.4366, -10.9396, -6.2755,
  ]

### values/Q_std
  Total points: 100
  Min: 0.0692, Max: 4.0890, Mean: 2.2230
  Data: [
    0.0702, 0.0743, 0.0692, 0.0769, 0.1160, 0.5368, 0.8613, 1.1543, 1.4558, 1.6568,
    1.8383, 1.7881, 1.9138, 1.9394, 2.0617, 2.1637, 2.0114, 1.8564, 1.9633, 1.7028,
    1.9060, 1.7730, 1.6956, 1.9299, 1.9281, 1.4153, 2.5142, 1.7514, 1.6902, 2.4885,
    2.0922, 2.3083, 2.8471, 2.2748, 2.8557, 1.7675, 1.7949, 1.8267, 2.2478, 2.6111,
    3.3099, 2.7498, 3.0909, 2.4245, 2.5372, 2.0597, 1.9062, 2.6118, 2.4616, 2.7751,
    2.2961, 2.1696, 2.0240, 3.3687, 1.7739, 2.2067, 3.9449, 1.6901, 1.9147, 2.7146,
    2.3942, 2.4505, 2.1215, 2.3920, 1.6153, 2.8915, 2.8351, 2.8172, 2.4086, 1.9240,
    3.8084, 2.4115, 2.0776, 2.9123, 2.2944, 1.9050, 2.6934, 2.0929, 3.3334, 2.1477,
    3.5684, 2.1601, 3.0476, 3.2101, 2.0056, 3.0707, 1.9057, 1.9086, 3.3486, 2.7757,
    2.6240, 1.8954, 4.0248, 2.4954, 2.6569, 1.8467, 4.0890, 3.4181, 3.1937, 2.4656,
  ]
