================================================================================
W&B RUN DATA: TD3-Hockey-NORMAL-self-lr0.0003-seed48
================================================================================

## RUN METADATA
Run ID: lhb3y2qx
Created: 2026-01-05T12:57:54Z
State: finished
Duration: 19080.311611503 seconds

## CONFIGURATION
  algorithm: TD3
  mode: NORMAL
  opponent: self
  learning_rate_actor: 0.0003
  learning_rate_critic: 0.0003
  batch_size: 512
  buffer_size: 500000
  max_episodes: 50000
  random_seed: 48
  self_play_start: 0
  self_play_pool_size: 12
  gamma: 0.99
  tau: 0.005

## FINAL SUMMARY
  final_win_rate: 0.38466666666666666
  wins: 8655
  losses: 1863
  ties: 11982
  total_episodes: 50000

## NOTE: Data discretized to fit 100000 char limit
  Showing ~100 points per metric (of 225 total)

## METRICS DATA

### eval/vs_strong_avg_reward
  Total points: 45
  Min: -1.8574, Max: 6.0987, Mean: 2.1189
  Data: [
    -1.8574, 2.5527, 0.9780, 3.7264, 1.5665, 4.4516, 4.1281, 1.7637, 0.1820, 1.6091,
    2.3223, 2.5552, 3.8066, 1.8851, 2.5753, 1.9279, 3.6131, -0.7396, 2.4802, 1.3631,
    2.3773, 4.5590, 0.1140, 3.3052, 1.5445, 1.2693, -0.9568, -0.2874, 2.5911, 4.0852,
    3.3313, 2.4219, 3.9123, 0.5375, 0.5800, 1.4215, 1.8426, 1.9565, 0.7257, 1.4581,
    3.6832, 6.0987, 2.1910, 3.8164, 1.8845,
  ]

### eval/vs_strong_loss_rate
  Total points: 45
  Min: 0.0100, Max: 0.2400, Mean: 0.1102
  Data: [
    0.2400, 0.0600, 0.1300, 0.1000, 0.1500, 0.0500, 0.0100, 0.0800, 0.1100, 0.1200,
    0.0800, 0.1000, 0.0900, 0.0300, 0.0800, 0.1200, 0.0600, 0.1600, 0.1900, 0.1000,
    0.1200, 0.0900, 0.1500, 0.0500, 0.1300, 0.1500, 0.2400, 0.0500, 0.0700, 0.0900,
    0.0500, 0.1300, 0.0900, 0.2100, 0.1700, 0.1400, 0.0400, 0.1400, 0.0500, 0.1000,
    0.1200, 0.0800, 0.2200, 0.1500, 0.0700,
  ]

### eval/vs_strong_tie_rate
  Total points: 45
  Min: 0.0100, Max: 0.7100, Mean: 0.3322
  Data: [
    0.3900, 0.4400, 0.3700, 0.2500, 0.3000, 0.2200, 0.3200, 0.4400, 0.4900, 0.3100,
    0.3500, 0.3200, 0.2200, 0.5200, 0.3500, 0.2800, 0.2900, 0.4800, 0.2000, 0.4800,
    0.3300, 0.1900, 0.4700, 0.2900, 0.3600, 0.3600, 0.3300, 0.7100, 0.4200, 0.1900,
    0.3300, 0.2600, 0.2100, 0.3000, 0.3700, 0.3600, 0.5000, 0.3000, 0.5900, 0.4000,
    0.1500, 0.0100, 0.0400, 0.0700, 0.3900,
  ]

### eval/vs_strong_win_rate
  Total points: 45
  Min: 0.2400, Max: 0.9100, Mean: 0.5576
  Data: [
    0.3700, 0.5000, 0.5000, 0.6500, 0.5500, 0.7300, 0.6700, 0.4800, 0.4000, 0.5700,
    0.5700, 0.5800, 0.6900, 0.4500, 0.5700, 0.6000, 0.6500, 0.3600, 0.6100, 0.4200,
    0.5500, 0.7200, 0.3800, 0.6600, 0.5100, 0.4900, 0.4300, 0.2400, 0.5100, 0.7200,
    0.6200, 0.6100, 0.7000, 0.4900, 0.4600, 0.5000, 0.4600, 0.5600, 0.3600, 0.5000,
    0.7300, 0.9100, 0.7400, 0.7800, 0.5400,
  ]

### eval/vs_strong_win_rate_decisive
  Total points: 45
  Min: 0.6066, Max: 0.9853, Mean: 0.8329
  Data: [
    0.6066, 0.8929, 0.7937, 0.8667, 0.7857, 0.9359, 0.9853, 0.8571, 0.7843, 0.8261,
    0.8769, 0.8529, 0.8846, 0.9375, 0.8769, 0.8333, 0.9155, 0.6923, 0.7625, 0.8077,
    0.8209, 0.8889, 0.7170, 0.9296, 0.7969, 0.7656, 0.6418, 0.8276, 0.8793, 0.8889,
    0.9254, 0.8243, 0.8861, 0.7000, 0.7302, 0.7812, 0.9200, 0.8000, 0.8780, 0.8333,
    0.8588, 0.9192, 0.7708, 0.8387, 0.8852,
  ]

### eval/vs_weak_avg_reward
  Total points: 45
  Min: -3.1477, Max: 2.9441, Mean: 0.4190
  Data: [
    -0.1345, -0.8102, -1.8968, 1.0188, 1.0252, -0.0516, 0.5785, -0.4704, 0.1822, -1.2903,
    1.3462, 1.1993, -0.6785, -0.0299, 1.0008, 0.5407, -0.1188, 2.3328, 2.5102, 1.5157,
    0.7245, 0.5085, -0.7135, -1.0792, 0.5091, 1.8919, 0.7979, -0.0725, -0.4284, 0.8495,
    -1.1864, -1.0232, 1.3678, 1.8349, 2.0189, 0.4565, -0.0340, 1.0181, 1.5072, -3.1477,
    1.1192, -0.6946, -0.5613, 2.4760, 2.9441,
  ]

### eval/vs_weak_loss_rate
  Total points: 45
  Min: 0.0600, Max: 0.3200, Mean: 0.1582
  Data: [
    0.1800, 0.2300, 0.2700, 0.1400, 0.0800, 0.1900, 0.1300, 0.1200, 0.1400, 0.2400,
    0.1500, 0.0900, 0.1800, 0.1500, 0.1900, 0.1400, 0.1900, 0.1500, 0.1500, 0.0800,
    0.1700, 0.1300, 0.2400, 0.2300, 0.1400, 0.1400, 0.0800, 0.1200, 0.2300, 0.1200,
    0.2200, 0.1700, 0.1500, 0.1100, 0.1400, 0.1500, 0.1900, 0.1400, 0.0600, 0.3200,
    0.1200, 0.1500, 0.1200, 0.1700, 0.1200,
  ]

### eval/vs_weak_tie_rate
  Total points: 45
  Min: 0.1700, Max: 0.6100, Mean: 0.4242
  Data: [
    0.4300, 0.3800, 0.3900, 0.4000, 0.5200, 0.3800, 0.4300, 0.6100, 0.4900, 0.3900,
    0.3300, 0.4900, 0.4800, 0.5000, 0.3100, 0.4700, 0.4300, 0.2800, 0.2900, 0.5200,
    0.3900, 0.5000, 0.3900, 0.3600, 0.4600, 0.3800, 0.5400, 0.5700, 0.3700, 0.4500,
    0.4300, 0.5000, 0.3500, 0.3900, 0.3500, 0.4300, 0.3800, 0.4100, 0.5600, 0.4100,
    0.4100, 0.5600, 0.5700, 0.1700, 0.2400,
  ]

### eval/vs_weak_win_rate
  Total points: 45
  Min: 0.2700, Max: 0.6600, Mean: 0.4176
  Data: [
    0.3900, 0.3900, 0.3400, 0.4600, 0.4000, 0.4300, 0.4400, 0.2700, 0.3700, 0.3700,
    0.5200, 0.4200, 0.3400, 0.3500, 0.5000, 0.3900, 0.3800, 0.5700, 0.5600, 0.4000,
    0.4400, 0.3700, 0.3700, 0.4100, 0.4000, 0.4800, 0.3800, 0.3100, 0.4000, 0.4300,
    0.3500, 0.3300, 0.5000, 0.5000, 0.5100, 0.4200, 0.4300, 0.4500, 0.3800, 0.2700,
    0.4700, 0.2900, 0.3100, 0.6600, 0.6400,
  ]

### eval/vs_weak_win_rate_decisive
  Total points: 45
  Min: 0.4576, Max: 0.8636, Mean: 0.7248
  Data: [
    0.6842, 0.6290, 0.5574, 0.7667, 0.8333, 0.6935, 0.7719, 0.6923, 0.7255, 0.6066,
    0.7761, 0.8235, 0.6538, 0.7000, 0.7246, 0.7358, 0.6667, 0.7917, 0.7887, 0.8333,
    0.7213, 0.7400, 0.6066, 0.6406, 0.7407, 0.7742, 0.8261, 0.7209, 0.6349, 0.7818,
    0.6140, 0.6600, 0.7692, 0.8197, 0.7846, 0.7368, 0.6935, 0.7627, 0.8636, 0.4576,
    0.7966, 0.6591, 0.7209, 0.7952, 0.8421,
  ]

### losses/actor_loss
  Total points: 100
  Min: -6.1539, Max: -4.3763, Mean: -5.1010
  Data: [
    -6.1539, -6.0586, -6.0050, -5.8581, -5.7668, -5.6749, -5.5969, -5.4180, -5.3521, -5.3482,
    -5.2439, -5.2159, -5.0451, -4.9957, -4.8586, -4.7606, -4.7811, -4.7108, -4.7120, -4.5905,
    -4.5980, -4.5817, -4.6150, -4.5487, -4.5597, -4.5509, -4.5311, -4.5744, -4.4863, -4.5259,
    -4.5322, -4.5125, -4.4643, -4.4370, -4.4853, -4.4200, -4.3763, -4.4283, -4.3805, -4.3997,
    -4.3877, -4.4703, -4.4626, -4.3920, -4.4526, -4.4545, -4.4419, -4.4867, -4.5316, -4.5060,
    -5.1421, -5.2698, -5.2087, -5.1568, -5.1817, -5.1966, -5.1830, -5.2108, -5.2797, -5.1864,
    -5.2466, -5.2243, -5.1883, -5.1581, -5.1412, -5.2723, -5.2305, -5.3071, -5.2473, -5.3987,
    -5.3766, -5.3803, -5.3492, -5.4593, -5.3679, -5.4347, -5.5432, -5.4343, -5.5072, -5.4676,
    -5.4340, -5.5098, -5.5158, -5.5640, -5.6069, -5.6326, -5.6947, -5.6377, -5.6171, -5.5300,
    -5.4548, -5.4821, -5.4928, -5.4110, -5.3943, -5.5267, -5.5211, -5.5757, -5.5743, -5.4370,
  ]

### losses/critic_loss
  Total points: 100
  Min: 0.0090, Max: 0.0753, Mean: 0.0422
  Data: [
    0.0385, 0.0405, 0.0449, 0.0524, 0.0543, 0.0705, 0.0743, 0.0587, 0.0640, 0.0565,
    0.0583, 0.0588, 0.0564, 0.0677, 0.0728, 0.0627, 0.0677, 0.0640, 0.0753, 0.0680,
    0.0529, 0.0665, 0.0620, 0.0576, 0.0614, 0.0554, 0.0614, 0.0623, 0.0477, 0.0521,
    0.0633, 0.0508, 0.0566, 0.0536, 0.0532, 0.0516, 0.0518, 0.0571, 0.0474, 0.0596,
    0.0566, 0.0528, 0.0671, 0.0556, 0.0446, 0.0540, 0.0461, 0.0550, 0.0509, 0.0585,
    0.0349, 0.0383, 0.0345, 0.0320, 0.0286, 0.0332, 0.0361, 0.0327, 0.0309, 0.0372,
    0.0334, 0.0357, 0.0360, 0.0331, 0.0441, 0.0308, 0.0361, 0.0386, 0.0464, 0.0319,
    0.0413, 0.0285, 0.0357, 0.0311, 0.0320, 0.0313, 0.0293, 0.0285, 0.0283, 0.0286,
    0.0245, 0.0223, 0.0217, 0.0145, 0.0188, 0.0171, 0.0246, 0.0209, 0.0129, 0.0153,
    0.0186, 0.0136, 0.0140, 0.0125, 0.0159, 0.0159, 0.0174, 0.0109, 0.0090, 0.0137,
  ]

### pbrs/avg_per_episode
  Total points: 100
  Min: 0.0033, Max: 0.0038, Mean: 0.0035
  Data: [
    0.0033, 0.0033, 0.0036, 0.0037, 0.0037, 0.0038, 0.0037, 0.0037, 0.0037, 0.0036,
    0.0036, 0.0035, 0.0035, 0.0035, 0.0035, 0.0035, 0.0035, 0.0035, 0.0035, 0.0035,
    0.0035, 0.0035, 0.0035, 0.0035, 0.0035, 0.0035, 0.0035, 0.0035, 0.0035, 0.0035,
    0.0035, 0.0035, 0.0035, 0.0034, 0.0034, 0.0034, 0.0035, 0.0035, 0.0034, 0.0035,
    0.0034, 0.0034, 0.0034, 0.0034, 0.0034, 0.0034, 0.0034, 0.0034, 0.0034, 0.0034,
    0.0035, 0.0035, 0.0035, 0.0035, 0.0035, 0.0035, 0.0035, 0.0035, 0.0035, 0.0035,
    0.0035, 0.0035, 0.0035, 0.0035, 0.0035, 0.0035, 0.0035, 0.0035, 0.0035, 0.0035,
    0.0035, 0.0035, 0.0035, 0.0035, 0.0035, 0.0035, 0.0035, 0.0035, 0.0035, 0.0035,
    0.0035, 0.0035, 0.0035, 0.0035, 0.0035, 0.0035, 0.0036, 0.0036, 0.0036, 0.0036,
    0.0036, 0.0036, 0.0036, 0.0036, 0.0036, 0.0036, 0.0036, 0.0036, 0.0036, 0.0036,
  ]

### performance/cumulative_win_rate
  Total points: 100
  Min: 0.3000, Max: 0.3847, Mean: 0.3518
  Data: [
    0.3000, 0.3300, 0.3367, 0.3550, 0.3560, 0.3650, 0.3514, 0.3400, 0.3389, 0.3420,
    0.3382, 0.3333, 0.3346, 0.3329, 0.3333, 0.3300, 0.3294, 0.3322, 0.3332, 0.3335,
    0.3343, 0.3350, 0.3322, 0.3337, 0.3316, 0.3315, 0.3307, 0.3307, 0.3300, 0.3310,
    0.3306, 0.3300, 0.3276, 0.3271, 0.3283, 0.3264, 0.3278, 0.3268, 0.3262, 0.3262,
    0.3251, 0.3240, 0.3237, 0.3239, 0.3231, 0.3230, 0.3238, 0.3244, 0.3243, 0.3246,
    0.3632, 0.3636, 0.3639, 0.3640, 0.3640, 0.3642, 0.3642, 0.3645, 0.3647, 0.3648,
    0.3652, 0.3653, 0.3653, 0.3658, 0.3659, 0.3662, 0.3667, 0.3671, 0.3677, 0.3682,
    0.3687, 0.3691, 0.3694, 0.3697, 0.3701, 0.3706, 0.3711, 0.3717, 0.3724, 0.3729,
    0.3735, 0.3742, 0.3749, 0.3754, 0.3761, 0.3768, 0.3773, 0.3779, 0.3785, 0.3791,
    0.3797, 0.3804, 0.3811, 0.3818, 0.3823, 0.3830, 0.3834, 0.3838, 0.3843, 0.3847,
  ]

### performance/losses
  Total points: 100
  Min: 14.0000, Max: 1863.0000, Mean: 1067.5700
  Data: [
    14.0000, 30.0000, 51.0000, 62.0000, 75.0000, 89.0000, 107.0000, 124.0000, 139.0000, 150.0000,
    163.0000, 178.0000, 190.0000, 203.0000, 217.0000, 228.0000, 245.0000, 255.0000, 268.0000, 281.0000,
    295.0000, 306.0000, 320.0000, 329.0000, 341.0000, 349.0000, 361.0000, 377.0000, 391.0000, 405.0000,
    418.0000, 428.0000, 441.0000, 450.0000, 466.0000, 477.0000, 486.0000, 502.0000, 512.0000, 527.0000,
    535.0000, 545.0000, 550.0000, 557.0000, 571.0000, 582.0000, 591.0000, 606.0000, 620.0000, 630.0000,
    1658.0000, 1666.0000, 1676.0000, 1687.0000, 1697.0000, 1705.0000, 1713.0000, 1719.0000, 1727.0000, 1734.0000,
    1741.0000, 1747.0000, 1758.0000, 1764.0000, 1773.0000, 1779.0000, 1782.0000, 1787.0000, 1790.0000, 1796.0000,
    1797.0000, 1803.0000, 1810.0000, 1813.0000, 1818.0000, 1822.0000, 1822.0000, 1823.0000, 1824.0000, 1826.0000,
    1829.0000, 1830.0000, 1831.0000, 1834.0000, 1835.0000, 1836.0000, 1838.0000, 1838.0000, 1839.0000, 1841.0000,
    1842.0000, 1844.0000, 1845.0000, 1846.0000, 1850.0000, 1851.0000, 1853.0000, 1857.0000, 1861.0000, 1863.0000,
  ]

### performance/ties
  Total points: 100
  Min: 56.0000, Max: 11982.0000, Mean: 6079.6200
  Data: [
    56.0000, 104.0000, 148.0000, 196.0000, 247.0000, 292.0000, 347.0000, 404.0000, 456.0000, 508.0000,
    565.0000, 622.0000, 675.0000, 731.0000, 783.0000, 844.0000, 895.0000, 947.0000, 999.0000, 1052.0000,
    1103.0000, 1157.0000, 1216.0000, 1270.0000, 1330.0000, 1389.0000, 1446.0000, 1497.0000, 1552.0000, 1602.0000,
    1657.0000, 1716.0000, 1778.0000, 1838.0000, 1885.0000, 1948.0000, 2001.0000, 2056.0000, 2116.0000, 2168.0000,
    2232.0000, 2294.0000, 2358.0000, 2418.0000, 2475.0000, 2532.0000, 2587.0000, 2637.0000, 2691.0000, 2747.0000,
    9550.0000, 9598.0000, 9646.0000, 9697.0000, 9751.0000, 9803.0000, 9859.0000, 9910.0000, 9963.0000, 10017.0000,
    10066.0000, 10121.0000, 10175.0000, 10223.0000, 10274.0000, 10326.0000, 10377.0000, 10428.0000, 10476.0000, 10525.0000,
    10577.0000, 10625.0000, 10676.0000, 10729.0000, 10779.0000, 10829.0000, 10882.0000, 10931.0000, 10979.0000, 11029.0000,
    11077.0000, 11125.0000, 11171.0000, 11220.0000, 11267.0000, 11314.0000, 11363.0000, 11413.0000, 11461.0000, 11508.0000,
    11556.0000, 11601.0000, 11648.0000, 11693.0000, 11740.0000, 11785.0000, 11835.0000, 11884.0000, 11931.0000, 11982.0000,
  ]

### performance/wins
  Total points: 100
  Min: 30.0000, Max: 8655.0000, Mean: 4152.8100
  Data: [
    30.0000, 66.0000, 101.0000, 142.0000, 178.0000, 219.0000, 246.0000, 272.0000, 305.0000, 342.0000,
    372.0000, 400.0000, 435.0000, 466.0000, 500.0000, 528.0000, 560.0000, 598.0000, 633.0000, 667.0000,
    702.0000, 737.0000, 764.0000, 801.0000, 829.0000, 862.0000, 893.0000, 926.0000, 957.0000, 993.0000,
    1025.0000, 1056.0000, 1081.0000, 1112.0000, 1149.0000, 1175.0000, 1213.0000, 1242.0000, 1272.0000, 1305.0000,
    1333.0000, 1361.0000, 1392.0000, 1425.0000, 1454.0000, 1486.0000, 1522.0000, 1557.0000, 1589.0000, 1623.0000,
    6392.0000, 6436.0000, 6478.0000, 6516.0000, 6552.0000, 6592.0000, 6628.0000, 6671.0000, 6710.0000, 6749.0000,
    6793.0000, 6832.0000, 6867.0000, 6913.0000, 6953.0000, 6995.0000, 7041.0000, 7085.0000, 7134.0000, 7179.0000,
    7226.0000, 7272.0000, 7314.0000, 7358.0000, 7403.0000, 7449.0000, 7496.0000, 7546.0000, 7597.0000, 7645.0000,
    7694.0000, 7745.0000, 7798.0000, 7846.0000, 7898.0000, 7950.0000, 7999.0000, 8049.0000, 8100.0000, 8151.0000,
    8202.0000, 8255.0000, 8307.0000, 8361.0000, 8410.0000, 8464.0000, 8512.0000, 8559.0000, 8608.0000, 8655.0000,
  ]

### rewards/p1
  Total points: 100
  Min: 1.5761, Max: 20.2231, Mean: 12.0635
  Data: [
    12.9856, 2.4007, 6.9348, 11.7812, 9.8441, 8.0187, 9.7807, 12.9704, 8.6113, 12.4397,
    14.0315, 6.5708, 12.1569, 13.6541, 1.5761, 11.1113, 10.7145, 6.7414, 9.8503, 9.8852,
    11.5960, 8.3788, 5.6332, 15.7674, 12.5191, 13.8138, 12.9127, 11.4698, 11.9741, 4.5900,
    13.3502, 9.0935, 12.0793, 15.3142, 13.5918, 5.5848, 16.5271, 7.0701, 11.4030, 10.9925,
    12.0878, 7.9249, 13.2747, 20.2231, 11.7472, 12.1139, 11.0949, 10.1428, 9.3349, 15.5275,
    14.1901, 17.6549, 15.4504, 15.0445, 17.4322, 6.9727, 11.5149, 15.5224, 13.2958, 10.4179,
    12.2388, 12.1624, 11.1605, 10.3118, 14.7336, 16.5163, 11.6802, 15.8649, 17.1138, 17.5651,
    14.7199, 15.1863, 15.9070, 16.8190, 9.8429, 12.9305, 15.9630, 14.3853, 14.0036, 11.7829,
    10.0502, 11.6722, 13.9286, 11.8816, 14.6496, 11.7379, 14.4891, 10.6965, 12.2091, 10.6942,
    11.0481, 11.4649, 16.5500, 13.4256, 13.3185, 10.8191, 13.4212, 10.7758, 14.5900, 11.3521,
  ]

### rewards/p2
  Total points: 100
  Min: 0.0000, Max: 0.0000, Mean: 0.0000
  Data: [
    0.0000, 0.0000, 0.0000, 0.0000, 0.0000, 0.0000, 0.0000, 0.0000, 0.0000, 0.0000,
    0.0000, 0.0000, 0.0000, 0.0000, 0.0000, 0.0000, 0.0000, 0.0000, 0.0000, 0.0000,
    0.0000, 0.0000, 0.0000, 0.0000, 0.0000, 0.0000, 0.0000, 0.0000, 0.0000, 0.0000,
    0.0000, 0.0000, 0.0000, 0.0000, 0.0000, 0.0000, 0.0000, 0.0000, 0.0000, 0.0000,
    0.0000, 0.0000, 0.0000, 0.0000, 0.0000, 0.0000, 0.0000, 0.0000, 0.0000, 0.0000,
    0.0000, 0.0000, 0.0000, 0.0000, 0.0000, 0.0000, 0.0000, 0.0000, 0.0000, 0.0000,
    0.0000, 0.0000, 0.0000, 0.0000, 0.0000, 0.0000, 0.0000, 0.0000, 0.0000, 0.0000,
    0.0000, 0.0000, 0.0000, 0.0000, 0.0000, 0.0000, 0.0000, 0.0000, 0.0000, 0.0000,
    0.0000, 0.0000, 0.0000, 0.0000, 0.0000, 0.0000, 0.0000, 0.0000, 0.0000, 0.0000,
    0.0000, 0.0000, 0.0000, 0.0000, 0.0000, 0.0000, 0.0000, 0.0000, 0.0000, 0.0000,
  ]

### rewards/sparse_only
  Total points: 100
  Min: 0.0000, Max: 0.0000, Mean: 0.0000
  Data: [
    0.0000, 0.0000, 0.0000, 0.0000, 0.0000, 0.0000, 0.0000, 0.0000, 0.0000, 0.0000,
    0.0000, 0.0000, 0.0000, 0.0000, 0.0000, 0.0000, 0.0000, 0.0000, 0.0000, 0.0000,
    0.0000, 0.0000, 0.0000, 0.0000, 0.0000, 0.0000, 0.0000, 0.0000, 0.0000, 0.0000,
    0.0000, 0.0000, 0.0000, 0.0000, 0.0000, 0.0000, 0.0000, 0.0000, 0.0000, 0.0000,
    0.0000, 0.0000, 0.0000, 0.0000, 0.0000, 0.0000, 0.0000, 0.0000, 0.0000, 0.0000,
    0.0000, 0.0000, 0.0000, 0.0000, 0.0000, 0.0000, 0.0000, 0.0000, 0.0000, 0.0000,
    0.0000, 0.0000, 0.0000, 0.0000, 0.0000, 0.0000, 0.0000, 0.0000, 0.0000, 0.0000,
    0.0000, 0.0000, 0.0000, 0.0000, 0.0000, 0.0000, 0.0000, 0.0000, 0.0000, 0.0000,
    0.0000, 0.0000, 0.0000, 0.0000, 0.0000, 0.0000, 0.0000, 0.0000, 0.0000, 0.0000,
    0.0000, 0.0000, 0.0000, 0.0000, 0.0000, 0.0000, 0.0000, 0.0000, 0.0000, 0.0000,
  ]

### rewards/sparse_ratio
  Total points: 100
  Min: 0.0000, Max: 0.0000, Mean: 0.0000
  Data: [
    0.0000, 0.0000, 0.0000, 0.0000, 0.0000, 0.0000, 0.0000, 0.0000, 0.0000, 0.0000,
    0.0000, 0.0000, 0.0000, 0.0000, 0.0000, 0.0000, 0.0000, 0.0000, 0.0000, 0.0000,
    0.0000, 0.0000, 0.0000, 0.0000, 0.0000, 0.0000, 0.0000, 0.0000, 0.0000, 0.0000,
    0.0000, 0.0000, 0.0000, 0.0000, 0.0000, 0.0000, 0.0000, 0.0000, 0.0000, 0.0000,
    0.0000, 0.0000, 0.0000, 0.0000, 0.0000, 0.0000, 0.0000, 0.0000, 0.0000, 0.0000,
    0.0000, 0.0000, 0.0000, 0.0000, 0.0000, 0.0000, 0.0000, 0.0000, 0.0000, 0.0000,
    0.0000, 0.0000, 0.0000, 0.0000, 0.0000, 0.0000, 0.0000, 0.0000, 0.0000, 0.0000,
    0.0000, 0.0000, 0.0000, 0.0000, 0.0000, 0.0000, 0.0000, 0.0000, 0.0000, 0.0000,
    0.0000, 0.0000, 0.0000, 0.0000, 0.0000, 0.0000, 0.0000, 0.0000, 0.0000, 0.0000,
    0.0000, 0.0000, 0.0000, 0.0000, 0.0000, 0.0000, 0.0000, 0.0000, 0.0000, 0.0000,
  ]

### scoring/goals_conceded
  Total points: 100
  Min: 14.0000, Max: 1863.0000, Mean: 1067.5700
  Data: [
    14.0000, 30.0000, 51.0000, 62.0000, 75.0000, 89.0000, 107.0000, 124.0000, 139.0000, 150.0000,
    163.0000, 178.0000, 190.0000, 203.0000, 217.0000, 228.0000, 245.0000, 255.0000, 268.0000, 281.0000,
    295.0000, 306.0000, 320.0000, 329.0000, 341.0000, 349.0000, 361.0000, 377.0000, 391.0000, 405.0000,
    418.0000, 428.0000, 441.0000, 450.0000, 466.0000, 477.0000, 486.0000, 502.0000, 512.0000, 527.0000,
    535.0000, 545.0000, 550.0000, 557.0000, 571.0000, 582.0000, 591.0000, 606.0000, 620.0000, 630.0000,
    1658.0000, 1666.0000, 1676.0000, 1687.0000, 1697.0000, 1705.0000, 1713.0000, 1719.0000, 1727.0000, 1734.0000,
    1741.0000, 1747.0000, 1758.0000, 1764.0000, 1773.0000, 1779.0000, 1782.0000, 1787.0000, 1790.0000, 1796.0000,
    1797.0000, 1803.0000, 1810.0000, 1813.0000, 1818.0000, 1822.0000, 1822.0000, 1823.0000, 1824.0000, 1826.0000,
    1829.0000, 1830.0000, 1831.0000, 1834.0000, 1835.0000, 1836.0000, 1838.0000, 1838.0000, 1839.0000, 1841.0000,
    1842.0000, 1844.0000, 1845.0000, 1846.0000, 1850.0000, 1851.0000, 1853.0000, 1857.0000, 1861.0000, 1863.0000,
  ]

### scoring/goals_scored
  Total points: 100
  Min: 30.0000, Max: 8655.0000, Mean: 4152.8100
  Data: [
    30.0000, 66.0000, 101.0000, 142.0000, 178.0000, 219.0000, 246.0000, 272.0000, 305.0000, 342.0000,
    372.0000, 400.0000, 435.0000, 466.0000, 500.0000, 528.0000, 560.0000, 598.0000, 633.0000, 667.0000,
    702.0000, 737.0000, 764.0000, 801.0000, 829.0000, 862.0000, 893.0000, 926.0000, 957.0000, 993.0000,
    1025.0000, 1056.0000, 1081.0000, 1112.0000, 1149.0000, 1175.0000, 1213.0000, 1242.0000, 1272.0000, 1305.0000,
    1333.0000, 1361.0000, 1392.0000, 1425.0000, 1454.0000, 1486.0000, 1522.0000, 1557.0000, 1589.0000, 1623.0000,
    6392.0000, 6436.0000, 6478.0000, 6516.0000, 6552.0000, 6592.0000, 6628.0000, 6671.0000, 6710.0000, 6749.0000,
    6793.0000, 6832.0000, 6867.0000, 6913.0000, 6953.0000, 6995.0000, 7041.0000, 7085.0000, 7134.0000, 7179.0000,
    7226.0000, 7272.0000, 7314.0000, 7358.0000, 7403.0000, 7449.0000, 7496.0000, 7546.0000, 7597.0000, 7645.0000,
    7694.0000, 7745.0000, 7798.0000, 7846.0000, 7898.0000, 7950.0000, 7999.0000, 8049.0000, 8100.0000, 8151.0000,
    8202.0000, 8255.0000, 8307.0000, 8361.0000, 8410.0000, 8464.0000, 8512.0000, 8559.0000, 8608.0000, 8655.0000,
  ]

### training/avg_episode_length
  Total points: 100
  Min: 119.8000, Max: 224.0000, Mean: 167.4700
  Data: [
    170.4000, 177.3000, 156.4000, 161.3000, 224.0000, 119.8000, 217.0000, 197.1000, 174.1000, 168.6000,
    173.9000, 204.2000, 162.8000, 211.7000, 206.1000, 186.5000, 166.4000, 138.4000, 169.7000, 193.6000,
    156.3000, 151.5000, 179.8000, 178.7000, 171.6000, 178.7000, 182.0000, 200.8000, 185.9000, 156.4000,
    173.2000, 203.5000, 188.7000, 194.6000, 210.3000, 171.9000, 151.6000, 190.1000, 200.1000, 182.6000,
    192.0000, 188.0000, 206.0000, 169.0000, 174.1000, 213.4000, 189.0000, 122.1000, 194.1000, 209.9000,
    175.0000, 195.4000, 173.8000, 157.4000, 169.0000, 182.2000, 160.4000, 175.4000, 151.1000, 126.6000,
    177.9000, 163.9000, 165.1000, 148.7000, 156.3000, 186.9000, 181.3000, 156.1000, 173.1000, 150.2000,
    161.5000, 149.6000, 168.9000, 171.4000, 163.4000, 125.7000, 143.3000, 180.6000, 142.6000, 148.4000,
    142.6000, 140.8000, 126.6000, 146.7000, 130.5000, 148.0000, 140.8000, 140.2000, 141.0000, 140.4000,
    140.0000, 120.3000, 132.7000, 139.8000, 140.9000, 139.9000, 140.3000, 147.8000, 158.6000, 162.7000,
  ]

### training/calls_per_episode
  Total points: 100
  Min: 0.0000, Max: 0.0000, Mean: 0.0000
  Data: [
    0.0000, 0.0000, 0.0000, 0.0000, 0.0000, 0.0000, 0.0000, 0.0000, 0.0000, 0.0000,
    0.0000, 0.0000, 0.0000, 0.0000, 0.0000, 0.0000, 0.0000, 0.0000, 0.0000, 0.0000,
    0.0000, 0.0000, 0.0000, 0.0000, 0.0000, 0.0000, 0.0000, 0.0000, 0.0000, 0.0000,
    0.0000, 0.0000, 0.0000, 0.0000, 0.0000, 0.0000, 0.0000, 0.0000, 0.0000, 0.0000,
    0.0000, 0.0000, 0.0000, 0.0000, 0.0000, 0.0000, 0.0000, 0.0000, 0.0000, 0.0000,
    0.0000, 0.0000, 0.0000, 0.0000, 0.0000, 0.0000, 0.0000, 0.0000, 0.0000, 0.0000,
    0.0000, 0.0000, 0.0000, 0.0000, 0.0000, 0.0000, 0.0000, 0.0000, 0.0000, 0.0000,
    0.0000, 0.0000, 0.0000, 0.0000, 0.0000, 0.0000, 0.0000, 0.0000, 0.0000, 0.0000,
    0.0000, 0.0000, 0.0000, 0.0000, 0.0000, 0.0000, 0.0000, 0.0000, 0.0000, 0.0000,
    0.0000, 0.0000, 0.0000, 0.0000, 0.0000, 0.0000, 0.0000, 0.0000, 0.0000, 0.0000,
  ]

### training/episode
  Total points: 100
  Min: 27600.0000, Max: 50000.0000, Mean: 38800.0000
  Data: [
    27600.0000, 27700.0000, 27800.0000, 27900.0000, 28000.0000, 28100.0000, 28200.0000, 28300.0000, 28400.0000, 28500.0000,
    28600.0000, 28700.0000, 28800.0000, 28900.0000, 29000.0000, 29100.0000, 29200.0000, 29300.0000, 29400.0000, 29500.0000,
    29600.0000, 29700.0000, 29800.0000, 29900.0000, 30000.0000, 30100.0000, 30200.0000, 30300.0000, 30400.0000, 30500.0000,
    30600.0000, 30700.0000, 30800.0000, 30900.0000, 31000.0000, 31100.0000, 31200.0000, 31300.0000, 31400.0000, 31500.0000,
    31600.0000, 31700.0000, 31800.0000, 31900.0000, 32000.0000, 32100.0000, 32200.0000, 32300.0000, 32400.0000, 32500.0000,
    45100.0000, 45200.0000, 45300.0000, 45400.0000, 45500.0000, 45600.0000, 45700.0000, 45800.0000, 45900.0000, 46000.0000,
    46100.0000, 46200.0000, 46300.0000, 46400.0000, 46500.0000, 46600.0000, 46700.0000, 46800.0000, 46900.0000, 47000.0000,
    47100.0000, 47200.0000, 47300.0000, 47400.0000, 47500.0000, 47600.0000, 47700.0000, 47800.0000, 47900.0000, 48000.0000,
    48100.0000, 48200.0000, 48300.0000, 48400.0000, 48500.0000, 48600.0000, 48700.0000, 48800.0000, 48900.0000, 49000.0000,
    49100.0000, 49200.0000, 49300.0000, 49400.0000, 49500.0000, 49600.0000, 49700.0000, 49800.0000, 49900.0000, 50000.0000,
  ]

### training/eps_per_sec
  Total points: 100
  Min: 0.8191, Max: 311.7386, Mean: 4.3463
  Data: [
    311.7386, 1.2396, 1.3062, 1.2340, 1.2632, 0.9015, 1.1231, 1.1630, 1.1649, 1.2621,
    0.8437, 1.2265, 1.3348, 1.2127, 1.2360, 0.8762, 1.2532, 1.3139, 1.2632, 1.1807,
    0.9146, 1.2673, 1.1920, 1.1910, 1.1506, 0.8766, 1.2268, 1.2841, 1.2145, 1.2829,
    0.8655, 1.1743, 1.1739, 1.1733, 1.2858, 0.8191, 1.2667, 1.1974, 1.1788, 1.2805,
    0.8326, 1.1843, 1.1624, 1.1443, 1.1975, 0.8393, 1.2380, 1.3012, 1.1821, 1.2130,
    0.9806, 1.3288, 1.2954, 1.3825, 1.1929, 0.9061, 1.1850, 1.3118, 1.2455, 1.3566,
    0.9649, 1.2826, 1.2001, 1.3283, 1.2108, 0.9234, 1.3047, 1.3100, 1.2707, 1.3760,
    0.8895, 1.3972, 1.3172, 1.2488, 1.3312, 0.9976, 1.4238, 1.3852, 1.4968, 1.4710,
    1.0532, 1.5300, 1.5873, 1.4698, 1.4917, 1.1322, 1.5343, 1.5499, 1.5312, 1.5451,
    1.1145, 1.5462, 1.5505, 1.5727, 1.5691, 1.1624, 1.4985, 1.4927, 1.5330, 1.4050,
  ]

### training/epsilon
  Total points: 100
  Min: 0.3246, Max: 0.9950, Mean: 0.6252
  Data: [
    0.9950, 0.9900, 0.9851, 0.9802, 0.9753, 0.9704, 0.9656, 0.9608, 0.9560, 0.9512,
    0.9465, 0.9418, 0.9371, 0.9324, 0.9277, 0.9231, 0.9185, 0.9139, 0.9094, 0.9048,
    0.9003, 0.8958, 0.8914, 0.8869, 0.8825, 0.8781, 0.8737, 0.8694, 0.8650, 0.8607,
    0.8564, 0.8521, 0.8479, 0.8437, 0.8395, 0.8353, 0.8311, 0.8270, 0.8228, 0.8187,
    0.8146, 0.8106, 0.8065, 0.8025, 0.7985, 0.7945, 0.7906, 0.7866, 0.7827, 0.7788,
    0.4148, 0.4127, 0.4106, 0.4086, 0.4066, 0.4045, 0.4025, 0.4005, 0.3985, 0.3965,
    0.3945, 0.3926, 0.3906, 0.3887, 0.3867, 0.3848, 0.3829, 0.3810, 0.3791, 0.3772,
    0.3753, 0.3734, 0.3716, 0.3697, 0.3679, 0.3660, 0.3642, 0.3624, 0.3606, 0.3588,
    0.3570, 0.3552, 0.3534, 0.3517, 0.3499, 0.3482, 0.3464, 0.3447, 0.3430, 0.3413,
    0.3396, 0.3379, 0.3362, 0.3345, 0.3329, 0.3312, 0.3295, 0.3279, 0.3263, 0.3246,
  ]

### training/pbrs_enabled
  Total points: 100
  Min: 1.0000, Max: 1.0000, Mean: 1.0000
  Data: [
    1.0000, 1.0000, 1.0000, 1.0000, 1.0000, 1.0000, 1.0000, 1.0000, 1.0000, 1.0000,
    1.0000, 1.0000, 1.0000, 1.0000, 1.0000, 1.0000, 1.0000, 1.0000, 1.0000, 1.0000,
    1.0000, 1.0000, 1.0000, 1.0000, 1.0000, 1.0000, 1.0000, 1.0000, 1.0000, 1.0000,
    1.0000, 1.0000, 1.0000, 1.0000, 1.0000, 1.0000, 1.0000, 1.0000, 1.0000, 1.0000,
    1.0000, 1.0000, 1.0000, 1.0000, 1.0000, 1.0000, 1.0000, 1.0000, 1.0000, 1.0000,
    1.0000, 1.0000, 1.0000, 1.0000, 1.0000, 1.0000, 1.0000, 1.0000, 1.0000, 1.0000,
    1.0000, 1.0000, 1.0000, 1.0000, 1.0000, 1.0000, 1.0000, 1.0000, 1.0000, 1.0000,
    1.0000, 1.0000, 1.0000, 1.0000, 1.0000, 1.0000, 1.0000, 1.0000, 1.0000, 1.0000,
    1.0000, 1.0000, 1.0000, 1.0000, 1.0000, 1.0000, 1.0000, 1.0000, 1.0000, 1.0000,
    1.0000, 1.0000, 1.0000, 1.0000, 1.0000, 1.0000, 1.0000, 1.0000, 1.0000, 1.0000,
  ]

### values/Q_avg
  Total points: 100
  Min: 3.9047, Max: 6.5209, Mean: 5.1728
  Data: [
    5.9569, 6.5209, 6.1374, 5.9852, 6.1698, 5.6971, 5.4207, 5.9263, 5.3122, 5.8485,
    5.4779, 5.2783, 5.2034, 4.5495, 5.1711, 4.9780, 4.4698, 5.2557, 4.8591, 4.2626,
    4.3540, 5.0546, 4.4214, 4.4482, 4.9547, 4.6564, 4.2979, 4.6012, 4.7597, 4.6442,
    4.8191, 4.9854, 4.2591, 4.5310, 4.0364, 4.4908, 4.3129, 4.2399, 4.5402, 4.3737,
    4.4432, 4.1530, 4.7523, 4.8812, 4.2649, 4.7184, 3.9047, 4.8685, 4.6610, 4.3857,
    5.0759, 5.4775, 5.6339, 5.1191, 5.3016, 5.4564, 5.2017, 5.6934, 5.1708, 5.3285,
    5.4051, 4.4736, 5.7517, 5.0115, 5.5430, 5.3060, 5.3858, 5.1360, 5.4948, 5.0531,
    5.3559, 5.1251, 5.5669, 5.4461, 5.4137, 5.2841, 5.3991, 5.5997, 5.7786, 5.2619,
    5.2361, 5.4580, 5.4927, 5.5208, 5.4782, 5.6152, 6.1212, 6.1646, 5.5712, 5.7695,
    5.4320, 6.4181, 5.8717, 5.7702, 5.5686, 4.9272, 5.4165, 5.6717, 5.6978, 5.5295,
  ]

### values/Q_max
  Total points: 100
  Min: 8.3369, Max: 10.6720, Mean: 9.7203
  Data: [
    9.1399, 9.4146, 10.1429, 9.9850, 8.8133, 8.3369, 9.7753, 10.5409, 8.7440, 10.1635,
    9.9160, 9.8282, 9.6463, 10.1306, 9.9178, 10.1748, 8.4194, 8.6925, 9.5062, 8.9580,
    10.0257, 8.7683, 9.3058, 9.0743, 8.8368, 10.1048, 9.6860, 9.7288, 9.6702, 9.5624,
    8.9630, 8.9061, 9.7942, 9.9218, 8.8282, 8.9182, 9.8409, 8.8924, 8.6662, 10.5647,
    8.8522, 9.9511, 9.5747, 9.7602, 8.7922, 9.7966, 9.5487, 10.1391, 9.1913, 8.9282,
    9.8614, 10.0873, 9.8403, 9.9355, 10.2469, 9.1566, 10.1090, 9.9918, 10.0535, 9.8764,
    9.9791, 8.9782, 9.8685, 9.7689, 10.0509, 9.1999, 9.3583, 9.5192, 9.5466, 10.1001,
    9.9372, 9.7402, 9.7027, 10.2129, 10.0631, 9.8711, 10.0038, 9.8123, 9.5555, 10.0730,
    9.9164, 9.4690, 9.9312, 10.0507, 10.0709, 10.1244, 10.0831, 10.4099, 9.8384, 10.5239,
    10.5479, 10.4736, 10.3333, 10.2276, 10.0047, 10.3047, 10.6720, 10.6183, 10.6158, 10.4723,
  ]

### values/Q_min
  Total points: 100
  Min: -11.9700, Max: 1.2776, Mean: -4.5403
  Data: [
    -10.9156, 0.1603, -9.7941, -10.8577, 1.2776, -11.9700, -11.3986, -0.7841, -8.2179, -10.4289,
    -0.4004, -8.6494, -3.0191, -10.6520, -2.1895, -10.6153, -11.2084, -5.7872, -8.8899, -9.2059,
    -10.0704, -7.4355, -9.4766, -1.8352, -1.6202, -8.4916, -0.6950, -10.0981, -11.4720, -9.4310,
    -4.0548, -3.6056, -10.7371, -2.5587, -10.8647, -9.2067, -4.2246, -7.3994, -10.2985, -11.0762,
    -10.0873, -11.2289, -1.7897, -0.6045, -10.0408, -11.2800, -10.4819, -9.8501, -1.6357, -7.5630,
    -0.8063, 0.1905, -0.5515, 0.1544, -5.2180, -3.5360, -10.0721, -0.0656, -1.7040, -6.7438,
    -0.5410, -10.3363, 0.4425, -9.2816, 0.5195, -0.3109, 0.1161, -9.4089, -10.7036, -9.8211,
    0.4013, 0.0393, 0.8469, -10.8119, 0.3876, 0.5022, -4.0390, 0.4977, -0.4060, 0.5914,
    -9.5731, 0.3929, 0.6118, 0.4123, 0.4177, 0.5282, 0.4662, 0.6961, -0.1715, -0.1421,
    0.5361, 0.4116, 0.3231, 0.5593, 0.5317, 0.4007, 0.0909, 0.8479, 0.5970, 0.4659,
  ]

### values/Q_std
  Total points: 100
  Min: 1.7968, Max: 3.6873, Mean: 2.8262
  Data: [
    3.2423, 1.8729, 2.5862, 2.9599, 1.7968, 2.8779, 2.8953, 1.9851, 2.7032, 2.4743,
    2.1360, 2.6411, 2.1008, 2.9254, 2.2950, 2.7221, 3.0057, 2.5946, 2.8714, 3.1431,
    3.3288, 2.9657, 2.7222, 2.4171, 2.3212, 2.7891, 2.4868, 3.5251, 3.3467, 3.1463,
    2.6287, 2.4308, 3.4048, 2.7028, 2.6657, 2.5304, 2.8015, 2.6539, 3.0563, 3.6479,
    2.9562, 3.6873, 2.4574, 2.5498, 3.0318, 3.6014, 3.2980, 2.9415, 2.8180, 2.7972,
    2.9363, 2.8127, 2.8575, 2.5389, 3.0479, 2.7161, 3.4034, 2.6353, 2.9614, 2.9966,
    2.7958, 2.9200, 2.4090, 3.3223, 2.6379, 2.5425, 2.5105, 3.2702, 2.8927, 2.9966,
    2.5077, 2.5344, 2.7249, 3.0509, 2.7584, 2.7774, 2.7683, 2.5591, 2.6109, 2.6691,
    3.1727, 2.6610, 2.8589, 2.6755, 2.9017, 2.7887, 2.5886, 2.7824, 2.8683, 3.2365,
    3.1442, 2.7369, 2.9636, 3.0059, 3.0530, 3.1489, 3.3442, 2.8985, 3.0362, 3.0467,
  ]
