================================================================================
W&B ASYNC RUN DATA: 1024-async-TD3-ASYNC-NORMAL-strong-seed55
================================================================================

## RUN METADATA
Run ID: 2bpezxto
Created: 2026-01-15T15:36:11Z
State: running
Duration: 4004.988313285 seconds

## CONFIGURATION
  mode: NORMAL
  opponent: strong
  num_workers: 4
  max_episodes: 100000
  lr_actor: 0.0003
  lr_critic: 0.0003
  batch_size: 1024
  buffer_size: 1000000
  eps: 1
  eps_min: 0.05
  eps_decay: 0.99995
  gamma: 0.99
  tau: 0.005
  policy_freq: 2
  target_update_freq: 2
  weight_sync_interval: 50
  use_per: True
  per_alpha: 0.6
  per_beta_start: 0.4
  reward_shaping: True
  pbrs_scale: 0.5
  q_clip: 25
  q_clip_mode: soft
  grad_clip: 1
  hidden_actor: [400, 300]
  hidden_critic: [400, 300, 128]
  eval_interval: 2000
  eval_episodes: 50
  seed: 55

## FINAL SUMMARY

## NOTE: Data discretized to fit 100000 char limit
  Showing ~66 points per metric

## METRICS DATA

### Performance

**losses** (n=100)
  min=100.0000, max=16964.0000, mean=8698.8000
  [100.0000, 153.0000, 216.0000, 272.0000, 329.0000, 385.0000, 429.0000, 487.0000, 535.0000, 597.0000, 653.0000, 714.0000, 780.0000, 833.0000, 879.0000, 1105.0000, 1168.0000, 1238.0000, 1291.0000, 1350.0000, 1411.0000, 1488.0000, 1554.0000, 1605.0000, 1660.0000, 1729.0000, 1769.0000, 2106.0000, 2158.0000, 2219.0000, 2269.0000, 2330.0000, 2395.0000, 2455.0000, 2515.0000, 2573.0000, 2626.0000, 2694.0000, 2780.0000, 2799.0000, 3175.0000, 3247.0000, 3320.0000, 3366.0000, 3418.0000, 3472.0000, 3524.0000, 3596.0000, 3672.0000, 3746.0000, 14089.0000, 14152.0000, 14191.0000, 14205.0000, 14485.0000, 14512.0000, 14557.0000, 14610.0000, 14657.0000, 14698.0000, 14737.0000, 14785.0000, 14826.0000, 14877.0000, 14921.0000, 14982.0000, 15027.0000, 15077.0000, 15106.0000, 15148.0000, 15380.0000, 15433.0000, 15492.0000, 15556.0000, 15594.0000, 15644.0000, 15690.0000, 15736.0000, 15781.0000, 15828.0000, 15872.0000, 15907.0000, 15951.0000, 16005.0000, 16048.0000, 16106.0000, 16133.0000, 16381.0000, 16435.0000, 16488.0000, 16553.0000, 16600.0000, 16638.0000, 16680.0000, 16738.0000, 16784.0000, 16829.0000, 16879.0000, 16928.0000, 16964.0000]

**rolling_win_rate** (n=100)
  min=0.0600, max=0.3500, mean=0.2043
  [0.1700, 0.1500, 0.1600, 0.1400, 0.1500, 0.0900, 0.2500, 0.1700, 0.2000, 0.2200, 0.1700, 0.1100, 0.1100, 0.1300, 0.0600, 0.1100, 0.1300, 0.1400, 0.1500, 0.0900, 0.1100, 0.1100, 0.2000, 0.1300, 0.2200, 0.1800, 0.1300, 0.1200, 0.1500, 0.2000, 0.1600, 0.1400, 0.1800, 0.1700, 0.1400, 0.1300, 0.2200, 0.2100, 0.2000, 0.1900, 0.1800, 0.0900, 0.1900, 0.2200, 0.2100, 0.1500, 0.1900, 0.1800, 0.1800, 0.2200, 0.2600, 0.3500, 0.2600, 0.2600, 0.1800, 0.1700, 0.1700, 0.1800, 0.1800, 0.2200, 0.2200, 0.2800, 0.2500, 0.2900, 0.2300, 0.2500, 0.3100, 0.2200, 0.2500, 0.2500, 0.1900, 0.2000, 0.2000, 0.2500, 0.2900, 0.2500, 0.2900, 0.2400, 0.2400, 0.1800, 0.2000, 0.3100, 0.3100, 0.2200, 0.3300, 0.3200, 0.3100, 0.2800, 0.2400, 0.2700, 0.2400, 0.2400, 0.2600, 0.2300, 0.2600, 0.2800, 0.3000, 0.2600, 0.2900, 0.1700]

**ties** (n=100)
  min=120.0000, max=15255.0000, mean=8055.9700
  [120.0000, 185.0000, 252.0000, 318.0000, 385.0000, 446.0000, 501.0000, 552.0000, 592.0000, 632.0000, 674.0000, 712.0000, 746.0000, 788.0000, 824.0000, 1030.0000, 1076.0000, 1131.0000, 1194.0000, 1257.0000, 1313.0000, 1369.0000, 1424.0000, 1485.0000, 1539.0000, 1591.0000, 1635.0000, 1876.0000, 1920.0000, 1954.0000, 1985.0000, 2025.0000, 2064.0000, 2098.0000, 2139.0000, 2180.0000, 2219.0000, 2253.0000, 2284.0000, 2298.0000, 2553.0000, 2598.0000, 2641.0000, 2681.0000, 2719.0000, 2756.0000, 2797.0000, 2846.0000, 2887.0000, 2921.0000, 13705.0000, 13721.0000, 13747.0000, 13757.0000, 13915.0000, 13950.0000, 13978.0000, 14007.0000, 14037.0000, 14070.0000, 14101.0000, 14126.0000, 14156.0000, 14181.0000, 14210.0000, 14229.0000, 14254.0000, 14281.0000, 14314.0000, 14341.0000, 14488.0000, 14513.0000, 14534.0000, 14555.0000, 14582.0000, 14607.0000, 14631.0000, 14655.0000, 14683.0000, 14711.0000, 14739.0000, 14765.0000, 14793.0000, 14817.0000, 14843.0000, 14862.0000, 14872.0000, 14973.0000, 14995.0000, 15016.0000, 15033.0000, 15056.0000, 15084.0000, 15112.0000, 15129.0000, 15151.0000, 15175.0000, 15201.0000, 15222.0000, 15255.0000]

**total_episodes** (n=100)
  min=257.0000, max=39694.0000, mean=20434.4700
  [257.0000, 396.0000, 546.0000, 692.0000, 834.0000, 966.0000, 1097.0000, 1232.0000, 1341.0000, 1469.0000, 1585.0000, 1695.0000, 1813.0000, 1922.0000, 2009.0000, 2532.0000, 2655.0000, 2799.0000, 2931.0000, 3069.0000, 3200.0000, 3349.0000, 3494.0000, 3625.0000, 3764.0000, 3909.0000, 4006.0000, 4697.0000, 4808.0000, 4926.0000, 5023.0000, 5142.0000, 5265.0000, 5380.0000, 5497.0000, 5609.0000, 5726.0000, 5854.0000, 5997.0000, 6037.0000, 6804.0000, 6935.0000, 7077.0000, 7187.0000, 7300.0000, 7407.0000, 7519.0000, 7665.0000, 7822.0000, 7957.0000, 33780.0000, 33900.0000, 33985.0000, 34019.0000, 34591.0000, 34667.0000, 34756.0000, 34856.0000, 34949.0000, 35045.0000, 35133.0000, 35235.0000, 35329.0000, 35435.0000, 35529.0000, 35636.0000, 35737.0000, 35835.0000, 35917.0000, 36010.0000, 36495.0000, 36593.0000, 36693.0000, 36805.0000, 36898.0000, 36997.0000, 37096.0000, 37187.0000, 37282.0000, 37373.0000, 37463.0000, 37553.0000, 37657.0000, 37755.0000, 37857.0000, 37969.0000, 38022.0000, 38533.0000, 38634.0000, 38735.0000, 38845.0000, 38938.0000, 39028.0000, 39116.0000, 39217.0000, 39312.0000, 39411.0000, 39514.0000, 39610.0000, 39694.0000]

**win_rate** (n=100)
  min=0.1398, max=0.1883, mean=0.1681
  [0.1440, 0.1465, 0.1429, 0.1474, 0.1439, 0.1398, 0.1522, 0.1567, 0.1596, 0.1634, 0.1628, 0.1587, 0.1583, 0.1566, 0.1523, 0.1568, 0.1548, 0.1536, 0.1522, 0.1505, 0.1487, 0.1469, 0.1477, 0.1476, 0.1501, 0.1507, 0.1503, 0.1522, 0.1518, 0.1529, 0.1531, 0.1531, 0.1531, 0.1537, 0.1534, 0.1526, 0.1539, 0.1549, 0.1556, 0.1557, 0.1581, 0.1572, 0.1577, 0.1586, 0.1593, 0.1592, 0.1593, 0.1596, 0.1615, 0.1621, 0.1772, 0.1778, 0.1779, 0.1780, 0.1790, 0.1790, 0.1790, 0.1790, 0.1790, 0.1791, 0.1792, 0.1795, 0.1797, 0.1800, 0.1801, 0.1803, 0.1807, 0.1807, 0.1809, 0.1811, 0.1816, 0.1816, 0.1817, 0.1819, 0.1822, 0.1823, 0.1826, 0.1828, 0.1829, 0.1829, 0.1829, 0.1832, 0.1836, 0.1836, 0.1840, 0.1844, 0.1846, 0.1863, 0.1865, 0.1867, 0.1869, 0.1870, 0.1872, 0.1872, 0.1874, 0.1877, 0.1879, 0.1881, 0.1883, 0.1883]

**wins** (n=100)
  min=37.0000, max=7475.0000, mean=3679.7000
  [37.0000, 58.0000, 78.0000, 102.0000, 120.0000, 135.0000, 167.0000, 193.0000, 214.0000, 240.0000, 258.0000, 269.0000, 287.0000, 301.0000, 306.0000, 397.0000, 411.0000, 430.0000, 446.0000, 462.0000, 476.0000, 492.0000, 516.0000, 535.0000, 565.0000, 589.0000, 602.0000, 715.0000, 730.0000, 753.0000, 769.0000, 787.0000, 806.0000, 827.0000, 843.0000, 856.0000, 881.0000, 907.0000, 933.0000, 940.0000, 1076.0000, 1090.0000, 1116.0000, 1140.0000, 1163.0000, 1179.0000, 1198.0000, 1223.0000, 1263.0000, 1290.0000, 5986.0000, 6027.0000, 6047.0000, 6057.0000, 6191.0000, 6205.0000, 6221.0000, 6239.0000, 6255.0000, 6277.0000, 6295.0000, 6324.0000, 6347.0000, 6377.0000, 6398.0000, 6425.0000, 6456.0000, 6477.0000, 6497.0000, 6521.0000, 6627.0000, 6647.0000, 6667.0000, 6694.0000, 6722.0000, 6746.0000, 6775.0000, 6796.0000, 6818.0000, 6834.0000, 6852.0000, 6881.0000, 6913.0000, 6933.0000, 6966.0000, 7001.0000, 7017.0000, 7179.0000, 7204.0000, 7231.0000, 7259.0000, 7282.0000, 7306.0000, 7324.0000, 7350.0000, 7377.0000, 7407.0000, 7434.0000, 7460.0000, 7475.0000]

### Rewards

**episode_reward** (n=100)
  min=-16.5088, max=-4.5462, mean=-9.8127
  [-15.5620, -15.2991, -14.6873, -16.5088, -14.8655, -16.4786, -12.1192, -14.2554, -15.2916, -12.2232, -14.3029, -15.3214, -15.5259, -14.2466, -15.7833, -16.2092, -14.4145, -14.3204, -14.5660, -15.9704, -15.2639, -14.3449, -11.7442, -13.4964, -11.7390, -12.2979, -14.3101, -13.2308, -13.7962, -11.7439, -12.4521, -12.4193, -11.8494, -11.8759, -13.5851, -13.3458, -11.2903, -10.5437, -10.3322, -10.3776, -11.8096, -13.9398, -10.7787, -11.1867, -9.7183, -12.6944, -12.2032, -10.0933, -11.6907, -10.9326, -6.6038, -4.8384, -6.2137, -6.2090, -7.8838, -7.4806, -8.4164, -7.2609, -6.9768, -6.0349, -6.2587, -5.3286, -5.6541, -5.5588, -6.5041, -6.8019, -4.7990, -7.1062, -6.8585, -5.9316, -6.8374, -7.6059, -7.8150, -6.8085, -5.2594, -5.9846, -5.4696, -5.9706, -5.9887, -7.2254, -7.4175, -5.0097, -4.6805, -6.9376, -4.5462, -5.1427, -5.4425, -5.8502, -6.3762, -6.2749, -6.7662, -6.4454, -6.5039, -7.1628, -6.9518, -5.8953, -5.3803, -6.0111, -6.1141, -9.6397]

**sparse_reward** (n=100)
  min=-16.6566, max=-4.4751, mean=-9.8976
  [-15.7072, -15.4450, -14.7669, -16.6111, -15.0015, -16.6566, -12.2842, -14.3901, -15.4841, -12.3673, -14.4367, -15.5923, -15.6701, -14.3294, -15.9271, -16.4587, -14.6549, -14.5471, -14.7867, -16.2052, -15.5319, -14.4989, -11.9552, -13.7334, -11.8761, -12.4785, -14.5471, -13.5314, -14.0965, -11.9579, -12.5929, -12.5561, -12.0652, -12.0782, -13.8164, -13.6060, -11.4544, -10.6684, -10.5097, -10.5116, -12.0081, -14.1580, -10.9248, -11.4168, -9.8768, -12.8872, -12.3524, -10.3265, -11.8213, -11.0777, -6.6226, -4.7681, -6.0714, -6.0420, -7.9058, -7.5269, -8.4949, -7.3628, -6.9839, -6.0977, -6.1758, -5.3904, -5.7655, -5.5372, -6.5556, -6.9035, -4.6980, -7.1327, -6.9165, -5.9883, -6.8896, -7.6728, -7.8898, -6.7680, -5.2659, -6.0244, -5.4345, -5.9559, -5.8980, -7.1956, -7.4007, -4.9298, -4.6687, -6.9256, -4.4751, -5.0454, -5.3372, -5.7572, -6.3298, -6.2711, -6.7635, -6.3548, -6.5413, -7.0928, -6.9285, -5.8412, -5.2607, -6.0379, -6.0156, -9.6155]

### Training

**buffer_size** (n=100)
  min=45940.0000, max=1000000.0000, mean=810076.6800
  [45940.0000, 64146.0000, 83985.0000, 104897.0000, 122465.0000, 140819.0000, 169391.0000, 208284.0000, 232025.0000, 250848.0000, 269488.0000, 287368.0000, 305054.0000, 322698.0000, 404749.0000, 422191.0000, 441473.0000, 464773.0000, 487973.0000, 510773.0000, 533873.0000, 556918.0000, 579618.0000, 602618.0000, 625218.0000, 647618.0000, 754114.0000, 771228.0000, 788521.0000, 805751.0000, 820651.0000, 837550.0000, 855357.0000, 872257.0000, 889251.0000, 906151.0000, 923017.0000, 939917.0000, 958700.0000, 1000000.0000, 1000000.0000, 1000000.0000, 1000000.0000, 1000000.0000, 1000000.0000, 1000000.0000, 1000000.0000, 1000000.0000, 1000000.0000, 1000000.0000, 1000000.0000, 1000000.0000, 1000000.0000, 1000000.0000, 1000000.0000, 1000000.0000, 1000000.0000, 1000000.0000, 1000000.0000, 1000000.0000, 1000000.0000, 1000000.0000, 1000000.0000, 1000000.0000, 1000000.0000, 1000000.0000, 1000000.0000, 1000000.0000, 1000000.0000, 1000000.0000, 1000000.0000, 1000000.0000, 1000000.0000, 1000000.0000, 1000000.0000, 1000000.0000, 1000000.0000, 1000000.0000, 1000000.0000, 1000000.0000, 1000000.0000, 1000000.0000, 1000000.0000, 1000000.0000, 1000000.0000, 1000000.0000, 1000000.0000, 1000000.0000, 1000000.0000, 1000000.0000, 1000000.0000, 1000000.0000, 1000000.0000, 1000000.0000, 1000000.0000, 1000000.0000, 1000000.0000, 1000000.0000, 1000000.0000, 1000000.0000]

**elapsed_time** (n=100)
  min=12.5186, max=3996.9846, mean=2012.1568
  [12.5186, 22.5404, 32.6082, 42.6186, 52.6329, 62.6662, 72.6698, 82.6900, 92.6992, 102.6998, 112.7040, 122.7141, 132.7197, 142.7329, 189.1212, 199.1250, 209.1254, 219.1440, 229.1471, 239.1563, 249.1717, 259.1877, 269.1878, 279.1932, 289.1951, 299.2008, 352.5776, 362.5863, 372.6243, 382.6297, 392.6500, 402.6661, 412.6911, 422.6975, 432.7144, 442.7163, 452.7175, 462.7390, 472.7836, 526.7663, 536.7703, 546.7830, 556.7918, 566.8093, 576.8141, 586.8240, 596.8398, 606.8768, 616.9144, 626.9388, 3390.3117, 3400.3197, 3410.3201, 3461.4994, 3471.5067, 3481.5122, 3491.5544, 3501.5692, 3511.5693, 3521.5898, 3531.5988, 3541.6002, 3551.6477, 3561.6846, 3571.7038, 3581.7515, 3591.7532, 3601.7619, 3611.7796, 3664.2923, 3674.3147, 3684.3244, 3694.3335, 3704.3399, 3714.3490, 3724.3594, 3734.4292, 3744.4344, 3754.4465, 3764.4532, 3774.4933, 3784.5218, 3794.5393, 3804.5431, 3814.5659, 3824.5802, 3866.7477, 3876.7598, 3886.7946, 3896.7955, 3906.8363, 3916.8577, 3926.8731, 3936.8820, 3946.9097, 3956.9349, 3966.9420, 3976.9426, 3986.9717, 3996.9846]

**episode_length** (n=100)
  min=107.0200, max=180.7300, mean=144.2155
  [180.0600, 176.5800, 164.9400, 175.3900, 167.5300, 179.3100, 178.2800, 165.8300, 170.6700, 145.7600, 159.3200, 165.0000, 151.5200, 160.0000, 165.5800, 165.9600, 160.5400, 159.8500, 175.9500, 168.6000, 180.7300, 159.7300, 152.5300, 179.9900, 162.9400, 146.7300, 172.3100, 156.9600, 154.3000, 147.2600, 153.8800, 140.7600, 148.2600, 141.2000, 139.1400, 144.8800, 145.5700, 127.5900, 133.3700, 133.9100, 135.1400, 154.1100, 140.9600, 152.3300, 141.6800, 146.7000, 154.7900, 140.5300, 134.0300, 131.0400, 131.8500, 107.0200, 140.9900, 138.7000, 141.7900, 166.7500, 149.1400, 131.9300, 138.3700, 136.7000, 146.0600, 127.9700, 146.5600, 124.5600, 134.6900, 120.1800, 125.9400, 130.2700, 150.5500, 140.5800, 148.7200, 129.5400, 124.3100, 108.5500, 133.4600, 127.2500, 127.4200, 133.2500, 132.8700, 136.9400, 144.1400, 137.7700, 118.3900, 129.1100, 124.3800, 116.3500, 121.3500, 112.3100, 124.8300, 123.7400, 114.4500, 136.7900, 146.9500, 145.4700, 128.3300, 131.7400, 132.1400, 126.1100, 129.9500, 154.3200]

**eps_per_sec** (n=100)
  min=9.8273, max=20.5295, mean=11.6764
  [20.5295, 17.5685, 16.7442, 16.2370, 15.8456, 15.4150, 15.0957, 14.8990, 14.4662, 14.3038, 14.0634, 13.8126, 13.6604, 13.4657, 10.6228, 12.7156, 12.6957, 12.7724, 12.7909, 12.8326, 12.8426, 12.9211, 12.9798, 12.9838, 13.0154, 13.0648, 11.3620, 12.9542, 12.9031, 12.8741, 12.7926, 12.7699, 12.7577, 12.7278, 12.7035, 12.6695, 12.6481, 12.6508, 12.6844, 11.4605, 12.6758, 12.6833, 12.7103, 12.6798, 12.6557, 12.6222, 12.5980, 12.6302, 12.6792, 12.6918, 9.9637, 9.9697, 9.9653, 9.8278, 9.9643, 9.9575, 9.9543, 9.9544, 9.9525, 9.9515, 9.9482, 9.9489, 9.9472, 9.9489, 9.9474, 9.9493, 9.9497, 9.9493, 9.9444, 9.8273, 9.9325, 9.9321, 9.9322, 9.9356, 9.9339, 9.9338, 9.9335, 9.9313, 9.9301, 9.9279, 9.9253, 9.9228, 9.9240, 9.9237, 9.9243, 9.9276, 9.8331, 9.9395, 9.9398, 9.9402, 9.9428, 9.9411, 9.9387, 9.9358, 9.9361, 9.9350, 9.9349, 9.9358, 9.9349, 9.9310]

**epsilon** (n=100)
  min=0.1374, max=0.9872, mean=0.4914
  [0.9872, 0.9804, 0.9731, 0.9661, 0.9592, 0.9529, 0.9467, 0.9403, 0.9351, 0.9292, 0.9238, 0.9187, 0.9133, 0.9084, 0.9048, 0.8811, 0.8757, 0.8694, 0.8637, 0.8578, 0.8521, 0.8458, 0.8397, 0.8342, 0.8285, 0.8225, 0.8187, 0.7907, 0.7863, 0.7817, 0.7779, 0.7733, 0.7686, 0.7641, 0.7597, 0.7554, 0.7510, 0.7462, 0.7410, 0.7408, 0.7117, 0.7070, 0.7020, 0.6981, 0.6942, 0.6905, 0.6866, 0.6817, 0.6763, 0.6718, 0.1847, 0.1836, 0.1828, 0.1826, 0.1774, 0.1767, 0.1759, 0.1750, 0.1742, 0.1734, 0.1726, 0.1717, 0.1709, 0.1700, 0.1692, 0.1683, 0.1675, 0.1667, 0.1660, 0.1653, 0.1613, 0.1605, 0.1597, 0.1588, 0.1580, 0.1573, 0.1565, 0.1558, 0.1550, 0.1543, 0.1536, 0.1529, 0.1521, 0.1514, 0.1506, 0.1498, 0.1495, 0.1456, 0.1449, 0.1442, 0.1434, 0.1427, 0.1421, 0.1414, 0.1407, 0.1401, 0.1394, 0.1387, 0.1380, 0.1374]

**train_step** (n=100)
  min=0.0000, max=10997.0000, mean=5517.2100
  [0.0000, 16.0000, 56.0000, 92.0000, 128.0000, 161.0000, 192.0000, 223.0000, 258.0000, 292.0000, 325.0000, 360.0000, 395.0000, 428.0000, 457.0000, 491.0000, 523.0000, 561.0000, 599.0000, 637.0000, 675.0000, 714.0000, 752.0000, 791.0000, 829.0000, 867.0000, 894.0000, 924.0000, 955.0000, 987.0000, 1027.0000, 1063.0000, 1096.0000, 1128.0000, 1160.0000, 1192.0000, 1224.0000, 1256.0000, 1289.0000, 1290.0000, 1322.0000, 1355.0000, 1392.0000, 1435.0000, 1481.0000, 1526.0000, 1566.0000, 1602.0000, 1637.0000, 1670.0000, 9444.0000, 9475.0000, 9505.0000, 9512.0000, 9541.0000, 9576.0000, 9613.0000, 9644.0000, 9674.0000, 9705.0000, 9735.0000, 9766.0000, 9797.0000, 9827.0000, 9857.0000, 9891.0000, 9924.0000, 9958.0000, 9992.0000, 10025.0000, 10057.0000, 10090.0000, 10124.0000, 10157.0000, 10191.0000, 10224.0000, 10258.0000, 10295.0000, 10329.0000, 10362.0000, 10396.0000, 10429.0000, 10462.0000, 10496.0000, 10530.0000, 10564.0000, 10576.0000, 10609.0000, 10643.0000, 10676.0000, 10710.0000, 10743.0000, 10773.0000, 10803.0000, 10834.0000, 10864.0000, 10894.0000, 10925.0000, 10956.0000, 10997.0000]

### Losses

**actor_loss** (n=100)
  min=0.0000, max=1.4691, mean=0.8692
  [0.0000, 0.1666, 0.1442, 0.1404, 0.1400, 0.1426, 0.1477, 0.1484, 0.1545, 0.1631, 0.1700, 0.1787, 0.1855, 0.1935, 0.2033, 0.2153, 0.2270, 0.2378, 0.2503, 0.2635, 0.2719, 0.2834, 0.2922, 0.3001, 0.3070, 0.3148, 0.3176, 0.3220, 0.3280, 0.3346, 0.3411, 0.3471, 0.3548, 0.3599, 0.3686, 0.3711, 0.3800, 0.3894, 0.3957, 0.3962, 0.4003, 0.4037, 0.4105, 0.4130, 0.4186, 0.4304, 0.4408, 0.4490, 0.4550, 0.4622, 1.4279, 1.4287, 1.4329, 1.4318, 1.4430, 1.4472, 1.4542, 1.4492, 1.4581, 1.4691, 1.4687, 1.4575, 1.4420, 1.4447, 1.4521, 1.4405, 1.4392, 1.4500, 1.4655, 1.4492, 1.4360, 1.4433, 1.4340, 1.4279, 1.4284, 1.4397, 1.4387, 1.4386, 1.4421, 1.4452, 1.4408, 1.4410, 1.4422, 1.4450, 1.4501, 1.4558, 1.4540, 1.4570, 1.4594, 1.4594, 1.4503, 1.4556, 1.4549, 1.4548, 1.4613, 1.4612, 1.4611, 1.4533, 1.4514, 1.4564]

**critic_loss** (n=100)
  min=0.0000, max=0.1174, mean=0.0730
  [0.0000, 0.0365, 0.0350, 0.0362, 0.0402, 0.0494, 0.0516, 0.0505, 0.0417, 0.0420, 0.0450, 0.0515, 0.0572, 0.0629, 0.0667, 0.0558, 0.0457, 0.0353, 0.0391, 0.0430, 0.0470, 0.0500, 0.0525, 0.0541, 0.0572, 0.0613, 0.0610, 0.0530, 0.0453, 0.0376, 0.0389, 0.0433, 0.0463, 0.0494, 0.0510, 0.0541, 0.0579, 0.0604, 0.0629, 0.0627, 0.0548, 0.0482, 0.0406, 0.0425, 0.0459, 0.0503, 0.0526, 0.0547, 0.0586, 0.0606, 0.0961, 0.1002, 0.1026, 0.1020, 0.0922, 0.0800, 0.0694, 0.0718, 0.0754, 0.0794, 0.0841, 0.0863, 0.0897, 0.0914, 0.0934, 0.0986, 0.0977, 0.0998, 0.0998, 0.1021, 0.0950, 0.0875, 0.0822, 0.0838, 0.0885, 0.0940, 0.0999, 0.1011, 0.1026, 0.1059, 0.1103, 0.1097, 0.1112, 0.1149, 0.1173, 0.1167, 0.1174, 0.1071, 0.0984, 0.0902, 0.0956, 0.0987, 0.1003, 0.1013, 0.1007, 0.1009, 0.1012, 0.1020, 0.1063, 0.1055]

### Values

**Q_mean** (n=100)
  min=-1.4980, max=0.0000, mean=-0.8774
  [0.0000, -0.1280, -0.1284, -0.1302, -0.1360, -0.1417, -0.1474, -0.1508, -0.1547, -0.1577, -0.1625, -0.1721, -0.1836, -0.1941, -0.2044, -0.2175, -0.2275, -0.2399, -0.2519, -0.2653, -0.2738, -0.2844, -0.2937, -0.3015, -0.3046, -0.3132, -0.3182, -0.3221, -0.3281, -0.3349, -0.3426, -0.3484, -0.3534, -0.3606, -0.3691, -0.3755, -0.3853, -0.3924, -0.4025, -0.4027, -0.4024, -0.4044, -0.4055, -0.4133, -0.4252, -0.4379, -0.4497, -0.4554, -0.4567, -0.4636, -1.4459, -1.4553, -1.4604, -1.4569, -1.4476, -1.4563, -1.4612, -1.4534, -1.4539, -1.4581, -1.4726, -1.4749, -1.4535, -1.4477, -1.4499, -1.4657, -1.4656, -1.4600, -1.4665, -1.4598, -1.4391, -1.4456, -1.4471, -1.4557, -1.4443, -1.4564, -1.4612, -1.4666, -1.4720, -1.4778, -1.4758, -1.4741, -1.4620, -1.4709, -1.4833, -1.4980, -1.4908, -1.4715, -1.4563, -1.4592, -1.4540, -1.4616, -1.4651, -1.4794, -1.4927, -1.4915, -1.4890, -1.4771, -1.4712, -1.4732]

**Q_std** (n=100)
  min=0.0000, max=0.1341, mean=0.0677
  [0.0000, 0.0392, 0.0234, 0.0197, 0.0134, 0.0132, 0.0128, 0.0127, 0.0118, 0.0122, 0.0128, 0.0193, 0.0233, 0.0222, 0.0230, 0.0223, 0.0207, 0.0182, 0.0221, 0.0230, 0.0261, 0.0239, 0.0200, 0.0235, 0.0232, 0.0221, 0.0190, 0.0197, 0.0217, 0.0218, 0.0222, 0.0254, 0.0258, 0.0272, 0.0261, 0.0267, 0.0279, 0.0282, 0.0254, 0.0254, 0.0253, 0.0240, 0.0257, 0.0287, 0.0293, 0.0317, 0.0344, 0.0320, 0.0321, 0.0345, 0.1208, 0.1198, 0.1173, 0.1212, 0.1314, 0.1256, 0.1214, 0.1015, 0.1121, 0.1121, 0.1270, 0.1310, 0.1341, 0.1275, 0.1172, 0.1158, 0.1083, 0.1035, 0.0923, 0.1022, 0.1095, 0.1200, 0.1182, 0.1127, 0.1064, 0.1011, 0.1028, 0.1060, 0.1066, 0.1040, 0.1080, 0.1022, 0.1073, 0.1047, 0.1037, 0.0941, 0.0952, 0.0974, 0.1099, 0.1133, 0.1134, 0.1175, 0.1191, 0.1164, 0.1022, 0.1143, 0.1193, 0.1235, 0.1186, 0.1119]

### Gradients

**actor_grad_norm** (n=100)
  min=0.0000, max=0.0762, mean=0.0520
  [0.0000, 0.0431, 0.0438, 0.0394, 0.0353, 0.0324, 0.0295, 0.0307, 0.0341, 0.0384, 0.0382, 0.0418, 0.0490, 0.0491, 0.0434, 0.0400, 0.0452, 0.0476, 0.0462, 0.0489, 0.0514, 0.0489, 0.0448, 0.0441, 0.0447, 0.0482, 0.0500, 0.0525, 0.0537, 0.0530, 0.0501, 0.0444, 0.0403, 0.0370, 0.0348, 0.0392, 0.0351, 0.0357, 0.0375, 0.0374, 0.0378, 0.0380, 0.0322, 0.0331, 0.0322, 0.0296, 0.0311, 0.0324, 0.0303, 0.0328, 0.0558, 0.0565, 0.0605, 0.0613, 0.0603, 0.0593, 0.0621, 0.0630, 0.0647, 0.0632, 0.0619, 0.0618, 0.0608, 0.0619, 0.0559, 0.0543, 0.0567, 0.0625, 0.0609, 0.0602, 0.0619, 0.0647, 0.0609, 0.0577, 0.0590, 0.0592, 0.0606, 0.0594, 0.0638, 0.0665, 0.0680, 0.0659, 0.0660, 0.0680, 0.0678, 0.0669, 0.0672, 0.0702, 0.0754, 0.0737, 0.0738, 0.0714, 0.0724, 0.0707, 0.0682, 0.0687, 0.0685, 0.0690, 0.0704, 0.0762]

**critic_grad_norm** (n=100)
  min=0.0000, max=0.4472, mean=0.2279
  [0.0000, 0.0503, 0.0237, 0.0189, 0.0120, 0.0143, 0.0169, 0.0193, 0.0208, 0.0234, 0.0275, 0.0328, 0.0378, 0.0413, 0.0449, 0.0430, 0.0399, 0.0351, 0.0377, 0.0412, 0.0444, 0.0477, 0.0490, 0.0527, 0.0550, 0.0591, 0.0603, 0.0579, 0.0551, 0.0511, 0.0523, 0.0566, 0.0571, 0.0598, 0.0610, 0.0649, 0.0671, 0.0720, 0.0754, 0.0754, 0.0732, 0.0690, 0.0646, 0.0681, 0.0753, 0.0801, 0.0852, 0.0828, 0.0891, 0.0950, 0.4116, 0.4167, 0.3958, 0.4057, 0.3940, 0.3939, 0.3702, 0.3576, 0.3515, 0.3768, 0.3810, 0.3959, 0.3959, 0.4027, 0.4152, 0.4222, 0.3904, 0.3752, 0.3850, 0.3900, 0.4118, 0.3894, 0.3862, 0.3551, 0.3728, 0.3838, 0.4051, 0.4071, 0.4038, 0.4167, 0.4180, 0.4314, 0.4342, 0.4331, 0.4143, 0.4236, 0.4364, 0.4327, 0.4384, 0.4150, 0.4404, 0.4472, 0.4195, 0.3991, 0.3948, 0.4120, 0.4275, 0.4238, 0.4286, 0.4189]

### Behavior

**action_magnitude** (n=100)
  min=0.7543, max=1.1468, mean=0.9541
  [0.7564, 0.7560, 0.7596, 0.7543, 0.7561, 0.7587, 0.7584, 0.7579, 0.7595, 0.7594, 0.7581, 0.7599, 0.7730, 0.7733, 0.7758, 0.7826, 0.7866, 0.7924, 0.7908, 0.7902, 0.7970, 0.8008, 0.8023, 0.8050, 0.8058, 0.8072, 0.8087, 0.8106, 0.8169, 0.8199, 0.8179, 0.8262, 0.8278, 0.8242, 0.8409, 0.8333, 0.8396, 0.8421, 0.8385, 0.8404, 0.8505, 0.8435, 0.8550, 0.8550, 0.8491, 0.8573, 0.8580, 0.8589, 0.8589, 0.8648, 1.0979, 1.1106, 1.0893, 1.0785, 1.0835, 1.0701, 1.0435, 1.0648, 1.0674, 1.0707, 1.0868, 1.0882, 1.0893, 1.0968, 1.0821, 1.0947, 1.0970, 1.1009, 1.0976, 1.1194, 1.1203, 1.1171, 1.1344, 1.1468, 1.1349, 1.1306, 1.1354, 1.1250, 1.1173, 1.1145, 1.1168, 1.1248, 1.1177, 1.1167, 1.1048, 1.1082, 1.1212, 1.1192, 1.1045, 1.1068, 1.1006, 1.0875, 1.1019, 1.1140, 1.1084, 1.1043, 1.1037, 1.0856, 1.0864, 1.0584]

**puck_distance** (n=100)
  min=2.4814, max=3.0305, mean=2.7661
  [3.0305, 2.9858, 2.9365, 2.9444, 3.0048, 2.9629, 3.0215, 2.9111, 2.9494, 2.9529, 2.9585, 2.9276, 2.8816, 2.9603, 2.9084, 2.9667, 2.8947, 2.9213, 2.9370, 2.9538, 2.8373, 2.9167, 2.8178, 2.8653, 2.8055, 2.8061, 2.8086, 2.8554, 2.7885, 2.7499, 2.7186, 2.7173, 2.7710, 2.7706, 2.8694, 2.7860, 2.9069, 2.7269, 2.9105, 2.8620, 2.8936, 2.8923, 2.7841, 2.7329, 2.8170, 2.8236, 2.7894, 2.7920, 2.8375, 2.7733, 2.8659, 2.6881, 2.7143, 2.7035, 2.7333, 2.6933, 2.5686, 2.6055, 2.6221, 2.6287, 2.6879, 2.6838, 2.6202, 2.7642, 2.7531, 2.7035, 2.8141, 2.7826, 2.6694, 2.7366, 2.8511, 2.8502, 2.8182, 2.7143, 2.7795, 2.7775, 2.7481, 2.7175, 2.7136, 2.6082, 2.5110, 2.6032, 2.5270, 2.5800, 2.5289, 2.5578, 2.5815, 2.5662, 2.5783, 2.5692, 2.5584, 2.6213, 2.4814, 2.4927, 2.6973, 2.6496, 2.6884, 2.6167, 2.6528, 2.4953]

**puck_touches** (n=100)
  min=0.6500, max=2.3700, mean=1.2702
  [0.9600, 0.7600, 0.7700, 0.6500, 0.8500, 0.7500, 1.0800, 0.9900, 0.7400, 0.8900, 0.9500, 0.8300, 0.7700, 0.8700, 0.9200, 0.8000, 0.7700, 0.7300, 0.8900, 0.8400, 0.8500, 0.9300, 0.9200, 1.0500, 1.0500, 0.8500, 0.9900, 0.9700, 0.7800, 0.8800, 1.1000, 0.8800, 0.8400, 0.9000, 0.7200, 0.8100, 1.0300, 1.1200, 1.1100, 1.0000, 0.9700, 0.9900, 1.1500, 1.0500, 1.1400, 1.0300, 0.8500, 0.9900, 0.8200, 0.8600, 1.6100, 1.5400, 2.0400, 2.0000, 1.5300, 1.7200, 1.5600, 1.3100, 1.2000, 1.4000, 1.7500, 1.7000, 1.8500, 1.7400, 1.7900, 1.8600, 2.1800, 1.6800, 1.5400, 2.1700, 1.7600, 1.2400, 2.0400, 1.9600, 2.3700, 2.1900, 1.7600, 1.8400, 1.8400, 1.7300, 1.8500, 1.5500, 1.5200, 1.5300, 1.4900, 1.6100, 1.4400, 1.3200, 1.3400, 1.3100, 1.3900, 1.5100, 1.3000, 1.1300, 1.4100, 1.5500, 1.6100, 1.3900, 1.4500, 0.9800]

### Evaluation

**avg_reward_strong** (n=19)
  min=-19.6561, max=-5.8787, mean=-10.3909
  [-9.5509, -19.6561, -14.3050, -12.5515, -9.4201, -8.1444, -9.2401, -8.5708, -11.9492, -7.1752, -10.4385, -9.9905, -15.2209, -14.0110, -7.5430, -7.0783, -7.3719, -9.3317, -5.8787]

**avg_reward_weak** (n=19)
  min=-21.0653, max=-6.0937, mean=-11.3668
  [-12.5566, -21.0653, -18.3819, -13.8988, -10.1755, -7.0660, -6.4220, -10.5053, -12.5649, -10.6810, -12.4374, -6.6050, -16.7819, -17.9867, -8.2775, -7.8739, -6.3166, -10.2782, -6.0937]

**win_rate_vs_strong** (n=100)
  min=0.0000, max=0.2800, mean=0.1700
  [0.0000, 0.0000, 0.0000, 0.0000, 0.0000, 0.0000, 0.0000, 0.0000, 0.0000, 0.0000, 0.0000, 0.0000, 0.0000, 0.0000, 0.1800, 0.1800, 0.1800, 0.1800, 0.1800, 0.1800, 0.1800, 0.1800, 0.1800, 0.1800, 0.1800, 0.1800, 0.1800, 0.1800, 0.1800, 0.1800, 0.1800, 0.1800, 0.1800, 0.1800, 0.1800, 0.1800, 0.1800, 0.1800, 0.1800, 0.1800, 0.1800, 0.2200, 0.2200, 0.2200, 0.2200, 0.2200, 0.2200, 0.2200, 0.2200, 0.2200, 0.2800, 0.2800, 0.2800, 0.2800, 0.2800, 0.2800, 0.2800, 0.2800, 0.2800, 0.2800, 0.2800, 0.2800, 0.2800, 0.2800, 0.2800, 0.2800, 0.2800, 0.1000, 0.1000, 0.1000, 0.1000, 0.1000, 0.1000, 0.1000, 0.1000, 0.1000, 0.1000, 0.1000, 0.1000, 0.1000, 0.1000, 0.1000, 0.1000, 0.1000, 0.1000, 0.2400, 0.2400, 0.2400, 0.2400, 0.2400, 0.2400, 0.2400, 0.2400, 0.2400, 0.2400, 0.2400, 0.2400, 0.2400, 0.2400, 0.2400]

**win_rate_vs_weak** (n=100)
  min=0.0000, max=0.2400, mean=0.1080
  [0.0000, 0.0000, 0.0000, 0.0000, 0.0000, 0.0000, 0.0000, 0.0000, 0.0000, 0.0000, 0.0000, 0.0000, 0.0000, 0.0000, 0.1000, 0.1000, 0.1000, 0.1000, 0.1000, 0.1000, 0.1000, 0.1000, 0.1000, 0.1000, 0.1000, 0.1000, 0.1000, 0.0400, 0.0400, 0.0400, 0.0400, 0.0400, 0.0400, 0.0400, 0.0400, 0.0400, 0.0400, 0.0400, 0.0400, 0.0400, 0.0400, 0.0200, 0.0200, 0.0200, 0.0200, 0.0200, 0.0200, 0.0200, 0.0200, 0.0200, 0.2400, 0.2400, 0.2400, 0.2400, 0.2400, 0.2400, 0.2400, 0.2400, 0.2400, 0.2400, 0.2400, 0.2400, 0.2400, 0.2400, 0.2400, 0.2400, 0.2400, 0.0600, 0.0600, 0.0600, 0.0600, 0.0600, 0.0600, 0.0600, 0.0600, 0.0600, 0.0600, 0.0600, 0.0600, 0.0600, 0.0600, 0.0600, 0.0600, 0.0600, 0.0600, 0.2400, 0.2400, 0.2400, 0.2400, 0.2400, 0.2400, 0.2400, 0.2400, 0.2400, 0.2400, 0.2400, 0.2400, 0.2400, 0.2400, 0.2400]

### Scoring

**goals_conceded** (n=100)
  min=100.0000, max=16964.0000, mean=8698.8000
  [100.0000, 153.0000, 216.0000, 272.0000, 329.0000, 385.0000, 429.0000, 487.0000, 535.0000, 597.0000, 653.0000, 714.0000, 780.0000, 833.0000, 879.0000, 1105.0000, 1168.0000, 1238.0000, 1291.0000, 1350.0000, 1411.0000, 1488.0000, 1554.0000, 1605.0000, 1660.0000, 1729.0000, 1769.0000, 2106.0000, 2158.0000, 2219.0000, 2269.0000, 2330.0000, 2395.0000, 2455.0000, 2515.0000, 2573.0000, 2626.0000, 2694.0000, 2780.0000, 2799.0000, 3175.0000, 3247.0000, 3320.0000, 3366.0000, 3418.0000, 3472.0000, 3524.0000, 3596.0000, 3672.0000, 3746.0000, 14089.0000, 14152.0000, 14191.0000, 14205.0000, 14485.0000, 14512.0000, 14557.0000, 14610.0000, 14657.0000, 14698.0000, 14737.0000, 14785.0000, 14826.0000, 14877.0000, 14921.0000, 14982.0000, 15027.0000, 15077.0000, 15106.0000, 15148.0000, 15380.0000, 15433.0000, 15492.0000, 15556.0000, 15594.0000, 15644.0000, 15690.0000, 15736.0000, 15781.0000, 15828.0000, 15872.0000, 15907.0000, 15951.0000, 16005.0000, 16048.0000, 16106.0000, 16133.0000, 16381.0000, 16435.0000, 16488.0000, 16553.0000, 16600.0000, 16638.0000, 16680.0000, 16738.0000, 16784.0000, 16829.0000, 16879.0000, 16928.0000, 16964.0000]

**goals_scored** (n=100)
  min=37.0000, max=7475.0000, mean=3679.7000
  [37.0000, 58.0000, 78.0000, 102.0000, 120.0000, 135.0000, 167.0000, 193.0000, 214.0000, 240.0000, 258.0000, 269.0000, 287.0000, 301.0000, 306.0000, 397.0000, 411.0000, 430.0000, 446.0000, 462.0000, 476.0000, 492.0000, 516.0000, 535.0000, 565.0000, 589.0000, 602.0000, 715.0000, 730.0000, 753.0000, 769.0000, 787.0000, 806.0000, 827.0000, 843.0000, 856.0000, 881.0000, 907.0000, 933.0000, 940.0000, 1076.0000, 1090.0000, 1116.0000, 1140.0000, 1163.0000, 1179.0000, 1198.0000, 1223.0000, 1263.0000, 1290.0000, 5986.0000, 6027.0000, 6047.0000, 6057.0000, 6191.0000, 6205.0000, 6221.0000, 6239.0000, 6255.0000, 6277.0000, 6295.0000, 6324.0000, 6347.0000, 6377.0000, 6398.0000, 6425.0000, 6456.0000, 6477.0000, 6497.0000, 6521.0000, 6627.0000, 6647.0000, 6667.0000, 6694.0000, 6722.0000, 6746.0000, 6775.0000, 6796.0000, 6818.0000, 6834.0000, 6852.0000, 6881.0000, 6913.0000, 6933.0000, 6966.0000, 7001.0000, 7017.0000, 7179.0000, 7204.0000, 7231.0000, 7259.0000, 7282.0000, 7306.0000, 7324.0000, 7350.0000, 7377.0000, 7407.0000, 7434.0000, 7460.0000, 7475.0000]

### PER

**beta** (n=100)
  min=0.0000, max=0.4660, mean=0.4291
  [0.0000, 0.4001, 0.4003, 0.4006, 0.4008, 0.4010, 0.4012, 0.4013, 0.4015, 0.4018, 0.4020, 0.4022, 0.4024, 0.4026, 0.4027, 0.4029, 0.4031, 0.4034, 0.4036, 0.4038, 0.4041, 0.4043, 0.4045, 0.4047, 0.4050, 0.4052, 0.4054, 0.4055, 0.4057, 0.4059, 0.4062, 0.4064, 0.4066, 0.4068, 0.4070, 0.4072, 0.4073, 0.4075, 0.4077, 0.4077, 0.4079, 0.4081, 0.4084, 0.4086, 0.4089, 0.4092, 0.4094, 0.4096, 0.4098, 0.4100, 0.4567, 0.4569, 0.4570, 0.4571, 0.4572, 0.4575, 0.4577, 0.4579, 0.4580, 0.4582, 0.4584, 0.4586, 0.4588, 0.4590, 0.4591, 0.4593, 0.4595, 0.4597, 0.4600, 0.4602, 0.4603, 0.4605, 0.4607, 0.4609, 0.4611, 0.4613, 0.4615, 0.4618, 0.4620, 0.4622, 0.4624, 0.4626, 0.4628, 0.4630, 0.4632, 0.4634, 0.4635, 0.4637, 0.4639, 0.4641, 0.4643, 0.4645, 0.4646, 0.4648, 0.4650, 0.4652, 0.4654, 0.4656, 0.4657, 0.4660]

**max_priority** (n=100)
  min=1.0000, max=16.5481, mean=13.7856
  [1.0000, 10.2854, 10.4156, 10.9638, 10.9638, 11.2939, 11.2939, 11.3149, 11.3149, 11.3149, 11.3149, 11.3264, 11.3969, 11.3969, 11.3969, 11.3969, 11.3969, 11.3969, 11.3969, 11.3969, 11.3969, 11.3969, 11.3969, 11.3969, 11.3969, 11.3969, 11.3969, 11.3969, 11.3969, 11.3969, 11.3969, 11.3969, 11.3969, 11.3969, 11.3969, 11.3969, 11.3969, 11.3969, 11.3969, 11.3969, 11.3969, 11.3969, 11.3969, 11.3969, 11.3969, 11.3969, 11.3969, 11.3969, 11.3969, 11.3969, 16.1491, 16.1491, 16.1491, 16.1491, 16.1491, 16.1491, 16.1491, 16.2253, 16.2253, 16.2253, 16.2253, 16.2253, 16.2253, 16.5481, 16.5481, 16.5481, 16.5481, 16.5481, 16.5481, 16.5481, 16.5481, 16.5481, 16.5481, 16.5481, 16.5481, 16.5481, 16.5481, 16.5481, 16.5481, 16.5481, 16.5481, 16.5481, 16.5481, 16.5481, 16.5481, 16.5481, 16.5481, 16.5481, 16.5481, 16.5481, 16.5481, 16.5481, 16.5481, 16.5481, 16.5481, 16.5481, 16.5481, 16.5481, 16.5481, 16.5481]

### Async

**avg_train_time** (n=100)
  min=0.0000, max=0.4823, mean=0.2850
  [0.0000, 0.4823, 0.3172, 0.3007, 0.2955, 0.2967, 0.3012, 0.3033, 0.3016, 0.3006, 0.3003, 0.2992, 0.2978, 0.2980, 0.2972, 0.2965, 0.2975, 0.2950, 0.2933, 0.2913, 0.2896, 0.2879, 0.2866, 0.2852, 0.2841, 0.2831, 0.2824, 0.2839, 0.2849, 0.2858, 0.2845, 0.2843, 0.2848, 0.2857, 0.2864, 0.2871, 0.2877, 0.2884, 0.2887, 0.2887, 0.2892, 0.2894, 0.2890, 0.2873, 0.2852, 0.2833, 0.2822, 0.2823, 0.2822, 0.2827, 0.2792, 0.2794, 0.2795, 0.2796, 0.2797, 0.2798, 0.2797, 0.2799, 0.2800, 0.2802, 0.2803, 0.2804, 0.2806, 0.2807, 0.2809, 0.2810, 0.2810, 0.2811, 0.2811, 0.2811, 0.2812, 0.2813, 0.2814, 0.2814, 0.2814, 0.2815, 0.2815, 0.2815, 0.2816, 0.2816, 0.2817, 0.2817, 0.2818, 0.2818, 0.2819, 0.2819, 0.2819, 0.2820, 0.2820, 0.2821, 0.2821, 0.2822, 0.2823, 0.2824, 0.2826, 0.2827, 0.2829, 0.2830, 0.2831, 0.2829]

**buffer_queue_size** (n=100)
  min=0.0000, max=100.0000, mean=8.0000
  [0.0000, 0.0000, 100.0000, 0.0000, 0.0000, 0.0000, 0.0000, 0.0000, 0.0000, 0.0000, 0.0000, 0.0000, 0.0000, 0.0000, 0.0000, 0.0000, 0.0000, 0.0000, 0.0000, 0.0000, 0.0000, 0.0000, 0.0000, 0.0000, 0.0000, 0.0000, 0.0000, 0.0000, 0.0000, 0.0000, 0.0000, 0.0000, 0.0000, 0.0000, 0.0000, 0.0000, 0.0000, 0.0000, 0.0000, 0.0000, 0.0000, 100.0000, 0.0000, 0.0000, 0.0000, 0.0000, 0.0000, 0.0000, 100.0000, 0.0000, 0.0000, 0.0000, 0.0000, 0.0000, 0.0000, 0.0000, 0.0000, 0.0000, 0.0000, 0.0000, 0.0000, 0.0000, 0.0000, 0.0000, 0.0000, 100.0000, 0.0000, 0.0000, 0.0000, 0.0000, 100.0000, 0.0000, 0.0000, 0.0000, 0.0000, 100.0000, 0.0000, 0.0000, 0.0000, 0.0000, 0.0000, 0.0000, 0.0000, 0.0000, 0.0000, 0.0000, 0.0000, 0.0000, 0.0000, 0.0000, 0.0000, 100.0000, 0.0000, 0.0000, 0.0000, 0.0000, 100.0000, 0.0000, 0.0000, 0.0000]

**collector_episodes** (n=100)
  min=257.0000, max=39694.0000, mean=20434.4700
  [257.0000, 396.0000, 546.0000, 692.0000, 834.0000, 966.0000, 1097.0000, 1232.0000, 1341.0000, 1469.0000, 1585.0000, 1695.0000, 1813.0000, 1922.0000, 2009.0000, 2532.0000, 2655.0000, 2799.0000, 2931.0000, 3069.0000, 3200.0000, 3349.0000, 3494.0000, 3625.0000, 3764.0000, 3909.0000, 4006.0000, 4697.0000, 4808.0000, 4926.0000, 5023.0000, 5142.0000, 5265.0000, 5380.0000, 5497.0000, 5609.0000, 5726.0000, 5854.0000, 5997.0000, 6037.0000, 6804.0000, 6935.0000, 7077.0000, 7187.0000, 7300.0000, 7407.0000, 7519.0000, 7665.0000, 7822.0000, 7957.0000, 33780.0000, 33900.0000, 33985.0000, 34019.0000, 34591.0000, 34667.0000, 34756.0000, 34856.0000, 34949.0000, 35045.0000, 35133.0000, 35235.0000, 35329.0000, 35435.0000, 35529.0000, 35636.0000, 35737.0000, 35835.0000, 35917.0000, 36010.0000, 36495.0000, 36593.0000, 36693.0000, 36805.0000, 36898.0000, 36997.0000, 37096.0000, 37187.0000, 37282.0000, 37373.0000, 37463.0000, 37553.0000, 37657.0000, 37755.0000, 37857.0000, 37969.0000, 38022.0000, 38533.0000, 38634.0000, 38735.0000, 38845.0000, 38938.0000, 39028.0000, 39116.0000, 39217.0000, 39312.0000, 39411.0000, 39514.0000, 39610.0000, 39694.0000]

**num_workers** (n=100)
  min=4.0000, max=4.0000, mean=4.0000
  [4.0000, 4.0000, 4.0000, 4.0000, 4.0000, 4.0000, 4.0000, 4.0000, 4.0000, 4.0000, 4.0000, 4.0000, 4.0000, 4.0000, 4.0000, 4.0000, 4.0000, 4.0000, 4.0000, 4.0000, 4.0000, 4.0000, 4.0000, 4.0000, 4.0000, 4.0000, 4.0000, 4.0000, 4.0000, 4.0000, 4.0000, 4.0000, 4.0000, 4.0000, 4.0000, 4.0000, 4.0000, 4.0000, 4.0000, 4.0000, 4.0000, 4.0000, 4.0000, 4.0000, 4.0000, 4.0000, 4.0000, 4.0000, 4.0000, 4.0000, 4.0000, 4.0000, 4.0000, 4.0000, 4.0000, 4.0000, 4.0000, 4.0000, 4.0000, 4.0000, 4.0000, 4.0000, 4.0000, 4.0000, 4.0000, 4.0000, 4.0000, 4.0000, 4.0000, 4.0000, 4.0000, 4.0000, 4.0000, 4.0000, 4.0000, 4.0000, 4.0000, 4.0000, 4.0000, 4.0000, 4.0000, 4.0000, 4.0000, 4.0000, 4.0000, 4.0000, 4.0000, 4.0000, 4.0000, 4.0000, 4.0000, 4.0000, 4.0000, 4.0000, 4.0000, 4.0000, 4.0000, 4.0000, 4.0000, 4.0000]

**train_steps** (n=100)
  min=0.0000, max=10997.0000, mean=5517.2100
  [0.0000, 16.0000, 56.0000, 92.0000, 128.0000, 161.0000, 192.0000, 223.0000, 258.0000, 292.0000, 325.0000, 360.0000, 395.0000, 428.0000, 457.0000, 491.0000, 523.0000, 561.0000, 599.0000, 637.0000, 675.0000, 714.0000, 752.0000, 791.0000, 829.0000, 867.0000, 894.0000, 924.0000, 955.0000, 987.0000, 1027.0000, 1063.0000, 1096.0000, 1128.0000, 1160.0000, 1192.0000, 1224.0000, 1256.0000, 1289.0000, 1290.0000, 1322.0000, 1355.0000, 1392.0000, 1435.0000, 1481.0000, 1526.0000, 1566.0000, 1602.0000, 1637.0000, 1670.0000, 9444.0000, 9475.0000, 9505.0000, 9512.0000, 9541.0000, 9576.0000, 9613.0000, 9644.0000, 9674.0000, 9705.0000, 9735.0000, 9766.0000, 9797.0000, 9827.0000, 9857.0000, 9891.0000, 9924.0000, 9958.0000, 9992.0000, 10025.0000, 10057.0000, 10090.0000, 10124.0000, 10157.0000, 10191.0000, 10224.0000, 10258.0000, 10295.0000, 10329.0000, 10362.0000, 10396.0000, 10429.0000, 10462.0000, 10496.0000, 10530.0000, 10564.0000, 10576.0000, 10609.0000, 10643.0000, 10676.0000, 10710.0000, 10743.0000, 10773.0000, 10803.0000, 10834.0000, 10864.0000, 10894.0000, 10925.0000, 10956.0000, 10997.0000]
