================================================================================
W&B RUN DATA: TD3-Hockey-NORMAL-weak-lr0.0010-seed42
================================================================================

## RUN METADATA
Run ID: w1pvsmr1
Created: 2026-01-16T13:59:43Z
State: running
Duration: 4237.733105988 seconds

## CONFIGURATION
  algorithm: TD3
  mode: NORMAL
  opponent: weak
  learning_rate_actor: 0.001
  learning_rate_critic: 0.001
  batch_size: 100
  buffer_size: 1000000
  max_episodes: 100000
  random_seed: 42
  self_play_start: 0
  self_play_pool_size: 25
  gamma: 0.99
  tau: 0.005

## FINAL SUMMARY

## NOTE: Data discretized to fit 100000 char limit
  Showing ~66 points per metric (of 308 total)

## METRICS DATA

### behavior/action_magnitude_avg
  Total points: 100
  Min: 0.6184, Max: 1.2166, Mean: 0.9259
  Data: [
    0.6702, 0.6440, 0.6481, 0.6707, 0.6457, 0.6519, 0.6367, 0.6613, 0.6516, 0.6499,
    0.6674, 0.6583, 0.6456, 0.6516, 0.6660, 0.6633, 0.6540, 0.6579, 0.6697, 0.6466,
    0.6437, 0.6533, 0.6616, 0.6607, 0.6397, 0.6527, 0.6637, 0.6532, 0.6372, 0.6715,
    0.6581, 0.6604, 0.6548, 0.6184, 0.6419, 0.6713, 0.6659, 0.6578, 0.6491, 0.6670,
    0.6253, 0.6478, 0.6423, 0.6438, 0.6595, 0.6490, 0.6346, 0.6416, 0.6457, 0.6593,
    1.1937, 1.2001, 1.2065, 1.2020, 1.1962, 1.2005, 1.2034, 1.2122, 1.1877, 1.2040,
    1.2019, 1.1983, 1.2166, 1.2084, 1.2044, 1.2089, 1.2092, 1.2084, 1.1986, 1.2023,
    1.1979, 1.2110, 1.1977, 1.2007, 1.1918, 1.2012, 1.1907, 1.2038, 1.2032, 1.1963,
    1.2059, 1.2038, 1.2061, 1.2132, 1.2076, 1.2111, 1.1836, 1.1989, 1.1944, 1.1938,
    1.1901, 1.1894, 1.1866, 1.1900, 1.1655, 1.1853, 1.1880, 1.1934, 1.2006, 1.1862,
  ]

### behavior/action_magnitude_max
  Total points: 100
  Min: 1.3291, Max: 1.4142, Mean: 1.3912
  Data: [
    1.3875, 1.3518, 1.3481, 1.3983, 1.3846, 1.3478, 1.3726, 1.3955, 1.3480, 1.3833,
    1.3889, 1.3831, 1.3473, 1.3784, 1.3660, 1.3918, 1.3672, 1.3337, 1.3710, 1.3568,
    1.3637, 1.4023, 1.3829, 1.3530, 1.3771, 1.3567, 1.3865, 1.3996, 1.3696, 1.3526,
    1.3910, 1.3461, 1.3678, 1.3635, 1.3569, 1.3825, 1.3900, 1.3392, 1.3291, 1.3602,
    1.3531, 1.3393, 1.3540, 1.3443, 1.3510, 1.3717, 1.3596, 1.3981, 1.3937, 1.3697,
    1.4142, 1.4142, 1.4142, 1.4142, 1.4142, 1.4142, 1.4142, 1.4142, 1.4142, 1.4142,
    1.4142, 1.4142, 1.4142, 1.4142, 1.4142, 1.4142, 1.4142, 1.4142, 1.4142, 1.4142,
    1.4142, 1.4142, 1.4142, 1.4142, 1.4142, 1.4142, 1.4142, 1.4142, 1.4142, 1.4142,
    1.4142, 1.4142, 1.4142, 1.4142, 1.4142, 1.4142, 1.4142, 1.4142, 1.4142, 1.4142,
    1.4142, 1.4142, 1.4142, 1.4142, 1.4142, 1.4142, 1.4142, 1.4142, 1.4142, 1.4142,
  ]

### behavior/dist_to_puck_avg
  Total points: 100
  Min: 2.0554, Max: 3.9419, Mean: 2.9088
  Data: [
    3.5338, 3.4057, 3.2893, 3.4051, 3.2131, 3.5196, 3.3502, 3.3041, 3.2326, 3.6968,
    3.4310, 3.1369, 3.6200, 3.5221, 3.3191, 3.5256, 3.1264, 3.3104, 3.3324, 3.0027,
    3.7203, 2.9983, 3.2500, 3.7419, 3.2827, 3.4284, 3.2565, 3.2223, 3.1310, 3.4702,
    3.2416, 3.3709, 3.3923, 3.2899, 3.2925, 3.2461, 3.1754, 3.8207, 3.0336, 3.4197,
    3.2709, 3.0079, 3.1680, 3.4462, 3.3199, 3.9419, 3.3097, 3.3433, 3.2875, 3.4603,
    2.5871, 2.5216, 2.3594, 2.6233, 2.5268, 2.4413, 2.5216, 2.3114, 2.4414, 2.0554,
    2.3066, 2.1482, 2.3695, 2.5293, 2.6931, 2.7092, 2.5343, 2.2935, 2.3052, 2.0869,
    2.2706, 2.3403, 2.5217, 2.3643, 2.6219, 2.5381, 2.6485, 2.7895, 2.5371, 2.5459,
    2.5519, 2.6409, 2.5981, 2.4624, 2.5135, 2.4825, 2.4763, 2.4338, 2.4470, 2.3906,
    2.5452, 2.4470, 2.4807, 2.1620, 2.5835, 2.4584, 2.5619, 2.5939, 2.4377, 2.4559,
  ]

### behavior/dist_to_puck_min
  Total points: 100
  Min: 0.2411, Max: 1.8244, Mean: 0.7864
  Data: [
    1.0668, 1.0906, 1.0916, 0.6134, 1.5747, 1.0806, 1.0632, 1.2635, 1.0980, 1.4748,
    0.9274, 1.3066, 1.6299, 1.0447, 0.9435, 1.1205, 1.0858, 1.0697, 1.0865, 0.8759,
    1.5317, 0.8571, 1.1608, 1.1836, 1.2915, 1.3687, 1.0486, 0.6827, 1.1888, 1.1606,
    0.6305, 1.1928, 1.6319, 0.8621, 1.4479, 1.1032, 1.3335, 1.5679, 1.2689, 1.3625,
    1.2980, 0.9907, 1.1459, 1.3344, 0.8060, 1.8244, 1.3455, 1.2428, 0.6197, 1.1455,
    0.3151, 0.2596, 0.2953, 0.3137, 0.2829, 0.3322, 0.3050, 0.3491, 0.3818, 0.2773,
    0.2971, 0.2821, 0.3281, 0.3142, 0.4447, 0.4688, 0.4794, 0.4585, 0.3700, 0.2959,
    0.3285, 0.2862, 0.3249, 0.3851, 0.4237, 0.4521, 0.3311, 0.3936, 0.2411, 0.4437,
    0.3191, 0.5471, 0.3497, 0.3309, 0.4043, 0.4755, 0.4960, 0.5914, 0.5739, 0.5811,
    0.5127, 0.3152, 0.4486, 0.3908, 0.5467, 0.3544, 0.7936, 0.8326, 0.6330, 0.5428,
  ]

### behavior/distance_traveled
  Total points: 100
  Min: 6.8094, Max: 15.0495, Mean: 9.9334
  Data: [
    11.0908, 8.3834, 9.5620, 11.1124, 7.1430, 11.1049, 8.9398, 7.9270, 8.4694, 11.2069,
    9.2844, 9.7452, 9.0347, 9.5004, 8.8856, 10.6731, 7.5949, 6.9592, 8.8627, 8.5882,
    10.8187, 7.5229, 8.8804, 9.5489, 10.6290, 10.0995, 8.4894, 9.8049, 8.6640, 9.0687,
    10.5716, 9.5467, 9.9265, 9.2339, 8.8978, 8.1356, 7.8289, 9.1124, 7.4216, 8.1578,
    9.0461, 7.3609, 8.7934, 8.8936, 9.3727, 10.6047, 8.5458, 9.4860, 9.5423, 8.7331,
    13.5282, 12.4870, 11.8348, 13.9548, 10.4015, 10.3171, 11.3057, 11.9218, 7.6665, 8.7212,
    10.9140, 10.5421, 12.7831, 10.2866, 12.0290, 11.0534, 9.8518, 7.9333, 9.1361, 9.3511,
    9.6817, 11.2447, 12.5969, 7.8068, 8.9784, 10.6107, 11.2302, 13.5471, 15.0495, 9.5449,
    14.4666, 6.8094, 8.8983, 13.8656, 10.6239, 13.5326, 9.5502, 10.7694, 8.6098, 9.2566,
    15.0184, 12.3033, 9.2500, 9.4326, 7.4392, 13.6997, 8.6496, 8.9142, 8.6949, 10.4368,
  ]

### behavior/lazy_action_ratio
  Total points: 100
  Min: 0.0000, Max: 0.0270, Mean: 0.0093
  Data: [
    0.0128, 0.0262, 0.0148, 0.0174, 0.0176, 0.0114, 0.0219, 0.0182, 0.0192, 0.0116,
    0.0192, 0.0206, 0.0183, 0.0231, 0.0198, 0.0190, 0.0213, 0.0087, 0.0228, 0.0182,
    0.0243, 0.0202, 0.0127, 0.0135, 0.0155, 0.0197, 0.0261, 0.0259, 0.0270, 0.0132,
    0.0211, 0.0182, 0.0146, 0.0174, 0.0169, 0.0132, 0.0141, 0.0265, 0.0162, 0.0151,
    0.0201, 0.0229, 0.0134, 0.0176, 0.0203, 0.0188, 0.0210, 0.0200, 0.0115, 0.0197,
    0.0004, 0.0000, 0.0000, 0.0000, 0.0000, 0.0000, 0.0000, 0.0000, 0.0000, 0.0000,
    0.0000, 0.0000, 0.0000, 0.0000, 0.0000, 0.0000, 0.0000, 0.0000, 0.0000, 0.0000,
    0.0000, 0.0000, 0.0004, 0.0000, 0.0039, 0.0000, 0.0009, 0.0000, 0.0006, 0.0000,
    0.0000, 0.0000, 0.0000, 0.0000, 0.0000, 0.0000, 0.0000, 0.0004, 0.0000, 0.0000,
    0.0004, 0.0000, 0.0000, 0.0000, 0.0000, 0.0000, 0.0000, 0.0000, 0.0010, 0.0012,
  ]

### behavior/possession_ratio
  Total points: 100
  Min: 0.0000, Max: 0.2269, Mean: 0.0373
  Data: [
    0.0111, 0.0090, 0.0031, 0.0084, 0.0008, 0.0074, 0.0034, 0.0205, 0.0015, 0.0028,
    0.0141, 0.0013, 0.0005, 0.0097, 0.0059, 0.0040, 0.0033, 0.0038, 0.0014, 0.0113,
    0.0004, 0.0130, 0.0008, 0.0073, 0.0004, 0.0021, 0.0089, 0.0084, 0.0053, 0.0049,
    0.0073, 0.0027, 0.0046, 0.0000, 0.0032, 0.0032, 0.0031, 0.0016, 0.0023, 0.0022,
    0.0004, 0.0025, 0.0012, 0.0000, 0.0080, 0.0000, 0.0062, 0.0008, 0.0127, 0.0187,
    0.1150, 0.0865, 0.1851, 0.1093, 0.1555, 0.1158, 0.1213, 0.1214, 0.1552, 0.2269,
    0.1814, 0.1811, 0.1367, 0.1428, 0.0975, 0.1117, 0.0783, 0.1415, 0.1543, 0.2047,
    0.1223, 0.1249, 0.0175, 0.0259, 0.0187, 0.0120, 0.0152, 0.0122, 0.0182, 0.0167,
    0.0204, 0.0150, 0.0185, 0.0178, 0.0176, 0.0107, 0.0152, 0.0156, 0.0090, 0.0130,
    0.0094, 0.0156, 0.0141, 0.0155, 0.0142, 0.0113, 0.0096, 0.0096, 0.0131, 0.0087,
  ]

### behavior/puck_touches
  Total points: 100
  Min: 0.0000, Max: 0.0000, Mean: 0.0000
  Data: [
    0.0000, 0.0000, 0.0000, 0.0000, 0.0000, 0.0000, 0.0000, 0.0000, 0.0000, 0.0000,
    0.0000, 0.0000, 0.0000, 0.0000, 0.0000, 0.0000, 0.0000, 0.0000, 0.0000, 0.0000,
    0.0000, 0.0000, 0.0000, 0.0000, 0.0000, 0.0000, 0.0000, 0.0000, 0.0000, 0.0000,
    0.0000, 0.0000, 0.0000, 0.0000, 0.0000, 0.0000, 0.0000, 0.0000, 0.0000, 0.0000,
    0.0000, 0.0000, 0.0000, 0.0000, 0.0000, 0.0000, 0.0000, 0.0000, 0.0000, 0.0000,
    0.0000, 0.0000, 0.0000, 0.0000, 0.0000, 0.0000, 0.0000, 0.0000, 0.0000, 0.0000,
    0.0000, 0.0000, 0.0000, 0.0000, 0.0000, 0.0000, 0.0000, 0.0000, 0.0000, 0.0000,
    0.0000, 0.0000, 0.0000, 0.0000, 0.0000, 0.0000, 0.0000, 0.0000, 0.0000, 0.0000,
    0.0000, 0.0000, 0.0000, 0.0000, 0.0000, 0.0000, 0.0000, 0.0000, 0.0000, 0.0000,
    0.0000, 0.0000, 0.0000, 0.0000, 0.0000, 0.0000, 0.0000, 0.0000, 0.0000, 0.0000,
  ]

### behavior/shoot_action_avg
  Total points: 100
  Min: -0.5497, Max: 0.6200, Mean: 0.1645
  Data: [
    0.1985, 0.2034, 0.1702, 0.2413, 0.1639, 0.2228, 0.2034, 0.1486, 0.1691, 0.1888,
    0.2282, 0.1784, 0.1665, 0.1653, 0.1860, 0.1617, 0.1913, 0.1666, 0.2578, 0.2041,
    0.1623, 0.1832, 0.1544, 0.1888, 0.1755, 0.1752, 0.2019, 0.1725, 0.1736, 0.1544,
    0.2264, 0.1623, 0.1571, 0.1630, 0.1776, 0.1971, 0.1819, 0.1610, 0.1232, 0.1570,
    0.1414, 0.1785, 0.1767, 0.1338, 0.1738, 0.1452, 0.1854, 0.1483, 0.2331, 0.2028,
    0.3377, 0.6184, 0.4145, 0.4628, 0.3902, 0.4226, 0.3695, 0.3621, -0.0383, -0.1186,
    -0.1491, -0.0998, -0.3087, -0.5497, -0.5186, -0.2642, -0.0467, -0.1610, -0.1912, -0.1603,
    0.1980, 0.3368, 0.6200, 0.4698, 0.2479, 0.3436, 0.2943, 0.3408, 0.4001, 0.2766,
    0.2813, -0.1512, -0.0990, 0.1058, 0.1452, 0.4522, 0.4412, 0.3563, 0.3702, 0.1772,
    0.3044, 0.2200, 0.1204, 0.3271, 0.0090, 0.0841, -0.0894, -0.0950, 0.0408, 0.1640,
  ]

### behavior/shoot_action_when_possess
  Total points: 100
  Min: -0.8411, Max: 0.3208, Mean: -0.1660
  Data: [
    -0.0399, 0.1698, 0.0037, 0.0115, -0.1000, 0.0925, -0.0041, 0.0566, 0.0023, 0.0237,
    0.1262, 0.0191, 0.0179, 0.1368, 0.0475, 0.0285, 0.0440, 0.1666, 0.1000, 0.0336,
    0.0005, -0.0369, 0.0365, 0.0271, 0.0714, 0.0606, 0.0458, -0.0415, 0.0307, 0.0876,
    0.1920, 0.0740, 0.0195, 0.0000, 0.0225, 0.0486, 0.0076, 0.0996, 0.0066, 0.1649,
    0.0109, 0.0878, 0.0420, 0.0000, 0.0827, 0.0000, 0.0006, -0.0092, 0.3208, 0.0377,
    -0.4975, -0.3175, -0.5298, -0.5182, -0.4788, -0.5100, -0.4619, -0.2387, -0.6095, -0.8411,
    -0.6802, -0.7802, -0.7360, -0.7556, -0.5778, -0.6749, -0.4256, -0.6169, -0.6269, -0.8117,
    -0.4834, -0.6775, 0.0324, -0.2049, -0.5649, -0.1035, -0.3378, -0.4068, -0.5570, -0.3388,
    -0.1833, -0.5230, -0.3895, -0.2880, -0.3161, -0.1060, 0.1318, 0.0323, -0.2115, -0.2771,
    -0.3000, -0.5367, -0.0355, -0.2588, -0.1764, -0.1364, 0.0018, -0.0506, -0.1353, 0.0598,
  ]

### behavior/time_near_puck
  Total points: 100
  Min: 0.0000, Max: 24.2000, Mean: 4.7270
  Data: [
    2.5000, 1.1000, 0.5000, 4.2000, 0.1000, 3.9000, 0.6000, 1.7000, 0.6000, 0.7000,
    3.3000, 0.2000, 0.9000, 1.1000, 1.3000, 1.5000, 0.5000, 0.3000, 0.2000, 2.0000,
    0.0000, 0.8000, 0.2000, 1.8000, 0.5000, 0.1000, 1.0000, 1.4000, 0.9000, 0.6000,
    1.4000, 0.2000, 0.8000, 0.2000, 1.7000, 0.3000, 0.2000, 0.3000, 0.4000, 0.2000,
    0.0000, 0.6000, 0.3000, 0.0000, 1.8000, 0.0000, 1.1000, 0.1000, 2.7000, 2.0000,
    15.4000, 12.5000, 24.2000, 14.6000, 14.3000, 12.4000, 13.2000, 13.3000, 11.5000, 18.4000,
    19.4000, 19.5000, 16.0000, 15.6000, 15.2000, 14.7000, 12.4000, 11.6000, 14.1000, 20.5000,
    11.0000, 9.3000, 5.1000, 2.7000, 2.2000, 2.9000, 3.7000, 2.2000, 4.1000, 2.5000,
    4.4000, 1.8000, 1.8000, 3.8000, 2.2000, 1.0000, 2.0000, 2.7000, 5.7000, 1.8000,
    2.5000, 2.1000, 4.6000, 8.3000, 0.4000, 10.4000, 1.7000, 2.8000, 6.1000, 3.3000,
  ]

### behavior/velocity_avg
  Total points: 100
  Min: 0.0485, Max: 0.1109, Mean: 0.0761
  Data: [
    0.0565, 0.0559, 0.0533, 0.0568, 0.0586, 0.0578, 0.0503, 0.0571, 0.0577, 0.0485,
    0.0595, 0.0613, 0.0514, 0.0590, 0.0661, 0.0552, 0.0687, 0.0634, 0.0635, 0.0545,
    0.0525, 0.0592, 0.0570, 0.0608, 0.0545, 0.0563, 0.0588, 0.0528, 0.0563, 0.0603,
    0.0523, 0.0591, 0.0578, 0.0503, 0.0534, 0.0564, 0.0576, 0.0575, 0.0624, 0.0586,
    0.0599, 0.0553, 0.0518, 0.0562, 0.0504, 0.0556, 0.0544, 0.0557, 0.0602, 0.0591,
    0.1074, 0.0907, 0.0934, 0.1003, 0.0983, 0.1016, 0.1063, 0.1109, 0.1007, 0.0970,
    0.0892, 0.0902, 0.0932, 0.0886, 0.0925, 0.0983, 0.0935, 0.0921, 0.0968, 0.0821,
    0.0897, 0.0985, 0.0922, 0.0983, 0.0872, 0.1033, 0.0988, 0.0972, 0.0898, 0.0980,
    0.1002, 0.1109, 0.1059, 0.1030, 0.0981, 0.0965, 0.0993, 0.1030, 0.0923, 0.0955,
    0.0938, 0.0715, 0.0863, 0.0818, 0.0861, 0.0901, 0.0899, 0.0877, 0.0906, 0.1041,
  ]

### behavior/velocity_max
  Total points: 100
  Min: 0.1374, Max: 0.2300, Mean: 0.1892
  Data: [
    0.1655, 0.1544, 0.1445, 0.1712, 0.1495, 0.1577, 0.1374, 0.1550, 0.1659, 0.1536,
    0.1597, 0.1558, 0.1395, 0.1562, 0.1679, 0.1645, 0.1604, 0.1456, 0.1684, 0.1580,
    0.1565, 0.1470, 0.1420, 0.1705, 0.1491, 0.1576, 0.1498, 0.1595, 0.1619, 0.1617,
    0.1738, 0.1676, 0.1579, 0.1374, 0.1498, 0.1605, 0.1511, 0.1572, 0.1510, 0.1492,
    0.1604, 0.1447, 0.1543, 0.1530, 0.1556, 0.1617, 0.1476, 0.1513, 0.1666, 0.1576,
    0.2268, 0.2205, 0.2187, 0.2212, 0.2177, 0.2207, 0.2230, 0.2262, 0.2197, 0.2181,
    0.2252, 0.2194, 0.2237, 0.2235, 0.2248, 0.2272, 0.2195, 0.2262, 0.2231, 0.2181,
    0.2208, 0.2234, 0.2244, 0.2204, 0.2222, 0.2170, 0.2195, 0.2273, 0.2259, 0.2226,
    0.2260, 0.2246, 0.2212, 0.2300, 0.2215, 0.2228, 0.2233, 0.2244, 0.2134, 0.2204,
    0.2276, 0.2272, 0.2156, 0.2253, 0.2143, 0.2271, 0.2222, 0.2240, 0.2219, 0.2257,
  ]

### eval/strong/avg_reward
  Total points: 22
  Min: -22.2833, Max: -4.9332, Mean: -7.9392
  Data: [
    -22.2833, -12.5535, -7.3615, -5.0890, -6.9673, -7.1790, -9.7178, -5.7627, -6.8093, -4.9332,
    -7.3472, -5.8546, -6.0175, -5.9106, -5.1649, -5.1744, -7.3726, -8.8859, -7.4998, -7.9061,
    -9.6251, -9.2476,
  ]

### eval/strong/loss_rate
  Total points: 22
  Min: 0.4400, Max: 0.6800, Mean: 0.5355
  Data: [
    0.4600, 0.5400, 0.5600, 0.5000, 0.5000, 0.5200, 0.6600, 0.5400, 0.5200, 0.4400,
    0.6400, 0.4600, 0.4600, 0.4800, 0.4600, 0.4800, 0.5600, 0.6400, 0.5800, 0.6400,
    0.6800, 0.4600,
  ]

### eval/strong/losses
  Total points: 22
  Min: 22.0000, Max: 34.0000, Mean: 26.7727
  Data: [
    23.0000, 27.0000, 28.0000, 25.0000, 25.0000, 26.0000, 33.0000, 27.0000, 26.0000, 22.0000,
    32.0000, 23.0000, 23.0000, 24.0000, 23.0000, 24.0000, 28.0000, 32.0000, 29.0000, 32.0000,
    34.0000, 23.0000,
  ]

### eval/strong/tie_rate
  Total points: 22
  Min: 0.1200, Max: 0.4800, Mean: 0.2527
  Data: [
    0.4800, 0.3600, 0.2600, 0.1800, 0.2200, 0.2600, 0.2600, 0.2200, 0.2800, 0.2800,
    0.1200, 0.3200, 0.3000, 0.3200, 0.2200, 0.2000, 0.2200, 0.1800, 0.2200, 0.1200,
    0.1600, 0.3800,
  ]

### eval/strong/ties
  Total points: 22
  Min: 6.0000, Max: 24.0000, Mean: 12.6364
  Data: [
    24.0000, 18.0000, 13.0000, 9.0000, 11.0000, 13.0000, 13.0000, 11.0000, 14.0000, 14.0000,
    6.0000, 16.0000, 15.0000, 16.0000, 11.0000, 10.0000, 11.0000, 9.0000, 11.0000, 6.0000,
    8.0000, 19.0000,
  ]

### eval/strong/win_rate
  Total points: 22
  Min: 0.0600, Max: 0.3200, Mean: 0.2118
  Data: [
    0.0600, 0.1000, 0.1800, 0.3200, 0.2800, 0.2200, 0.0800, 0.2400, 0.2000, 0.2800,
    0.2400, 0.2200, 0.2400, 0.2000, 0.3200, 0.3200, 0.2200, 0.1800, 0.2000, 0.2400,
    0.1600, 0.1600,
  ]

### eval/strong/win_rate_decisive
  Total points: 22
  Min: 0.1081, Max: 0.4103, Mean: 0.2803
  Data: [
    0.1154, 0.1562, 0.2432, 0.3902, 0.3590, 0.2973, 0.1081, 0.3077, 0.2778, 0.3889,
    0.2727, 0.3235, 0.3429, 0.2941, 0.4103, 0.4000, 0.2821, 0.2195, 0.2564, 0.2727,
    0.1905, 0.2581,
  ]

### eval/strong/wins
  Total points: 22
  Min: 3.0000, Max: 16.0000, Mean: 10.5909
  Data: [
    3.0000, 5.0000, 9.0000, 16.0000, 14.0000, 11.0000, 4.0000, 12.0000, 10.0000, 14.0000,
    12.0000, 11.0000, 12.0000, 10.0000, 16.0000, 16.0000, 11.0000, 9.0000, 10.0000, 12.0000,
    8.0000, 8.0000,
  ]

### eval/weak/avg_reward
  Total points: 22
  Min: -24.3369, Max: -3.5217, Mean: -7.7786
  Data: [
    -24.3369, -13.0565, -7.9675, -3.6915, -10.6248, -5.1105, -6.0822, -3.7003, -5.3002, -5.4422,
    -9.1109, -5.1653, -4.6975, -3.5217, -6.7708, -6.2333, -6.6283, -8.5605, -6.6908, -10.1153,
    -8.4505, -9.8723,
  ]

### eval/weak/loss_rate
  Total points: 22
  Min: 0.3400, Max: 0.8000, Mean: 0.5745
  Data: [
    0.5000, 0.6400, 0.6600, 0.4000, 0.6800, 0.3400, 0.5000, 0.4400, 0.5800, 0.5200,
    0.7600, 0.4600, 0.5800, 0.4000, 0.6200, 0.5800, 0.5400, 0.6600, 0.5800, 0.8000,
    0.7200, 0.6800,
  ]

### eval/weak/losses
  Total points: 22
  Min: 17.0000, Max: 40.0000, Mean: 28.7273
  Data: [
    25.0000, 32.0000, 33.0000, 20.0000, 34.0000, 17.0000, 25.0000, 22.0000, 29.0000, 26.0000,
    38.0000, 23.0000, 29.0000, 20.0000, 31.0000, 29.0000, 27.0000, 33.0000, 29.0000, 40.0000,
    36.0000, 34.0000,
  ]

### eval/weak/tie_rate
  Total points: 22
  Min: 0.0800, Max: 0.4800, Mean: 0.2582
  Data: [
    0.4800, 0.3400, 0.2800, 0.3000, 0.2800, 0.4200, 0.3200, 0.2800, 0.1200, 0.2800,
    0.1400, 0.3800, 0.1000, 0.3800, 0.2000, 0.2600, 0.3000, 0.2200, 0.2000, 0.0800,
    0.0800, 0.2400,
  ]

### eval/weak/ties
  Total points: 22
  Min: 4.0000, Max: 24.0000, Mean: 12.9091
  Data: [
    24.0000, 17.0000, 14.0000, 15.0000, 14.0000, 21.0000, 16.0000, 14.0000, 6.0000, 14.0000,
    7.0000, 19.0000, 5.0000, 19.0000, 10.0000, 13.0000, 15.0000, 11.0000, 10.0000, 4.0000,
    4.0000, 12.0000,
  ]

### eval/weak/win_rate
  Total points: 22
  Min: 0.0200, Max: 0.3200, Mean: 0.1673
  Data: [
    0.0200, 0.0200, 0.0600, 0.3000, 0.0400, 0.2400, 0.1800, 0.2800, 0.3000, 0.2000,
    0.1000, 0.1600, 0.3200, 0.2200, 0.1800, 0.1600, 0.1600, 0.1200, 0.2200, 0.1200,
    0.2000, 0.0800,
  ]

### eval/weak/win_rate_decisive
  Total points: 22
  Min: 0.0303, Max: 0.4286, Mean: 0.2254
  Data: [
    0.0385, 0.0303, 0.0833, 0.4286, 0.0556, 0.4138, 0.2647, 0.3889, 0.3409, 0.2778,
    0.1163, 0.2581, 0.3556, 0.3548, 0.2250, 0.2162, 0.2286, 0.1538, 0.2750, 0.1304,
    0.2174, 0.1053,
  ]

### eval/weak/wins
  Total points: 22
  Min: 1.0000, Max: 16.0000, Mean: 8.3636
  Data: [
    1.0000, 1.0000, 3.0000, 15.0000, 2.0000, 12.0000, 9.0000, 14.0000, 15.0000, 10.0000,
    5.0000, 8.0000, 16.0000, 11.0000, 9.0000, 8.0000, 8.0000, 6.0000, 11.0000, 6.0000,
    10.0000, 4.0000,
  ]

### gradients/actor_grad_norm
  Total points: 100
  Min: 0.0000, Max: 0.0202, Mean: 0.0051
  Data: [
    0.0000, 0.0000, 0.0000, 0.0000, 0.0000, 0.0000, 0.0000, 0.0000, 0.0000, 0.0000,
    0.0000, 0.0000, 0.0000, 0.0000, 0.0000, 0.0000, 0.0000, 0.0000, 0.0000, 0.0000,
    0.0000, 0.0000, 0.0000, 0.0000, 0.0000, 0.0000, 0.0000, 0.0000, 0.0000, 0.0000,
    0.0000, 0.0000, 0.0000, 0.0000, 0.0000, 0.0000, 0.0000, 0.0000, 0.0000, 0.0000,
    0.0000, 0.0000, 0.0000, 0.0000, 0.0000, 0.0000, 0.0000, 0.0000, 0.0000, 0.0000,
    0.0091, 0.0080, 0.0076, 0.0136, 0.0090, 0.0079, 0.0072, 0.0097, 0.0091, 0.0102,
    0.0094, 0.0074, 0.0098, 0.0116, 0.0101, 0.0132, 0.0109, 0.0070, 0.0115, 0.0070,
    0.0084, 0.0071, 0.0124, 0.0138, 0.0086, 0.0105, 0.0065, 0.0095, 0.0070, 0.0098,
    0.0087, 0.0084, 0.0110, 0.0082, 0.0114, 0.0108, 0.0106, 0.0103, 0.0091, 0.0096,
    0.0099, 0.0202, 0.0116, 0.0114, 0.0088, 0.0182, 0.0102, 0.0130, 0.0121, 0.0132,
  ]

### gradients/critic_grad_norm
  Total points: 100
  Min: 0.0000, Max: 0.1404, Mean: 0.0426
  Data: [
    0.0000, 0.0000, 0.0000, 0.0000, 0.0000, 0.0000, 0.0000, 0.0000, 0.0000, 0.0000,
    0.0000, 0.0000, 0.0000, 0.0000, 0.0000, 0.0000, 0.0000, 0.0000, 0.0000, 0.0000,
    0.0000, 0.0000, 0.0000, 0.0000, 0.0000, 0.0000, 0.0000, 0.0000, 0.0000, 0.0000,
    0.0000, 0.0000, 0.0000, 0.0000, 0.0000, 0.0000, 0.0000, 0.0000, 0.0000, 0.0000,
    0.0000, 0.0000, 0.0000, 0.0000, 0.0000, 0.0000, 0.0000, 0.0000, 0.0000, 0.0000,
    0.0573, 0.0772, 0.0661, 0.0664, 0.0563, 0.0627, 0.0986, 0.0714, 0.0941, 0.0751,
    0.1020, 0.0841, 0.0673, 0.0812, 0.0724, 0.0626, 0.1222, 0.1144, 0.0719, 0.0894,
    0.0730, 0.0586, 0.1036, 0.0771, 0.1017, 0.1098, 0.0632, 0.0569, 0.1404, 0.0608,
    0.0674, 0.0910, 0.0698, 0.0854, 0.0976, 0.1196, 0.1095, 0.0874, 0.0694, 0.0833,
    0.0805, 0.0954, 0.1153, 0.0908, 0.0989, 0.1312, 0.0637, 0.0958, 0.0802, 0.0940,
  ]

### losses/actor_loss
  Total points: 100
  Min: 0.0000, Max: 1.0188, Mean: 0.4724
  Data: [
    0.0000, 0.0000, 0.0000, 0.0000, 0.0000, 0.0000, 0.0000, 0.0000, 0.0000, 0.0000,
    0.0000, 0.0000, 0.0000, 0.0000, 0.0000, 0.0000, 0.0000, 0.0000, 0.0000, 0.0000,
    0.0000, 0.0000, 0.0000, 0.0000, 0.0000, 0.0000, 0.0000, 0.0000, 0.0000, 0.0000,
    0.0000, 0.0000, 0.0000, 0.0000, 0.0000, 0.0000, 0.0000, 0.0000, 0.0000, 0.0000,
    0.0000, 0.0000, 0.0000, 0.0000, 0.0000, 0.0000, 0.0000, 0.0000, 0.0000, 0.0000,
    0.8508, 0.8604, 0.8565, 0.8625, 0.8812, 0.8871, 0.8919, 0.8976, 0.9064, 0.8957,
    0.9061, 0.9050, 0.9087, 0.9219, 0.9337, 0.9359, 0.9338, 0.9361, 0.9507, 0.9344,
    0.9432, 0.9456, 0.9357, 0.9452, 0.9514, 0.9561, 0.9543, 0.9585, 0.9431, 0.9606,
    0.9613, 0.9633, 0.9625, 0.9678, 0.9785, 0.9867, 0.9640, 0.9650, 0.9670, 0.9777,
    0.9819, 0.9916, 0.9911, 1.0044, 0.9955, 1.0037, 0.9985, 0.9994, 1.0158, 1.0188,
  ]

### losses/critic_loss
  Total points: 100
  Min: 0.0000, Max: 0.0028, Mean: 0.0006
  Data: [
    0.0000, 0.0000, 0.0000, 0.0000, 0.0000, 0.0000, 0.0000, 0.0000, 0.0000, 0.0000,
    0.0000, 0.0000, 0.0000, 0.0000, 0.0000, 0.0000, 0.0000, 0.0000, 0.0000, 0.0000,
    0.0000, 0.0000, 0.0000, 0.0000, 0.0000, 0.0000, 0.0000, 0.0000, 0.0000, 0.0000,
    0.0000, 0.0000, 0.0000, 0.0000, 0.0000, 0.0000, 0.0000, 0.0000, 0.0000, 0.0000,
    0.0000, 0.0000, 0.0000, 0.0000, 0.0000, 0.0000, 0.0000, 0.0000, 0.0000, 0.0000,
    0.0007, 0.0024, 0.0013, 0.0009, 0.0006, 0.0007, 0.0021, 0.0011, 0.0025, 0.0008,
    0.0020, 0.0008, 0.0015, 0.0014, 0.0017, 0.0005, 0.0014, 0.0009, 0.0005, 0.0010,
    0.0006, 0.0008, 0.0008, 0.0019, 0.0027, 0.0015, 0.0007, 0.0006, 0.0006, 0.0009,
    0.0008, 0.0005, 0.0012, 0.0010, 0.0017, 0.0010, 0.0025, 0.0013, 0.0009, 0.0014,
    0.0007, 0.0025, 0.0010, 0.0016, 0.0007, 0.0028, 0.0017, 0.0015, 0.0010, 0.0023,
  ]

### pbrs/avg_per_episode
  Total points: 100
  Min: 0.0193, Max: 0.1434, Mean: 0.1246
  Data: [
    0.0193, 0.1042, 0.1107, 0.1056, 0.1235, 0.1100, 0.1046, 0.1063, 0.1154, 0.1061,
    0.1120, 0.1136, 0.1110, 0.1123, 0.1120, 0.1103, 0.1114, 0.1148, 0.1113, 0.1139,
    0.1132, 0.1118, 0.1121, 0.1139, 0.1117, 0.1124, 0.1120, 0.1127, 0.1142, 0.1157,
    0.1142, 0.1147, 0.1152, 0.1143, 0.1142, 0.1143, 0.1156, 0.1152, 0.1171, 0.1174,
    0.1184, 0.1196, 0.1196, 0.1196, 0.1198, 0.1193, 0.1184, 0.1178, 0.1165, 0.1154,
    0.1307, 0.1311, 0.1318, 0.1318, 0.1319, 0.1320, 0.1324, 0.1329, 0.1334, 0.1337,
    0.1338, 0.1339, 0.1340, 0.1343, 0.1343, 0.1350, 0.1356, 0.1360, 0.1361, 0.1363,
    0.1366, 0.1367, 0.1367, 0.1369, 0.1374, 0.1379, 0.1385, 0.1387, 0.1384, 0.1387,
    0.1390, 0.1392, 0.1392, 0.1396, 0.1396, 0.1398, 0.1399, 0.1403, 0.1404, 0.1406,
    0.1407, 0.1408, 0.1411, 0.1413, 0.1417, 0.1420, 0.1424, 0.1427, 0.1430, 0.1434,
  ]

### performance/cumulative_win_rate
  Total points: 100
  Min: 0.0457, Max: 0.2000, Mean: 0.0821
  Data: [
    0.2000, 0.1000, 0.0667, 0.0750, 0.0600, 0.0667, 0.0714, 0.0750, 0.0667, 0.0600,
    0.0636, 0.0583, 0.0615, 0.0571, 0.0667, 0.0688, 0.0706, 0.0722, 0.0789, 0.0750,
    0.0714, 0.0773, 0.0739, 0.0708, 0.0680, 0.0654, 0.0667, 0.0643, 0.0621, 0.0600,
    0.0581, 0.0563, 0.0545, 0.0529, 0.0543, 0.0528, 0.0514, 0.0500, 0.0487, 0.0500,
    0.0488, 0.0500, 0.0488, 0.0477, 0.0467, 0.0457, 0.0468, 0.0458, 0.0510, 0.0540,
    0.0931, 0.0931, 0.0931, 0.0935, 0.0943, 0.0951, 0.0951, 0.0951, 0.0955, 0.0959,
    0.0963, 0.0970, 0.0970, 0.0971, 0.0971, 0.0967, 0.0964, 0.0967, 0.0975, 0.0978,
    0.0982, 0.0989, 0.0989, 0.0996, 0.0996, 0.0993, 0.0993, 0.0993, 0.1003, 0.1007,
    0.1007, 0.1014, 0.1024, 0.1024, 0.1034, 0.1031, 0.1044, 0.1044, 0.1051, 0.1054,
    0.1054, 0.1050, 0.1056, 0.1060, 0.1059, 0.1056, 0.1056, 0.1056, 0.1059, 0.1062,
  ]

### performance/losses
  Total points: 100
  Min: 2.0000, Max: 1445.0000, Mean: 691.6000
  Data: [
    2.0000, 8.0000, 12.0000, 15.0000, 21.0000, 23.0000, 26.0000, 30.0000, 36.0000, 37.0000,
    43.0000, 47.0000, 50.0000, 54.0000, 58.0000, 61.0000, 66.0000, 72.0000, 74.0000, 79.0000,
    82.0000, 86.0000, 90.0000, 95.0000, 97.0000, 101.0000, 105.0000, 109.0000, 114.0000, 119.0000,
    121.0000, 125.0000, 129.0000, 132.0000, 136.0000, 141.0000, 146.0000, 149.0000, 155.0000, 159.0000,
    164.0000, 170.0000, 174.0000, 178.0000, 182.0000, 185.0000, 188.0000, 191.0000, 194.0000, 197.0000,
    1122.0000, 1130.0000, 1139.0000, 1143.0000, 1148.0000, 1154.0000, 1161.0000, 1169.0000, 1177.0000, 1184.0000,
    1189.0000, 1194.0000, 1199.0000, 1206.0000, 1210.0000, 1220.0000, 1229.0000, 1236.0000, 1242.0000, 1248.0000,
    1255.0000, 1261.0000, 1265.0000, 1271.0000, 1280.0000, 1289.0000, 1298.0000, 1304.0000, 1306.0000, 1313.0000,
    1319.0000, 1326.0000, 1331.0000, 1339.0000, 1344.0000, 1350.0000, 1355.0000, 1363.0000, 1369.0000, 1376.0000,
    1381.0000, 1386.0000, 1393.0000, 1400.0000, 1408.0000, 1415.0000, 1423.0000, 1430.0000, 1437.0000, 1445.0000,
  ]

### performance/ties
  Total points: 100
  Min: 6.0000, Max: 1308.0000, Mean: 704.1900
  Data: [
    6.0000, 10.0000, 16.0000, 22.0000, 26.0000, 33.0000, 39.0000, 44.0000, 48.0000, 57.0000,
    60.0000, 66.0000, 72.0000, 78.0000, 82.0000, 88.0000, 92.0000, 95.0000, 101.0000, 106.0000,
    113.0000, 117.0000, 123.0000, 128.0000, 136.0000, 142.0000, 147.0000, 153.0000, 158.0000, 163.0000,
    171.0000, 177.0000, 183.0000, 190.0000, 195.0000, 200.0000, 205.0000, 212.0000, 216.0000, 221.0000,
    226.0000, 229.0000, 235.0000, 241.0000, 247.0000, 254.0000, 260.0000, 267.0000, 271.0000, 276.0000,
    1227.0000, 1228.0000, 1228.0000, 1232.0000, 1234.0000, 1235.0000, 1237.0000, 1238.0000, 1238.0000, 1239.0000,
    1242.0000, 1244.0000, 1248.0000, 1250.0000, 1255.0000, 1255.0000, 1256.0000, 1257.0000, 1258.0000, 1260.0000,
    1261.0000, 1262.0000, 1267.0000, 1268.0000, 1268.0000, 1269.0000, 1269.0000, 1272.0000, 1276.0000, 1277.0000,
    1280.0000, 1280.0000, 1281.0000, 1282.0000, 1283.0000, 1287.0000, 1287.0000, 1288.0000, 1289.0000, 1290.0000,
    1294.0000, 1299.0000, 1299.0000, 1300.0000, 1301.0000, 1304.0000, 1305.0000, 1307.0000, 1308.0000, 1308.0000,
  ]

### performance/wins
  Total points: 100
  Min: 2.0000, Max: 327.0000, Mean: 149.2100
  Data: [
    2.0000, 2.0000, 2.0000, 3.0000, 3.0000, 4.0000, 5.0000, 6.0000, 6.0000, 6.0000,
    7.0000, 7.0000, 8.0000, 8.0000, 10.0000, 11.0000, 12.0000, 13.0000, 15.0000, 15.0000,
    15.0000, 17.0000, 17.0000, 17.0000, 17.0000, 17.0000, 18.0000, 18.0000, 18.0000, 18.0000,
    18.0000, 18.0000, 18.0000, 18.0000, 19.0000, 19.0000, 19.0000, 19.0000, 19.0000, 20.0000,
    20.0000, 21.0000, 21.0000, 21.0000, 21.0000, 21.0000, 22.0000, 22.0000, 25.0000, 27.0000,
    241.0000, 242.0000, 243.0000, 245.0000, 248.0000, 251.0000, 252.0000, 253.0000, 255.0000, 257.0000,
    259.0000, 262.0000, 263.0000, 264.0000, 265.0000, 265.0000, 265.0000, 267.0000, 270.0000, 272.0000,
    274.0000, 277.0000, 278.0000, 281.0000, 282.0000, 282.0000, 283.0000, 284.0000, 288.0000, 290.0000,
    291.0000, 294.0000, 298.0000, 299.0000, 303.0000, 303.0000, 308.0000, 309.0000, 312.0000, 314.0000,
    315.0000, 315.0000, 318.0000, 320.0000, 321.0000, 321.0000, 322.0000, 323.0000, 325.0000, 327.0000,
  ]

### rewards/p1
  Total points: 100
  Min: -2.4849, Max: -0.0348, Mean: -1.3382
  Data: [
    -1.6427, -2.0796, -2.0137, -1.7987, -1.9629, -1.8095, -1.9837, -1.6316, -2.0720, -2.2559,
    -1.9533, -2.0061, -2.0238, -2.1188, -1.5700, -1.9261, -1.7836, -1.5708, -1.3685, -1.7989,
    -2.2910, -1.6456, -2.0668, -1.9735, -1.9125, -2.2355, -1.9303, -2.1128, -2.2006, -2.4592,
    -1.6688, -2.1461, -2.2016, -1.9150, -2.0279, -2.1683, -2.0984, -2.4849, -2.0599, -2.1162,
    -2.0020, -1.8361, -1.9662, -2.0373, -2.1303, -2.4368, -1.9290, -1.9958, -1.1119, -1.5748,
    -0.8136, -0.9976, -1.0101, -0.3375, -0.3336, -0.4895, -0.7913, -0.9248, -0.7992, -0.7281,
    -0.4787, -0.4669, -0.6650, -0.7759, -0.3641, -1.2458, -1.0990, -0.7059, -0.4887, -0.6782,
    -0.6707, -0.5310, -0.5288, -0.4335, -0.9429, -1.1093, -1.0094, -0.6434, -0.0348, -0.6185,
    -0.7746, -0.5676, -0.2693, -1.0107, -0.3278, -0.8851, -0.2224, -0.9751, -0.6841, -0.7780,
    -0.7824, -0.8001, -0.6704, -0.7821, -0.9464, -1.0250, -0.9813, -0.8397, -0.7398, -0.9330,
  ]

### rewards/p2
  Total points: 100
  Min: 0.0937, Max: 2.4865, Mean: 1.3664
  Data: [
    1.7025, 2.1224, 2.0554, 1.8784, 1.9754, 1.8991, 1.9971, 1.6773, 2.0570, 2.2777,
    1.9447, 2.0404, 2.0329, 2.1152, 1.5853, 1.9536, 1.7945, 1.5642, 1.3711, 1.7426,
    2.3631, 1.6450, 2.0408, 2.0130, 1.8810, 2.2666, 1.9347, 2.1414, 2.2094, 2.4865,
    1.7278, 2.1634, 2.2621, 1.9236, 2.0482, 2.1817, 2.1146, 2.4796, 2.0616, 2.1471,
    2.0455, 1.8328, 1.9714, 2.0928, 2.1565, 2.4399, 1.9225, 1.9767, 1.0415, 1.5743,
    0.8220, 1.0334, 1.0319, 0.4064, 0.3594, 0.5044, 0.8008, 0.9707, 0.7924, 0.6741,
    0.4933, 0.4510, 0.6621, 0.8147, 0.4198, 1.2918, 1.1491, 0.6948, 0.4905, 0.6570,
    0.7059, 0.5492, 0.5624, 0.4942, 1.0554, 1.1853, 1.1129, 0.7710, 0.0937, 0.7014,
    0.8687, 0.6046, 0.2766, 1.0631, 0.3526, 0.9831, 0.2889, 0.9936, 0.6930, 0.8478,
    0.8414, 0.9459, 0.7374, 0.8245, 0.9565, 1.0468, 1.0111, 0.8715, 0.7640, 0.9823,
  ]

### rewards/sparse_only
  Total points: 100
  Min: -2.4865, Max: -0.0937, Mean: -1.3664
  Data: [
    -1.7025, -2.1224, -2.0554, -1.8784, -1.9754, -1.8991, -1.9971, -1.6773, -2.0570, -2.2777,
    -1.9447, -2.0404, -2.0329, -2.1152, -1.5853, -1.9536, -1.7945, -1.5642, -1.3711, -1.7426,
    -2.3631, -1.6450, -2.0408, -2.0130, -1.8810, -2.2666, -1.9347, -2.1414, -2.2094, -2.4865,
    -1.7278, -2.1634, -2.2621, -1.9236, -2.0482, -2.1817, -2.1146, -2.4796, -2.0616, -2.1471,
    -2.0455, -1.8328, -1.9714, -2.0928, -2.1565, -2.4399, -1.9225, -1.9767, -1.0415, -1.5743,
    -0.8220, -1.0334, -1.0319, -0.4064, -0.3594, -0.5044, -0.8008, -0.9707, -0.7924, -0.6741,
    -0.4933, -0.4510, -0.6621, -0.8147, -0.4198, -1.2918, -1.1491, -0.6948, -0.4905, -0.6570,
    -0.7059, -0.5492, -0.5624, -0.4942, -1.0554, -1.1853, -1.1129, -0.7710, -0.0937, -0.7014,
    -0.8687, -0.6046, -0.2766, -1.0631, -0.3526, -0.9831, -0.2889, -0.9936, -0.6930, -0.8478,
    -0.8414, -0.9459, -0.7374, -0.8245, -0.9565, -1.0468, -1.0111, -0.8715, -0.7640, -0.9823,
  ]

### rewards/sparse_ratio
  Total points: 100
  Min: 0.9259, Max: 2.6958, Mean: 1.0506
  Data: [
    1.0364, 1.0206, 1.0207, 1.0443, 1.0064, 1.0495, 1.0068, 1.0280, 0.9928, 1.0097,
    0.9956, 1.0171, 1.0045, 0.9983, 1.0098, 1.0142, 1.0061, 0.9958, 1.0019, 0.9687,
    1.0315, 0.9997, 0.9874, 1.0200, 0.9835, 1.0139, 1.0023, 1.0135, 1.0040, 1.0111,
    1.0353, 1.0080, 1.0275, 1.0044, 1.0100, 1.0061, 1.0077, 0.9979, 1.0008, 1.0146,
    1.0217, 0.9982, 1.0027, 1.0272, 1.0123, 1.0013, 0.9966, 0.9904, 0.9367, 0.9997,
    1.0103, 1.0359, 1.0216, 1.2040, 1.0771, 1.0305, 1.0120, 1.0497, 0.9914, 0.9259,
    1.0306, 0.9660, 0.9956, 1.0501, 1.1530, 1.0369, 1.0456, 0.9842, 1.0036, 0.9688,
    1.0525, 1.0343, 1.0635, 1.1399, 1.1192, 1.0685, 1.1026, 1.1983, 2.6958, 1.1341,
    1.1215, 1.0650, 1.0272, 1.0518, 1.0754, 1.1106, 1.2989, 1.0190, 1.0131, 1.0897,
    1.0753, 1.1822, 1.1000, 1.0541, 1.0106, 1.0213, 1.0304, 1.0379, 1.0327, 1.0528,
  ]

### scoring/goals_conceded
  Total points: 100
  Min: 2.0000, Max: 1445.0000, Mean: 691.6000
  Data: [
    2.0000, 8.0000, 12.0000, 15.0000, 21.0000, 23.0000, 26.0000, 30.0000, 36.0000, 37.0000,
    43.0000, 47.0000, 50.0000, 54.0000, 58.0000, 61.0000, 66.0000, 72.0000, 74.0000, 79.0000,
    82.0000, 86.0000, 90.0000, 95.0000, 97.0000, 101.0000, 105.0000, 109.0000, 114.0000, 119.0000,
    121.0000, 125.0000, 129.0000, 132.0000, 136.0000, 141.0000, 146.0000, 149.0000, 155.0000, 159.0000,
    164.0000, 170.0000, 174.0000, 178.0000, 182.0000, 185.0000, 188.0000, 191.0000, 194.0000, 197.0000,
    1122.0000, 1130.0000, 1139.0000, 1143.0000, 1148.0000, 1154.0000, 1161.0000, 1169.0000, 1177.0000, 1184.0000,
    1189.0000, 1194.0000, 1199.0000, 1206.0000, 1210.0000, 1220.0000, 1229.0000, 1236.0000, 1242.0000, 1248.0000,
    1255.0000, 1261.0000, 1265.0000, 1271.0000, 1280.0000, 1289.0000, 1298.0000, 1304.0000, 1306.0000, 1313.0000,
    1319.0000, 1326.0000, 1331.0000, 1339.0000, 1344.0000, 1350.0000, 1355.0000, 1363.0000, 1369.0000, 1376.0000,
    1381.0000, 1386.0000, 1393.0000, 1400.0000, 1408.0000, 1415.0000, 1423.0000, 1430.0000, 1437.0000, 1445.0000,
  ]

### scoring/goals_scored
  Total points: 100
  Min: 2.0000, Max: 327.0000, Mean: 149.2100
  Data: [
    2.0000, 2.0000, 2.0000, 3.0000, 3.0000, 4.0000, 5.0000, 6.0000, 6.0000, 6.0000,
    7.0000, 7.0000, 8.0000, 8.0000, 10.0000, 11.0000, 12.0000, 13.0000, 15.0000, 15.0000,
    15.0000, 17.0000, 17.0000, 17.0000, 17.0000, 17.0000, 18.0000, 18.0000, 18.0000, 18.0000,
    18.0000, 18.0000, 18.0000, 18.0000, 19.0000, 19.0000, 19.0000, 19.0000, 19.0000, 20.0000,
    20.0000, 21.0000, 21.0000, 21.0000, 21.0000, 21.0000, 22.0000, 22.0000, 25.0000, 27.0000,
    241.0000, 242.0000, 243.0000, 245.0000, 248.0000, 251.0000, 252.0000, 253.0000, 255.0000, 257.0000,
    259.0000, 262.0000, 263.0000, 264.0000, 265.0000, 265.0000, 265.0000, 267.0000, 270.0000, 272.0000,
    274.0000, 277.0000, 278.0000, 281.0000, 282.0000, 282.0000, 283.0000, 284.0000, 288.0000, 290.0000,
    291.0000, 294.0000, 298.0000, 299.0000, 303.0000, 303.0000, 308.0000, 309.0000, 312.0000, 314.0000,
    315.0000, 315.0000, 318.0000, 320.0000, 321.0000, 321.0000, 322.0000, 323.0000, 325.0000, 327.0000,
  ]

### selfplay/active
  Total points: 100
  Min: 0.0000, Max: 0.0000, Mean: 0.0000
  Data: [
    0.0000, 0.0000, 0.0000, 0.0000, 0.0000, 0.0000, 0.0000, 0.0000, 0.0000, 0.0000,
    0.0000, 0.0000, 0.0000, 0.0000, 0.0000, 0.0000, 0.0000, 0.0000, 0.0000, 0.0000,
    0.0000, 0.0000, 0.0000, 0.0000, 0.0000, 0.0000, 0.0000, 0.0000, 0.0000, 0.0000,
    0.0000, 0.0000, 0.0000, 0.0000, 0.0000, 0.0000, 0.0000, 0.0000, 0.0000, 0.0000,
    0.0000, 0.0000, 0.0000, 0.0000, 0.0000, 0.0000, 0.0000, 0.0000, 0.0000, 0.0000,
    0.0000, 0.0000, 0.0000, 0.0000, 0.0000, 0.0000, 0.0000, 0.0000, 0.0000, 0.0000,
    0.0000, 0.0000, 0.0000, 0.0000, 0.0000, 0.0000, 0.0000, 0.0000, 0.0000, 0.0000,
    0.0000, 0.0000, 0.0000, 0.0000, 0.0000, 0.0000, 0.0000, 0.0000, 0.0000, 0.0000,
    0.0000, 0.0000, 0.0000, 0.0000, 0.0000, 0.0000, 0.0000, 0.0000, 0.0000, 0.0000,
    0.0000, 0.0000, 0.0000, 0.0000, 0.0000, 0.0000, 0.0000, 0.0000, 0.0000, 0.0000,
  ]

### selfplay/episode_opponent_type_selfplay
  Total points: 100
  Min: 0.0000, Max: 0.0000, Mean: 0.0000
  Data: [
    0.0000, 0.0000, 0.0000, 0.0000, 0.0000, 0.0000, 0.0000, 0.0000, 0.0000, 0.0000,
    0.0000, 0.0000, 0.0000, 0.0000, 0.0000, 0.0000, 0.0000, 0.0000, 0.0000, 0.0000,
    0.0000, 0.0000, 0.0000, 0.0000, 0.0000, 0.0000, 0.0000, 0.0000, 0.0000, 0.0000,
    0.0000, 0.0000, 0.0000, 0.0000, 0.0000, 0.0000, 0.0000, 0.0000, 0.0000, 0.0000,
    0.0000, 0.0000, 0.0000, 0.0000, 0.0000, 0.0000, 0.0000, 0.0000, 0.0000, 0.0000,
    0.0000, 0.0000, 0.0000, 0.0000, 0.0000, 0.0000, 0.0000, 0.0000, 0.0000, 0.0000,
    0.0000, 0.0000, 0.0000, 0.0000, 0.0000, 0.0000, 0.0000, 0.0000, 0.0000, 0.0000,
    0.0000, 0.0000, 0.0000, 0.0000, 0.0000, 0.0000, 0.0000, 0.0000, 0.0000, 0.0000,
    0.0000, 0.0000, 0.0000, 0.0000, 0.0000, 0.0000, 0.0000, 0.0000, 0.0000, 0.0000,
    0.0000, 0.0000, 0.0000, 0.0000, 0.0000, 0.0000, 0.0000, 0.0000, 0.0000, 0.0000,
  ]

### selfplay/episode_opponent_type_strong
  Total points: 100
  Min: 0.0000, Max: 0.0000, Mean: 0.0000
  Data: [
    0.0000, 0.0000, 0.0000, 0.0000, 0.0000, 0.0000, 0.0000, 0.0000, 0.0000, 0.0000,
    0.0000, 0.0000, 0.0000, 0.0000, 0.0000, 0.0000, 0.0000, 0.0000, 0.0000, 0.0000,
    0.0000, 0.0000, 0.0000, 0.0000, 0.0000, 0.0000, 0.0000, 0.0000, 0.0000, 0.0000,
    0.0000, 0.0000, 0.0000, 0.0000, 0.0000, 0.0000, 0.0000, 0.0000, 0.0000, 0.0000,
    0.0000, 0.0000, 0.0000, 0.0000, 0.0000, 0.0000, 0.0000, 0.0000, 0.0000, 0.0000,
    0.0000, 0.0000, 0.0000, 0.0000, 0.0000, 0.0000, 0.0000, 0.0000, 0.0000, 0.0000,
    0.0000, 0.0000, 0.0000, 0.0000, 0.0000, 0.0000, 0.0000, 0.0000, 0.0000, 0.0000,
    0.0000, 0.0000, 0.0000, 0.0000, 0.0000, 0.0000, 0.0000, 0.0000, 0.0000, 0.0000,
    0.0000, 0.0000, 0.0000, 0.0000, 0.0000, 0.0000, 0.0000, 0.0000, 0.0000, 0.0000,
    0.0000, 0.0000, 0.0000, 0.0000, 0.0000, 0.0000, 0.0000, 0.0000, 0.0000, 0.0000,
  ]

### selfplay/episode_opponent_type_weak
  Total points: 100
  Min: 1.0000, Max: 1.0000, Mean: 1.0000
  Data: [
    1.0000, 1.0000, 1.0000, 1.0000, 1.0000, 1.0000, 1.0000, 1.0000, 1.0000, 1.0000,
    1.0000, 1.0000, 1.0000, 1.0000, 1.0000, 1.0000, 1.0000, 1.0000, 1.0000, 1.0000,
    1.0000, 1.0000, 1.0000, 1.0000, 1.0000, 1.0000, 1.0000, 1.0000, 1.0000, 1.0000,
    1.0000, 1.0000, 1.0000, 1.0000, 1.0000, 1.0000, 1.0000, 1.0000, 1.0000, 1.0000,
    1.0000, 1.0000, 1.0000, 1.0000, 1.0000, 1.0000, 1.0000, 1.0000, 1.0000, 1.0000,
    1.0000, 1.0000, 1.0000, 1.0000, 1.0000, 1.0000, 1.0000, 1.0000, 1.0000, 1.0000,
    1.0000, 1.0000, 1.0000, 1.0000, 1.0000, 1.0000, 1.0000, 1.0000, 1.0000, 1.0000,
    1.0000, 1.0000, 1.0000, 1.0000, 1.0000, 1.0000, 1.0000, 1.0000, 1.0000, 1.0000,
    1.0000, 1.0000, 1.0000, 1.0000, 1.0000, 1.0000, 1.0000, 1.0000, 1.0000, 1.0000,
    1.0000, 1.0000, 1.0000, 1.0000, 1.0000, 1.0000, 1.0000, 1.0000, 1.0000, 1.0000,
  ]

### selfplay/pool_size
  Total points: 100
  Min: 0.0000, Max: 0.0000, Mean: 0.0000
  Data: [
    0.0000, 0.0000, 0.0000, 0.0000, 0.0000, 0.0000, 0.0000, 0.0000, 0.0000, 0.0000,
    0.0000, 0.0000, 0.0000, 0.0000, 0.0000, 0.0000, 0.0000, 0.0000, 0.0000, 0.0000,
    0.0000, 0.0000, 0.0000, 0.0000, 0.0000, 0.0000, 0.0000, 0.0000, 0.0000, 0.0000,
    0.0000, 0.0000, 0.0000, 0.0000, 0.0000, 0.0000, 0.0000, 0.0000, 0.0000, 0.0000,
    0.0000, 0.0000, 0.0000, 0.0000, 0.0000, 0.0000, 0.0000, 0.0000, 0.0000, 0.0000,
    0.0000, 0.0000, 0.0000, 0.0000, 0.0000, 0.0000, 0.0000, 0.0000, 0.0000, 0.0000,
    0.0000, 0.0000, 0.0000, 0.0000, 0.0000, 0.0000, 0.0000, 0.0000, 0.0000, 0.0000,
    0.0000, 0.0000, 0.0000, 0.0000, 0.0000, 0.0000, 0.0000, 0.0000, 0.0000, 0.0000,
    0.0000, 0.0000, 0.0000, 0.0000, 0.0000, 0.0000, 0.0000, 0.0000, 0.0000, 0.0000,
    0.0000, 0.0000, 0.0000, 0.0000, 0.0000, 0.0000, 0.0000, 0.0000, 0.0000, 0.0000,
  ]

### selfplay/weak_ratio_target
  Total points: 100
  Min: 0.5000, Max: 0.5000, Mean: 0.5000
  Data: [
    0.5000, 0.5000, 0.5000, 0.5000, 0.5000, 0.5000, 0.5000, 0.5000, 0.5000, 0.5000,
    0.5000, 0.5000, 0.5000, 0.5000, 0.5000, 0.5000, 0.5000, 0.5000, 0.5000, 0.5000,
    0.5000, 0.5000, 0.5000, 0.5000, 0.5000, 0.5000, 0.5000, 0.5000, 0.5000, 0.5000,
    0.5000, 0.5000, 0.5000, 0.5000, 0.5000, 0.5000, 0.5000, 0.5000, 0.5000, 0.5000,
    0.5000, 0.5000, 0.5000, 0.5000, 0.5000, 0.5000, 0.5000, 0.5000, 0.5000, 0.5000,
    0.5000, 0.5000, 0.5000, 0.5000, 0.5000, 0.5000, 0.5000, 0.5000, 0.5000, 0.5000,
    0.5000, 0.5000, 0.5000, 0.5000, 0.5000, 0.5000, 0.5000, 0.5000, 0.5000, 0.5000,
    0.5000, 0.5000, 0.5000, 0.5000, 0.5000, 0.5000, 0.5000, 0.5000, 0.5000, 0.5000,
    0.5000, 0.5000, 0.5000, 0.5000, 0.5000, 0.5000, 0.5000, 0.5000, 0.5000, 0.5000,
    0.5000, 0.5000, 0.5000, 0.5000, 0.5000, 0.5000, 0.5000, 0.5000, 0.5000, 0.5000,
  ]

### training/avg_episode_length
  Total points: 100
  Min: 68.9000, Max: 230.6000, Mean: 147.8740
  Data: [
    210.8000, 156.3000, 189.2000, 196.8000, 140.8000, 200.5000, 186.2000, 150.7000, 160.9000, 230.6000,
    169.7000, 183.0000, 187.5000, 179.5000, 157.2000, 201.0000, 136.9000, 126.4000, 172.1000, 177.0000,
    213.6000, 147.8000, 171.9000, 169.2000, 206.3000, 191.8000, 162.2000, 197.1000, 168.9000, 173.1000,
    211.7000, 180.2000, 185.7000, 189.3000, 180.9000, 164.3000, 157.1000, 189.7000, 141.4000, 159.5000,
    165.9000, 140.6000, 183.1000, 174.9000, 192.3000, 200.9000, 176.9000, 190.4000, 167.7000, 165.9000,
    125.8000, 135.3000, 135.2000, 150.6000, 116.0000, 106.3000, 119.2000, 115.2000, 80.2000, 93.6000,
    130.1000, 126.3000, 148.9000, 124.7000, 150.5000, 118.5000, 113.3000, 89.3000, 101.1000, 113.7000,
    114.0000, 109.2000, 157.4000, 85.8000, 110.1000, 103.3000, 116.9000, 154.2000, 181.5000, 103.3000,
    145.6000, 68.9000, 87.6000, 137.0000, 107.6000, 140.4000, 99.5000, 103.7000, 107.3000, 100.4000,
    169.7000, 178.8000, 109.0000, 116.5000, 90.0000, 157.5000, 98.1000, 105.7000, 100.0000, 101.2000,
  ]

### training/calls_per_episode
  Total points: 100
  Min: 0.0000, Max: 0.0000, Mean: 0.0000
  Data: [
    0.0000, 0.0000, 0.0000, 0.0000, 0.0000, 0.0000, 0.0000, 0.0000, 0.0000, 0.0000,
    0.0000, 0.0000, 0.0000, 0.0000, 0.0000, 0.0000, 0.0000, 0.0000, 0.0000, 0.0000,
    0.0000, 0.0000, 0.0000, 0.0000, 0.0000, 0.0000, 0.0000, 0.0000, 0.0000, 0.0000,
    0.0000, 0.0000, 0.0000, 0.0000, 0.0000, 0.0000, 0.0000, 0.0000, 0.0000, 0.0000,
    0.0000, 0.0000, 0.0000, 0.0000, 0.0000, 0.0000, 0.0000, 0.0000, 0.0000, 0.0000,
    0.0000, 0.0000, 0.0000, 0.0000, 0.0000, 0.0000, 0.0000, 0.0000, 0.0000, 0.0000,
    0.0000, 0.0000, 0.0000, 0.0000, 0.0000, 0.0000, 0.0000, 0.0000, 0.0000, 0.0000,
    0.0000, 0.0000, 0.0000, 0.0000, 0.0000, 0.0000, 0.0000, 0.0000, 0.0000, 0.0000,
    0.0000, 0.0000, 0.0000, 0.0000, 0.0000, 0.0000, 0.0000, 0.0000, 0.0000, 0.0000,
    0.0000, 0.0000, 0.0000, 0.0000, 0.0000, 0.0000, 0.0000, 0.0000, 0.0000, 0.0000,
  ]

### training/episode
  Total points: 100
  Min: 10.0000, Max: 3080.0000, Mean: 1545.0000
  Data: [
    10.0000, 20.0000, 30.0000, 40.0000, 50.0000, 60.0000, 70.0000, 80.0000, 90.0000, 100.0000,
    110.0000, 120.0000, 130.0000, 140.0000, 150.0000, 160.0000, 170.0000, 180.0000, 190.0000, 200.0000,
    210.0000, 220.0000, 230.0000, 240.0000, 250.0000, 260.0000, 270.0000, 280.0000, 290.0000, 300.0000,
    310.0000, 320.0000, 330.0000, 340.0000, 350.0000, 360.0000, 370.0000, 380.0000, 390.0000, 400.0000,
    410.0000, 420.0000, 430.0000, 440.0000, 450.0000, 460.0000, 470.0000, 480.0000, 490.0000, 500.0000,
    2590.0000, 2600.0000, 2610.0000, 2620.0000, 2630.0000, 2640.0000, 2650.0000, 2660.0000, 2670.0000, 2680.0000,
    2690.0000, 2700.0000, 2710.0000, 2720.0000, 2730.0000, 2740.0000, 2750.0000, 2760.0000, 2770.0000, 2780.0000,
    2790.0000, 2800.0000, 2810.0000, 2820.0000, 2830.0000, 2840.0000, 2850.0000, 2860.0000, 2870.0000, 2880.0000,
    2890.0000, 2900.0000, 2910.0000, 2920.0000, 2930.0000, 2940.0000, 2950.0000, 2960.0000, 2970.0000, 2980.0000,
    2990.0000, 3000.0000, 3010.0000, 3020.0000, 3030.0000, 3040.0000, 3050.0000, 3060.0000, 3070.0000, 3080.0000,
  ]

### training/eps_per_sec
  Total points: 100
  Min: 0.1280, Max: 9.8552, Mean: 3.6249
  Data: [
    2.5939, 2.6000, 7.2742, 6.4400, 8.5306, 6.7836, 6.5357, 8.3102, 8.4749, 5.9599,
    6.6151, 6.4070, 5.3778, 5.7183, 7.0089, 6.7780, 9.8552, 9.6132, 7.8488, 7.5104,
    6.2792, 1.7340, 7.7037, 7.0460, 6.6043, 7.1077, 8.0423, 6.6585, 7.8323, 7.6292,
    3.3122, 7.6426, 7.3450, 7.0224, 7.2654, 8.3415, 8.5902, 5.9636, 9.3851, 2.4397,
    7.7766, 9.3733, 7.4460, 7.0853, 6.7521, 6.6878, 6.5147, 6.8647, 8.1855, 8.2808,
    0.3837, 0.5152, 0.1453, 0.4209, 0.3523, 0.4062, 0.3768, 0.1381, 0.4024, 0.3563,
    0.2974, 0.4046, 0.1603, 0.4336, 0.3178, 0.3558, 0.4336, 0.1280, 0.4297, 0.3820,
    0.3584, 0.4126, 0.1309, 0.4511, 0.6098, 0.3568, 0.4215, 0.1557, 0.3391, 0.3894,
    0.4620, 0.3030, 0.1674, 0.3199, 0.3609, 0.3548, 0.3760, 0.1482, 0.4461, 0.3234,
    0.3522, 0.3266, 0.1322, 0.3660, 0.5829, 0.5248, 0.4323, 0.1518, 0.3490, 0.4029,
  ]

### training/epsilon
  Total points: 100
  Min: 0.3908, Max: 0.4996, Mean: 0.4442
  Data: [
    0.4996, 0.4992, 0.4988, 0.4984, 0.4980, 0.4976, 0.4972, 0.4968, 0.4964, 0.4960,
    0.4956, 0.4952, 0.4948, 0.4944, 0.4940, 0.4936, 0.4932, 0.4929, 0.4925, 0.4921,
    0.4917, 0.4913, 0.4909, 0.4905, 0.4901, 0.4897, 0.4893, 0.4889, 0.4885, 0.4881,
    0.4878, 0.4874, 0.4870, 0.4866, 0.4862, 0.4858, 0.4854, 0.4850, 0.4846, 0.4843,
    0.4839, 0.4835, 0.4831, 0.4827, 0.4823, 0.4819, 0.4815, 0.4812, 0.4808, 0.4804,
    0.4064, 0.4061, 0.4058, 0.4055, 0.4051, 0.4048, 0.4045, 0.4042, 0.4038, 0.4035,
    0.4032, 0.4029, 0.4025, 0.4022, 0.4019, 0.4016, 0.4013, 0.4009, 0.4006, 0.4003,
    0.4000, 0.3997, 0.3993, 0.3990, 0.3987, 0.3984, 0.3981, 0.3977, 0.3974, 0.3971,
    0.3968, 0.3965, 0.3962, 0.3958, 0.3955, 0.3952, 0.3949, 0.3946, 0.3943, 0.3939,
    0.3936, 0.3933, 0.3930, 0.3927, 0.3924, 0.3921, 0.3917, 0.3914, 0.3911, 0.3908,
  ]

### training/pbrs_enabled
  Total points: 100
  Min: 1.0000, Max: 1.0000, Mean: 1.0000
  Data: [
    1.0000, 1.0000, 1.0000, 1.0000, 1.0000, 1.0000, 1.0000, 1.0000, 1.0000, 1.0000,
    1.0000, 1.0000, 1.0000, 1.0000, 1.0000, 1.0000, 1.0000, 1.0000, 1.0000, 1.0000,
    1.0000, 1.0000, 1.0000, 1.0000, 1.0000, 1.0000, 1.0000, 1.0000, 1.0000, 1.0000,
    1.0000, 1.0000, 1.0000, 1.0000, 1.0000, 1.0000, 1.0000, 1.0000, 1.0000, 1.0000,
    1.0000, 1.0000, 1.0000, 1.0000, 1.0000, 1.0000, 1.0000, 1.0000, 1.0000, 1.0000,
    1.0000, 1.0000, 1.0000, 1.0000, 1.0000, 1.0000, 1.0000, 1.0000, 1.0000, 1.0000,
    1.0000, 1.0000, 1.0000, 1.0000, 1.0000, 1.0000, 1.0000, 1.0000, 1.0000, 1.0000,
    1.0000, 1.0000, 1.0000, 1.0000, 1.0000, 1.0000, 1.0000, 1.0000, 1.0000, 1.0000,
    1.0000, 1.0000, 1.0000, 1.0000, 1.0000, 1.0000, 1.0000, 1.0000, 1.0000, 1.0000,
    1.0000, 1.0000, 1.0000, 1.0000, 1.0000, 1.0000, 1.0000, 1.0000, 1.0000, 1.0000,
  ]

### values/Q_avg
  Total points: 30
  Min: -1.0056, Max: -0.0068, Mean: -0.2421
  Data: [
    -0.0365, -0.0131, -0.0382, -0.0155, -0.0219, -0.0349, -0.0309, -0.0184, -0.0201, -0.0068,
    -0.0398, -0.0348, -0.0224, -0.0220, -0.0079, -0.0203, -0.0231, -0.0359, -0.0237, -0.0441,
    -0.0525, -0.2585, -0.4587, -0.6264, -0.7277, -0.8343, -0.8946, -0.9178, -0.9774, -1.0056,
  ]

### values/Q_max
  Total points: 30
  Min: -0.6308, Max: 0.6933, Mean: 0.0698
  Data: [
    0.2093, 0.1673, 0.1914, 0.2578, 0.2434, 0.1843, 0.2079, 0.2476, 0.1956, 0.2624,
    0.1665, 0.1728, 0.1797, 0.1716, 0.2089, 0.1759, 0.1980, 0.1654, 0.1872, 0.1580,
    0.1424, 0.0728, -0.0654, -0.1241, 0.6933, -0.4281, -0.4999, -0.5543, -0.4613, -0.6308,
  ]

### values/Q_min
  Total points: 30
  Min: -1.6393, Max: -0.2199, Mean: -0.5961
  Data: [
    -0.2365, -0.2301, -0.2943, -0.2589, -0.2552, -0.3139, -0.2470, -0.2802, -0.2536, -0.2645,
    -0.2409, -0.2706, -0.3086, -0.2808, -0.2955, -0.2218, -0.3016, -0.2416, -0.2199, -0.2783,
    -0.7706, -0.7496, -0.9520, -1.1891, -1.4542, -1.2532, -1.5213, -1.5470, -1.6393, -1.5146,
  ]

### values/Q_std
  Total points: 30
  Min: 0.0885, Max: 0.2503, Mean: 0.1363
  Data: [
    0.1063, 0.0960, 0.1139, 0.1084, 0.1096, 0.1107, 0.1125, 0.1007, 0.1083, 0.1042,
    0.0993, 0.1084, 0.1106, 0.1097, 0.1009, 0.0986, 0.0966, 0.1056, 0.1057, 0.0885,
    0.2228, 0.1955, 0.1981, 0.2122, 0.2503, 0.2134, 0.1918, 0.1716, 0.1806, 0.1580,
  ]
