================================================================================
W&B RUN DATA: agg-high-tie-pen-TD3-Hockey-NORMAL-weak-lr0.0005-seed55
================================================================================

## RUN METADATA
Run ID: 4mo7jrvj
Created: 2026-01-15T00:40:04Z
State: running
Duration: 30506.403250915 seconds

## CONFIGURATION
  algorithm: TD3
  mode: NORMAL
  opponent: weak
  learning_rate_actor: 0.0005
  learning_rate_critic: 0.0005
  batch_size: 1024
  buffer_size: 1000000
  max_episodes: 100000
  random_seed: 55
  self_play_start: 0
  self_play_pool_size: 25
  gamma: 0.99
  tau: 0.005

## FINAL SUMMARY

## NOTE: Data discretized to fit 100000 char limit
  Showing ~66 points per metric (of 263 total)

## METRICS DATA

### behavior/action_magnitude_avg
  Total points: 100
  Min: 0.7002, Max: 1.1609, Mean: 0.9730
  Data: [
    0.8391, 0.9417, 0.9200, 0.7966, 0.8032, 0.8400, 0.8179, 0.7720, 0.9275, 0.7398,
    0.8153, 0.7313, 0.8149, 0.8949, 0.8958, 0.8569, 0.7852, 0.8129, 0.8272, 0.7338,
    0.9339, 0.7888, 0.8170, 0.8863, 0.7346, 0.8308, 0.7906, 0.9707, 0.8039, 0.7359,
    0.8349, 0.8442, 0.8279, 0.7266, 0.7002, 0.7214, 0.7939, 0.7979, 0.7904, 0.7461,
    0.9949, 0.8884, 0.9850, 0.9720, 0.9376, 1.0304, 1.0491, 0.9986, 0.9471, 0.9490,
    1.0724, 1.0478, 1.0203, 1.1388, 1.1231, 1.0708, 1.0499, 1.0874, 0.9971, 1.0849,
    1.0902, 1.1425, 1.1351, 1.1120, 1.1457, 1.0850, 1.1053, 1.1319, 1.0677, 1.1289,
    1.1087, 1.1292, 1.0648, 1.1100, 1.0590, 1.1462, 1.1107, 1.0234, 1.0520, 1.1306,
    1.0739, 0.9727, 1.1259, 1.1414, 1.1247, 0.9757, 1.1358, 1.1362, 1.1303, 1.1225,
    1.1313, 1.0848, 1.1155, 1.1098, 1.1555, 1.1609, 1.0873, 1.1405, 1.1080, 1.0981,
  ]

### behavior/action_magnitude_max
  Total points: 100
  Min: 1.1988, Max: 1.4142, Mean: 1.3607
  Data: [
    1.2512, 1.3853, 1.3371, 1.2477, 1.2345, 1.2896, 1.2075, 1.2552, 1.3945, 1.2327,
    1.3395, 1.2352, 1.2724, 1.3218, 1.3509, 1.2820, 1.2226, 1.2400, 1.2865, 1.2594,
    1.2792, 1.2849, 1.2084, 1.3565, 1.2507, 1.2736, 1.3293, 1.3495, 1.3093, 1.2730,
    1.2914, 1.3358, 1.2739, 1.2587, 1.1988, 1.2940, 1.2304, 1.3116, 1.2699, 1.2844,
    1.4057, 1.4132, 1.4054, 1.4142, 1.3819, 1.4081, 1.4142, 1.4142, 1.3984, 1.4050,
    1.4142, 1.4118, 1.4142, 1.4142, 1.4142, 1.4142, 1.4142, 1.4142, 1.4142, 1.4142,
    1.4142, 1.4142, 1.4142, 1.4142, 1.4142, 1.4142, 1.4142, 1.4142, 1.4142, 1.4142,
    1.4142, 1.4142, 1.4142, 1.4142, 1.4142, 1.4142, 1.4142, 1.4142, 1.4043, 1.4142,
    1.4142, 1.4142, 1.4132, 1.4142, 1.4142, 1.4142, 1.4142, 1.4142, 1.4142, 1.4142,
    1.4142, 1.4142, 1.4142, 1.4142, 1.4142, 1.4142, 1.4142, 1.4142, 1.4142, 1.4142,
  ]

### behavior/dist_to_puck_avg
  Total points: 100
  Min: 2.3062, Max: 4.1860, Mean: 3.2418
  Data: [
    3.6630, 3.2353, 3.7843, 3.9841, 3.8437, 3.4754, 3.5673, 3.7451, 4.1860, 3.4766,
    3.6641, 3.4758, 3.7301, 4.1106, 3.8146, 3.9773, 3.7570, 3.5056, 3.7485, 3.7175,
    4.0992, 3.7813, 3.4573, 3.3017, 3.4705, 3.7323, 3.5801, 3.7383, 3.4011, 3.6415,
    3.5492, 3.5932, 3.4388, 3.4889, 3.6351, 3.6986, 3.3552, 3.2199, 3.6212, 3.4483,
    2.9252, 2.6801, 3.2242, 2.5567, 2.6786, 2.7239, 2.7646, 2.7828, 3.1389, 2.3062,
    2.8441, 2.7744, 3.0958, 3.0751, 2.9172, 2.8004, 2.4831, 2.7914, 3.1446, 3.2546,
    3.3083, 2.9577, 2.8407, 3.1653, 2.8747, 3.4306, 2.7313, 2.6518, 3.0254, 3.5443,
    2.8118, 2.7758, 3.1150, 3.2169, 2.8768, 3.0857, 3.2868, 3.0122, 2.8861, 2.8748,
    3.1067, 3.0117, 2.8896, 3.1685, 3.1202, 2.9814, 3.1355, 3.0782, 2.7123, 2.5783,
    2.9966, 3.1756, 2.8536, 2.8434, 3.2815, 3.2092, 3.5063, 3.2840, 3.1338, 2.9662,
  ]

### behavior/dist_to_puck_min
  Total points: 100
  Min: 0.2154, Max: 1.9069, Mean: 0.7860
  Data: [
    1.4056, 1.1744, 1.5836, 1.8228, 1.4867, 1.1526, 1.6080, 1.2895, 1.1079, 1.3635,
    1.2484, 1.6806, 1.7464, 1.5798, 1.2978, 1.6405, 1.4884, 1.4253, 1.4514, 1.4509,
    1.7558, 1.3101, 1.8533, 1.1727, 1.9069, 1.6065, 1.4475, 1.8056, 1.0888, 1.5201,
    1.5246, 1.3016, 1.3973, 1.4541, 1.1596, 1.2372, 1.6536, 0.9263, 1.4711, 1.6867,
    0.7440, 0.9611, 0.4590, 0.4195, 0.5921, 0.4051, 0.6276, 0.8009, 0.7307, 0.4235,
    0.2562, 0.3061, 0.2985, 0.2589, 0.3148, 0.3196, 0.3031, 0.2750, 0.2860, 0.3101,
    0.2949, 0.2433, 0.3028, 0.3203, 0.3065, 0.2338, 0.3099, 0.2528, 0.3260, 0.3436,
    0.3412, 0.2433, 0.3120, 0.2718, 0.2346, 0.3240, 0.2451, 0.2485, 0.2845, 0.2637,
    0.2798, 0.2794, 0.3053, 0.2665, 0.2276, 0.3019, 0.2467, 0.2550, 0.2154, 0.2793,
    0.3099, 0.2567, 0.2511, 0.2387, 0.2641, 0.2645, 0.3142, 0.3634, 0.3545, 0.2465,
  ]

### behavior/distance_traveled
  Total points: 100
  Min: 4.0738, Max: 28.8761, Mean: 15.2672
  Data: [
    7.5608, 7.2114, 8.9632, 6.6248, 7.0719, 7.1943, 7.0527, 6.2925, 6.8723, 7.0666,
    9.8810, 6.5992, 7.4268, 7.1519, 8.6492, 4.0738, 6.5438, 6.2805, 7.8419, 5.7732,
    4.7570, 7.8182, 8.5264, 8.4167, 7.8429, 7.9564, 7.5726, 7.1742, 8.5141, 8.5848,
    6.6740, 6.2162, 8.0821, 6.6229, 9.5452, 9.0611, 7.5327, 9.0375, 8.9678, 6.8237,
    9.3531, 12.7735, 20.9768, 11.0285, 15.5525, 12.2017, 10.5497, 13.9534, 15.4145, 15.2380,
    22.2172, 18.0135, 19.4218, 27.6223, 21.3933, 19.4195, 16.0856, 20.1600, 21.8648, 27.2168,
    18.4118, 18.7918, 18.0859, 21.4147, 15.7711, 28.3902, 19.8759, 22.3425, 18.4466, 19.1919,
    16.1609, 20.1261, 27.7308, 22.6509, 22.0373, 28.8761, 23.9785, 20.8824, 21.5545, 24.8169,
    25.6437, 22.9178, 15.1321, 22.0455, 23.3006, 21.5208, 23.2933, 24.6160, 21.7731, 14.9440,
    21.9282, 24.1041, 20.0407, 23.5622, 23.4117, 26.1936, 27.1321, 27.5532, 20.1634, 19.5908,
  ]

### behavior/lazy_action_ratio
  Total points: 100
  Min: 0.0000, Max: 0.0325, Mean: 0.0071
  Data: [
    0.0172, 0.0068, 0.0113, 0.0221, 0.0282, 0.0124, 0.0088, 0.0185, 0.0095, 0.0187,
    0.0120, 0.0133, 0.0100, 0.0110, 0.0032, 0.0114, 0.0143, 0.0044, 0.0259, 0.0325,
    0.0033, 0.0058, 0.0004, 0.0108, 0.0299, 0.0088, 0.0100, 0.0101, 0.0274, 0.0232,
    0.0081, 0.0111, 0.0052, 0.0272, 0.0283, 0.0124, 0.0110, 0.0092, 0.0096, 0.0105,
    0.0020, 0.0053, 0.0055, 0.0040, 0.0040, 0.0067, 0.0014, 0.0039, 0.0058, 0.0062,
    0.0050, 0.0048, 0.0016, 0.0000, 0.0000, 0.0052, 0.0088, 0.0012, 0.0109, 0.0012,
    0.0000, 0.0000, 0.0022, 0.0012, 0.0000, 0.0020, 0.0030, 0.0000, 0.0032, 0.0000,
    0.0000, 0.0000, 0.0028, 0.0036, 0.0004, 0.0012, 0.0000, 0.0019, 0.0052, 0.0000,
    0.0028, 0.0150, 0.0010, 0.0040, 0.0004, 0.0040, 0.0000, 0.0000, 0.0008, 0.0024,
    0.0000, 0.0032, 0.0004, 0.0000, 0.0056, 0.0008, 0.0056, 0.0000, 0.0012, 0.0004,
  ]

### behavior/possession_ratio
  Total points: 100
  Min: 0.0000, Max: 0.1987, Mean: 0.0887
  Data: [
    0.0020, 0.0276, 0.0112, 0.0056, 0.0056, 0.0359, 0.0000, 0.0321, 0.0224, 0.0135,
    0.0067, 0.0126, 0.0191, 0.0098, 0.0040, 0.0139, 0.0118, 0.0064, 0.0048, 0.0168,
    0.0174, 0.0244, 0.0000, 0.0391, 0.0023, 0.0056, 0.0038, 0.0000, 0.0187, 0.0000,
    0.0016, 0.0299, 0.0096, 0.0473, 0.0060, 0.0331, 0.0126, 0.0045, 0.0032, 0.0251,
    0.0517, 0.0377, 0.0782, 0.0885, 0.0470, 0.0703, 0.0723, 0.0532, 0.0476, 0.1388,
    0.1344, 0.1643, 0.1265, 0.1832, 0.1917, 0.1746, 0.1876, 0.1301, 0.1108, 0.1045,
    0.1292, 0.1208, 0.1921, 0.1069, 0.1722, 0.1232, 0.1722, 0.1984, 0.1442, 0.1309,
    0.1500, 0.1723, 0.1033, 0.1391, 0.1815, 0.1646, 0.1393, 0.1630, 0.1703, 0.1810,
    0.1744, 0.1237, 0.1765, 0.1373, 0.1647, 0.1351, 0.1603, 0.1636, 0.1579, 0.1742,
    0.1657, 0.1487, 0.1797, 0.1458, 0.1669, 0.1634, 0.1203, 0.1292, 0.0887, 0.1987,
  ]

### behavior/puck_touches
  Total points: 100
  Min: 0.0000, Max: 5.7000, Mean: 1.7850
  Data: [
    0.2000, 0.4000, 0.3000, 0.1000, 0.2000, 0.3000, 0.0000, 0.3000, 0.4000, 0.2000,
    0.1000, 0.5000, 0.2000, 1.7000, 0.5000, 0.2000, 0.3000, 0.5000, 0.1000, 0.3000,
    0.4000, 1.6000, 0.0000, 0.7000, 0.1000, 0.1000, 0.5000, 0.0000, 0.4000, 0.0000,
    0.2000, 0.7000, 0.2000, 0.5000, 0.3000, 0.5000, 0.3000, 0.5000, 0.2000, 0.4000,
    0.6000, 0.6000, 2.2000, 1.2000, 2.5000, 3.0000, 4.2000, 0.6000, 1.1000, 2.0000,
    2.2000, 2.0000, 5.7000, 3.7000, 2.7000, 2.1000, 2.0000, 3.0000, 2.1000, 2.4000,
    2.9000, 2.4000, 2.5000, 2.3000, 2.9000, 4.3000, 4.1000, 3.4000, 1.8000, 2.7000,
    1.6000, 3.5000, 2.4000, 2.7000, 4.5000, 4.8000, 3.3000, 3.0000, 2.9000, 3.6000,
    3.5000, 2.2000, 2.5000, 3.3000, 3.5000, 1.8000, 2.6000, 2.6000, 3.2000, 1.7000,
    2.9000, 2.7000, 2.9000, 3.1000, 3.5000, 3.9000, 2.2000, 3.4000, 1.7000, 3.4000,
  ]

### behavior/shoot_action_avg
  Total points: 100
  Min: -0.4787, Max: 0.2412, Mean: -0.0819
  Data: [
    -0.0276, -0.3518, -0.0650, -0.1803, -0.3032, -0.2443, 0.0021, -0.2708, -0.3333, -0.1750,
    0.0774, -0.1248, -0.2475, 0.2162, -0.1949, -0.2255, -0.2126, 0.0648, -0.1248, -0.4461,
    -0.0863, 0.1404, -0.1051, 0.2030, 0.0248, -0.1136, 0.1769, -0.3466, 0.0682, 0.1002,
    -0.0391, 0.0060, -0.4108, -0.1150, -0.0086, -0.0088, -0.0890, -0.1392, -0.2175, -0.2206,
    -0.3190, -0.3610, -0.2236, -0.1509, -0.3314, -0.4787, -0.4596, -0.2314, -0.0796, -0.3935,
    -0.0603, -0.1308, 0.0263, -0.1252, -0.1822, -0.1320, -0.2585, 0.0324, -0.2226, 0.0751,
    -0.0689, 0.1399, -0.0468, 0.0094, 0.0208, 0.0889, 0.0390, -0.0265, -0.1122, 0.1116,
    0.0299, -0.1002, -0.0801, 0.0700, -0.0604, -0.0452, 0.1064, -0.0958, -0.1039, 0.0119,
    0.1007, 0.0193, -0.0397, 0.2412, 0.0498, 0.0225, -0.0523, -0.0771, -0.1950, -0.0157,
    0.0681, -0.0064, -0.1218, 0.0099, 0.1338, -0.0468, 0.0755, 0.0500, 0.1489, -0.0888,
  ]

### behavior/shoot_action_when_possess
  Total points: 100
  Min: -0.9011, Max: 0.1650, Mean: -0.4246
  Data: [
    0.0391, 0.0018, -0.0197, -0.0601, -0.1000, -0.0440, 0.0000, -0.2141, -0.1318, -0.0134,
    -0.0974, 0.0849, -0.0039, 0.0531, 0.1419, -0.1000, -0.0021, 0.0070, 0.0069, -0.1998,
    -0.1605, 0.0952, 0.0000, 0.0503, 0.0452, -0.0632, 0.1441, 0.0000, -0.0831, 0.0000,
    0.0290, -0.0474, -0.0315, -0.1328, 0.0668, 0.0362, -0.1154, 0.1650, 0.0303, -0.0301,
    -0.3113, -0.0618, -0.5495, -0.2185, -0.4059, -0.5394, -0.3988, -0.2973, -0.3433, -0.5970,
    -0.7629, -0.6814, -0.6949, -0.8494, -0.7984, -0.7871, -0.8231, -0.7698, -0.7787, -0.6280,
    -0.7813, -0.8011, -0.6878, -0.8448, -0.7643, -0.8880, -0.6885, -0.7049, -0.6945, -0.7371,
    -0.6869, -0.8333, -0.7890, -0.6807, -0.8216, -0.7588, -0.8527, -0.8038, -0.6745, -0.7938,
    -0.7027, -0.7312, -0.7028, -0.6684, -0.7394, -0.7144, -0.8991, -0.7864, -0.9011, -0.7151,
    -0.7240, -0.8249, -0.7910, -0.8347, -0.7828, -0.8004, -0.7526, -0.6541, -0.6806, -0.8210,
  ]

### behavior/time_near_puck
  Total points: 100
  Min: 0.0000, Max: 35.7000, Mean: 13.7000
  Data: [
    0.5000, 4.4000, 2.8000, 1.3000, 1.6000, 4.1000, 0.0000, 3.9000, 4.1000, 1.9000,
    1.5000, 3.0000, 3.2000, 1.8000, 1.2000, 1.5000, 0.8000, 1.6000, 1.1000, 4.0000,
    3.9000, 3.0000, 0.0000, 4.6000, 0.7000, 1.6000, 0.6000, 0.4000, 3.3000, 0.0000,
    0.4000, 3.3000, 1.5000, 5.7000, 1.6000, 4.1000, 2.9000, 1.4000, 1.0000, 3.1000,
    7.1000, 5.4000, 15.2000, 9.4000, 8.8000, 10.6000, 11.3000, 5.9000, 9.2000, 18.7000,
    22.8000, 21.1000, 19.9000, 32.2000, 30.7000, 20.9000, 21.8000, 17.8000, 19.7000, 19.8000,
    21.4000, 15.6000, 23.7000, 15.8000, 20.2000, 27.1000, 30.0000, 29.3000, 17.1000, 16.2000,
    15.1000, 23.1000, 19.8000, 21.8000, 30.7000, 35.7000, 22.7000, 23.2000, 25.4000, 28.2000,
    32.7000, 20.5000, 25.7000, 22.8000, 28.2000, 21.4000, 26.2000, 25.0000, 26.6000, 15.8000,
    26.5000, 25.1000, 25.4000, 25.4000, 23.1000, 26.3000, 23.6000, 30.9000, 13.4000, 27.6000,
  ]

### behavior/velocity_avg
  Total points: 100
  Min: 0.0427, Max: 0.1425, Mean: 0.0989
  Data: [
    0.0560, 0.0541, 0.0480, 0.0455, 0.0553, 0.0590, 0.0700, 0.0655, 0.0472, 0.0615,
    0.0512, 0.0660, 0.0600, 0.0473, 0.0497, 0.0541, 0.0520, 0.0492, 0.0495, 0.0477,
    0.0451, 0.0506, 0.0762, 0.0523, 0.0637, 0.0552, 0.0574, 0.0589, 0.0617, 0.0618,
    0.0505, 0.0427, 0.0607, 0.0665, 0.0530, 0.0562, 0.0643, 0.0504, 0.0604, 0.0644,
    0.1013, 0.1071, 0.1105, 0.1181, 0.1157, 0.1122, 0.1183, 0.1183, 0.1026, 0.1118,
    0.1304, 0.1214, 0.1096, 0.1400, 0.1384, 0.1250, 0.1232, 0.1314, 0.1225, 0.1294,
    0.1280, 0.1357, 0.1342, 0.1353, 0.1378, 0.1389, 0.1267, 0.1367, 0.1278, 0.1410,
    0.1292, 0.1300, 0.1298, 0.1339, 0.1202, 0.1414, 0.1377, 0.1184, 0.1275, 0.1408,
    0.1280, 0.1124, 0.1254, 0.1319, 0.1326, 0.1153, 0.1369, 0.1425, 0.1269, 0.1242,
    0.1377, 0.1273, 0.1359, 0.1328, 0.1353, 0.1412, 0.1356, 0.1367, 0.1232, 0.1250,
  ]

### behavior/velocity_max
  Total points: 100
  Min: 0.1678, Max: 0.2471, Mean: 0.2210
  Data: [
    0.2072, 0.1934, 0.2073, 0.1860, 0.1975, 0.1943, 0.2096, 0.1920, 0.1976, 0.1967,
    0.2045, 0.2052, 0.2054, 0.1945, 0.2017, 0.2080, 0.1870, 0.2033, 0.1873, 0.1678,
    0.1949, 0.2078, 0.2022, 0.1963, 0.1947, 0.1989, 0.2078, 0.2103, 0.2119, 0.2063,
    0.1873, 0.1962, 0.2065, 0.2055, 0.1883, 0.1912, 0.1929, 0.1969, 0.1982, 0.2031,
    0.2178, 0.2188, 0.2355, 0.2351, 0.2236, 0.2190, 0.2291, 0.2328, 0.2310, 0.2243,
    0.2393, 0.2353, 0.2398, 0.2359, 0.2413, 0.2343, 0.2250, 0.2418, 0.2369, 0.2428,
    0.2428, 0.2395, 0.2426, 0.2372, 0.2348, 0.2390, 0.2345, 0.2411, 0.2386, 0.2375,
    0.2310, 0.2368, 0.2430, 0.2378, 0.2394, 0.2467, 0.2394, 0.2405, 0.2318, 0.2381,
    0.2460, 0.2300, 0.2315, 0.2354, 0.2395, 0.2321, 0.2381, 0.2464, 0.2365, 0.2288,
    0.2395, 0.2380, 0.2359, 0.2409, 0.2327, 0.2471, 0.2405, 0.2430, 0.2341, 0.2321,
  ]

### eval/strong/avg_reward
  Total points: 13
  Min: -26.0318, Max: -4.6195, Mean: -8.8368
  Data: [
    -25.2811, -26.0318, -6.7489, -4.6415, -4.6195, -7.3857, -5.8182, -4.9644, -5.6680, -5.2239,
    -6.2033, -6.0074, -6.2848,
  ]

### eval/strong/loss_rate
  Total points: 13
  Min: 0.2700, Max: 0.5300, Mean: 0.3846
  Data: [
    0.2700, 0.3400, 0.4300, 0.3600, 0.3400, 0.5300, 0.4100, 0.4400, 0.3600, 0.4000,
    0.3400, 0.4200, 0.3600,
  ]

### eval/strong/losses
  Total points: 13
  Min: 27.0000, Max: 53.0000, Mean: 38.4615
  Data: [
    27.0000, 34.0000, 43.0000, 36.0000, 34.0000, 53.0000, 41.0000, 44.0000, 36.0000, 40.0000,
    34.0000, 42.0000, 36.0000,
  ]

### eval/strong/tie_rate
  Total points: 13
  Min: 0.2500, Max: 0.6800, Mean: 0.3900
  Data: [
    0.6800, 0.5600, 0.3100, 0.3700, 0.2500, 0.2500, 0.3800, 0.2600, 0.4200, 0.3500,
    0.4100, 0.3900, 0.4400,
  ]

### eval/strong/ties
  Total points: 13
  Min: 25.0000, Max: 68.0000, Mean: 39.0000
  Data: [
    68.0000, 56.0000, 31.0000, 37.0000, 25.0000, 25.0000, 38.0000, 26.0000, 42.0000, 35.0000,
    41.0000, 39.0000, 44.0000,
  ]

### eval/strong/win_rate
  Total points: 13
  Min: 0.0500, Max: 0.4100, Mean: 0.2254
  Data: [
    0.0500, 0.1000, 0.2600, 0.2700, 0.4100, 0.2200, 0.2100, 0.3000, 0.2200, 0.2500,
    0.2500, 0.1900, 0.2000,
  ]

### eval/strong/win_rate_decisive
  Total points: 13
  Min: 0.1562, Max: 0.5467, Mean: 0.3561
  Data: [
    0.1562, 0.2273, 0.3768, 0.4286, 0.5467, 0.2933, 0.3387, 0.4054, 0.3793, 0.3846,
    0.4237, 0.3115, 0.3571,
  ]

### eval/strong/wins
  Total points: 13
  Min: 5.0000, Max: 41.0000, Mean: 22.5385
  Data: [
    5.0000, 10.0000, 26.0000, 27.0000, 41.0000, 22.0000, 21.0000, 30.0000, 22.0000, 25.0000,
    25.0000, 19.0000, 20.0000,
  ]

### eval/weak/avg_reward
  Total points: 13
  Min: -27.0741, Max: -1.2145, Mean: -7.7155
  Data: [
    -27.0741, -20.7914, -11.4010, -5.8554, -5.9603, -5.8147, -4.4305, -3.6220, -3.5505, -1.2145,
    -2.7901, -3.4141, -4.3830,
  ]

### eval/weak/loss_rate
  Total points: 13
  Min: 0.1500, Max: 0.4500, Mean: 0.3154
  Data: [
    0.4400, 0.3300, 0.3700, 0.3300, 0.4000, 0.4500, 0.3100, 0.3200, 0.2200, 0.1500,
    0.2400, 0.2600, 0.2800,
  ]

### eval/weak/losses
  Total points: 13
  Min: 15.0000, Max: 45.0000, Mean: 31.5385
  Data: [
    44.0000, 33.0000, 37.0000, 33.0000, 40.0000, 45.0000, 31.0000, 32.0000, 22.0000, 15.0000,
    24.0000, 26.0000, 28.0000,
  ]

### eval/weak/tie_rate
  Total points: 13
  Min: 0.3500, Max: 0.6400, Mean: 0.5008
  Data: [
    0.5500, 0.6400, 0.5400, 0.5000, 0.3500, 0.3800, 0.4900, 0.4000, 0.6100, 0.5600,
    0.5000, 0.4800, 0.5100,
  ]

### eval/weak/ties
  Total points: 13
  Min: 35.0000, Max: 64.0000, Mean: 50.0769
  Data: [
    55.0000, 64.0000, 54.0000, 50.0000, 35.0000, 38.0000, 49.0000, 40.0000, 61.0000, 56.0000,
    50.0000, 48.0000, 51.0000,
  ]

### eval/weak/win_rate
  Total points: 13
  Min: 0.0100, Max: 0.2900, Mean: 0.1838
  Data: [
    0.0100, 0.0300, 0.0900, 0.1700, 0.2500, 0.1700, 0.2000, 0.2800, 0.1700, 0.2900,
    0.2600, 0.2600, 0.2100,
  ]

### eval/weak/win_rate_decisive
  Total points: 13
  Min: 0.0222, Max: 0.6591, Mean: 0.3617
  Data: [
    0.0222, 0.0833, 0.1957, 0.3400, 0.3846, 0.2742, 0.3922, 0.4667, 0.4359, 0.6591,
    0.5200, 0.5000, 0.4286,
  ]

### eval/weak/wins
  Total points: 13
  Min: 1.0000, Max: 29.0000, Mean: 18.3846
  Data: [
    1.0000, 3.0000, 9.0000, 17.0000, 25.0000, 17.0000, 20.0000, 28.0000, 17.0000, 29.0000,
    26.0000, 26.0000, 21.0000,
  ]

### gradients/actor_grad_norm
  Total points: 100
  Min: 0.0000, Max: 0.1317, Mean: 0.0501
  Data: [
    0.0000, 0.0000, 0.0000, 0.0000, 0.0000, 0.0000, 0.0000, 0.0000, 0.0000, 0.0000,
    0.0000, 0.0000, 0.0000, 0.0000, 0.0000, 0.0000, 0.0000, 0.0000, 0.0000, 0.0000,
    0.0000, 0.0000, 0.0000, 0.0000, 0.0000, 0.0000, 0.0000, 0.0000, 0.0000, 0.0000,
    0.0000, 0.0000, 0.0000, 0.0000, 0.0000, 0.0000, 0.0000, 0.0000, 0.0000, 0.0971,
    0.0731, 0.0420, 0.0388, 0.0385, 0.0308, 0.0331, 0.0560, 0.0515, 0.0393, 0.0411,
    0.0874, 0.1066, 0.1155, 0.0712, 0.0697, 0.1041, 0.0843, 0.1008, 0.0684, 0.0877,
    0.0952, 0.1140, 0.0853, 0.0707, 0.0840, 0.0978, 0.0589, 0.0822, 0.0846, 0.0567,
    0.1317, 0.0790, 0.1008, 0.1062, 0.0873, 0.1111, 0.1046, 0.0887, 0.0821, 0.0816,
    0.1029, 0.0699, 0.1124, 0.0820, 0.0969, 0.0844, 0.0908, 0.0760, 0.0595, 0.1053,
    0.1060, 0.1013, 0.0699, 0.0632, 0.1316, 0.0553, 0.1031, 0.0864, 0.0671, 0.1079,
  ]

### gradients/critic_grad_norm
  Total points: 100
  Min: 0.0000, Max: 0.2659, Mean: 0.0585
  Data: [
    0.0000, 0.0000, 0.0000, 0.0000, 0.0000, 0.0000, 0.0000, 0.0000, 0.0000, 0.0000,
    0.0000, 0.0000, 0.0000, 0.0000, 0.0000, 0.0000, 0.0000, 0.0000, 0.0000, 0.0000,
    0.0000, 0.0000, 0.0000, 0.0000, 0.0000, 0.0000, 0.0000, 0.0000, 0.0000, 0.0000,
    0.0000, 0.0000, 0.0000, 0.0000, 0.0000, 0.0000, 0.0000, 0.0000, 0.0000, 0.0973,
    0.1645, 0.1707, 0.2231, 0.2377, 0.2659, 0.1718, 0.1551, 0.2013, 0.1993, 0.2197,
    0.0736, 0.0421, 0.0858, 0.0793, 0.0853, 0.0702, 0.0661, 0.0748, 0.0828, 0.0796,
    0.0907, 0.0579, 0.0702, 0.0625, 0.0544, 0.0622, 0.0645, 0.0898, 0.0669, 0.0703,
    0.1187, 0.0833, 0.0848, 0.0843, 0.0918, 0.0582, 0.0856, 0.1008, 0.0722, 0.0537,
    0.0754, 0.0737, 0.0901, 0.0738, 0.0794, 0.0538, 0.0604, 0.0956, 0.0681, 0.0777,
    0.0702, 0.0808, 0.0632, 0.0542, 0.0936, 0.0882, 0.0543, 0.0956, 0.0562, 0.0745,
  ]

### losses/actor_loss
  Total points: 100
  Min: -0.3501, Max: 1.4959, Mean: -0.0112
  Data: [
    0.0000, 0.0000, 0.0000, 0.0000, 0.0000, 0.0000, 0.0000, 0.0000, 0.0000, 0.0000,
    0.0000, 0.0000, 0.0000, 0.0000, 0.0000, 0.0000, 0.0000, 0.0000, 0.0000, 0.0000,
    0.0000, 0.0000, 0.0000, 0.0000, 0.0000, 0.0000, 0.0000, 0.0000, 0.0000, 0.0000,
    0.0000, 0.0000, 0.0000, 0.0000, 0.0000, 0.0000, 0.0000, 0.0000, 0.0000, 0.2124,
    0.7972, 0.9195, 1.0752, 1.1902, 1.3230, 1.3861, 1.3610, 1.4715, 1.4810, 1.4959,
    -0.3235, -0.2774, -0.3027, -0.2775, -0.3118, -0.3079, -0.2607, -0.2735, -0.3246, -0.2955,
    -0.3501, -0.2770, -0.2819, -0.2853, -0.3058, -0.3131, -0.3120, -0.3182, -0.2992, -0.2994,
    -0.2993, -0.3255, -0.2752, -0.2854, -0.2382, -0.2835, -0.2525, -0.2858, -0.2674, -0.2606,
    -0.2531, -0.2375, -0.2519, -0.2398, -0.2240, -0.2557, -0.2318, -0.2298, -0.2516, -0.2724,
    -0.2738, -0.2766, -0.2197, -0.2553, -0.2674, -0.2590, -0.2366, -0.2663, -0.3006, -0.2635,
  ]

### losses/critic_loss
  Total points: 100
  Min: 0.0000, Max: 0.0490, Mean: 0.0079
  Data: [
    0.0000, 0.0000, 0.0000, 0.0000, 0.0000, 0.0000, 0.0000, 0.0000, 0.0000, 0.0000,
    0.0000, 0.0000, 0.0000, 0.0000, 0.0000, 0.0000, 0.0000, 0.0000, 0.0000, 0.0000,
    0.0000, 0.0000, 0.0000, 0.0000, 0.0000, 0.0000, 0.0000, 0.0000, 0.0000, 0.0000,
    0.0000, 0.0000, 0.0000, 0.0000, 0.0000, 0.0000, 0.0000, 0.0000, 0.0000, 0.0335,
    0.0490, 0.0337, 0.0410, 0.0402, 0.0356, 0.0302, 0.0282, 0.0289, 0.0285, 0.0258,
    0.0074, 0.0052, 0.0091, 0.0097, 0.0105, 0.0076, 0.0077, 0.0093, 0.0097, 0.0098,
    0.0100, 0.0076, 0.0071, 0.0063, 0.0064, 0.0073, 0.0081, 0.0098, 0.0084, 0.0078,
    0.0103, 0.0108, 0.0089, 0.0095, 0.0096, 0.0078, 0.0100, 0.0103, 0.0086, 0.0063,
    0.0084, 0.0080, 0.0095, 0.0085, 0.0067, 0.0068, 0.0052, 0.0095, 0.0083, 0.0071,
    0.0075, 0.0084, 0.0074, 0.0073, 0.0093, 0.0093, 0.0066, 0.0099, 0.0059, 0.0070,
  ]

### pbrs/avg_per_episode
  Total points: 100
  Min: 0.5720, Max: 0.8118, Mean: 0.6189
  Data: [
    0.8118, 0.6887, 0.6445, 0.6557, 0.6414, 0.6099, 0.6309, 0.6260, 0.6209, 0.6085,
    0.6142, 0.6307, 0.6393, 0.6499, 0.6475, 0.6511, 0.6459, 0.6469, 0.6390, 0.6349,
    0.6360, 0.6330, 0.6347, 0.6372, 0.6349, 0.6364, 0.6356, 0.6337, 0.6346, 0.6358,
    0.6377, 0.6338, 0.6359, 0.6383, 0.6384, 0.6331, 0.6355, 0.6368, 0.6367, 0.6408,
    0.6435, 0.6512, 0.6510, 0.6560, 0.6594, 0.6606, 0.6696, 0.6773, 0.6799, 0.6814,
    0.6075, 0.6071, 0.6072, 0.6076, 0.6072, 0.6067, 0.6054, 0.6039, 0.6034, 0.6031,
    0.6020, 0.6019, 0.6019, 0.6016, 0.6010, 0.6008, 0.6006, 0.5997, 0.5977, 0.5978,
    0.5980, 0.5970, 0.5962, 0.5949, 0.5933, 0.5924, 0.5928, 0.5913, 0.5907, 0.5896,
    0.5883, 0.5879, 0.5872, 0.5871, 0.5855, 0.5850, 0.5839, 0.5823, 0.5816, 0.5799,
    0.5778, 0.5771, 0.5773, 0.5772, 0.5764, 0.5757, 0.5742, 0.5723, 0.5721, 0.5720,
  ]

### per/beta
  Total points: 52
  Min: 0.4947, Max: 1.0000, Mean: 0.9335
  Data: [
    0.4947, 0.5216, 0.5404, 0.5593, 0.5916, 0.6842, 0.7179, 0.7807, 0.8768, 0.9016,
    0.9397, 0.9498, 0.9844, 1.0000, 1.0000, 1.0000, 1.0000, 1.0000, 1.0000, 1.0000,
    1.0000, 1.0000, 1.0000, 1.0000, 1.0000, 1.0000, 1.0000, 1.0000, 1.0000, 1.0000,
    1.0000, 1.0000, 1.0000, 1.0000, 1.0000, 1.0000, 1.0000, 1.0000, 1.0000, 1.0000,
    1.0000, 1.0000, 1.0000, 1.0000, 1.0000, 1.0000, 1.0000, 1.0000, 1.0000, 1.0000,
    1.0000, 1.0000,
  ]

### per/is_weight_max
  Total points: 52
  Min: 1.0000, Max: 1.0000, Mean: 1.0000
  Data: [
    1.0000, 1.0000, 1.0000, 1.0000, 1.0000, 1.0000, 1.0000, 1.0000, 1.0000, 1.0000,
    1.0000, 1.0000, 1.0000, 1.0000, 1.0000, 1.0000, 1.0000, 1.0000, 1.0000, 1.0000,
    1.0000, 1.0000, 1.0000, 1.0000, 1.0000, 1.0000, 1.0000, 1.0000, 1.0000, 1.0000,
    1.0000, 1.0000, 1.0000, 1.0000, 1.0000, 1.0000, 1.0000, 1.0000, 1.0000, 1.0000,
    1.0000, 1.0000, 1.0000, 1.0000, 1.0000, 1.0000, 1.0000, 1.0000, 1.0000, 1.0000,
    1.0000, 1.0000,
  ]

### per/is_weight_mean
  Total points: 52
  Min: 0.0093, Max: 0.2132, Mean: 0.0492
  Data: [
    0.2132, 0.1470, 0.1569, 0.0908, 0.1854, 0.0402, 0.0897, 0.0792, 0.0229, 0.0431,
    0.0350, 0.0180, 0.0587, 0.0151, 0.0145, 0.0362, 0.0093, 0.0523, 0.0129, 0.0292,
    0.0445, 0.0685, 0.0261, 0.0320, 0.0230, 0.0478, 0.0450, 0.0367, 0.0428, 0.0388,
    0.0567, 0.0432, 0.0352, 0.0667, 0.0210, 0.0273, 0.0470, 0.0206, 0.0147, 0.0494,
    0.0116, 0.0360, 0.0269, 0.0423, 0.0380, 0.0182, 0.0227, 0.0221, 0.0469, 0.0822,
    0.0289, 0.0447,
  ]

### per/is_weight_min
  Total points: 52
  Min: 0.0004, Max: 0.0505, Mean: 0.0054
  Data: [
    0.0505, 0.0320, 0.0331, 0.0170, 0.0329, 0.0052, 0.0112, 0.0078, 0.0017, 0.0027,
    0.0021, 0.0010, 0.0033, 0.0008, 0.0007, 0.0018, 0.0004, 0.0030, 0.0007, 0.0015,
    0.0025, 0.0039, 0.0015, 0.0018, 0.0013, 0.0027, 0.0026, 0.0020, 0.0028, 0.0024,
    0.0034, 0.0025, 0.0022, 0.0040, 0.0011, 0.0014, 0.0030, 0.0012, 0.0008, 0.0031,
    0.0006, 0.0021, 0.0015, 0.0026, 0.0024, 0.0011, 0.0013, 0.0012, 0.0026, 0.0051,
    0.0016, 0.0025,
  ]

### per/is_weight_std
  Total points: 52
  Min: 0.0350, Max: 0.1166, Mean: 0.0608
  Data: [
    0.1024, 0.0777, 0.0832, 0.0653, 0.1166, 0.0440, 0.0728, 0.0688, 0.0399, 0.0700,
    0.0590, 0.0430, 0.0744, 0.0364, 0.0364, 0.0745, 0.0417, 0.0691, 0.0377, 0.0561,
    0.0714, 0.0903, 0.0467, 0.0649, 0.0458, 0.0739, 0.0694, 0.0573, 0.0549, 0.0518,
    0.0679, 0.0656, 0.0490, 0.0860, 0.0447, 0.0555, 0.0621, 0.0407, 0.0362, 0.0699,
    0.0350, 0.0599, 0.0433, 0.0640, 0.0565, 0.0374, 0.0417, 0.0500, 0.0720, 0.1035,
    0.0551, 0.0680,
  ]

### per/max_priority
  Total points: 52
  Min: 11.5771, Max: 12.0326, Mean: 11.9612
  Data: [
    11.5771, 11.5771, 11.5771, 11.5771, 11.5771, 11.5771, 11.5771, 11.5771, 11.9632, 12.0326,
    12.0326, 12.0326, 12.0326, 12.0326, 12.0326, 12.0326, 12.0326, 12.0326, 12.0326, 12.0326,
    12.0326, 12.0326, 12.0326, 12.0326, 12.0326, 12.0326, 12.0326, 12.0326, 12.0326, 12.0326,
    12.0326, 12.0326, 12.0326, 12.0326, 12.0326, 12.0326, 12.0326, 12.0326, 12.0326, 12.0326,
    12.0326, 12.0326, 12.0326, 12.0326, 12.0326, 12.0326, 12.0326, 12.0326, 12.0326, 12.0326,
    12.0326, 12.0326,
  ]

### per/n_entries
  Total points: 52
  Min: 404735.0000, Max: 1000000.0000, Mean: 898803.4615
  Data: [
    404735.0000, 426670.0000, 441845.0000, 457110.0000, 482995.0000, 558205.0000, 585270.0000, 636150.0000, 713690.0000, 733825.0000,
    764635.0000, 772555.0000, 800375.0000, 959720.0000, 1000000.0000, 1000000.0000, 1000000.0000, 1000000.0000, 1000000.0000, 1000000.0000,
    1000000.0000, 1000000.0000, 1000000.0000, 1000000.0000, 1000000.0000, 1000000.0000, 1000000.0000, 1000000.0000, 1000000.0000, 1000000.0000,
    1000000.0000, 1000000.0000, 1000000.0000, 1000000.0000, 1000000.0000, 1000000.0000, 1000000.0000, 1000000.0000, 1000000.0000, 1000000.0000,
    1000000.0000, 1000000.0000, 1000000.0000, 1000000.0000, 1000000.0000, 1000000.0000, 1000000.0000, 1000000.0000, 1000000.0000, 1000000.0000,
    1000000.0000, 1000000.0000,
  ]

### per/td_error_max
  Total points: 52
  Min: 5.6575, Max: 10.3544, Mean: 7.9879
  Data: [
    9.4586, 8.9571, 9.2769, 8.8338, 9.5858, 6.0404, 9.5163, 8.0156, 6.7339, 8.7783,
    9.6024, 7.8650, 6.9624, 8.1171, 8.0755, 7.9687, 8.4726, 8.3449, 6.3332, 7.1745,
    8.1754, 9.3160, 7.3345, 7.5753, 5.7474, 7.0120, 8.6434, 7.1186, 7.1179, 8.4537,
    5.9224, 7.6277, 8.1204, 6.8226, 7.1346, 6.4304, 9.2173, 9.4806, 10.3544, 10.3178,
    9.4612, 6.3746, 9.1613, 8.2638, 7.0724, 7.1151, 8.9244, 7.1907, 7.4156, 9.8579,
    6.8393, 5.6575,
  ]

### per/td_error_mean
  Total points: 52
  Min: 0.3227, Max: 0.5202, Mean: 0.4368
  Data: [
    0.3413, 0.3646, 0.3393, 0.3310, 0.3514, 0.3889, 0.3563, 0.3227, 0.3857, 0.3988,
    0.3771, 0.3883, 0.4261, 0.4345, 0.4463, 0.4922, 0.4924, 0.4660, 0.4451, 0.4507,
    0.4530, 0.4398, 0.4324, 0.5030, 0.4269, 0.4404, 0.4876, 0.4344, 0.4945, 0.4937,
    0.4456, 0.4660, 0.4772, 0.4474, 0.4886, 0.4410, 0.4646, 0.4782, 0.4782, 0.4689,
    0.4515, 0.4642, 0.4591, 0.5057, 0.5202, 0.4731, 0.4052, 0.4257, 0.4383, 0.4454,
    0.4550, 0.4079,
  ]

### per/td_error_min
  Total points: 52
  Min: 0.0000, Max: 0.0017, Mean: 0.0004
  Data: [
    0.0000, 0.0002, 0.0003, 0.0004, 0.0003, 0.0003, 0.0001, 0.0000, 0.0006, 0.0000,
    0.0003, 0.0006, 0.0002, 0.0000, 0.0000, 0.0004, 0.0004, 0.0000, 0.0000, 0.0000,
    0.0001, 0.0009, 0.0000, 0.0007, 0.0003, 0.0003, 0.0002, 0.0001, 0.0000, 0.0001,
    0.0000, 0.0005, 0.0006, 0.0012, 0.0013, 0.0006, 0.0015, 0.0000, 0.0002, 0.0007,
    0.0003, 0.0000, 0.0004, 0.0017, 0.0001, 0.0000, 0.0010, 0.0004, 0.0000, 0.0000,
    0.0005, 0.0002,
  ]

### per/td_error_std
  Total points: 52
  Min: 0.6705, Max: 0.9761, Mean: 0.8170
  Data: [
    0.8878, 0.8597, 0.8266, 0.6929, 0.8465, 0.7217, 0.8292, 0.6932, 0.7470, 0.8393,
    0.8275, 0.7909, 0.8100, 0.9316, 0.8180, 0.9431, 0.9761, 0.9197, 0.7496, 0.8070,
    0.8957, 0.8435, 0.7992, 0.7783, 0.7155, 0.7650, 0.8637, 0.7795, 0.9074, 0.8732,
    0.7923, 0.8167, 0.8831, 0.7873, 0.8107, 0.7180, 0.8071, 0.8647, 0.9523, 0.8354,
    0.8657, 0.7929, 0.8327, 0.8612, 0.9248, 0.7645, 0.6903, 0.7477, 0.7964, 0.7582,
    0.7735, 0.6705,
  ]

### per/total_priority
  Total points: 52
  Min: 72726.1124, Max: 258174.5281, Mean: 218227.8089
  Data: [
    72726.1124, 78827.7114, 81814.4299, 85892.5835, 90661.4287, 106919.1362, 113691.4365, 127631.7049, 150917.0805, 157806.5288,
    163694.4473, 165523.8031, 173154.5391, 212004.2329, 232263.3692, 234518.0026, 235129.9065, 235381.8277, 236779.9114, 240839.8761,
    241544.9272, 248332.7775, 249161.1659, 250746.2294, 251904.5613, 252996.9109, 253478.2431, 253485.9486, 253066.5373, 252696.4304,
    253062.3491, 253431.1282, 255024.0612, 256377.4793, 256111.6945, 258174.5281, 257654.6508, 258122.4895, 258019.8807, 257408.4439,
    257069.6210, 257003.0842, 257576.8648, 257616.2907, 257018.0944, 256952.4207, 257114.5903, 256048.5098, 255949.9020, 256030.8503,
    256637.9291, 255849.3981,
  ]

### performance/cumulative_win_rate
  Total points: 100
  Min: 0.0000, Max: 0.1707, Mean: 0.1017
  Data: [
    0.0000, 0.0200, 0.0200, 0.0250, 0.0320, 0.0400, 0.0429, 0.0400, 0.0356, 0.0340,
    0.0345, 0.0350, 0.0338, 0.0314, 0.0320, 0.0362, 0.0376, 0.0367, 0.0358, 0.0370,
    0.0371, 0.0373, 0.0374, 0.0383, 0.0416, 0.0415, 0.0407, 0.0400, 0.0393, 0.0393,
    0.0387, 0.0400, 0.0406, 0.0394, 0.0406, 0.0433, 0.0432, 0.0432, 0.0426, 0.0415,
    0.0429, 0.0443, 0.0456, 0.0450, 0.0462, 0.0491, 0.0498, 0.0496, 0.0510, 0.0528,
    0.1602, 0.1604, 0.1602, 0.1600, 0.1603, 0.1605, 0.1611, 0.1612, 0.1613, 0.1610,
    0.1615, 0.1616, 0.1618, 0.1619, 0.1623, 0.1626, 0.1628, 0.1631, 0.1637, 0.1637,
    0.1639, 0.1638, 0.1638, 0.1641, 0.1647, 0.1648, 0.1647, 0.1651, 0.1650, 0.1655,
    0.1656, 0.1659, 0.1663, 0.1665, 0.1671, 0.1673, 0.1678, 0.1686, 0.1686, 0.1690,
    0.1695, 0.1698, 0.1700, 0.1696, 0.1696, 0.1699, 0.1703, 0.1707, 0.1706, 0.1705,
  ]

### performance/losses
  Total points: 100
  Min: 25.0000, Max: 5424.0000, Mean: 2767.4600
  Data: [
    25.0000, 42.0000, 60.0000, 82.0000, 99.0000, 115.0000, 140.0000, 159.0000, 177.0000, 194.0000,
    215.0000, 241.0000, 264.0000, 289.0000, 310.0000, 333.0000, 351.0000, 373.0000, 389.0000, 408.0000,
    429.0000, 447.0000, 468.0000, 490.0000, 510.0000, 532.0000, 552.0000, 571.0000, 593.0000, 614.0000,
    636.0000, 654.0000, 676.0000, 699.0000, 720.0000, 738.0000, 761.0000, 781.0000, 801.0000, 827.0000,
    848.0000, 879.0000, 901.0000, 929.0000, 953.0000, 977.0000, 1011.0000, 1043.0000, 1067.0000, 1090.0000,
    4550.0000, 4570.0000, 4593.0000, 4618.0000, 4637.0000, 4658.0000, 4675.0000, 4688.0000, 4707.0000, 4727.0000,
    4743.0000, 4764.0000, 4787.0000, 4808.0000, 4827.0000, 4848.0000, 4870.0000, 4886.0000, 4898.0000, 4923.0000,
    4946.0000, 4961.0000, 4977.0000, 4993.0000, 5007.0000, 5023.0000, 5048.0000, 5061.0000, 5078.0000, 5093.0000,
    5106.0000, 5124.0000, 5143.0000, 5162.0000, 5175.0000, 5193.0000, 5208.0000, 5226.0000, 5242.0000, 5255.0000,
    5267.0000, 5286.0000, 5308.0000, 5329.0000, 5344.0000, 5363.0000, 5376.0000, 5385.0000, 5403.0000, 5424.0000,
  ]

### performance/ties
  Total points: 100
  Min: 25.0000, Max: 5484.0000, Mean: 2820.6400
  Data: [
    25.0000, 56.0000, 87.0000, 113.0000, 143.0000, 173.0000, 195.0000, 225.0000, 257.0000, 289.0000,
    316.0000, 338.0000, 364.0000, 389.0000, 416.0000, 438.0000, 467.0000, 494.0000, 527.0000, 555.0000,
    582.0000, 612.0000, 639.0000, 664.0000, 688.0000, 714.0000, 743.0000, 773.0000, 800.0000, 827.0000,
    854.0000, 882.0000, 907.0000, 934.0000, 959.0000, 984.0000, 1009.0000, 1037.0000, 1066.0000, 1090.0000,
    1114.0000, 1128.0000, 1151.0000, 1172.0000, 1193.0000, 1210.0000, 1222.0000, 1238.0000, 1258.0000, 1278.0000,
    4436.0000, 4456.0000, 4477.0000, 4496.0000, 4516.0000, 4535.0000, 4553.0000, 4581.0000, 4603.0000, 4628.0000,
    4648.0000, 4668.0000, 4685.0000, 4704.0000, 4723.0000, 4740.0000, 4758.0000, 4780.0000, 4803.0000, 4820.0000,
    4836.0000, 4864.0000, 4890.0000, 4913.0000, 4933.0000, 4958.0000, 4976.0000, 5000.0000, 5025.0000, 5046.0000,
    5074.0000, 5094.0000, 5112.0000, 5132.0000, 5153.0000, 5174.0000, 5195.0000, 5208.0000, 5234.0000, 5257.0000,
    5280.0000, 5299.0000, 5316.0000, 5341.0000, 5368.0000, 5387.0000, 5410.0000, 5438.0000, 5462.0000, 5484.0000,
  ]

### performance/wins
  Total points: 100
  Min: 0.0000, Max: 2242.0000, Mean: 1011.9000
  Data: [
    0.0000, 2.0000, 3.0000, 5.0000, 8.0000, 12.0000, 15.0000, 16.0000, 16.0000, 17.0000,
    19.0000, 21.0000, 22.0000, 22.0000, 24.0000, 29.0000, 32.0000, 33.0000, 34.0000, 37.0000,
    39.0000, 41.0000, 43.0000, 46.0000, 52.0000, 54.0000, 55.0000, 56.0000, 57.0000, 59.0000,
    60.0000, 64.0000, 67.0000, 67.0000, 71.0000, 78.0000, 80.0000, 82.0000, 83.0000, 83.0000,
    88.0000, 93.0000, 98.0000, 99.0000, 104.0000, 113.0000, 117.0000, 119.0000, 125.0000, 132.0000,
    1714.0000, 1724.0000, 1730.0000, 1736.0000, 1747.0000, 1757.0000, 1772.0000, 1781.0000, 1790.0000, 1795.0000,
    1809.0000, 1818.0000, 1828.0000, 1838.0000, 1850.0000, 1862.0000, 1872.0000, 1884.0000, 1899.0000, 1907.0000,
    1918.0000, 1925.0000, 1933.0000, 1944.0000, 1960.0000, 1969.0000, 1976.0000, 1989.0000, 1997.0000, 2011.0000,
    2020.0000, 2032.0000, 2045.0000, 2056.0000, 2072.0000, 2083.0000, 2097.0000, 2116.0000, 2124.0000, 2138.0000,
    2153.0000, 2165.0000, 2176.0000, 2180.0000, 2188.0000, 2200.0000, 2214.0000, 2227.0000, 2235.0000, 2242.0000,
  ]

### rewards/p1
  Total points: 100
  Min: -33.9748, Max: -1.5230, Mean: -15.5952
  Data: [
    -29.6623, -24.8027, -28.8911, -28.0636, -31.6332, -18.3754, -28.5470, -26.1490, -28.2533, -21.9301,
    -28.0157, -24.5234, -27.1410, -33.9748, -28.4842, -27.0589, -29.7978, -27.2536, -25.3389, -21.8458,
    -27.6408, -25.8890, -26.8440, -26.6891, -25.1713, -28.3315, -27.7521, -28.9895, -25.1084, -29.0708,
    -29.2764, -26.4889, -27.7850, -23.2350, -25.8832, -26.2154, -25.7420, -22.9937, -27.2605, -24.9232,
    -14.2820, -16.1477, -9.3678, -11.2820, -12.2271, -10.1306, -9.4733, -15.2271, -9.8643, -10.0632,
    -11.8008, -6.7050, -10.0479, -6.7382, -7.1821, -11.1006, -4.5508, -7.8188, -9.4509, -10.7706,
    -7.3993, -4.6940, -4.7132, -11.3210, -7.5046, -11.4381, -6.4721, -8.3226, -7.0428, -6.6113,
    -8.8429, -11.8844, -9.3400, -9.4860, -9.4235, -8.7748, -10.5917, -9.3062, -10.8144, -3.4268,
    -5.6639, -8.5689, -3.4823, -4.0325, -4.1161, -7.7275, -5.0851, -6.1996, -9.5714, -1.5230,
    -4.6251, -4.9098, -10.8258, -6.0459, -4.6116, -3.0404, -8.0652, -6.0308, -7.6839, -5.0345,
  ]

### rewards/p2
  Total points: 100
  Min: 0.0680, Max: 31.8607, Mean: 13.7372
  Data: [
    27.6839, 22.9946, 25.8154, 25.9002, 29.5753, 16.8651, 26.7499, 24.7271, 26.4291, 20.4792,
    25.7752, 23.3457, 25.4177, 31.8607, 26.2093, 25.6685, 27.5202, 25.2419, 22.9075, 19.7336,
    26.0532, 23.8900, 25.0365, 24.9743, 23.8642, 26.1798, 26.3885, 26.7936, 23.3168, 26.7109,
    27.1439, 24.7355, 25.6485, 22.0939, 23.2544, 24.3786, 23.9617, 20.7247, 24.4549, 23.5079,
    13.2883, 15.5268, 6.7628, 10.5861, 10.5632, 9.7581, 8.7466, 14.3041, 7.4579, 8.9873,
    10.0470, 5.5352, 7.7719, 4.2096, 5.5206, 8.6692, 3.1208, 5.5306, 7.5738, 8.2281,
    5.7726, 3.7640, 3.5208, 9.9589, 6.4522, 8.5683, 4.8267, 7.2466, 4.7576, 5.3177,
    8.4418, 9.9606, 6.0840, 7.4002, 8.0179, 6.0549, 9.2563, 6.8295, 8.6067, 1.9928,
    2.1049, 6.0355, 2.8318, 2.0322, 1.9786, 4.9461, 3.9149, 4.2938, 7.0890, 0.0680,
    2.5259, 2.7093, 9.8739, 3.5288, 2.4800, 0.5743, 5.1466, 3.2965, 5.7681, 3.4965,
  ]

### rewards/sparse_only
  Total points: 100
  Min: -31.8607, Max: -0.0680, Mean: -13.7372
  Data: [
    -27.6839, -22.9946, -25.8154, -25.9002, -29.5753, -16.8651, -26.7499, -24.7271, -26.4291, -20.4792,
    -25.7752, -23.3457, -25.4177, -31.8607, -26.2093, -25.6685, -27.5202, -25.2419, -22.9075, -19.7336,
    -26.0532, -23.8900, -25.0365, -24.9743, -23.8642, -26.1798, -26.3885, -26.7936, -23.3168, -26.7109,
    -27.1439, -24.7355, -25.6485, -22.0939, -23.2544, -24.3786, -23.9617, -20.7247, -24.4549, -23.5079,
    -13.2883, -15.5268, -6.7628, -10.5861, -10.5632, -9.7581, -8.7466, -14.3041, -7.4579, -8.9873,
    -10.0470, -5.5352, -7.7719, -4.2096, -5.5206, -8.6692, -3.1208, -5.5306, -7.5738, -8.2281,
    -5.7726, -3.7640, -3.5208, -9.9589, -6.4522, -8.5683, -4.8267, -7.2466, -4.7576, -5.3177,
    -8.4418, -9.9606, -6.0840, -7.4002, -8.0179, -6.0549, -9.2563, -6.8295, -8.6067, -1.9928,
    -2.1049, -6.0355, -2.8318, -2.0322, -1.9786, -4.9461, -3.9149, -4.2938, -7.0890, -0.0680,
    -2.5259, -2.7093, -9.8739, -3.5288, -2.4800, -0.5743, -5.1466, -3.2965, -5.7681, -3.4965,
  ]

### rewards/sparse_ratio
  Total points: 100
  Min: 0.0446, Max: 0.9632, Mean: 0.8097
  Data: [
    0.9333, 0.9271, 0.8935, 0.9229, 0.9349, 0.9178, 0.9370, 0.9456, 0.9354, 0.9338,
    0.9200, 0.9520, 0.9365, 0.9378, 0.9201, 0.9486, 0.9236, 0.9262, 0.9040, 0.9033,
    0.9426, 0.9228, 0.9327, 0.9357, 0.9481, 0.9241, 0.9509, 0.9243, 0.9286, 0.9188,
    0.9272, 0.9338, 0.9231, 0.9509, 0.8984, 0.9299, 0.9308, 0.9013, 0.8971, 0.9432,
    0.9304, 0.9615, 0.7219, 0.9383, 0.8639, 0.9632, 0.9233, 0.9394, 0.7560, 0.8931,
    0.8514, 0.8255, 0.7735, 0.6247, 0.7687, 0.7810, 0.6858, 0.7073, 0.8014, 0.7639,
    0.7801, 0.8019, 0.7470, 0.8797, 0.8598, 0.7491, 0.7458, 0.8707, 0.6755, 0.8043,
    0.9546, 0.8381, 0.6514, 0.7801, 0.8508, 0.6900, 0.8739, 0.7339, 0.7959, 0.5815,
    0.3716, 0.7044, 0.8132, 0.5040, 0.4807, 0.6401, 0.7699, 0.6926, 0.7406, 0.0446,
    0.5461, 0.5518, 0.9121, 0.5837, 0.5378, 0.1889, 0.6381, 0.5466, 0.7507, 0.6945,
  ]

### scoring/goals_conceded
  Total points: 100
  Min: 25.0000, Max: 5424.0000, Mean: 2767.4600
  Data: [
    25.0000, 42.0000, 60.0000, 82.0000, 99.0000, 115.0000, 140.0000, 159.0000, 177.0000, 194.0000,
    215.0000, 241.0000, 264.0000, 289.0000, 310.0000, 333.0000, 351.0000, 373.0000, 389.0000, 408.0000,
    429.0000, 447.0000, 468.0000, 490.0000, 510.0000, 532.0000, 552.0000, 571.0000, 593.0000, 614.0000,
    636.0000, 654.0000, 676.0000, 699.0000, 720.0000, 738.0000, 761.0000, 781.0000, 801.0000, 827.0000,
    848.0000, 879.0000, 901.0000, 929.0000, 953.0000, 977.0000, 1011.0000, 1043.0000, 1067.0000, 1090.0000,
    4550.0000, 4570.0000, 4593.0000, 4618.0000, 4637.0000, 4658.0000, 4675.0000, 4688.0000, 4707.0000, 4727.0000,
    4743.0000, 4764.0000, 4787.0000, 4808.0000, 4827.0000, 4848.0000, 4870.0000, 4886.0000, 4898.0000, 4923.0000,
    4946.0000, 4961.0000, 4977.0000, 4993.0000, 5007.0000, 5023.0000, 5048.0000, 5061.0000, 5078.0000, 5093.0000,
    5106.0000, 5124.0000, 5143.0000, 5162.0000, 5175.0000, 5193.0000, 5208.0000, 5226.0000, 5242.0000, 5255.0000,
    5267.0000, 5286.0000, 5308.0000, 5329.0000, 5344.0000, 5363.0000, 5376.0000, 5385.0000, 5403.0000, 5424.0000,
  ]

### scoring/goals_scored
  Total points: 100
  Min: 0.0000, Max: 2242.0000, Mean: 1011.9000
  Data: [
    0.0000, 2.0000, 3.0000, 5.0000, 8.0000, 12.0000, 15.0000, 16.0000, 16.0000, 17.0000,
    19.0000, 21.0000, 22.0000, 22.0000, 24.0000, 29.0000, 32.0000, 33.0000, 34.0000, 37.0000,
    39.0000, 41.0000, 43.0000, 46.0000, 52.0000, 54.0000, 55.0000, 56.0000, 57.0000, 59.0000,
    60.0000, 64.0000, 67.0000, 67.0000, 71.0000, 78.0000, 80.0000, 82.0000, 83.0000, 83.0000,
    88.0000, 93.0000, 98.0000, 99.0000, 104.0000, 113.0000, 117.0000, 119.0000, 125.0000, 132.0000,
    1714.0000, 1724.0000, 1730.0000, 1736.0000, 1747.0000, 1757.0000, 1772.0000, 1781.0000, 1790.0000, 1795.0000,
    1809.0000, 1818.0000, 1828.0000, 1838.0000, 1850.0000, 1862.0000, 1872.0000, 1884.0000, 1899.0000, 1907.0000,
    1918.0000, 1925.0000, 1933.0000, 1944.0000, 1960.0000, 1969.0000, 1976.0000, 1989.0000, 1997.0000, 2011.0000,
    2020.0000, 2032.0000, 2045.0000, 2056.0000, 2072.0000, 2083.0000, 2097.0000, 2116.0000, 2124.0000, 2138.0000,
    2153.0000, 2165.0000, 2176.0000, 2180.0000, 2188.0000, 2200.0000, 2214.0000, 2227.0000, 2235.0000, 2242.0000,
  ]

### selfplay/active
  Total points: 100
  Min: 0.0000, Max: 0.0000, Mean: 0.0000
  Data: [
    0.0000, 0.0000, 0.0000, 0.0000, 0.0000, 0.0000, 0.0000, 0.0000, 0.0000, 0.0000,
    0.0000, 0.0000, 0.0000, 0.0000, 0.0000, 0.0000, 0.0000, 0.0000, 0.0000, 0.0000,
    0.0000, 0.0000, 0.0000, 0.0000, 0.0000, 0.0000, 0.0000, 0.0000, 0.0000, 0.0000,
    0.0000, 0.0000, 0.0000, 0.0000, 0.0000, 0.0000, 0.0000, 0.0000, 0.0000, 0.0000,
    0.0000, 0.0000, 0.0000, 0.0000, 0.0000, 0.0000, 0.0000, 0.0000, 0.0000, 0.0000,
    0.0000, 0.0000, 0.0000, 0.0000, 0.0000, 0.0000, 0.0000, 0.0000, 0.0000, 0.0000,
    0.0000, 0.0000, 0.0000, 0.0000, 0.0000, 0.0000, 0.0000, 0.0000, 0.0000, 0.0000,
    0.0000, 0.0000, 0.0000, 0.0000, 0.0000, 0.0000, 0.0000, 0.0000, 0.0000, 0.0000,
    0.0000, 0.0000, 0.0000, 0.0000, 0.0000, 0.0000, 0.0000, 0.0000, 0.0000, 0.0000,
    0.0000, 0.0000, 0.0000, 0.0000, 0.0000, 0.0000, 0.0000, 0.0000, 0.0000, 0.0000,
  ]

### selfplay/episode_opponent_type_selfplay
  Total points: 100
  Min: 0.0000, Max: 0.0000, Mean: 0.0000
  Data: [
    0.0000, 0.0000, 0.0000, 0.0000, 0.0000, 0.0000, 0.0000, 0.0000, 0.0000, 0.0000,
    0.0000, 0.0000, 0.0000, 0.0000, 0.0000, 0.0000, 0.0000, 0.0000, 0.0000, 0.0000,
    0.0000, 0.0000, 0.0000, 0.0000, 0.0000, 0.0000, 0.0000, 0.0000, 0.0000, 0.0000,
    0.0000, 0.0000, 0.0000, 0.0000, 0.0000, 0.0000, 0.0000, 0.0000, 0.0000, 0.0000,
    0.0000, 0.0000, 0.0000, 0.0000, 0.0000, 0.0000, 0.0000, 0.0000, 0.0000, 0.0000,
    0.0000, 0.0000, 0.0000, 0.0000, 0.0000, 0.0000, 0.0000, 0.0000, 0.0000, 0.0000,
    0.0000, 0.0000, 0.0000, 0.0000, 0.0000, 0.0000, 0.0000, 0.0000, 0.0000, 0.0000,
    0.0000, 0.0000, 0.0000, 0.0000, 0.0000, 0.0000, 0.0000, 0.0000, 0.0000, 0.0000,
    0.0000, 0.0000, 0.0000, 0.0000, 0.0000, 0.0000, 0.0000, 0.0000, 0.0000, 0.0000,
    0.0000, 0.0000, 0.0000, 0.0000, 0.0000, 0.0000, 0.0000, 0.0000, 0.0000, 0.0000,
  ]

### selfplay/episode_opponent_type_strong
  Total points: 100
  Min: 0.0000, Max: 0.0000, Mean: 0.0000
  Data: [
    0.0000, 0.0000, 0.0000, 0.0000, 0.0000, 0.0000, 0.0000, 0.0000, 0.0000, 0.0000,
    0.0000, 0.0000, 0.0000, 0.0000, 0.0000, 0.0000, 0.0000, 0.0000, 0.0000, 0.0000,
    0.0000, 0.0000, 0.0000, 0.0000, 0.0000, 0.0000, 0.0000, 0.0000, 0.0000, 0.0000,
    0.0000, 0.0000, 0.0000, 0.0000, 0.0000, 0.0000, 0.0000, 0.0000, 0.0000, 0.0000,
    0.0000, 0.0000, 0.0000, 0.0000, 0.0000, 0.0000, 0.0000, 0.0000, 0.0000, 0.0000,
    0.0000, 0.0000, 0.0000, 0.0000, 0.0000, 0.0000, 0.0000, 0.0000, 0.0000, 0.0000,
    0.0000, 0.0000, 0.0000, 0.0000, 0.0000, 0.0000, 0.0000, 0.0000, 0.0000, 0.0000,
    0.0000, 0.0000, 0.0000, 0.0000, 0.0000, 0.0000, 0.0000, 0.0000, 0.0000, 0.0000,
    0.0000, 0.0000, 0.0000, 0.0000, 0.0000, 0.0000, 0.0000, 0.0000, 0.0000, 0.0000,
    0.0000, 0.0000, 0.0000, 0.0000, 0.0000, 0.0000, 0.0000, 0.0000, 0.0000, 0.0000,
  ]

### selfplay/episode_opponent_type_weak
  Total points: 100
  Min: 1.0000, Max: 1.0000, Mean: 1.0000
  Data: [
    1.0000, 1.0000, 1.0000, 1.0000, 1.0000, 1.0000, 1.0000, 1.0000, 1.0000, 1.0000,
    1.0000, 1.0000, 1.0000, 1.0000, 1.0000, 1.0000, 1.0000, 1.0000, 1.0000, 1.0000,
    1.0000, 1.0000, 1.0000, 1.0000, 1.0000, 1.0000, 1.0000, 1.0000, 1.0000, 1.0000,
    1.0000, 1.0000, 1.0000, 1.0000, 1.0000, 1.0000, 1.0000, 1.0000, 1.0000, 1.0000,
    1.0000, 1.0000, 1.0000, 1.0000, 1.0000, 1.0000, 1.0000, 1.0000, 1.0000, 1.0000,
    1.0000, 1.0000, 1.0000, 1.0000, 1.0000, 1.0000, 1.0000, 1.0000, 1.0000, 1.0000,
    1.0000, 1.0000, 1.0000, 1.0000, 1.0000, 1.0000, 1.0000, 1.0000, 1.0000, 1.0000,
    1.0000, 1.0000, 1.0000, 1.0000, 1.0000, 1.0000, 1.0000, 1.0000, 1.0000, 1.0000,
    1.0000, 1.0000, 1.0000, 1.0000, 1.0000, 1.0000, 1.0000, 1.0000, 1.0000, 1.0000,
    1.0000, 1.0000, 1.0000, 1.0000, 1.0000, 1.0000, 1.0000, 1.0000, 1.0000, 1.0000,
  ]

### selfplay/pool_size
  Total points: 100
  Min: 0.0000, Max: 0.0000, Mean: 0.0000
  Data: [
    0.0000, 0.0000, 0.0000, 0.0000, 0.0000, 0.0000, 0.0000, 0.0000, 0.0000, 0.0000,
    0.0000, 0.0000, 0.0000, 0.0000, 0.0000, 0.0000, 0.0000, 0.0000, 0.0000, 0.0000,
    0.0000, 0.0000, 0.0000, 0.0000, 0.0000, 0.0000, 0.0000, 0.0000, 0.0000, 0.0000,
    0.0000, 0.0000, 0.0000, 0.0000, 0.0000, 0.0000, 0.0000, 0.0000, 0.0000, 0.0000,
    0.0000, 0.0000, 0.0000, 0.0000, 0.0000, 0.0000, 0.0000, 0.0000, 0.0000, 0.0000,
    0.0000, 0.0000, 0.0000, 0.0000, 0.0000, 0.0000, 0.0000, 0.0000, 0.0000, 0.0000,
    0.0000, 0.0000, 0.0000, 0.0000, 0.0000, 0.0000, 0.0000, 0.0000, 0.0000, 0.0000,
    0.0000, 0.0000, 0.0000, 0.0000, 0.0000, 0.0000, 0.0000, 0.0000, 0.0000, 0.0000,
    0.0000, 0.0000, 0.0000, 0.0000, 0.0000, 0.0000, 0.0000, 0.0000, 0.0000, 0.0000,
    0.0000, 0.0000, 0.0000, 0.0000, 0.0000, 0.0000, 0.0000, 0.0000, 0.0000, 0.0000,
  ]

### selfplay/weak_ratio_target
  Total points: 100
  Min: 0.5000, Max: 0.5000, Mean: 0.5000
  Data: [
    0.5000, 0.5000, 0.5000, 0.5000, 0.5000, 0.5000, 0.5000, 0.5000, 0.5000, 0.5000,
    0.5000, 0.5000, 0.5000, 0.5000, 0.5000, 0.5000, 0.5000, 0.5000, 0.5000, 0.5000,
    0.5000, 0.5000, 0.5000, 0.5000, 0.5000, 0.5000, 0.5000, 0.5000, 0.5000, 0.5000,
    0.5000, 0.5000, 0.5000, 0.5000, 0.5000, 0.5000, 0.5000, 0.5000, 0.5000, 0.5000,
    0.5000, 0.5000, 0.5000, 0.5000, 0.5000, 0.5000, 0.5000, 0.5000, 0.5000, 0.5000,
    0.5000, 0.5000, 0.5000, 0.5000, 0.5000, 0.5000, 0.5000, 0.5000, 0.5000, 0.5000,
    0.5000, 0.5000, 0.5000, 0.5000, 0.5000, 0.5000, 0.5000, 0.5000, 0.5000, 0.5000,
    0.5000, 0.5000, 0.5000, 0.5000, 0.5000, 0.5000, 0.5000, 0.5000, 0.5000, 0.5000,
    0.5000, 0.5000, 0.5000, 0.5000, 0.5000, 0.5000, 0.5000, 0.5000, 0.5000, 0.5000,
    0.5000, 0.5000, 0.5000, 0.5000, 0.5000, 0.5000, 0.5000, 0.5000, 0.5000, 0.5000,
  ]

### strategic/attack_diversity_bonus
  Total points: 100
  Min: 0.0000, Max: 0.0000, Mean: 0.0000
  Data: [
    0.0000, 0.0000, 0.0000, 0.0000, 0.0000, 0.0000, 0.0000, 0.0000, 0.0000, 0.0000,
    0.0000, 0.0000, 0.0000, 0.0000, 0.0000, 0.0000, 0.0000, 0.0000, 0.0000, 0.0000,
    0.0000, 0.0000, 0.0000, 0.0000, 0.0000, 0.0000, 0.0000, 0.0000, 0.0000, 0.0000,
    0.0000, 0.0000, 0.0000, 0.0000, 0.0000, 0.0000, 0.0000, 0.0000, 0.0000, 0.0000,
    0.0000, 0.0000, 0.0000, 0.0000, 0.0000, 0.0000, 0.0000, 0.0000, 0.0000, 0.0000,
    0.0000, 0.0000, 0.0000, 0.0000, 0.0000, 0.0000, 0.0000, 0.0000, 0.0000, 0.0000,
    0.0000, 0.0000, 0.0000, 0.0000, 0.0000, 0.0000, 0.0000, 0.0000, 0.0000, 0.0000,
    0.0000, 0.0000, 0.0000, 0.0000, 0.0000, 0.0000, 0.0000, 0.0000, 0.0000, 0.0000,
    0.0000, 0.0000, 0.0000, 0.0000, 0.0000, 0.0000, 0.0000, 0.0000, 0.0000, 0.0000,
    0.0000, 0.0000, 0.0000, 0.0000, 0.0000, 0.0000, 0.0000, 0.0000, 0.0000, 0.0000,
  ]

### strategic/attack_sides_unique
  Total points: 100
  Min: 0.0000, Max: 0.0000, Mean: 0.0000
  Data: [
    0.0000, 0.0000, 0.0000, 0.0000, 0.0000, 0.0000, 0.0000, 0.0000, 0.0000, 0.0000,
    0.0000, 0.0000, 0.0000, 0.0000, 0.0000, 0.0000, 0.0000, 0.0000, 0.0000, 0.0000,
    0.0000, 0.0000, 0.0000, 0.0000, 0.0000, 0.0000, 0.0000, 0.0000, 0.0000, 0.0000,
    0.0000, 0.0000, 0.0000, 0.0000, 0.0000, 0.0000, 0.0000, 0.0000, 0.0000, 0.0000,
    0.0000, 0.0000, 0.0000, 0.0000, 0.0000, 0.0000, 0.0000, 0.0000, 0.0000, 0.0000,
    0.0000, 0.0000, 0.0000, 0.0000, 0.0000, 0.0000, 0.0000, 0.0000, 0.0000, 0.0000,
    0.0000, 0.0000, 0.0000, 0.0000, 0.0000, 0.0000, 0.0000, 0.0000, 0.0000, 0.0000,
    0.0000, 0.0000, 0.0000, 0.0000, 0.0000, 0.0000, 0.0000, 0.0000, 0.0000, 0.0000,
    0.0000, 0.0000, 0.0000, 0.0000, 0.0000, 0.0000, 0.0000, 0.0000, 0.0000, 0.0000,
    0.0000, 0.0000, 0.0000, 0.0000, 0.0000, 0.0000, 0.0000, 0.0000, 0.0000, 0.0000,
  ]

### strategic/forcing_bonus
  Total points: 100
  Min: 0.0000, Max: 0.0000, Mean: 0.0000
  Data: [
    0.0000, 0.0000, 0.0000, 0.0000, 0.0000, 0.0000, 0.0000, 0.0000, 0.0000, 0.0000,
    0.0000, 0.0000, 0.0000, 0.0000, 0.0000, 0.0000, 0.0000, 0.0000, 0.0000, 0.0000,
    0.0000, 0.0000, 0.0000, 0.0000, 0.0000, 0.0000, 0.0000, 0.0000, 0.0000, 0.0000,
    0.0000, 0.0000, 0.0000, 0.0000, 0.0000, 0.0000, 0.0000, 0.0000, 0.0000, 0.0000,
    0.0000, 0.0000, 0.0000, 0.0000, 0.0000, 0.0000, 0.0000, 0.0000, 0.0000, 0.0000,
    0.0000, 0.0000, 0.0000, 0.0000, 0.0000, 0.0000, 0.0000, 0.0000, 0.0000, 0.0000,
    0.0000, 0.0000, 0.0000, 0.0000, 0.0000, 0.0000, 0.0000, 0.0000, 0.0000, 0.0000,
    0.0000, 0.0000, 0.0000, 0.0000, 0.0000, 0.0000, 0.0000, 0.0000, 0.0000, 0.0000,
    0.0000, 0.0000, 0.0000, 0.0000, 0.0000, 0.0000, 0.0000, 0.0000, 0.0000, 0.0000,
    0.0000, 0.0000, 0.0000, 0.0000, 0.0000, 0.0000, 0.0000, 0.0000, 0.0000, 0.0000,
  ]

### strategic/opponent_avg_movement
  Total points: 100
  Min: 0.0000, Max: 0.0000, Mean: 0.0000
  Data: [
    0.0000, 0.0000, 0.0000, 0.0000, 0.0000, 0.0000, 0.0000, 0.0000, 0.0000, 0.0000,
    0.0000, 0.0000, 0.0000, 0.0000, 0.0000, 0.0000, 0.0000, 0.0000, 0.0000, 0.0000,
    0.0000, 0.0000, 0.0000, 0.0000, 0.0000, 0.0000, 0.0000, 0.0000, 0.0000, 0.0000,
    0.0000, 0.0000, 0.0000, 0.0000, 0.0000, 0.0000, 0.0000, 0.0000, 0.0000, 0.0000,
    0.0000, 0.0000, 0.0000, 0.0000, 0.0000, 0.0000, 0.0000, 0.0000, 0.0000, 0.0000,
    0.0000, 0.0000, 0.0000, 0.0000, 0.0000, 0.0000, 0.0000, 0.0000, 0.0000, 0.0000,
    0.0000, 0.0000, 0.0000, 0.0000, 0.0000, 0.0000, 0.0000, 0.0000, 0.0000, 0.0000,
    0.0000, 0.0000, 0.0000, 0.0000, 0.0000, 0.0000, 0.0000, 0.0000, 0.0000, 0.0000,
    0.0000, 0.0000, 0.0000, 0.0000, 0.0000, 0.0000, 0.0000, 0.0000, 0.0000, 0.0000,
    0.0000, 0.0000, 0.0000, 0.0000, 0.0000, 0.0000, 0.0000, 0.0000, 0.0000, 0.0000,
  ]

### strategic/opponent_total_movement
  Total points: 100
  Min: 0.0000, Max: 0.0000, Mean: 0.0000
  Data: [
    0.0000, 0.0000, 0.0000, 0.0000, 0.0000, 0.0000, 0.0000, 0.0000, 0.0000, 0.0000,
    0.0000, 0.0000, 0.0000, 0.0000, 0.0000, 0.0000, 0.0000, 0.0000, 0.0000, 0.0000,
    0.0000, 0.0000, 0.0000, 0.0000, 0.0000, 0.0000, 0.0000, 0.0000, 0.0000, 0.0000,
    0.0000, 0.0000, 0.0000, 0.0000, 0.0000, 0.0000, 0.0000, 0.0000, 0.0000, 0.0000,
    0.0000, 0.0000, 0.0000, 0.0000, 0.0000, 0.0000, 0.0000, 0.0000, 0.0000, 0.0000,
    0.0000, 0.0000, 0.0000, 0.0000, 0.0000, 0.0000, 0.0000, 0.0000, 0.0000, 0.0000,
    0.0000, 0.0000, 0.0000, 0.0000, 0.0000, 0.0000, 0.0000, 0.0000, 0.0000, 0.0000,
    0.0000, 0.0000, 0.0000, 0.0000, 0.0000, 0.0000, 0.0000, 0.0000, 0.0000, 0.0000,
    0.0000, 0.0000, 0.0000, 0.0000, 0.0000, 0.0000, 0.0000, 0.0000, 0.0000, 0.0000,
    0.0000, 0.0000, 0.0000, 0.0000, 0.0000, 0.0000, 0.0000, 0.0000, 0.0000, 0.0000,
  ]

### strategic/shot_quality_ratio
  Total points: 100
  Min: 0.0000, Max: 0.0000, Mean: 0.0000
  Data: [
    0.0000, 0.0000, 0.0000, 0.0000, 0.0000, 0.0000, 0.0000, 0.0000, 0.0000, 0.0000,
    0.0000, 0.0000, 0.0000, 0.0000, 0.0000, 0.0000, 0.0000, 0.0000, 0.0000, 0.0000,
    0.0000, 0.0000, 0.0000, 0.0000, 0.0000, 0.0000, 0.0000, 0.0000, 0.0000, 0.0000,
    0.0000, 0.0000, 0.0000, 0.0000, 0.0000, 0.0000, 0.0000, 0.0000, 0.0000, 0.0000,
    0.0000, 0.0000, 0.0000, 0.0000, 0.0000, 0.0000, 0.0000, 0.0000, 0.0000, 0.0000,
    0.0000, 0.0000, 0.0000, 0.0000, 0.0000, 0.0000, 0.0000, 0.0000, 0.0000, 0.0000,
    0.0000, 0.0000, 0.0000, 0.0000, 0.0000, 0.0000, 0.0000, 0.0000, 0.0000, 0.0000,
    0.0000, 0.0000, 0.0000, 0.0000, 0.0000, 0.0000, 0.0000, 0.0000, 0.0000, 0.0000,
    0.0000, 0.0000, 0.0000, 0.0000, 0.0000, 0.0000, 0.0000, 0.0000, 0.0000, 0.0000,
    0.0000, 0.0000, 0.0000, 0.0000, 0.0000, 0.0000, 0.0000, 0.0000, 0.0000, 0.0000,
  ]

### strategic/shots_blocked
  Total points: 100
  Min: 0.0000, Max: 0.0000, Mean: 0.0000
  Data: [
    0.0000, 0.0000, 0.0000, 0.0000, 0.0000, 0.0000, 0.0000, 0.0000, 0.0000, 0.0000,
    0.0000, 0.0000, 0.0000, 0.0000, 0.0000, 0.0000, 0.0000, 0.0000, 0.0000, 0.0000,
    0.0000, 0.0000, 0.0000, 0.0000, 0.0000, 0.0000, 0.0000, 0.0000, 0.0000, 0.0000,
    0.0000, 0.0000, 0.0000, 0.0000, 0.0000, 0.0000, 0.0000, 0.0000, 0.0000, 0.0000,
    0.0000, 0.0000, 0.0000, 0.0000, 0.0000, 0.0000, 0.0000, 0.0000, 0.0000, 0.0000,
    0.0000, 0.0000, 0.0000, 0.0000, 0.0000, 0.0000, 0.0000, 0.0000, 0.0000, 0.0000,
    0.0000, 0.0000, 0.0000, 0.0000, 0.0000, 0.0000, 0.0000, 0.0000, 0.0000, 0.0000,
    0.0000, 0.0000, 0.0000, 0.0000, 0.0000, 0.0000, 0.0000, 0.0000, 0.0000, 0.0000,
    0.0000, 0.0000, 0.0000, 0.0000, 0.0000, 0.0000, 0.0000, 0.0000, 0.0000, 0.0000,
    0.0000, 0.0000, 0.0000, 0.0000, 0.0000, 0.0000, 0.0000, 0.0000, 0.0000, 0.0000,
  ]

### strategic/shots_clear
  Total points: 100
  Min: 0.0000, Max: 0.0000, Mean: 0.0000
  Data: [
    0.0000, 0.0000, 0.0000, 0.0000, 0.0000, 0.0000, 0.0000, 0.0000, 0.0000, 0.0000,
    0.0000, 0.0000, 0.0000, 0.0000, 0.0000, 0.0000, 0.0000, 0.0000, 0.0000, 0.0000,
    0.0000, 0.0000, 0.0000, 0.0000, 0.0000, 0.0000, 0.0000, 0.0000, 0.0000, 0.0000,
    0.0000, 0.0000, 0.0000, 0.0000, 0.0000, 0.0000, 0.0000, 0.0000, 0.0000, 0.0000,
    0.0000, 0.0000, 0.0000, 0.0000, 0.0000, 0.0000, 0.0000, 0.0000, 0.0000, 0.0000,
    0.0000, 0.0000, 0.0000, 0.0000, 0.0000, 0.0000, 0.0000, 0.0000, 0.0000, 0.0000,
    0.0000, 0.0000, 0.0000, 0.0000, 0.0000, 0.0000, 0.0000, 0.0000, 0.0000, 0.0000,
    0.0000, 0.0000, 0.0000, 0.0000, 0.0000, 0.0000, 0.0000, 0.0000, 0.0000, 0.0000,
    0.0000, 0.0000, 0.0000, 0.0000, 0.0000, 0.0000, 0.0000, 0.0000, 0.0000, 0.0000,
    0.0000, 0.0000, 0.0000, 0.0000, 0.0000, 0.0000, 0.0000, 0.0000, 0.0000, 0.0000,
  ]

### training/avg_episode_length
  Total points: 100
  Min: 104.6000, Max: 213.4000, Mean: 165.7620
  Data: [
    169.8000, 173.9000, 211.5000, 171.7000, 169.0000, 149.3000, 144.6000, 135.4000, 179.0000, 142.6000,
    201.0000, 128.1000, 161.6000, 186.4000, 208.0000, 136.5000, 168.7000, 172.1000, 185.9000, 163.0000,
    164.0000, 169.9000, 143.3000, 178.0000, 142.9000, 172.2000, 156.1000, 167.3000, 167.3000, 169.9000,
    169.1000, 175.0000, 175.2000, 129.0000, 185.4000, 177.3000, 162.3000, 201.1000, 185.5000, 138.9000,
    119.5000, 134.5000, 196.8000, 104.6000, 153.4000, 116.3000, 105.9000, 128.5000, 169.7000, 141.8000,
    176.5000, 153.6000, 185.9000, 198.0000, 157.5000, 167.0000, 139.5000, 161.9000, 180.7000, 213.1000,
    148.6000, 138.5000, 138.9000, 166.5000, 115.3000, 205.5000, 156.0000, 161.1000, 158.7000, 139.1000,
    121.3000, 160.0000, 213.4000, 168.3000, 181.7000, 206.1000, 175.1000, 180.4000, 176.3000, 180.3000,
    204.4000, 203.2000, 125.2000, 167.6000, 180.3000, 189.6000, 172.0000, 175.0000, 174.0000, 132.9000,
    160.1000, 191.4000, 151.4000, 179.0000, 174.5000, 187.4000, 200.7000, 204.1000, 164.0000, 155.8000,
  ]

### training/calls_per_episode
  Total points: 100
  Min: 0.0000, Max: 0.0000, Mean: 0.0000
  Data: [
    0.0000, 0.0000, 0.0000, 0.0000, 0.0000, 0.0000, 0.0000, 0.0000, 0.0000, 0.0000,
    0.0000, 0.0000, 0.0000, 0.0000, 0.0000, 0.0000, 0.0000, 0.0000, 0.0000, 0.0000,
    0.0000, 0.0000, 0.0000, 0.0000, 0.0000, 0.0000, 0.0000, 0.0000, 0.0000, 0.0000,
    0.0000, 0.0000, 0.0000, 0.0000, 0.0000, 0.0000, 0.0000, 0.0000, 0.0000, 0.0000,
    0.0000, 0.0000, 0.0000, 0.0000, 0.0000, 0.0000, 0.0000, 0.0000, 0.0000, 0.0000,
    0.0000, 0.0000, 0.0000, 0.0000, 0.0000, 0.0000, 0.0000, 0.0000, 0.0000, 0.0000,
    0.0000, 0.0000, 0.0000, 0.0000, 0.0000, 0.0000, 0.0000, 0.0000, 0.0000, 0.0000,
    0.0000, 0.0000, 0.0000, 0.0000, 0.0000, 0.0000, 0.0000, 0.0000, 0.0000, 0.0000,
    0.0000, 0.0000, 0.0000, 0.0000, 0.0000, 0.0000, 0.0000, 0.0000, 0.0000, 0.0000,
    0.0000, 0.0000, 0.0000, 0.0000, 0.0000, 0.0000, 0.0000, 0.0000, 0.0000, 0.0000,
  ]

### training/episode
  Total points: 100
  Min: 50.0000, Max: 13150.0000, Mean: 6600.0000
  Data: [
    50.0000, 100.0000, 150.0000, 200.0000, 250.0000, 300.0000, 350.0000, 400.0000, 450.0000, 500.0000,
    550.0000, 600.0000, 650.0000, 700.0000, 750.0000, 800.0000, 850.0000, 900.0000, 950.0000, 1000.0000,
    1050.0000, 1100.0000, 1150.0000, 1200.0000, 1250.0000, 1300.0000, 1350.0000, 1400.0000, 1450.0000, 1500.0000,
    1550.0000, 1600.0000, 1650.0000, 1700.0000, 1750.0000, 1800.0000, 1850.0000, 1900.0000, 1950.0000, 2000.0000,
    2050.0000, 2100.0000, 2150.0000, 2200.0000, 2250.0000, 2300.0000, 2350.0000, 2400.0000, 2450.0000, 2500.0000,
    10700.0000, 10750.0000, 10800.0000, 10850.0000, 10900.0000, 10950.0000, 11000.0000, 11050.0000, 11100.0000, 11150.0000,
    11200.0000, 11250.0000, 11300.0000, 11350.0000, 11400.0000, 11450.0000, 11500.0000, 11550.0000, 11600.0000, 11650.0000,
    11700.0000, 11750.0000, 11800.0000, 11850.0000, 11900.0000, 11950.0000, 12000.0000, 12050.0000, 12100.0000, 12150.0000,
    12200.0000, 12250.0000, 12300.0000, 12350.0000, 12400.0000, 12450.0000, 12500.0000, 12550.0000, 12600.0000, 12650.0000,
    12700.0000, 12750.0000, 12800.0000, 12850.0000, 12900.0000, 12950.0000, 13000.0000, 13050.0000, 13100.0000, 13150.0000,
  ]

### training/eps_per_sec
  Total points: 100
  Min: 0.2251, Max: 8.6931, Mean: 3.1331
  Data: [
    7.1491, 6.8172, 6.9256, 8.3633, 7.3289, 7.2837, 8.5754, 7.5587, 6.1869, 6.6161,
    7.6095, 8.6510, 7.7063, 7.4365, 7.3999, 8.6931, 7.7892, 7.8426, 6.5359, 7.6105,
    0.7046, 7.0243, 7.6650, 7.5128, 8.0756, 7.9374, 7.2897, 7.5469, 7.7686, 7.3445,
    7.8369, 7.8907, 7.3952, 8.0783, 7.5100, 7.2994, 7.2231, 7.4387, 7.2278, 4.3894,
    0.2615, 0.4412, 0.3713, 0.4053, 0.4083, 0.4419, 0.5521, 0.4620, 0.4231, 0.4330,
    0.3603, 0.3470, 0.3489, 0.3793, 0.3771, 0.3872, 0.3834, 0.2251, 0.3400, 0.3347,
    0.3908, 0.3576, 0.4030, 0.3880, 0.4106, 0.3989, 0.3871, 0.3639, 0.3626, 0.4184,
    0.4215, 0.3298, 0.3425, 0.3557, 0.3512, 0.3344, 0.3574, 0.2524, 0.3323, 0.3642,
    0.3420, 0.3645, 0.3854, 0.3421, 0.3627, 0.3688, 0.3570, 0.4032, 0.3332, 0.3579,
    0.3709, 0.3631, 0.4028, 0.3350, 0.3182, 0.4125, 0.3572, 0.2303, 0.3305, 0.3321,
  ]

### training/epsilon
  Total points: 100
  Min: 0.5181, Max: 0.9975, Mean: 0.7450
  Data: [
    0.9975, 0.9950, 0.9925, 0.9900, 0.9876, 0.9851, 0.9827, 0.9802, 0.9778, 0.9753,
    0.9729, 0.9704, 0.9680, 0.9656, 0.9632, 0.9608, 0.9584, 0.9560, 0.9536, 0.9512,
    0.9489, 0.9465, 0.9441, 0.9418, 0.9394, 0.9371, 0.9347, 0.9324, 0.9301, 0.9277,
    0.9254, 0.9231, 0.9208, 0.9185, 0.9162, 0.9139, 0.9116, 0.9094, 0.9071, 0.9048,
    0.9026, 0.9003, 0.8981, 0.8958, 0.8936, 0.8914, 0.8891, 0.8869, 0.8847, 0.8825,
    0.5857, 0.5842, 0.5827, 0.5813, 0.5798, 0.5784, 0.5769, 0.5755, 0.5741, 0.5726,
    0.5712, 0.5698, 0.5684, 0.5669, 0.5655, 0.5641, 0.5627, 0.5613, 0.5599, 0.5585,
    0.5571, 0.5557, 0.5543, 0.5529, 0.5516, 0.5502, 0.5488, 0.5474, 0.5461, 0.5447,
    0.5433, 0.5420, 0.5406, 0.5393, 0.5379, 0.5366, 0.5353, 0.5339, 0.5326, 0.5313,
    0.5299, 0.5286, 0.5273, 0.5260, 0.5247, 0.5233, 0.5220, 0.5207, 0.5194, 0.5181,
  ]

### training/pbrs_enabled
  Total points: 100
  Min: 1.0000, Max: 1.0000, Mean: 1.0000
  Data: [
    1.0000, 1.0000, 1.0000, 1.0000, 1.0000, 1.0000, 1.0000, 1.0000, 1.0000, 1.0000,
    1.0000, 1.0000, 1.0000, 1.0000, 1.0000, 1.0000, 1.0000, 1.0000, 1.0000, 1.0000,
    1.0000, 1.0000, 1.0000, 1.0000, 1.0000, 1.0000, 1.0000, 1.0000, 1.0000, 1.0000,
    1.0000, 1.0000, 1.0000, 1.0000, 1.0000, 1.0000, 1.0000, 1.0000, 1.0000, 1.0000,
    1.0000, 1.0000, 1.0000, 1.0000, 1.0000, 1.0000, 1.0000, 1.0000, 1.0000, 1.0000,
    1.0000, 1.0000, 1.0000, 1.0000, 1.0000, 1.0000, 1.0000, 1.0000, 1.0000, 1.0000,
    1.0000, 1.0000, 1.0000, 1.0000, 1.0000, 1.0000, 1.0000, 1.0000, 1.0000, 1.0000,
    1.0000, 1.0000, 1.0000, 1.0000, 1.0000, 1.0000, 1.0000, 1.0000, 1.0000, 1.0000,
    1.0000, 1.0000, 1.0000, 1.0000, 1.0000, 1.0000, 1.0000, 1.0000, 1.0000, 1.0000,
    1.0000, 1.0000, 1.0000, 1.0000, 1.0000, 1.0000, 1.0000, 1.0000, 1.0000, 1.0000,
  ]

### training/tie_penalty
  Total points: 100
  Min: -4.0000, Max: 0.0000, Mean: -1.4400
  Data: [
    -4.0000, 0.0000, -4.0000, 0.0000, 0.0000, 0.0000, 0.0000, 0.0000, 0.0000, 0.0000,
    -4.0000, 0.0000, 0.0000, -4.0000, 0.0000, 0.0000, 0.0000, 0.0000, 0.0000, -4.0000,
    0.0000, 0.0000, 0.0000, -4.0000, 0.0000, 0.0000, 0.0000, 0.0000, 0.0000, 0.0000,
    0.0000, 0.0000, -4.0000, 0.0000, -4.0000, 0.0000, 0.0000, -4.0000, 0.0000, 0.0000,
    0.0000, 0.0000, 0.0000, 0.0000, -4.0000, 0.0000, -4.0000, 0.0000, 0.0000, -4.0000,
    -4.0000, 0.0000, 0.0000, 0.0000, 0.0000, -4.0000, -4.0000, -4.0000, -4.0000, -4.0000,
    0.0000, 0.0000, -4.0000, -4.0000, 0.0000, 0.0000, 0.0000, -4.0000, -4.0000, -4.0000,
    -4.0000, -4.0000, 0.0000, 0.0000, 0.0000, 0.0000, 0.0000, 0.0000, 0.0000, 0.0000,
    -4.0000, -4.0000, -4.0000, 0.0000, -4.0000, 0.0000, -4.0000, -4.0000, 0.0000, 0.0000,
    -4.0000, -4.0000, 0.0000, 0.0000, 0.0000, -4.0000, -4.0000, -4.0000, 0.0000, 0.0000,
  ]

### values/Q_avg
  Total points: 66
  Min: -1.5960, Max: 1.5175, Mean: 0.2166
  Data: [
    -0.0183, -0.0199, -0.0096, -0.0373, -0.0208, -0.0318, -0.0211, -0.0251, -0.0211, -0.0329,
    -0.0323, -0.0127, -0.0268, -0.0332, -0.0190, -0.0240, -0.0276, -0.0280, -0.0243, -0.0499,
    -0.7514, -0.6294, -1.2936, -1.5960, -1.0000, -1.2885, -0.8134, -0.4492, -0.9426, -0.7230,
    -1.1122, -0.6166, -1.2881, 1.0338, 0.9580, 0.9154, 0.5478, 0.3684, 0.9326, 0.7415,
    0.8418, 0.5300, 0.9691, 1.4564, 1.0587, 1.2005, 1.0795, 1.2749, 1.1614, 0.5907,
    1.5175, 0.4391, 1.1626, 0.8321, 0.5300, 0.9401, 0.6924, 0.4990, 0.2719, 0.6578,
    0.6640, 0.0776, 0.8517, 1.0492, 0.8361, 0.6322,
  ]

### values/Q_max
  Total points: 66
  Min: 0.0970, Max: 8.4917, Mean: 5.2038
  Data: [
    0.1147, 0.1491, 0.1686, 0.1091, 0.0970, 0.1370, 0.1236, 0.1335, 0.1027, 0.1190,
    0.1148, 0.1240, 0.1053, 0.0982, 0.1255, 0.1782, 0.1599, 0.1059, 0.1446, 0.1612,
    5.5391, 7.7567, 4.7875, 8.0524, 7.8737, 5.7868, 7.8620, 6.8493, 8.4917, 8.3343,
    8.3225, 8.4497, 8.4241, 7.9085, 7.3658, 7.7829, 8.0953, 8.2179, 7.9498, 8.2007,
    8.1865, 7.7229, 7.2379, 7.7136, 7.6031, 7.2096, 7.9032, 7.4888, 7.7670, 6.4553,
    7.4458, 7.3382, 6.7994, 6.6814, 7.4678, 7.1180, 6.4438, 6.7593, 7.3698, 7.8382,
    6.8175, 6.6668, 7.7015, 7.3537, 7.1118, 6.6279,
  ]

### values/Q_min
  Total points: 66
  Min: -7.8838, Max: -0.1274, Mean: -4.7298
  Data: [
    -0.1740, -0.1374, -0.1734, -0.1844, -0.1517, -0.1516, -0.1274, -0.1974, -0.1547, -0.1318,
    -0.1703, -0.1451, -0.1653, -0.2070, -0.1435, -0.1668, -0.1501, -0.1451, -0.1439, -0.1716,
    -4.1300, -4.3017, -6.1065, -5.1207, -5.4580, -6.1985, -5.9238, -5.5423, -5.4394, -5.6651,
    -6.8784, -6.8113, -7.3596, -7.5830, -7.1884, -7.3382, -7.7907, -7.2190, -7.4281, -6.2076,
    -7.4174, -7.8597, -6.2394, -7.5223, -7.6899, -7.4321, -7.8838, -6.0013, -6.5569, -6.9099,
    -7.1000, -6.7430, -7.3137, -7.0095, -6.7833, -6.9732, -6.2274, -7.0701, -7.4241, -7.2779,
    -7.4876, -6.5810, -6.7110, -6.5385, -6.9495, -7.5830,
  ]

### values/Q_std
  Total points: 66
  Min: 0.0522, Max: 3.7064, Mean: 2.2617
  Data: [
    0.0606, 0.0537, 0.0676, 0.0615, 0.0522, 0.0607, 0.0539, 0.0604, 0.0561, 0.0542,
    0.0601, 0.0585, 0.0610, 0.0567, 0.0544, 0.0613, 0.0629, 0.0574, 0.0560, 0.0751,
    1.8129, 2.5444, 2.4278, 2.5548, 3.0784, 2.9933, 3.1887, 3.2065, 3.1018, 3.2596,
    3.5880, 3.3935, 3.1375, 3.7064, 3.2519, 3.0952, 3.4687, 3.6658, 3.5399, 3.3503,
    3.3353, 3.6843, 3.2583, 3.3910, 3.6685, 3.3728, 3.0019, 3.3286, 3.2268, 3.2591,
    3.5065, 3.0721, 3.1163, 3.1518, 3.3379, 3.3566, 3.2370, 3.3656, 3.6518, 3.3530,
    3.3089, 3.1630, 3.1751, 2.9973, 3.1924, 3.2116,
  ]
