================================================================================
W&B RUN DATA: aggressive-TD3-Hockey-NORMAL-weak-lr0.0005-seed55
================================================================================

## RUN METADATA
Run ID: 403xdod8
Created: 2026-01-15T00:40:04Z
State: running
Duration: 30447.408471055 seconds

## CONFIGURATION
  algorithm: TD3
  mode: NORMAL
  opponent: weak
  learning_rate_actor: 0.0005
  learning_rate_critic: 0.0005
  batch_size: 1024
  buffer_size: 1000000
  max_episodes: 100000
  random_seed: 55
  self_play_start: 0
  self_play_pool_size: 25
  gamma: 0.99
  tau: 0.005

## FINAL SUMMARY

## NOTE: Data discretized to fit 100000 char limit
  Showing ~50 points per metric (of 280 total)

## METRICS DATA

### behavior/action_magnitude_avg
  Total points: 100
  Min: 0.7198, Max: 1.1997, Mean: 0.9823
  Data: [
    0.8391, 0.9417, 0.9200, 0.7966, 0.8032, 0.8400, 0.8179, 0.7720, 0.9275, 0.7398,
    0.8153, 0.7313, 0.8149, 0.8949, 0.8958, 0.8569, 0.7852, 0.8129, 0.8272, 0.7338,
    0.8954, 0.8201, 0.8841, 0.8456, 0.7436, 0.8278, 0.8154, 0.8608, 0.7953, 0.7747,
    0.8427, 0.8486, 0.8020, 0.7663, 0.7228, 0.7198, 0.7375, 0.7812, 0.7585, 0.7860,
    0.9139, 0.9675, 0.9975, 1.0747, 0.9752, 1.0376, 0.9554, 1.0215, 0.9921, 1.0207,
    1.1453, 1.1142, 1.1594, 1.1458, 1.1545, 1.1417, 1.1565, 1.1089, 1.1197, 1.1222,
    1.1518, 1.0689, 1.1423, 1.1269, 1.1451, 1.0759, 1.0678, 1.1009, 1.0474, 1.1203,
    1.0716, 1.0892, 1.1515, 1.0906, 1.0632, 1.1438, 1.1214, 1.1203, 1.1487, 1.1136,
    1.0543, 1.1532, 1.1163, 1.1403, 1.0832, 1.0848, 0.9881, 1.1444, 1.1263, 1.0811,
    1.0417, 1.1106, 1.1997, 1.1515, 1.1378, 1.1220, 1.0854, 1.0986, 1.0882, 1.1408,
  ]

### behavior/action_magnitude_max
  Total points: 100
  Min: 1.2075, Max: 1.4142, Mean: 1.3602
  Data: [
    1.2512, 1.3853, 1.3371, 1.2477, 1.2345, 1.2896, 1.2075, 1.2552, 1.3945, 1.2327,
    1.3395, 1.2352, 1.2724, 1.3218, 1.3509, 1.2820, 1.2226, 1.2400, 1.2865, 1.2594,
    1.2761, 1.3359, 1.2828, 1.2980, 1.2560, 1.2635, 1.3207, 1.2774, 1.3144, 1.2982,
    1.2732, 1.3044, 1.2579, 1.2622, 1.2362, 1.2975, 1.2092, 1.3052, 1.2665, 1.2809,
    1.4131, 1.4142, 1.3943, 1.4142, 1.4079, 1.4053, 1.4086, 1.4142, 1.3726, 1.4141,
    1.4142, 1.4142, 1.4142, 1.4132, 1.4142, 1.4142, 1.4142, 1.4142, 1.4142, 1.4142,
    1.4142, 1.4142, 1.4142, 1.4033, 1.4142, 1.4142, 1.4142, 1.4142, 1.4142, 1.4142,
    1.4142, 1.4117, 1.4142, 1.4142, 1.4130, 1.4142, 1.4142, 1.4142, 1.4142, 1.4142,
    1.4142, 1.4142, 1.4142, 1.4142, 1.4142, 1.4142, 1.4142, 1.4142, 1.4142, 1.4142,
    1.4142, 1.4142, 1.4142, 1.4142, 1.4142, 1.4142, 1.4142, 1.4142, 1.4142, 1.4142,
  ]

### behavior/dist_to_puck_avg
  Total points: 100
  Min: 2.2905, Max: 4.1860, Mean: 3.1217
  Data: [
    3.6630, 3.2353, 3.7843, 3.9841, 3.8437, 3.4754, 3.5673, 3.7451, 4.1860, 3.4766,
    3.6641, 3.4758, 3.7301, 4.1106, 3.8146, 3.9773, 3.7570, 3.5056, 3.7485, 3.7175,
    3.7308, 4.1082, 3.5751, 3.5413, 3.5691, 3.6549, 3.5985, 3.6522, 3.3662, 3.6806,
    3.7635, 3.7228, 3.4965, 3.4763, 3.4178, 3.7779, 3.4478, 3.3531, 3.6322, 3.1462,
    2.3952, 2.7003, 2.6551, 2.9589, 2.8849, 2.5186, 2.7635, 2.6464, 2.9845, 2.6382,
    2.6372, 2.7559, 2.6556, 2.7485, 2.5982, 2.4825, 3.0218, 2.7313, 2.6002, 2.8394,
    2.8353, 2.7491, 2.8153, 2.7747, 2.7006, 2.9764, 2.8754, 2.9913, 2.4996, 2.6558,
    2.9218, 2.5746, 2.8073, 2.8982, 2.4305, 2.9812, 2.2905, 2.9604, 3.0105, 2.7940,
    2.3735, 2.7985, 2.4057, 2.6820, 2.4814, 2.8440, 2.5280, 2.6661, 3.2243, 3.1569,
    2.7697, 2.9228, 2.8193, 2.7271, 2.9961, 3.2041, 3.1161, 2.7033, 2.7999, 3.0206,
  ]

### behavior/dist_to_puck_min
  Total points: 100
  Min: 0.1967, Max: 1.9375, Mean: 0.7890
  Data: [
    1.4056, 1.1744, 1.5836, 1.8228, 1.4867, 1.1526, 1.6080, 1.2895, 1.1079, 1.3635,
    1.2484, 1.6806, 1.7464, 1.5798, 1.2978, 1.6405, 1.4884, 1.4253, 1.4514, 1.4509,
    1.2260, 1.7907, 1.4732, 1.5186, 1.6248, 1.5606, 1.0472, 1.9375, 1.3340, 1.6996,
    1.7211, 1.6465, 1.5451, 1.2115, 1.4598, 1.5911, 1.7126, 1.3256, 1.3312, 1.2245,
    0.6556, 0.4125, 0.4187, 0.4745, 0.5264, 0.5038, 0.6266, 0.4724, 0.6992, 0.4166,
    0.3220, 0.2668, 0.6484, 0.4073, 0.2745, 0.3358, 0.3801, 0.2546, 0.3981, 0.2696,
    0.2553, 0.2974, 0.2635, 0.2786, 0.2433, 0.2819, 0.2443, 0.2444, 0.2929, 0.2405,
    0.2853, 0.1967, 0.3186, 0.3074, 0.2785, 0.3101, 0.2176, 0.2323, 0.2513, 0.3262,
    0.3217, 0.2870, 0.2571, 0.3118, 0.4189, 0.2658, 0.3886, 0.2934, 0.2755, 0.2444,
    0.3348, 0.2871, 0.2708, 0.2065, 0.2207, 0.2423, 0.3661, 0.2782, 0.2286, 0.2872,
  ]

### behavior/distance_traveled
  Total points: 100
  Min: 4.0738, Max: 28.6535, Mean: 13.5994
  Data: [
    7.5608, 7.2114, 8.9632, 6.6248, 7.0719, 7.1943, 7.0527, 6.2925, 6.8723, 7.0666,
    9.8810, 6.5992, 7.4268, 7.1519, 8.6492, 4.0738, 6.5438, 6.2805, 7.8419, 5.7732,
    4.3870, 8.7471, 10.1333, 8.0260, 8.8456, 7.7580, 8.1220, 6.9761, 7.7791, 7.1179,
    6.3835, 6.3643, 7.7812, 5.9695, 8.5534, 8.1412, 6.3097, 7.3382, 8.0181, 7.5426,
    12.5565, 16.0295, 15.8690, 15.0444, 10.5569, 9.6354, 12.5307, 14.8743, 8.9965, 16.4192,
    13.1002, 15.4378, 13.0420, 15.8218, 20.0686, 19.6208, 18.1772, 20.6791, 13.4630, 24.7224,
    14.9688, 14.8990, 16.9984, 21.2228, 21.6657, 21.8758, 20.0700, 19.1553, 14.5999, 14.7102,
    21.6566, 19.5329, 21.6065, 20.4078, 14.5387, 25.2809, 12.9566, 19.5930, 23.7472, 17.0933,
    21.5286, 19.9331, 14.6993, 18.2910, 12.7558, 15.7458, 13.2542, 18.7305, 27.2655, 28.6535,
    18.3765, 20.9107, 18.4849, 19.5294, 16.7891, 21.8484, 18.6638, 18.5871, 19.5378, 20.7049,
  ]

### behavior/lazy_action_ratio
  Total points: 100
  Min: 0.0000, Max: 0.0325, Mean: 0.0075
  Data: [
    0.0172, 0.0068, 0.0113, 0.0221, 0.0282, 0.0124, 0.0088, 0.0185, 0.0095, 0.0187,
    0.0120, 0.0133, 0.0100, 0.0110, 0.0032, 0.0114, 0.0143, 0.0044, 0.0259, 0.0325,
    0.0031, 0.0108, 0.0012, 0.0111, 0.0226, 0.0101, 0.0128, 0.0198, 0.0258, 0.0175,
    0.0060, 0.0105, 0.0071, 0.0244, 0.0318, 0.0078, 0.0205, 0.0152, 0.0186, 0.0171,
    0.0108, 0.0040, 0.0014, 0.0024, 0.0063, 0.0049, 0.0012, 0.0122, 0.0036, 0.0062,
    0.0018, 0.0016, 0.0000, 0.0024, 0.0004, 0.0010, 0.0000, 0.0013, 0.0012, 0.0016,
    0.0000, 0.0027, 0.0017, 0.0020, 0.0000, 0.0019, 0.0020, 0.0008, 0.0072, 0.0000,
    0.0004, 0.0018, 0.0012, 0.0065, 0.0016, 0.0004, 0.0010, 0.0092, 0.0010, 0.0030,
    0.0012, 0.0020, 0.0004, 0.0000, 0.0032, 0.0015, 0.0240, 0.0000, 0.0012, 0.0050,
    0.0012, 0.0056, 0.0004, 0.0014, 0.0004, 0.0010, 0.0033, 0.0024, 0.0029, 0.0004,
  ]

### behavior/possession_ratio
  Total points: 100
  Min: 0.0000, Max: 0.1883, Mean: 0.0810
  Data: [
    0.0020, 0.0276, 0.0112, 0.0056, 0.0056, 0.0359, 0.0000, 0.0321, 0.0224, 0.0135,
    0.0067, 0.0126, 0.0191, 0.0098, 0.0040, 0.0139, 0.0118, 0.0064, 0.0048, 0.0168,
    0.0376, 0.0192, 0.0144, 0.0239, 0.0023, 0.0056, 0.0133, 0.0248, 0.0196, 0.0000,
    0.0011, 0.0184, 0.0092, 0.0324, 0.0060, 0.0077, 0.0104, 0.0034, 0.0077, 0.0180,
    0.0335, 0.0710, 0.1339, 0.0705, 0.0521, 0.0424, 0.0328, 0.0503, 0.0154, 0.0210,
    0.1821, 0.1704, 0.0995, 0.1408, 0.1883, 0.1727, 0.1502, 0.1650, 0.1026, 0.1567,
    0.1130, 0.1258, 0.1299, 0.1141, 0.1543, 0.1256, 0.1598, 0.1441, 0.1363, 0.1451,
    0.1150, 0.1476, 0.1023, 0.1357, 0.1248, 0.1294, 0.1716, 0.1693, 0.1444, 0.1132,
    0.1413, 0.1439, 0.1791, 0.1587, 0.1112, 0.1113, 0.0891, 0.1498, 0.1142, 0.1345,
    0.1464, 0.1561, 0.1457, 0.1670, 0.1643, 0.1373, 0.1253, 0.1509, 0.1738, 0.1148,
  ]

### behavior/puck_touches
  Total points: 100
  Min: 0.0000, Max: 6.3000, Mean: 1.6380
  Data: [
    0.2000, 0.4000, 0.3000, 0.1000, 0.2000, 0.3000, 0.0000, 0.3000, 0.4000, 0.2000,
    0.1000, 0.5000, 0.2000, 1.7000, 0.5000, 0.2000, 0.3000, 0.5000, 0.1000, 0.3000,
    0.2000, 1.0000, 0.5000, 0.4000, 0.1000, 0.8000, 0.4000, 0.4000, 0.2000, 0.0000,
    0.2000, 0.2000, 0.1000, 0.4000, 0.3000, 0.2000, 0.1000, 0.1000, 0.2000, 0.5000,
    0.6000, 1.3000, 3.3000, 1.2000, 2.6000, 1.1000, 2.3000, 2.1000, 0.7000, 1.2000,
    1.6000, 6.3000, 1.7000, 2.3000, 2.7000, 5.4000, 1.6000, 4.7000, 1.6000, 5.1000,
    1.9000, 2.1000, 1.9000, 2.6000, 2.9000, 2.9000, 2.7000, 3.1000, 1.7000, 2.1000,
    2.0000, 3.2000, 2.1000, 2.0000, 1.4000, 3.3000, 2.4000, 2.8000, 2.5000, 1.5000,
    3.6000, 4.5000, 3.2000, 3.6000, 1.3000, 2.1000, 1.6000, 2.8000, 2.3000, 3.6000,
    2.7000, 2.4000, 2.2000, 2.6000, 2.8000, 2.8000, 2.2000, 3.2000, 2.9000, 1.8000,
  ]

### behavior/shoot_action_avg
  Total points: 100
  Min: -0.4461, Max: 0.2162, Mean: -0.1189
  Data: [
    -0.0276, -0.3518, -0.0650, -0.1803, -0.3032, -0.2443, 0.0021, -0.2708, -0.3333, -0.1750,
    0.0774, -0.1248, -0.2475, 0.2162, -0.1949, -0.2255, -0.2126, 0.0648, -0.1248, -0.4461,
    -0.1405, 0.0726, -0.1449, 0.1508, 0.0491, -0.1083, 0.1643, -0.2572, 0.0555, 0.0670,
    -0.0212, 0.0477, -0.4254, -0.0576, 0.1061, 0.0969, -0.0611, -0.2152, -0.3025, -0.1716,
    -0.1031, -0.0074, -0.2798, -0.0125, -0.0143, -0.0664, 0.0393, -0.2603, 0.1178, 0.1062,
    -0.1167, -0.2884, -0.1538, -0.2213, -0.2596, -0.1687, -0.1810, -0.0611, -0.2828, -0.0391,
    -0.1293, -0.1243, -0.1125, -0.1460, -0.2484, -0.0091, -0.1723, -0.1091, -0.1974, -0.2776,
    -0.2081, -0.3727, -0.2172, -0.1208, -0.2849, -0.1355, -0.3367, 0.0191, -0.0670, -0.2476,
    -0.3689, 0.0282, -0.3032, -0.2341, -0.1471, -0.0187, -0.1423, -0.1295, -0.0179, -0.0139,
    -0.1209, -0.0814, 0.0593, -0.1432, -0.1049, 0.1611, -0.0301, -0.1825, -0.0120, -0.0758,
  ]

### behavior/shoot_action_when_possess
  Total points: 100
  Min: -0.8796, Max: 0.2370, Mean: -0.3849
  Data: [
    0.0391, 0.0018, -0.0197, -0.0601, -0.1000, -0.0440, 0.0000, -0.2141, -0.1318, -0.0134,
    -0.0974, 0.0849, -0.0039, 0.0531, 0.1419, -0.1000, -0.0021, 0.0070, 0.0069, -0.1998,
    -0.1874, 0.0338, -0.0652, -0.0031, 0.0453, -0.0683, 0.1034, -0.0243, -0.0477, 0.0000,
    0.1449, -0.1372, -0.0252, -0.1216, 0.0658, 0.0395, -0.0196, 0.0278, -0.1000, -0.0369,
    -0.3236, -0.5267, -0.4916, -0.2270, -0.1147, 0.0795, 0.2370, -0.2657, 0.1225, 0.0347,
    -0.5826, -0.7840, -0.5419, -0.6347, -0.7773, -0.6700, -0.6539, -0.7344, -0.5770, -0.7257,
    -0.5718, -0.6152, -0.7079, -0.5120, -0.8751, -0.7581, -0.7656, -0.7292, -0.7298, -0.8145,
    -0.8009, -0.8581, -0.7445, -0.6231, -0.7911, -0.7404, -0.8776, -0.7362, -0.7210, -0.7164,
    -0.6413, -0.7147, -0.7967, -0.7661, -0.6005, -0.5771, -0.5180, -0.8469, -0.8502, -0.8349,
    -0.7589, -0.8545, -0.7363, -0.8796, -0.7828, -0.7772, -0.5294, -0.6938, -0.6640, -0.7951,
  ]

### behavior/time_near_puck
  Total points: 100
  Min: 0.0000, Max: 30.4000, Mean: 11.9740
  Data: [
    0.5000, 4.4000, 2.8000, 1.3000, 1.6000, 4.1000, 0.0000, 3.9000, 4.1000, 1.9000,
    1.5000, 3.0000, 3.2000, 1.8000, 1.2000, 1.5000, 0.8000, 1.6000, 1.1000, 4.0000,
    2.6000, 2.9000, 3.1000, 2.9000, 0.7000, 1.6000, 1.7000, 2.3000, 2.7000, 0.3000,
    0.1000, 2.8000, 1.4000, 4.6000, 1.5000, 1.3000, 1.4000, 0.8000, 1.4000, 4.2000,
    6.3000, 11.3000, 22.1000, 8.7000, 9.3000, 7.8000, 5.3000, 9.2000, 3.9000, 5.5000,
    14.5000, 22.6000, 10.1000, 18.9000, 28.0000, 26.4000, 17.0000, 24.4000, 12.1000, 30.3000,
    10.7000, 21.4000, 15.3000, 19.4000, 28.4000, 20.9000, 24.7000, 18.6000, 15.6000, 17.1000,
    18.5000, 24.2000, 14.8000, 17.2000, 13.1000, 21.7000, 18.8000, 27.4000, 21.4000, 14.2000,
    29.8000, 25.1000, 21.5000, 21.8000, 10.7000, 15.1000, 11.0000, 23.5000, 24.4000, 30.4000,
    22.8000, 24.6000, 17.6000, 23.6000, 22.6000, 23.5000, 18.6000, 22.3000, 28.5000, 18.3000,
  ]

### behavior/velocity_avg
  Total points: 100
  Min: 0.0452, Max: 0.1395, Mean: 0.0929
  Data: [
    0.0560, 0.0541, 0.0480, 0.0455, 0.0553, 0.0590, 0.0700, 0.0655, 0.0472, 0.0615,
    0.0512, 0.0660, 0.0600, 0.0473, 0.0497, 0.0541, 0.0520, 0.0492, 0.0495, 0.0477,
    0.0503, 0.0511, 0.0631, 0.0549, 0.0585, 0.0543, 0.0546, 0.0623, 0.0612, 0.0582,
    0.0473, 0.0452, 0.0621, 0.0583, 0.0586, 0.0543, 0.0579, 0.0513, 0.0549, 0.0547,
    0.0910, 0.1105, 0.1045, 0.1237, 0.1084, 0.1074, 0.1138, 0.1082, 0.0920, 0.1032,
    0.1264, 0.1148, 0.1251, 0.1293, 0.1211, 0.1244, 0.1268, 0.1219, 0.1160, 0.1190,
    0.1293, 0.0988, 0.1264, 0.1213, 0.1143, 0.1237, 0.1117, 0.1291, 0.1091, 0.1236,
    0.1231, 0.1155, 0.1367, 0.1181, 0.1128, 0.1319, 0.1097, 0.1241, 0.1263, 0.1153,
    0.0974, 0.1233, 0.1089, 0.1268, 0.1151, 0.1192, 0.0930, 0.1256, 0.1210, 0.1230,
    0.1109, 0.1262, 0.1395, 0.1212, 0.1284, 0.1289, 0.1275, 0.1165, 0.1196, 0.1287,
  ]

### behavior/velocity_max
  Total points: 100
  Min: 0.1678, Max: 0.2467, Mean: 0.2192
  Data: [
    0.2072, 0.1934, 0.2073, 0.1860, 0.1975, 0.1943, 0.2096, 0.1920, 0.1976, 0.1967,
    0.2045, 0.2052, 0.2054, 0.1945, 0.2017, 0.2080, 0.1870, 0.2033, 0.1873, 0.1678,
    0.1924, 0.2044, 0.2086, 0.1934, 0.1959, 0.1979, 0.2110, 0.2078, 0.2076, 0.2053,
    0.1974, 0.1942, 0.2084, 0.1963, 0.2091, 0.1973, 0.1905, 0.1914, 0.1889, 0.2087,
    0.2238, 0.2336, 0.2262, 0.2283, 0.2218, 0.2278, 0.2279, 0.2265, 0.2152, 0.2321,
    0.2303, 0.2259, 0.2306, 0.2408, 0.2338, 0.2392, 0.2357, 0.2322, 0.2324, 0.2357,
    0.2288, 0.2289, 0.2391, 0.2378, 0.2332, 0.2375, 0.2360, 0.2373, 0.2349, 0.2354,
    0.2395, 0.2298, 0.2416, 0.2308, 0.2282, 0.2426, 0.2256, 0.2381, 0.2347, 0.2361,
    0.2233, 0.2441, 0.2217, 0.2371, 0.2321, 0.2335, 0.2131, 0.2467, 0.2385, 0.2418,
    0.2297, 0.2426, 0.2342, 0.2307, 0.2385, 0.2373, 0.2279, 0.2349, 0.2309, 0.2368,
  ]

### eval/strong/avg_reward
  Total points: 14
  Min: -25.2811, Max: -5.9519, Mean: -11.0012
  Data: [
    -25.2811, -24.2436, -10.2206, -8.2738, -10.4304, -8.7709, -8.6856, -5.9519, -6.3596, -6.0229,
    -6.1468, -7.9066, -14.0880, -11.6350,
  ]

### eval/strong/loss_rate
  Total points: 14
  Min: 0.2100, Max: 0.5600, Mean: 0.4014
  Data: [
    0.2700, 0.3900, 0.2900, 0.5600, 0.5000, 0.4900, 0.4000, 0.4100, 0.4000, 0.4200,
    0.4400, 0.5200, 0.2100, 0.3200,
  ]

### eval/strong/losses
  Total points: 14
  Min: 21.0000, Max: 56.0000, Mean: 40.1429
  Data: [
    27.0000, 39.0000, 29.0000, 56.0000, 50.0000, 49.0000, 40.0000, 41.0000, 40.0000, 42.0000,
    44.0000, 52.0000, 21.0000, 32.0000,
  ]

### eval/strong/tie_rate
  Total points: 14
  Min: 0.2600, Max: 0.6800, Mean: 0.4250
  Data: [
    0.6800, 0.5400, 0.5500, 0.2600, 0.3700, 0.3300, 0.4300, 0.3100, 0.3500, 0.3300,
    0.3400, 0.3100, 0.6500, 0.5000,
  ]

### eval/strong/ties
  Total points: 14
  Min: 26.0000, Max: 68.0000, Mean: 42.5000
  Data: [
    68.0000, 54.0000, 55.0000, 26.0000, 37.0000, 33.0000, 43.0000, 31.0000, 35.0000, 33.0000,
    34.0000, 31.0000, 65.0000, 50.0000,
  ]

### eval/strong/win_rate
  Total points: 14
  Min: 0.0500, Max: 0.2800, Mean: 0.1736
  Data: [
    0.0500, 0.0700, 0.1600, 0.1800, 0.1300, 0.1800, 0.1700, 0.2800, 0.2500, 0.2500,
    0.2200, 0.1700, 0.1400, 0.1800,
  ]

### eval/strong/win_rate_decisive
  Total points: 14
  Min: 0.1522, Max: 0.4058, Mean: 0.2988
  Data: [
    0.1562, 0.1522, 0.3556, 0.2432, 0.2063, 0.2687, 0.2982, 0.4058, 0.3846, 0.3731,
    0.3333, 0.2464, 0.4000, 0.3600,
  ]

### eval/strong/wins
  Total points: 14
  Min: 5.0000, Max: 28.0000, Mean: 17.3571
  Data: [
    5.0000, 7.0000, 16.0000, 18.0000, 13.0000, 18.0000, 17.0000, 28.0000, 25.0000, 25.0000,
    22.0000, 17.0000, 14.0000, 18.0000,
  ]

### eval/weak/avg_reward
  Total points: 14
  Min: -27.0741, Max: -4.0380, Mean: -8.5679
  Data: [
    -27.0741, -18.5800, -13.5457, -4.6254, -6.5644, -6.5456, -7.0216, -5.2395, -4.8946, -7.0968,
    -5.1742, -4.9462, -4.0380, -4.6042,
  ]

### eval/weak/loss_rate
  Total points: 14
  Min: 0.2800, Max: 0.5900, Mean: 0.4657
  Data: [
    0.4400, 0.4800, 0.5000, 0.4900, 0.4900, 0.5200, 0.5100, 0.4700, 0.4700, 0.5900,
    0.4800, 0.4400, 0.3600, 0.2800,
  ]

### eval/weak/losses
  Total points: 14
  Min: 28.0000, Max: 59.0000, Mean: 46.5714
  Data: [
    44.0000, 48.0000, 50.0000, 49.0000, 49.0000, 52.0000, 51.0000, 47.0000, 47.0000, 59.0000,
    48.0000, 44.0000, 36.0000, 28.0000,
  ]

### eval/weak/tie_rate
  Total points: 14
  Min: 0.2300, Max: 0.5500, Mean: 0.3479
  Data: [
    0.5500, 0.4500, 0.4700, 0.2300, 0.2400, 0.2500, 0.2900, 0.3000, 0.2900, 0.2500,
    0.3300, 0.3800, 0.3200, 0.5200,
  ]

### eval/weak/ties
  Total points: 14
  Min: 23.0000, Max: 55.0000, Mean: 34.7857
  Data: [
    55.0000, 45.0000, 47.0000, 23.0000, 24.0000, 25.0000, 29.0000, 30.0000, 29.0000, 25.0000,
    33.0000, 38.0000, 32.0000, 52.0000,
  ]

### eval/weak/win_rate
  Total points: 14
  Min: 0.0100, Max: 0.3200, Mean: 0.1864
  Data: [
    0.0100, 0.0700, 0.0300, 0.2800, 0.2700, 0.2300, 0.2000, 0.2300, 0.2400, 0.1600,
    0.1900, 0.1800, 0.3200, 0.2000,
  ]

### eval/weak/win_rate_decisive
  Total points: 14
  Min: 0.0222, Max: 0.4706, Mean: 0.2753
  Data: [
    0.0222, 0.1273, 0.0566, 0.3636, 0.3553, 0.3067, 0.2817, 0.3286, 0.3380, 0.2133,
    0.2836, 0.2903, 0.4706, 0.4167,
  ]

### eval/weak/wins
  Total points: 14
  Min: 1.0000, Max: 32.0000, Mean: 18.6429
  Data: [
    1.0000, 7.0000, 3.0000, 28.0000, 27.0000, 23.0000, 20.0000, 23.0000, 24.0000, 16.0000,
    19.0000, 18.0000, 32.0000, 20.0000,
  ]

### gradients/actor_grad_norm
  Total points: 100
  Min: 0.0000, Max: 0.1522, Mean: 0.0540
  Data: [
    0.0000, 0.0000, 0.0000, 0.0000, 0.0000, 0.0000, 0.0000, 0.0000, 0.0000, 0.0000,
    0.0000, 0.0000, 0.0000, 0.0000, 0.0000, 0.0000, 0.0000, 0.0000, 0.0000, 0.0000,
    0.0000, 0.0000, 0.0000, 0.0000, 0.0000, 0.0000, 0.0000, 0.0000, 0.0000, 0.0000,
    0.0000, 0.0000, 0.0000, 0.0000, 0.0000, 0.0000, 0.0000, 0.0000, 0.0000, 0.0134,
    0.0453, 0.0246, 0.0581, 0.0274, 0.0644, 0.0402, 0.0372, 0.0437, 0.0305, 0.0492,
    0.1138, 0.1013, 0.0921, 0.0877, 0.0740, 0.0972, 0.1102, 0.1126, 0.0875, 0.0666,
    0.0860, 0.0875, 0.0926, 0.1033, 0.0601, 0.0610, 0.0882, 0.0912, 0.0904, 0.1041,
    0.1151, 0.0997, 0.0873, 0.0898, 0.1133, 0.1444, 0.0914, 0.1007, 0.1083, 0.1082,
    0.0911, 0.0968, 0.1296, 0.1047, 0.1193, 0.1194, 0.0945, 0.0965, 0.0833, 0.1131,
    0.0781, 0.1037, 0.1522, 0.1066, 0.0984, 0.1138, 0.1096, 0.1213, 0.0910, 0.0815,
  ]

### gradients/critic_grad_norm
  Total points: 100
  Min: 0.0000, Max: 0.2633, Mean: 0.0623
  Data: [
    0.0000, 0.0000, 0.0000, 0.0000, 0.0000, 0.0000, 0.0000, 0.0000, 0.0000, 0.0000,
    0.0000, 0.0000, 0.0000, 0.0000, 0.0000, 0.0000, 0.0000, 0.0000, 0.0000, 0.0000,
    0.0000, 0.0000, 0.0000, 0.0000, 0.0000, 0.0000, 0.0000, 0.0000, 0.0000, 0.0000,
    0.0000, 0.0000, 0.0000, 0.0000, 0.0000, 0.0000, 0.0000, 0.0000, 0.0000, 0.0085,
    0.1701, 0.1760, 0.2191, 0.2014, 0.2146, 0.2011, 0.2633, 0.2109, 0.1577, 0.2296,
    0.0847, 0.1123, 0.0971, 0.1255, 0.0639, 0.0954, 0.0855, 0.1033, 0.1352, 0.0971,
    0.0491, 0.0803, 0.0965, 0.0896, 0.0677, 0.0780, 0.0955, 0.0706, 0.0766, 0.0712,
    0.0721, 0.0871, 0.1076, 0.0614, 0.0957, 0.1026, 0.0576, 0.0701, 0.0573, 0.0705,
    0.0930, 0.0714, 0.1173, 0.1077, 0.0992, 0.0869, 0.0711, 0.1004, 0.0722, 0.0759,
    0.0783, 0.0716, 0.0889, 0.0727, 0.0859, 0.0801, 0.0588, 0.0670, 0.0575, 0.0695,
  ]

### losses/actor_loss
  Total points: 100
  Min: 0.0000, Max: 1.5866, Mean: 0.2296
  Data: [
    0.0000, 0.0000, 0.0000, 0.0000, 0.0000, 0.0000, 0.0000, 0.0000, 0.0000, 0.0000,
    0.0000, 0.0000, 0.0000, 0.0000, 0.0000, 0.0000, 0.0000, 0.0000, 0.0000, 0.0000,
    0.0000, 0.0000, 0.0000, 0.0000, 0.0000, 0.0000, 0.0000, 0.0000, 0.0000, 0.0000,
    0.0000, 0.0000, 0.0000, 0.0000, 0.0000, 0.0000, 0.0000, 0.0000, 0.0000, 0.1887,
    0.7439, 0.8573, 1.0201, 1.1859, 1.2785, 1.3117, 1.4182, 1.4894, 1.5211, 1.5866,
    0.3261, 0.2669, 0.2873, 0.3196, 0.2940, 0.2952, 0.2794, 0.2919, 0.2775, 0.2843,
    0.2448, 0.2541, 0.2259, 0.2139, 0.2237, 0.2022, 0.2012, 0.1936, 0.2184, 0.2724,
    0.2350, 0.2254, 0.2002, 0.1715, 0.1863, 0.2273, 0.2330, 0.1958, 0.2157, 0.2060,
    0.1508, 0.2009, 0.1802, 0.1715, 0.1747, 0.1885, 0.1312, 0.1768, 0.1535, 0.1381,
    0.1424, 0.1802, 0.1737, 0.1114, 0.1599, 0.1428, 0.1498, 0.0944, 0.1354, 0.1310,
  ]

### losses/critic_loss
  Total points: 100
  Min: 0.0000, Max: 0.0517, Mean: 0.0085
  Data: [
    0.0000, 0.0000, 0.0000, 0.0000, 0.0000, 0.0000, 0.0000, 0.0000, 0.0000, 0.0000,
    0.0000, 0.0000, 0.0000, 0.0000, 0.0000, 0.0000, 0.0000, 0.0000, 0.0000, 0.0000,
    0.0000, 0.0000, 0.0000, 0.0000, 0.0000, 0.0000, 0.0000, 0.0000, 0.0000, 0.0000,
    0.0000, 0.0000, 0.0000, 0.0000, 0.0000, 0.0000, 0.0000, 0.0000, 0.0000, 0.0153,
    0.0517, 0.0354, 0.0370, 0.0351, 0.0338, 0.0345, 0.0295, 0.0299, 0.0217, 0.0277,
    0.0097, 0.0108, 0.0108, 0.0121, 0.0081, 0.0105, 0.0106, 0.0097, 0.0137, 0.0117,
    0.0066, 0.0092, 0.0133, 0.0109, 0.0085, 0.0091, 0.0092, 0.0091, 0.0091, 0.0085,
    0.0075, 0.0110, 0.0144, 0.0065, 0.0109, 0.0123, 0.0078, 0.0099, 0.0084, 0.0080,
    0.0098, 0.0096, 0.0115, 0.0110, 0.0110, 0.0104, 0.0097, 0.0133, 0.0098, 0.0101,
    0.0107, 0.0078, 0.0107, 0.0113, 0.0091, 0.0083, 0.0097, 0.0091, 0.0077, 0.0093,
  ]

### pbrs/avg_per_episode
  Total points: 100
  Min: 0.6085, Max: 0.8129, Mean: 0.7279
  Data: [
    0.8118, 0.6887, 0.6445, 0.6557, 0.6414, 0.6099, 0.6309, 0.6260, 0.6209, 0.6085,
    0.6142, 0.6307, 0.6393, 0.6499, 0.6475, 0.6511, 0.6459, 0.6469, 0.6390, 0.6349,
    0.6376, 0.6363, 0.6332, 0.6377, 0.6370, 0.6398, 0.6422, 0.6478, 0.6534, 0.6497,
    0.6507, 0.6497, 0.6507, 0.6513, 0.6535, 0.6556, 0.6601, 0.6605, 0.6584, 0.6567,
    0.6630, 0.6675, 0.6737, 0.6748, 0.6864, 0.6949, 0.6960, 0.7017, 0.7081, 0.7159,
    0.8129, 0.8126, 0.8125, 0.8116, 0.8113, 0.8112, 0.8109, 0.8110, 0.8110, 0.8108,
    0.8094, 0.8089, 0.8086, 0.8089, 0.8092, 0.8081, 0.8082, 0.8087, 0.8077, 0.8079,
    0.8077, 0.8063, 0.8053, 0.8051, 0.8045, 0.8029, 0.8020, 0.8017, 0.7999, 0.7996,
    0.7979, 0.7968, 0.7963, 0.7954, 0.7943, 0.7935, 0.7924, 0.7918, 0.7906, 0.7890,
    0.7872, 0.7866, 0.7858, 0.7850, 0.7839, 0.7833, 0.7826, 0.7816, 0.7800, 0.7790,
  ]

### per/beta
  Total points: 48
  Min: 0.4308, Max: 1.0000, Mean: 0.9073
  Data: [
    0.4308, 0.4750, 0.4832, 0.5502, 0.6074, 0.6178, 0.7191, 0.7262, 0.7573, 0.7901,
    0.8079, 0.8492, 0.8673, 0.9132, 0.9573, 1.0000, 1.0000, 1.0000, 1.0000, 1.0000,
    1.0000, 1.0000, 1.0000, 1.0000, 1.0000, 1.0000, 1.0000, 1.0000, 1.0000, 1.0000,
    1.0000, 1.0000, 1.0000, 1.0000, 1.0000, 1.0000, 1.0000, 1.0000, 1.0000, 1.0000,
    1.0000, 1.0000, 1.0000, 1.0000, 1.0000, 1.0000, 1.0000, 1.0000,
  ]

### per/is_weight_max
  Total points: 48
  Min: 1.0000, Max: 1.0000, Mean: 1.0000
  Data: [
    1.0000, 1.0000, 1.0000, 1.0000, 1.0000, 1.0000, 1.0000, 1.0000, 1.0000, 1.0000,
    1.0000, 1.0000, 1.0000, 1.0000, 1.0000, 1.0000, 1.0000, 1.0000, 1.0000, 1.0000,
    1.0000, 1.0000, 1.0000, 1.0000, 1.0000, 1.0000, 1.0000, 1.0000, 1.0000, 1.0000,
    1.0000, 1.0000, 1.0000, 1.0000, 1.0000, 1.0000, 1.0000, 1.0000, 1.0000, 1.0000,
    1.0000, 1.0000, 1.0000, 1.0000, 1.0000, 1.0000, 1.0000, 1.0000,
  ]

### per/is_weight_mean
  Total points: 48
  Min: 0.0132, Max: 0.2924, Mean: 0.0569
  Data: [
    0.2924, 0.1360, 0.1572, 0.1785, 0.1396, 0.1448, 0.0264, 0.0499, 0.0438, 0.0523,
    0.0890, 0.0326, 0.0646, 0.0378, 0.0817, 0.0275, 0.0529, 0.0510, 0.0132, 0.0584,
    0.0319, 0.0165, 0.0293, 0.0587, 0.0373, 0.0220, 0.0785, 0.0263, 0.0246, 0.0322,
    0.0486, 0.0301, 0.0171, 0.0148, 0.0263, 0.0200, 0.0353, 0.0414, 0.0747, 0.0132,
    0.0922, 0.0466, 0.0196, 0.0163, 0.0360, 0.0472, 0.0321, 0.0333,
  ]

### per/is_weight_min
  Total points: 48
  Min: 0.0005, Max: 0.0870, Mean: 0.0074
  Data: [
    0.0870, 0.0337, 0.0380, 0.0352, 0.0240, 0.0245, 0.0032, 0.0061, 0.0048, 0.0051,
    0.0085, 0.0025, 0.0049, 0.0025, 0.0049, 0.0014, 0.0027, 0.0026, 0.0005, 0.0031,
    0.0017, 0.0008, 0.0016, 0.0029, 0.0018, 0.0012, 0.0042, 0.0014, 0.0013, 0.0019,
    0.0031, 0.0017, 0.0009, 0.0009, 0.0015, 0.0012, 0.0020, 0.0027, 0.0046, 0.0007,
    0.0062, 0.0028, 0.0012, 0.0010, 0.0022, 0.0030, 0.0020, 0.0020,
  ]

### per/is_weight_std
  Total points: 48
  Min: 0.0357, Max: 0.1124, Mean: 0.0637
  Data: [
    0.1124, 0.0700, 0.0786, 0.1035, 0.0918, 0.0975, 0.0383, 0.0493, 0.0487, 0.0553,
    0.0933, 0.0491, 0.0722, 0.0551, 0.0877, 0.0440, 0.0716, 0.0723, 0.0450, 0.0770,
    0.0478, 0.0379, 0.0467, 0.0892, 0.0642, 0.0476, 0.0981, 0.0532, 0.0478, 0.0512,
    0.0731, 0.0539, 0.0511, 0.0357, 0.0534, 0.0435, 0.0658, 0.0615, 0.0956, 0.0383,
    0.1006, 0.0729, 0.0433, 0.0357, 0.0609, 0.0688, 0.0491, 0.0590,
  ]

### per/max_priority
  Total points: 48
  Min: 9.9871, Max: 12.3499, Mean: 12.3007
  Data: [
    9.9871, 12.3499, 12.3499, 12.3499, 12.3499, 12.3499, 12.3499, 12.3499, 12.3499, 12.3499,
    12.3499, 12.3499, 12.3499, 12.3499, 12.3499, 12.3499, 12.3499, 12.3499, 12.3499, 12.3499,
    12.3499, 12.3499, 12.3499, 12.3499, 12.3499, 12.3499, 12.3499, 12.3499, 12.3499, 12.3499,
    12.3499, 12.3499, 12.3499, 12.3499, 12.3499, 12.3499, 12.3499, 12.3499, 12.3499, 12.3499,
    12.3499, 12.3499, 12.3499, 12.3499, 12.3499, 12.3499, 12.3499, 12.3499,
  ]

### per/n_entries
  Total points: 48
  Min: 354540.0000, Max: 1000000.0000, Mean: 847174.8958
  Data: [
    354540.0000, 389810.0000, 396690.0000, 450480.0000, 496665.0000, 504845.0000, 586250.0000, 592205.0000, 617080.0000, 643405.0000,
    657760.0000, 690650.0000, 705290.0000, 742485.0000, 777765.0000, 829695.0000, 836525.0000, 844425.0000, 851835.0000, 864670.0000,
    912190.0000, 919135.0000, 1000000.0000, 1000000.0000, 1000000.0000, 1000000.0000, 1000000.0000, 1000000.0000, 1000000.0000, 1000000.0000,
    1000000.0000, 1000000.0000, 1000000.0000, 1000000.0000, 1000000.0000, 1000000.0000, 1000000.0000, 1000000.0000, 1000000.0000, 1000000.0000,
    1000000.0000, 1000000.0000, 1000000.0000, 1000000.0000, 1000000.0000, 1000000.0000, 1000000.0000, 1000000.0000,
  ]

### per/td_error_max
  Total points: 48
  Min: 6.3040, Max: 11.4033, Mean: 7.8850
  Data: [
    8.5308, 10.1849, 11.4033, 7.1330, 7.2848, 6.3175, 8.4034, 6.3371, 7.4866, 9.8487,
    7.2441, 6.8824, 6.5674, 7.8822, 9.1332, 6.8009, 8.5608, 7.3056, 7.9136, 6.6868,
    10.1206, 9.3089, 6.8880, 6.3058, 7.6844, 7.4823, 7.2395, 8.4605, 8.1114, 6.6743,
    8.4778, 9.1194, 8.3916, 6.3257, 9.1989, 7.5165, 7.1521, 8.0177, 6.8318, 8.8364,
    7.0558, 9.5516, 6.3040, 8.5771, 8.0230, 7.8146, 8.7421, 6.3599,
  ]

### per/td_error_mean
  Total points: 48
  Min: 0.3073, Max: 0.5586, Mean: 0.4480
  Data: [
    0.3274, 0.3643, 0.3639, 0.3192, 0.3073, 0.3375, 0.3680, 0.3852, 0.3687, 0.3906,
    0.3875, 0.3784, 0.3919, 0.3943, 0.3742, 0.3545, 0.4106, 0.3649, 0.4456, 0.3910,
    0.4832, 0.4979, 0.4643, 0.4836, 0.4458, 0.5040, 0.4326, 0.4981, 0.5084, 0.4507,
    0.5538, 0.5262, 0.4894, 0.4825, 0.5358, 0.5446, 0.5093, 0.5135, 0.5085, 0.5303,
    0.4648, 0.4795, 0.5217, 0.5406, 0.5586, 0.5257, 0.5305, 0.4928,
  ]

### per/td_error_min
  Total points: 48
  Min: 0.0000, Max: 0.0014, Mean: 0.0003
  Data: [
    0.0001, 0.0003, 0.0000, 0.0001, 0.0001, 0.0002, 0.0000, 0.0003, 0.0001, 0.0000,
    0.0000, 0.0003, 0.0003, 0.0001, 0.0004, 0.0010, 0.0004, 0.0002, 0.0002, 0.0000,
    0.0007, 0.0004, 0.0003, 0.0003, 0.0001, 0.0000, 0.0004, 0.0004, 0.0003, 0.0012,
    0.0004, 0.0001, 0.0002, 0.0014, 0.0006, 0.0005, 0.0000, 0.0006, 0.0002, 0.0001,
    0.0000, 0.0001, 0.0005, 0.0007, 0.0001, 0.0000, 0.0001, 0.0004,
  ]

### per/td_error_std
  Total points: 48
  Min: 0.6217, Max: 0.9493, Mean: 0.7983
  Data: [
    0.7565, 0.8138, 0.8404, 0.7023, 0.6217, 0.6556, 0.6957, 0.7034, 0.6690, 0.7973,
    0.7517, 0.7283, 0.6490, 0.8028, 0.7501, 0.6347, 0.7972, 0.6950, 0.8614, 0.7455,
    0.9493, 0.8138, 0.8029, 0.8535, 0.8666, 0.8065, 0.8198, 0.8483, 0.8134, 0.7624,
    0.9239, 0.8608, 0.8295, 0.8076, 0.9174, 0.9050, 0.8005, 0.7733, 0.8408, 0.9276,
    0.7904, 0.7845, 0.8409, 0.8958, 0.9437, 0.8482, 0.8950, 0.7254,
  ]

### per/total_priority
  Total points: 48
  Min: 64619.5422, Max: 276200.8861, Mean: 207206.1668
  Data: [
    64619.5422, 71370.6639, 72570.1040, 85767.1804, 96237.8439, 99195.4163, 122507.8587, 124056.0364, 130059.7613, 137293.8897,
    139720.6602, 146548.7512, 150039.2981, 159607.2316, 169009.1711, 183463.5997, 183134.4237, 185011.0160, 186795.2123, 189690.1531,
    203730.2767, 205894.1501, 226736.1378, 227665.3814, 230747.6323, 241819.6533, 243576.8115, 245256.9998, 259282.9360, 260400.5376,
    265283.2251, 264535.2358, 264665.6894, 266301.7967, 271517.6279, 273327.3024, 273456.4749, 273692.6363, 274191.0680, 276200.8861,
    274967.0960, 275697.1700, 275807.8380, 274358.6738, 274433.2778, 275678.4922, 274645.6194, 275327.5676,
  ]

### performance/cumulative_win_rate
  Total points: 100
  Min: 0.0000, Max: 0.1600, Mean: 0.0949
  Data: [
    0.0000, 0.0200, 0.0200, 0.0250, 0.0320, 0.0400, 0.0429, 0.0400, 0.0356, 0.0340,
    0.0345, 0.0350, 0.0338, 0.0314, 0.0320, 0.0362, 0.0376, 0.0367, 0.0358, 0.0370,
    0.0371, 0.0382, 0.0383, 0.0383, 0.0408, 0.0392, 0.0385, 0.0371, 0.0359, 0.0373,
    0.0374, 0.0369, 0.0364, 0.0353, 0.0354, 0.0350, 0.0351, 0.0358, 0.0359, 0.0360,
    0.0366, 0.0376, 0.0381, 0.0405, 0.0418, 0.0426, 0.0447, 0.0467, 0.0473, 0.0472,
    0.1476, 0.1485, 0.1487, 0.1492, 0.1493, 0.1497, 0.1499, 0.1498, 0.1502, 0.1499,
    0.1503, 0.1506, 0.1507, 0.1507, 0.1506, 0.1507, 0.1509, 0.1510, 0.1514, 0.1519,
    0.1522, 0.1526, 0.1529, 0.1531, 0.1535, 0.1537, 0.1536, 0.1540, 0.1548, 0.1551,
    0.1552, 0.1556, 0.1558, 0.1561, 0.1564, 0.1568, 0.1572, 0.1573, 0.1573, 0.1573,
    0.1575, 0.1575, 0.1577, 0.1581, 0.1587, 0.1588, 0.1590, 0.1594, 0.1600, 0.1600,
  ]

### performance/losses
  Total points: 100
  Min: 25.0000, Max: 7084.0000, Mean: 3570.8700
  Data: [
    25.0000, 42.0000, 60.0000, 82.0000, 99.0000, 115.0000, 140.0000, 159.0000, 177.0000, 194.0000,
    215.0000, 241.0000, 264.0000, 289.0000, 310.0000, 333.0000, 351.0000, 373.0000, 389.0000, 408.0000,
    429.0000, 448.0000, 466.0000, 489.0000, 510.0000, 532.0000, 555.0000, 580.0000, 605.0000, 623.0000,
    646.0000, 666.0000, 687.0000, 708.0000, 731.0000, 754.0000, 780.0000, 802.0000, 821.0000, 840.0000,
    867.0000, 895.0000, 926.0000, 952.0000, 988.0000, 1022.0000, 1046.0000, 1076.0000, 1108.0000, 1141.0000,
    6056.0000, 6077.0000, 6104.0000, 6125.0000, 6148.0000, 6173.0000, 6200.0000, 6227.0000, 6253.0000, 6277.0000,
    6294.0000, 6317.0000, 6342.0000, 6371.0000, 6397.0000, 6414.0000, 6440.0000, 6468.0000, 6486.0000, 6512.0000,
    6537.0000, 6555.0000, 6575.0000, 6598.0000, 6619.0000, 6635.0000, 6655.0000, 6678.0000, 6693.0000, 6717.0000,
    6732.0000, 6749.0000, 6772.0000, 6793.0000, 6808.0000, 6831.0000, 6847.0000, 6870.0000, 6886.0000, 6900.0000,
    6911.0000, 6931.0000, 6950.0000, 6970.0000, 6989.0000, 7011.0000, 7032.0000, 7053.0000, 7066.0000, 7084.0000,
  ]

### performance/ties
  Total points: 100
  Min: 25.0000, Max: 4676.0000, Mean: 2446.0100
  Data: [
    25.0000, 56.0000, 87.0000, 113.0000, 143.0000, 173.0000, 195.0000, 225.0000, 257.0000, 289.0000,
    316.0000, 338.0000, 364.0000, 389.0000, 416.0000, 438.0000, 467.0000, 494.0000, 527.0000, 555.0000,
    582.0000, 610.0000, 640.0000, 665.0000, 689.0000, 717.0000, 743.0000, 768.0000, 793.0000, 821.0000,
    846.0000, 875.0000, 903.0000, 932.0000, 957.0000, 983.0000, 1005.0000, 1030.0000, 1059.0000, 1088.0000,
    1108.0000, 1126.0000, 1142.0000, 1159.0000, 1168.0000, 1180.0000, 1199.0000, 1212.0000, 1226.0000, 1241.0000,
    3789.0000, 3800.0000, 3814.0000, 3829.0000, 3848.0000, 3860.0000, 3874.0000, 3890.0000, 3902.0000, 3924.0000,
    3945.0000, 3961.0000, 3977.0000, 3991.0000, 4008.0000, 4032.0000, 4046.0000, 4059.0000, 4079.0000, 4089.0000,
    4103.0000, 4122.0000, 4141.0000, 4158.0000, 4174.0000, 4197.0000, 4221.0000, 4235.0000, 4252.0000, 4267.0000,
    4292.0000, 4313.0000, 4329.0000, 4347.0000, 4370.0000, 4383.0000, 4405.0000, 4422.0000, 4448.0000, 4476.0000,
    4505.0000, 4527.0000, 4547.0000, 4564.0000, 4579.0000, 4598.0000, 4616.0000, 4631.0000, 4652.0000, 4676.0000,
  ]

### performance/wins
  Total points: 100
  Min: 0.0000, Max: 2240.0000, Mean: 1008.1200
  Data: [
    0.0000, 2.0000, 3.0000, 5.0000, 8.0000, 12.0000, 15.0000, 16.0000, 16.0000, 17.0000,
    19.0000, 21.0000, 22.0000, 22.0000, 24.0000, 29.0000, 32.0000, 33.0000, 34.0000, 37.0000,
    39.0000, 42.0000, 44.0000, 46.0000, 51.0000, 51.0000, 52.0000, 52.0000, 52.0000, 56.0000,
    58.0000, 59.0000, 60.0000, 60.0000, 62.0000, 63.0000, 65.0000, 68.0000, 70.0000, 72.0000,
    75.0000, 79.0000, 82.0000, 89.0000, 94.0000, 98.0000, 105.0000, 112.0000, 116.0000, 118.0000,
    1705.0000, 1723.0000, 1732.0000, 1746.0000, 1754.0000, 1767.0000, 1776.0000, 1783.0000, 1795.0000, 1799.0000,
    1811.0000, 1822.0000, 1831.0000, 1838.0000, 1845.0000, 1854.0000, 1864.0000, 1873.0000, 1885.0000, 1899.0000,
    1910.0000, 1923.0000, 1934.0000, 1944.0000, 1957.0000, 1968.0000, 1974.0000, 1987.0000, 2005.0000, 2016.0000,
    2026.0000, 2038.0000, 2049.0000, 2060.0000, 2072.0000, 2086.0000, 2098.0000, 2108.0000, 2116.0000, 2124.0000,
    2134.0000, 2142.0000, 2153.0000, 2166.0000, 2182.0000, 2191.0000, 2202.0000, 2216.0000, 2232.0000, 2240.0000,
  ]

### rewards/p1
  Total points: 100
  Min: -32.4748, Max: 1.6124, Mean: -14.7532
  Data: [
    -28.1623, -23.5527, -26.8911, -26.5636, -30.1332, -17.3754, -27.2970, -25.1490, -27.0033, -20.9301,
    -26.5157, -23.7734, -25.8910, -32.4748, -26.7342, -26.0589, -28.2978, -25.7536, -23.5889, -20.3458,
    -23.9733, -26.0829, -26.4356, -25.6230, -24.3882, -26.9041, -25.5367, -25.1999, -23.8935, -25.4573,
    -27.1101, -29.4637, -25.4416, -22.1280, -25.1992, -25.8384, -25.2210, -24.3432, -27.6686, -21.9448,
    -16.0745, -13.6977, -8.6347, -10.1276, -8.9078, -11.7286, -11.1905, -10.9850, -17.0991, -14.2524,
    -1.7343, -3.3083, -9.3306, -8.3936, -6.0571, -6.5578, -3.5378, -6.5895, -7.1104, -9.4893,
    -11.6850, -7.2398, -6.4775, -10.4822, -8.5468, -8.5023, -6.1206, -5.7069, -9.0204, -8.3363,
    -7.4134, -3.8626, -10.4424, -5.4054, -8.5538, -3.2491, -8.1344, -0.0909, -1.1177, -10.0129,
    -6.6465, -8.5247, -4.4840, -2.5114, -4.1349, -11.8714, -13.0853, -7.8501, -7.1701, -4.5477,
    -5.0757, -6.4703, -7.8628, -3.6915, 1.6124, -10.9973, -5.7406, -6.0905, -5.4703, -9.1595,
  ]

### rewards/p2
  Total points: 100
  Min: -2.4622, Max: 31.8607, Mean: 14.1367
  Data: [
    27.6839, 22.9946, 25.8154, 25.9002, 29.5753, 16.8651, 26.7499, 24.7271, 26.4291, 20.4792,
    25.7752, 23.3457, 25.4177, 31.8607, 26.2093, 25.6685, 27.5202, 25.2419, 22.9075, 19.7336,
    23.5079, 25.4205, 25.6961, 24.9832, 24.0788, 26.2724, 24.9190, 24.8132, 23.4588, 24.8763,
    26.4272, 29.0206, 24.8721, 21.7523, 24.4844, 25.1754, 24.8509, 23.8970, 26.8943, 21.2104,
    15.4661, 13.4790, 8.5571, 9.8914, 8.8543, 11.5628, 10.8900, 10.7579, 17.0552, 13.7364,
    1.4695, 2.5068, 9.0724, 8.3001, 5.2879, 5.8096, 2.4188, 5.6321, 7.0217, 8.1863,
    11.3391, 6.7516, 6.3461, 10.2239, 7.4181, 8.0324, 5.4566, 5.0624, 8.4092, 8.1205,
    6.9885, 3.0707, 9.7917, 4.7873, 7.9613, 1.8994, 7.8240, -1.2110, -0.2386, 9.2676,
    4.9737, 8.1969, 4.0666, 1.9069, 3.4990, 11.4415, 12.3450, 7.3385, 5.8579, 2.8819,
    3.4834, 5.6930, 7.1593, 2.9721, -2.4622, 10.0105, 4.9179, 5.3351, 4.7222, 8.5657,
  ]

### rewards/sparse_only
  Total points: 100
  Min: -31.8607, Max: 2.4622, Mean: -14.1367
  Data: [
    -27.6839, -22.9946, -25.8154, -25.9002, -29.5753, -16.8651, -26.7499, -24.7271, -26.4291, -20.4792,
    -25.7752, -23.3457, -25.4177, -31.8607, -26.2093, -25.6685, -27.5202, -25.2419, -22.9075, -19.7336,
    -23.5079, -25.4205, -25.6961, -24.9832, -24.0788, -26.2724, -24.9190, -24.8132, -23.4588, -24.8763,
    -26.4272, -29.0206, -24.8721, -21.7523, -24.4844, -25.1754, -24.8509, -23.8970, -26.8943, -21.2104,
    -15.4661, -13.4790, -8.5571, -9.8914, -8.8543, -11.5628, -10.8900, -10.7579, -17.0552, -13.7364,
    -1.4695, -2.5068, -9.0724, -8.3001, -5.2879, -5.8096, -2.4188, -5.6321, -7.0217, -8.1863,
    -11.3391, -6.7516, -6.3461, -10.2239, -7.4181, -8.0324, -5.4566, -5.0624, -8.4092, -8.1205,
    -6.9885, -3.0707, -9.7917, -4.7873, -7.9613, -1.8994, -7.8240, 1.2110, 0.2386, -9.2676,
    -4.9737, -8.1969, -4.0666, -1.9069, -3.4990, -11.4415, -12.3450, -7.3385, -5.8579, -2.8819,
    -3.4834, -5.6930, -7.1593, -2.9721, 2.4622, -10.0105, -4.9179, -5.3351, -4.7222, -8.5657,
  ]

### rewards/sparse_ratio
  Total points: 100
  Min: -13.3211, Max: 1.5270, Mean: 0.7817
  Data: [
    0.9830, 0.9763, 0.9600, 0.9750, 0.9815, 0.9706, 0.9800, 0.9832, 0.9787, 0.9785,
    0.9721, 0.9820, 0.9817, 0.9811, 0.9804, 0.9850, 0.9725, 0.9801, 0.9711, 0.9699,
    0.9806, 0.9746, 0.9720, 0.9750, 0.9873, 0.9765, 0.9758, 0.9847, 0.9818, 0.9772,
    0.9748, 0.9850, 0.9776, 0.9830, 0.9716, 0.9743, 0.9853, 0.9817, 0.9720, 0.9665,
    0.9622, 0.9840, 0.9910, 0.9767, 0.9940, 0.9859, 0.9731, 0.9793, 0.9974, 0.9638,
    0.8473, 0.7577, 0.9723, 0.9889, 0.8730, 0.8859, 0.6837, 0.8547, 0.9875, 0.8627,
    0.9704, 0.9326, 0.9797, 0.9754, 0.8679, 0.9447, 0.8915, 0.8871, 0.9322, 0.9741,
    0.9427, 0.7950, 0.9377, 0.8857, 0.9307, 0.5846, 0.9618, -13.3211, -0.2135, 0.9256,
    0.7483, 0.9615, 0.9069, 0.7593, 0.8462, 0.9638, 0.9434, 0.9348, 0.8170, 0.6337,
    0.6863, 0.8799, 0.9105, 0.8051, 1.5270, 0.9103, 0.8567, 0.8760, 0.8632, 0.9352,
  ]

### scoring/goals_conceded
  Total points: 100
  Min: 25.0000, Max: 7084.0000, Mean: 3570.8700
  Data: [
    25.0000, 42.0000, 60.0000, 82.0000, 99.0000, 115.0000, 140.0000, 159.0000, 177.0000, 194.0000,
    215.0000, 241.0000, 264.0000, 289.0000, 310.0000, 333.0000, 351.0000, 373.0000, 389.0000, 408.0000,
    429.0000, 448.0000, 466.0000, 489.0000, 510.0000, 532.0000, 555.0000, 580.0000, 605.0000, 623.0000,
    646.0000, 666.0000, 687.0000, 708.0000, 731.0000, 754.0000, 780.0000, 802.0000, 821.0000, 840.0000,
    867.0000, 895.0000, 926.0000, 952.0000, 988.0000, 1022.0000, 1046.0000, 1076.0000, 1108.0000, 1141.0000,
    6056.0000, 6077.0000, 6104.0000, 6125.0000, 6148.0000, 6173.0000, 6200.0000, 6227.0000, 6253.0000, 6277.0000,
    6294.0000, 6317.0000, 6342.0000, 6371.0000, 6397.0000, 6414.0000, 6440.0000, 6468.0000, 6486.0000, 6512.0000,
    6537.0000, 6555.0000, 6575.0000, 6598.0000, 6619.0000, 6635.0000, 6655.0000, 6678.0000, 6693.0000, 6717.0000,
    6732.0000, 6749.0000, 6772.0000, 6793.0000, 6808.0000, 6831.0000, 6847.0000, 6870.0000, 6886.0000, 6900.0000,
    6911.0000, 6931.0000, 6950.0000, 6970.0000, 6989.0000, 7011.0000, 7032.0000, 7053.0000, 7066.0000, 7084.0000,
  ]

### scoring/goals_scored
  Total points: 100
  Min: 0.0000, Max: 2240.0000, Mean: 1008.1200
  Data: [
    0.0000, 2.0000, 3.0000, 5.0000, 8.0000, 12.0000, 15.0000, 16.0000, 16.0000, 17.0000,
    19.0000, 21.0000, 22.0000, 22.0000, 24.0000, 29.0000, 32.0000, 33.0000, 34.0000, 37.0000,
    39.0000, 42.0000, 44.0000, 46.0000, 51.0000, 51.0000, 52.0000, 52.0000, 52.0000, 56.0000,
    58.0000, 59.0000, 60.0000, 60.0000, 62.0000, 63.0000, 65.0000, 68.0000, 70.0000, 72.0000,
    75.0000, 79.0000, 82.0000, 89.0000, 94.0000, 98.0000, 105.0000, 112.0000, 116.0000, 118.0000,
    1705.0000, 1723.0000, 1732.0000, 1746.0000, 1754.0000, 1767.0000, 1776.0000, 1783.0000, 1795.0000, 1799.0000,
    1811.0000, 1822.0000, 1831.0000, 1838.0000, 1845.0000, 1854.0000, 1864.0000, 1873.0000, 1885.0000, 1899.0000,
    1910.0000, 1923.0000, 1934.0000, 1944.0000, 1957.0000, 1968.0000, 1974.0000, 1987.0000, 2005.0000, 2016.0000,
    2026.0000, 2038.0000, 2049.0000, 2060.0000, 2072.0000, 2086.0000, 2098.0000, 2108.0000, 2116.0000, 2124.0000,
    2134.0000, 2142.0000, 2153.0000, 2166.0000, 2182.0000, 2191.0000, 2202.0000, 2216.0000, 2232.0000, 2240.0000,
  ]

### selfplay/active
  Total points: 100
  Min: 0.0000, Max: 0.0000, Mean: 0.0000
  Data: [
    0.0000, 0.0000, 0.0000, 0.0000, 0.0000, 0.0000, 0.0000, 0.0000, 0.0000, 0.0000,
    0.0000, 0.0000, 0.0000, 0.0000, 0.0000, 0.0000, 0.0000, 0.0000, 0.0000, 0.0000,
    0.0000, 0.0000, 0.0000, 0.0000, 0.0000, 0.0000, 0.0000, 0.0000, 0.0000, 0.0000,
    0.0000, 0.0000, 0.0000, 0.0000, 0.0000, 0.0000, 0.0000, 0.0000, 0.0000, 0.0000,
    0.0000, 0.0000, 0.0000, 0.0000, 0.0000, 0.0000, 0.0000, 0.0000, 0.0000, 0.0000,
    0.0000, 0.0000, 0.0000, 0.0000, 0.0000, 0.0000, 0.0000, 0.0000, 0.0000, 0.0000,
    0.0000, 0.0000, 0.0000, 0.0000, 0.0000, 0.0000, 0.0000, 0.0000, 0.0000, 0.0000,
    0.0000, 0.0000, 0.0000, 0.0000, 0.0000, 0.0000, 0.0000, 0.0000, 0.0000, 0.0000,
    0.0000, 0.0000, 0.0000, 0.0000, 0.0000, 0.0000, 0.0000, 0.0000, 0.0000, 0.0000,
    0.0000, 0.0000, 0.0000, 0.0000, 0.0000, 0.0000, 0.0000, 0.0000, 0.0000, 0.0000,
  ]

### selfplay/episode_opponent_type_selfplay
  Total points: 100
  Min: 0.0000, Max: 0.0000, Mean: 0.0000
  Data: [
    0.0000, 0.0000, 0.0000, 0.0000, 0.0000, 0.0000, 0.0000, 0.0000, 0.0000, 0.0000,
    0.0000, 0.0000, 0.0000, 0.0000, 0.0000, 0.0000, 0.0000, 0.0000, 0.0000, 0.0000,
    0.0000, 0.0000, 0.0000, 0.0000, 0.0000, 0.0000, 0.0000, 0.0000, 0.0000, 0.0000,
    0.0000, 0.0000, 0.0000, 0.0000, 0.0000, 0.0000, 0.0000, 0.0000, 0.0000, 0.0000,
    0.0000, 0.0000, 0.0000, 0.0000, 0.0000, 0.0000, 0.0000, 0.0000, 0.0000, 0.0000,
    0.0000, 0.0000, 0.0000, 0.0000, 0.0000, 0.0000, 0.0000, 0.0000, 0.0000, 0.0000,
    0.0000, 0.0000, 0.0000, 0.0000, 0.0000, 0.0000, 0.0000, 0.0000, 0.0000, 0.0000,
    0.0000, 0.0000, 0.0000, 0.0000, 0.0000, 0.0000, 0.0000, 0.0000, 0.0000, 0.0000,
    0.0000, 0.0000, 0.0000, 0.0000, 0.0000, 0.0000, 0.0000, 0.0000, 0.0000, 0.0000,
    0.0000, 0.0000, 0.0000, 0.0000, 0.0000, 0.0000, 0.0000, 0.0000, 0.0000, 0.0000,
  ]

### selfplay/episode_opponent_type_strong
  Total points: 100
  Min: 0.0000, Max: 0.0000, Mean: 0.0000
  Data: [
    0.0000, 0.0000, 0.0000, 0.0000, 0.0000, 0.0000, 0.0000, 0.0000, 0.0000, 0.0000,
    0.0000, 0.0000, 0.0000, 0.0000, 0.0000, 0.0000, 0.0000, 0.0000, 0.0000, 0.0000,
    0.0000, 0.0000, 0.0000, 0.0000, 0.0000, 0.0000, 0.0000, 0.0000, 0.0000, 0.0000,
    0.0000, 0.0000, 0.0000, 0.0000, 0.0000, 0.0000, 0.0000, 0.0000, 0.0000, 0.0000,
    0.0000, 0.0000, 0.0000, 0.0000, 0.0000, 0.0000, 0.0000, 0.0000, 0.0000, 0.0000,
    0.0000, 0.0000, 0.0000, 0.0000, 0.0000, 0.0000, 0.0000, 0.0000, 0.0000, 0.0000,
    0.0000, 0.0000, 0.0000, 0.0000, 0.0000, 0.0000, 0.0000, 0.0000, 0.0000, 0.0000,
    0.0000, 0.0000, 0.0000, 0.0000, 0.0000, 0.0000, 0.0000, 0.0000, 0.0000, 0.0000,
    0.0000, 0.0000, 0.0000, 0.0000, 0.0000, 0.0000, 0.0000, 0.0000, 0.0000, 0.0000,
    0.0000, 0.0000, 0.0000, 0.0000, 0.0000, 0.0000, 0.0000, 0.0000, 0.0000, 0.0000,
  ]

### selfplay/episode_opponent_type_weak
  Total points: 100
  Min: 1.0000, Max: 1.0000, Mean: 1.0000
  Data: [
    1.0000, 1.0000, 1.0000, 1.0000, 1.0000, 1.0000, 1.0000, 1.0000, 1.0000, 1.0000,
    1.0000, 1.0000, 1.0000, 1.0000, 1.0000, 1.0000, 1.0000, 1.0000, 1.0000, 1.0000,
    1.0000, 1.0000, 1.0000, 1.0000, 1.0000, 1.0000, 1.0000, 1.0000, 1.0000, 1.0000,
    1.0000, 1.0000, 1.0000, 1.0000, 1.0000, 1.0000, 1.0000, 1.0000, 1.0000, 1.0000,
    1.0000, 1.0000, 1.0000, 1.0000, 1.0000, 1.0000, 1.0000, 1.0000, 1.0000, 1.0000,
    1.0000, 1.0000, 1.0000, 1.0000, 1.0000, 1.0000, 1.0000, 1.0000, 1.0000, 1.0000,
    1.0000, 1.0000, 1.0000, 1.0000, 1.0000, 1.0000, 1.0000, 1.0000, 1.0000, 1.0000,
    1.0000, 1.0000, 1.0000, 1.0000, 1.0000, 1.0000, 1.0000, 1.0000, 1.0000, 1.0000,
    1.0000, 1.0000, 1.0000, 1.0000, 1.0000, 1.0000, 1.0000, 1.0000, 1.0000, 1.0000,
    1.0000, 1.0000, 1.0000, 1.0000, 1.0000, 1.0000, 1.0000, 1.0000, 1.0000, 1.0000,
  ]

### selfplay/pool_size
  Total points: 100
  Min: 0.0000, Max: 0.0000, Mean: 0.0000
  Data: [
    0.0000, 0.0000, 0.0000, 0.0000, 0.0000, 0.0000, 0.0000, 0.0000, 0.0000, 0.0000,
    0.0000, 0.0000, 0.0000, 0.0000, 0.0000, 0.0000, 0.0000, 0.0000, 0.0000, 0.0000,
    0.0000, 0.0000, 0.0000, 0.0000, 0.0000, 0.0000, 0.0000, 0.0000, 0.0000, 0.0000,
    0.0000, 0.0000, 0.0000, 0.0000, 0.0000, 0.0000, 0.0000, 0.0000, 0.0000, 0.0000,
    0.0000, 0.0000, 0.0000, 0.0000, 0.0000, 0.0000, 0.0000, 0.0000, 0.0000, 0.0000,
    0.0000, 0.0000, 0.0000, 0.0000, 0.0000, 0.0000, 0.0000, 0.0000, 0.0000, 0.0000,
    0.0000, 0.0000, 0.0000, 0.0000, 0.0000, 0.0000, 0.0000, 0.0000, 0.0000, 0.0000,
    0.0000, 0.0000, 0.0000, 0.0000, 0.0000, 0.0000, 0.0000, 0.0000, 0.0000, 0.0000,
    0.0000, 0.0000, 0.0000, 0.0000, 0.0000, 0.0000, 0.0000, 0.0000, 0.0000, 0.0000,
    0.0000, 0.0000, 0.0000, 0.0000, 0.0000, 0.0000, 0.0000, 0.0000, 0.0000, 0.0000,
  ]

### selfplay/weak_ratio_target
  Total points: 100
  Min: 0.5000, Max: 0.5000, Mean: 0.5000
  Data: [
    0.5000, 0.5000, 0.5000, 0.5000, 0.5000, 0.5000, 0.5000, 0.5000, 0.5000, 0.5000,
    0.5000, 0.5000, 0.5000, 0.5000, 0.5000, 0.5000, 0.5000, 0.5000, 0.5000, 0.5000,
    0.5000, 0.5000, 0.5000, 0.5000, 0.5000, 0.5000, 0.5000, 0.5000, 0.5000, 0.5000,
    0.5000, 0.5000, 0.5000, 0.5000, 0.5000, 0.5000, 0.5000, 0.5000, 0.5000, 0.5000,
    0.5000, 0.5000, 0.5000, 0.5000, 0.5000, 0.5000, 0.5000, 0.5000, 0.5000, 0.5000,
    0.5000, 0.5000, 0.5000, 0.5000, 0.5000, 0.5000, 0.5000, 0.5000, 0.5000, 0.5000,
    0.5000, 0.5000, 0.5000, 0.5000, 0.5000, 0.5000, 0.5000, 0.5000, 0.5000, 0.5000,
    0.5000, 0.5000, 0.5000, 0.5000, 0.5000, 0.5000, 0.5000, 0.5000, 0.5000, 0.5000,
    0.5000, 0.5000, 0.5000, 0.5000, 0.5000, 0.5000, 0.5000, 0.5000, 0.5000, 0.5000,
    0.5000, 0.5000, 0.5000, 0.5000, 0.5000, 0.5000, 0.5000, 0.5000, 0.5000, 0.5000,
  ]

### strategic/attack_diversity_bonus
  Total points: 100
  Min: 0.0000, Max: 0.0000, Mean: 0.0000
  Data: [
    0.0000, 0.0000, 0.0000, 0.0000, 0.0000, 0.0000, 0.0000, 0.0000, 0.0000, 0.0000,
    0.0000, 0.0000, 0.0000, 0.0000, 0.0000, 0.0000, 0.0000, 0.0000, 0.0000, 0.0000,
    0.0000, 0.0000, 0.0000, 0.0000, 0.0000, 0.0000, 0.0000, 0.0000, 0.0000, 0.0000,
    0.0000, 0.0000, 0.0000, 0.0000, 0.0000, 0.0000, 0.0000, 0.0000, 0.0000, 0.0000,
    0.0000, 0.0000, 0.0000, 0.0000, 0.0000, 0.0000, 0.0000, 0.0000, 0.0000, 0.0000,
    0.0000, 0.0000, 0.0000, 0.0000, 0.0000, 0.0000, 0.0000, 0.0000, 0.0000, 0.0000,
    0.0000, 0.0000, 0.0000, 0.0000, 0.0000, 0.0000, 0.0000, 0.0000, 0.0000, 0.0000,
    0.0000, 0.0000, 0.0000, 0.0000, 0.0000, 0.0000, 0.0000, 0.0000, 0.0000, 0.0000,
    0.0000, 0.0000, 0.0000, 0.0000, 0.0000, 0.0000, 0.0000, 0.0000, 0.0000, 0.0000,
    0.0000, 0.0000, 0.0000, 0.0000, 0.0000, 0.0000, 0.0000, 0.0000, 0.0000, 0.0000,
  ]

### strategic/attack_sides_unique
  Total points: 100
  Min: 0.0000, Max: 0.0000, Mean: 0.0000
  Data: [
    0.0000, 0.0000, 0.0000, 0.0000, 0.0000, 0.0000, 0.0000, 0.0000, 0.0000, 0.0000,
    0.0000, 0.0000, 0.0000, 0.0000, 0.0000, 0.0000, 0.0000, 0.0000, 0.0000, 0.0000,
    0.0000, 0.0000, 0.0000, 0.0000, 0.0000, 0.0000, 0.0000, 0.0000, 0.0000, 0.0000,
    0.0000, 0.0000, 0.0000, 0.0000, 0.0000, 0.0000, 0.0000, 0.0000, 0.0000, 0.0000,
    0.0000, 0.0000, 0.0000, 0.0000, 0.0000, 0.0000, 0.0000, 0.0000, 0.0000, 0.0000,
    0.0000, 0.0000, 0.0000, 0.0000, 0.0000, 0.0000, 0.0000, 0.0000, 0.0000, 0.0000,
    0.0000, 0.0000, 0.0000, 0.0000, 0.0000, 0.0000, 0.0000, 0.0000, 0.0000, 0.0000,
    0.0000, 0.0000, 0.0000, 0.0000, 0.0000, 0.0000, 0.0000, 0.0000, 0.0000, 0.0000,
    0.0000, 0.0000, 0.0000, 0.0000, 0.0000, 0.0000, 0.0000, 0.0000, 0.0000, 0.0000,
    0.0000, 0.0000, 0.0000, 0.0000, 0.0000, 0.0000, 0.0000, 0.0000, 0.0000, 0.0000,
  ]

### strategic/forcing_bonus
  Total points: 100
  Min: 0.0000, Max: 0.0000, Mean: 0.0000
  Data: [
    0.0000, 0.0000, 0.0000, 0.0000, 0.0000, 0.0000, 0.0000, 0.0000, 0.0000, 0.0000,
    0.0000, 0.0000, 0.0000, 0.0000, 0.0000, 0.0000, 0.0000, 0.0000, 0.0000, 0.0000,
    0.0000, 0.0000, 0.0000, 0.0000, 0.0000, 0.0000, 0.0000, 0.0000, 0.0000, 0.0000,
    0.0000, 0.0000, 0.0000, 0.0000, 0.0000, 0.0000, 0.0000, 0.0000, 0.0000, 0.0000,
    0.0000, 0.0000, 0.0000, 0.0000, 0.0000, 0.0000, 0.0000, 0.0000, 0.0000, 0.0000,
    0.0000, 0.0000, 0.0000, 0.0000, 0.0000, 0.0000, 0.0000, 0.0000, 0.0000, 0.0000,
    0.0000, 0.0000, 0.0000, 0.0000, 0.0000, 0.0000, 0.0000, 0.0000, 0.0000, 0.0000,
    0.0000, 0.0000, 0.0000, 0.0000, 0.0000, 0.0000, 0.0000, 0.0000, 0.0000, 0.0000,
    0.0000, 0.0000, 0.0000, 0.0000, 0.0000, 0.0000, 0.0000, 0.0000, 0.0000, 0.0000,
    0.0000, 0.0000, 0.0000, 0.0000, 0.0000, 0.0000, 0.0000, 0.0000, 0.0000, 0.0000,
  ]

### strategic/opponent_avg_movement
  Total points: 100
  Min: 0.0000, Max: 0.0000, Mean: 0.0000
  Data: [
    0.0000, 0.0000, 0.0000, 0.0000, 0.0000, 0.0000, 0.0000, 0.0000, 0.0000, 0.0000,
    0.0000, 0.0000, 0.0000, 0.0000, 0.0000, 0.0000, 0.0000, 0.0000, 0.0000, 0.0000,
    0.0000, 0.0000, 0.0000, 0.0000, 0.0000, 0.0000, 0.0000, 0.0000, 0.0000, 0.0000,
    0.0000, 0.0000, 0.0000, 0.0000, 0.0000, 0.0000, 0.0000, 0.0000, 0.0000, 0.0000,
    0.0000, 0.0000, 0.0000, 0.0000, 0.0000, 0.0000, 0.0000, 0.0000, 0.0000, 0.0000,
    0.0000, 0.0000, 0.0000, 0.0000, 0.0000, 0.0000, 0.0000, 0.0000, 0.0000, 0.0000,
    0.0000, 0.0000, 0.0000, 0.0000, 0.0000, 0.0000, 0.0000, 0.0000, 0.0000, 0.0000,
    0.0000, 0.0000, 0.0000, 0.0000, 0.0000, 0.0000, 0.0000, 0.0000, 0.0000, 0.0000,
    0.0000, 0.0000, 0.0000, 0.0000, 0.0000, 0.0000, 0.0000, 0.0000, 0.0000, 0.0000,
    0.0000, 0.0000, 0.0000, 0.0000, 0.0000, 0.0000, 0.0000, 0.0000, 0.0000, 0.0000,
  ]

### strategic/opponent_total_movement
  Total points: 100
  Min: 0.0000, Max: 0.0000, Mean: 0.0000
  Data: [
    0.0000, 0.0000, 0.0000, 0.0000, 0.0000, 0.0000, 0.0000, 0.0000, 0.0000, 0.0000,
    0.0000, 0.0000, 0.0000, 0.0000, 0.0000, 0.0000, 0.0000, 0.0000, 0.0000, 0.0000,
    0.0000, 0.0000, 0.0000, 0.0000, 0.0000, 0.0000, 0.0000, 0.0000, 0.0000, 0.0000,
    0.0000, 0.0000, 0.0000, 0.0000, 0.0000, 0.0000, 0.0000, 0.0000, 0.0000, 0.0000,
    0.0000, 0.0000, 0.0000, 0.0000, 0.0000, 0.0000, 0.0000, 0.0000, 0.0000, 0.0000,
    0.0000, 0.0000, 0.0000, 0.0000, 0.0000, 0.0000, 0.0000, 0.0000, 0.0000, 0.0000,
    0.0000, 0.0000, 0.0000, 0.0000, 0.0000, 0.0000, 0.0000, 0.0000, 0.0000, 0.0000,
    0.0000, 0.0000, 0.0000, 0.0000, 0.0000, 0.0000, 0.0000, 0.0000, 0.0000, 0.0000,
    0.0000, 0.0000, 0.0000, 0.0000, 0.0000, 0.0000, 0.0000, 0.0000, 0.0000, 0.0000,
    0.0000, 0.0000, 0.0000, 0.0000, 0.0000, 0.0000, 0.0000, 0.0000, 0.0000, 0.0000,
  ]

### strategic/shot_quality_ratio
  Total points: 100
  Min: 0.0000, Max: 0.0000, Mean: 0.0000
  Data: [
    0.0000, 0.0000, 0.0000, 0.0000, 0.0000, 0.0000, 0.0000, 0.0000, 0.0000, 0.0000,
    0.0000, 0.0000, 0.0000, 0.0000, 0.0000, 0.0000, 0.0000, 0.0000, 0.0000, 0.0000,
    0.0000, 0.0000, 0.0000, 0.0000, 0.0000, 0.0000, 0.0000, 0.0000, 0.0000, 0.0000,
    0.0000, 0.0000, 0.0000, 0.0000, 0.0000, 0.0000, 0.0000, 0.0000, 0.0000, 0.0000,
    0.0000, 0.0000, 0.0000, 0.0000, 0.0000, 0.0000, 0.0000, 0.0000, 0.0000, 0.0000,
    0.0000, 0.0000, 0.0000, 0.0000, 0.0000, 0.0000, 0.0000, 0.0000, 0.0000, 0.0000,
    0.0000, 0.0000, 0.0000, 0.0000, 0.0000, 0.0000, 0.0000, 0.0000, 0.0000, 0.0000,
    0.0000, 0.0000, 0.0000, 0.0000, 0.0000, 0.0000, 0.0000, 0.0000, 0.0000, 0.0000,
    0.0000, 0.0000, 0.0000, 0.0000, 0.0000, 0.0000, 0.0000, 0.0000, 0.0000, 0.0000,
    0.0000, 0.0000, 0.0000, 0.0000, 0.0000, 0.0000, 0.0000, 0.0000, 0.0000, 0.0000,
  ]

### strategic/shots_blocked
  Total points: 100
  Min: 0.0000, Max: 0.0000, Mean: 0.0000
  Data: [
    0.0000, 0.0000, 0.0000, 0.0000, 0.0000, 0.0000, 0.0000, 0.0000, 0.0000, 0.0000,
    0.0000, 0.0000, 0.0000, 0.0000, 0.0000, 0.0000, 0.0000, 0.0000, 0.0000, 0.0000,
    0.0000, 0.0000, 0.0000, 0.0000, 0.0000, 0.0000, 0.0000, 0.0000, 0.0000, 0.0000,
    0.0000, 0.0000, 0.0000, 0.0000, 0.0000, 0.0000, 0.0000, 0.0000, 0.0000, 0.0000,
    0.0000, 0.0000, 0.0000, 0.0000, 0.0000, 0.0000, 0.0000, 0.0000, 0.0000, 0.0000,
    0.0000, 0.0000, 0.0000, 0.0000, 0.0000, 0.0000, 0.0000, 0.0000, 0.0000, 0.0000,
    0.0000, 0.0000, 0.0000, 0.0000, 0.0000, 0.0000, 0.0000, 0.0000, 0.0000, 0.0000,
    0.0000, 0.0000, 0.0000, 0.0000, 0.0000, 0.0000, 0.0000, 0.0000, 0.0000, 0.0000,
    0.0000, 0.0000, 0.0000, 0.0000, 0.0000, 0.0000, 0.0000, 0.0000, 0.0000, 0.0000,
    0.0000, 0.0000, 0.0000, 0.0000, 0.0000, 0.0000, 0.0000, 0.0000, 0.0000, 0.0000,
  ]

### strategic/shots_clear
  Total points: 100
  Min: 0.0000, Max: 0.0000, Mean: 0.0000
  Data: [
    0.0000, 0.0000, 0.0000, 0.0000, 0.0000, 0.0000, 0.0000, 0.0000, 0.0000, 0.0000,
    0.0000, 0.0000, 0.0000, 0.0000, 0.0000, 0.0000, 0.0000, 0.0000, 0.0000, 0.0000,
    0.0000, 0.0000, 0.0000, 0.0000, 0.0000, 0.0000, 0.0000, 0.0000, 0.0000, 0.0000,
    0.0000, 0.0000, 0.0000, 0.0000, 0.0000, 0.0000, 0.0000, 0.0000, 0.0000, 0.0000,
    0.0000, 0.0000, 0.0000, 0.0000, 0.0000, 0.0000, 0.0000, 0.0000, 0.0000, 0.0000,
    0.0000, 0.0000, 0.0000, 0.0000, 0.0000, 0.0000, 0.0000, 0.0000, 0.0000, 0.0000,
    0.0000, 0.0000, 0.0000, 0.0000, 0.0000, 0.0000, 0.0000, 0.0000, 0.0000, 0.0000,
    0.0000, 0.0000, 0.0000, 0.0000, 0.0000, 0.0000, 0.0000, 0.0000, 0.0000, 0.0000,
    0.0000, 0.0000, 0.0000, 0.0000, 0.0000, 0.0000, 0.0000, 0.0000, 0.0000, 0.0000,
    0.0000, 0.0000, 0.0000, 0.0000, 0.0000, 0.0000, 0.0000, 0.0000, 0.0000, 0.0000,
  ]

### training/avg_episode_length
  Total points: 100
  Min: 92.0000, Max: 231.9000, Mean: 160.1060
  Data: [
    169.8000, 173.9000, 211.5000, 171.7000, 169.0000, 149.3000, 144.6000, 135.4000, 179.0000, 142.6000,
    201.0000, 128.1000, 161.6000, 186.4000, 208.0000, 136.5000, 168.7000, 172.1000, 185.9000, 163.0000,
    145.1000, 196.5000, 192.0000, 170.7000, 169.7000, 171.1000, 169.8000, 146.1000, 155.4000, 155.6000,
    177.7000, 172.2000, 162.4000, 137.2000, 175.0000, 175.1000, 146.2000, 165.3000, 177.9000, 184.5000,
    162.7000, 159.0000, 154.6000, 140.1000, 104.5000, 92.0000, 125.2000, 149.2000, 128.7000, 169.2000,
    107.8000, 142.9000, 102.6000, 123.7000, 161.0000, 156.2000, 157.0000, 169.7000, 114.6000, 212.0000,
    114.2000, 160.6000, 134.6000, 169.9000, 188.8000, 178.0000, 177.7000, 153.5000, 136.7000, 124.0000,
    176.0000, 169.8000, 163.2000, 170.3000, 129.9000, 193.4000, 118.1000, 167.7000, 181.4000, 157.9000,
    219.8000, 167.7000, 134.0000, 142.4000, 126.2000, 139.9000, 165.4000, 156.5000, 223.7000, 231.9000,
    174.4000, 166.5000, 136.1000, 159.3000, 137.0000, 172.3000, 158.4000, 165.1000, 166.9000, 165.1000,
  ]

### training/calls_per_episode
  Total points: 100
  Min: 0.0000, Max: 0.0000, Mean: 0.0000
  Data: [
    0.0000, 0.0000, 0.0000, 0.0000, 0.0000, 0.0000, 0.0000, 0.0000, 0.0000, 0.0000,
    0.0000, 0.0000, 0.0000, 0.0000, 0.0000, 0.0000, 0.0000, 0.0000, 0.0000, 0.0000,
    0.0000, 0.0000, 0.0000, 0.0000, 0.0000, 0.0000, 0.0000, 0.0000, 0.0000, 0.0000,
    0.0000, 0.0000, 0.0000, 0.0000, 0.0000, 0.0000, 0.0000, 0.0000, 0.0000, 0.0000,
    0.0000, 0.0000, 0.0000, 0.0000, 0.0000, 0.0000, 0.0000, 0.0000, 0.0000, 0.0000,
    0.0000, 0.0000, 0.0000, 0.0000, 0.0000, 0.0000, 0.0000, 0.0000, 0.0000, 0.0000,
    0.0000, 0.0000, 0.0000, 0.0000, 0.0000, 0.0000, 0.0000, 0.0000, 0.0000, 0.0000,
    0.0000, 0.0000, 0.0000, 0.0000, 0.0000, 0.0000, 0.0000, 0.0000, 0.0000, 0.0000,
    0.0000, 0.0000, 0.0000, 0.0000, 0.0000, 0.0000, 0.0000, 0.0000, 0.0000, 0.0000,
    0.0000, 0.0000, 0.0000, 0.0000, 0.0000, 0.0000, 0.0000, 0.0000, 0.0000, 0.0000,
  ]

### training/episode
  Total points: 100
  Min: 50.0000, Max: 14000.0000, Mean: 7025.0000
  Data: [
    50.0000, 100.0000, 150.0000, 200.0000, 250.0000, 300.0000, 350.0000, 400.0000, 450.0000, 500.0000,
    550.0000, 600.0000, 650.0000, 700.0000, 750.0000, 800.0000, 850.0000, 900.0000, 950.0000, 1000.0000,
    1050.0000, 1100.0000, 1150.0000, 1200.0000, 1250.0000, 1300.0000, 1350.0000, 1400.0000, 1450.0000, 1500.0000,
    1550.0000, 1600.0000, 1650.0000, 1700.0000, 1750.0000, 1800.0000, 1850.0000, 1900.0000, 1950.0000, 2000.0000,
    2050.0000, 2100.0000, 2150.0000, 2200.0000, 2250.0000, 2300.0000, 2350.0000, 2400.0000, 2450.0000, 2500.0000,
    11550.0000, 11600.0000, 11650.0000, 11700.0000, 11750.0000, 11800.0000, 11850.0000, 11900.0000, 11950.0000, 12000.0000,
    12050.0000, 12100.0000, 12150.0000, 12200.0000, 12250.0000, 12300.0000, 12350.0000, 12400.0000, 12450.0000, 12500.0000,
    12550.0000, 12600.0000, 12650.0000, 12700.0000, 12750.0000, 12800.0000, 12850.0000, 12900.0000, 12950.0000, 13000.0000,
    13050.0000, 13100.0000, 13150.0000, 13200.0000, 13250.0000, 13300.0000, 13350.0000, 13400.0000, 13450.0000, 13500.0000,
    13550.0000, 13600.0000, 13650.0000, 13700.0000, 13750.0000, 13800.0000, 13850.0000, 13900.0000, 13950.0000, 14000.0000,
  ]

### training/eps_per_sec
  Total points: 100
  Min: 0.2459, Max: 8.2347, Mean: 2.9769
  Data: [
    6.6714, 6.3509, 6.6257, 7.4975, 6.8372, 6.7236, 8.1173, 7.1304, 6.1755, 6.5241,
    6.9435, 8.2347, 7.0060, 7.2761, 6.8998, 7.8942, 7.1457, 7.0987, 6.5373, 7.2037,
    0.6495, 6.7860, 6.8499, 7.3390, 7.6600, 7.1386, 6.8999, 7.7374, 7.6286, 6.9821,
    7.3398, 6.7646, 6.9356, 7.0356, 7.3464, 7.0593, 7.4913, 7.3800, 6.6607, 3.6268,
    0.2563, 0.3728, 0.3727, 0.3623, 0.4939, 0.4898, 0.3966, 0.4244, 0.4778, 0.4379,
    0.4072, 0.4557, 0.4147, 0.3790, 0.3689, 0.4249, 0.4086, 0.3708, 0.4008, 0.3427,
    0.2459, 0.3879, 0.3464, 0.3541, 0.3717, 0.3225, 0.3970, 0.4369, 0.4058, 0.4752,
    0.4121, 0.4034, 0.3858, 0.4008, 0.4441, 0.3762, 0.3695, 0.4537, 0.4012, 0.4518,
    0.2488, 0.3680, 0.3976, 0.4117, 0.3664, 0.4270, 0.3782, 0.4308, 0.3500, 0.3433,
    0.3573, 0.3894, 0.3722, 0.3923, 0.4127, 0.3946, 0.4164, 0.4021, 0.3764, 0.3516,
  ]

### training/epsilon
  Total points: 100
  Min: 0.4966, Max: 0.9975, Mean: 0.7336
  Data: [
    0.9975, 0.9950, 0.9925, 0.9900, 0.9876, 0.9851, 0.9827, 0.9802, 0.9778, 0.9753,
    0.9729, 0.9704, 0.9680, 0.9656, 0.9632, 0.9608, 0.9584, 0.9560, 0.9536, 0.9512,
    0.9489, 0.9465, 0.9441, 0.9418, 0.9394, 0.9371, 0.9347, 0.9324, 0.9301, 0.9277,
    0.9254, 0.9231, 0.9208, 0.9185, 0.9162, 0.9139, 0.9116, 0.9094, 0.9071, 0.9048,
    0.9026, 0.9003, 0.8981, 0.8958, 0.8936, 0.8914, 0.8891, 0.8869, 0.8847, 0.8825,
    0.5613, 0.5599, 0.5585, 0.5571, 0.5557, 0.5543, 0.5529, 0.5516, 0.5502, 0.5488,
    0.5474, 0.5461, 0.5447, 0.5433, 0.5420, 0.5406, 0.5393, 0.5379, 0.5366, 0.5353,
    0.5339, 0.5326, 0.5313, 0.5299, 0.5286, 0.5273, 0.5260, 0.5247, 0.5233, 0.5220,
    0.5207, 0.5194, 0.5181, 0.5168, 0.5156, 0.5143, 0.5130, 0.5117, 0.5104, 0.5091,
    0.5079, 0.5066, 0.5053, 0.5041, 0.5028, 0.5016, 0.5003, 0.4991, 0.4978, 0.4966,
  ]

### training/pbrs_enabled
  Total points: 100
  Min: 1.0000, Max: 1.0000, Mean: 1.0000
  Data: [
    1.0000, 1.0000, 1.0000, 1.0000, 1.0000, 1.0000, 1.0000, 1.0000, 1.0000, 1.0000,
    1.0000, 1.0000, 1.0000, 1.0000, 1.0000, 1.0000, 1.0000, 1.0000, 1.0000, 1.0000,
    1.0000, 1.0000, 1.0000, 1.0000, 1.0000, 1.0000, 1.0000, 1.0000, 1.0000, 1.0000,
    1.0000, 1.0000, 1.0000, 1.0000, 1.0000, 1.0000, 1.0000, 1.0000, 1.0000, 1.0000,
    1.0000, 1.0000, 1.0000, 1.0000, 1.0000, 1.0000, 1.0000, 1.0000, 1.0000, 1.0000,
    1.0000, 1.0000, 1.0000, 1.0000, 1.0000, 1.0000, 1.0000, 1.0000, 1.0000, 1.0000,
    1.0000, 1.0000, 1.0000, 1.0000, 1.0000, 1.0000, 1.0000, 1.0000, 1.0000, 1.0000,
    1.0000, 1.0000, 1.0000, 1.0000, 1.0000, 1.0000, 1.0000, 1.0000, 1.0000, 1.0000,
    1.0000, 1.0000, 1.0000, 1.0000, 1.0000, 1.0000, 1.0000, 1.0000, 1.0000, 1.0000,
    1.0000, 1.0000, 1.0000, 1.0000, 1.0000, 1.0000, 1.0000, 1.0000, 1.0000, 1.0000,
  ]

### training/tie_penalty
  Total points: 100
  Min: -1.5000, Max: 0.0000, Mean: -0.4050
  Data: [
    -1.5000, 0.0000, -1.5000, 0.0000, 0.0000, 0.0000, 0.0000, 0.0000, 0.0000, 0.0000,
    -1.5000, 0.0000, 0.0000, -1.5000, 0.0000, 0.0000, 0.0000, 0.0000, 0.0000, -1.5000,
    0.0000, 0.0000, -1.5000, 0.0000, 0.0000, 0.0000, 0.0000, 0.0000, 0.0000, 0.0000,
    0.0000, 0.0000, 0.0000, -1.5000, 0.0000, 0.0000, 0.0000, 0.0000, 0.0000, -1.5000,
    0.0000, 0.0000, -1.5000, 0.0000, 0.0000, 0.0000, 0.0000, 0.0000, 0.0000, -1.5000,
    0.0000, -1.5000, 0.0000, 0.0000, 0.0000, 0.0000, -1.5000, -1.5000, 0.0000, -1.5000,
    -1.5000, 0.0000, 0.0000, 0.0000, -1.5000, 0.0000, 0.0000, 0.0000, 0.0000, 0.0000,
    0.0000, -1.5000, -1.5000, 0.0000, 0.0000, -1.5000, 0.0000, 0.0000, 0.0000, 0.0000,
    -1.5000, 0.0000, 0.0000, 0.0000, 0.0000, 0.0000, 0.0000, -1.5000, -1.5000, -1.5000,
    -1.5000, 0.0000, 0.0000, -1.5000, 0.0000, 0.0000, -1.5000, 0.0000, 0.0000, -1.5000,
  ]

### values/Q_avg
  Total points: 70
  Min: -2.7051, Max: 0.4683, Mean: -0.4807
  Data: [
    -0.0183, -0.0199, -0.0096, -0.0373, -0.0208, -0.0318, -0.0211, -0.0251, -0.0211, -0.0351,
    -0.0292, -0.0117, -0.0291, -0.0270, -0.0247, -0.0081, -0.0237, -0.0221, -0.0313, -0.1376,
    -0.6546, -1.3240, -1.3529, -2.0824, -2.0869, -2.0809, -1.8153, -2.2238, -2.5631, -2.0689,
    -2.2301, -2.3716, -2.7006, -2.7051, -2.4914, -0.2474, -0.2599, -0.2667, 0.1906, -0.3935,
    0.1503, -0.2951, 0.1453, 0.1330, -0.1613, -0.0484, -0.2523, 0.4654, -0.3827, -0.2150,
    0.0680, -0.1752, -0.3396, -0.0445, 0.4683, 0.3243, -0.3995, 0.1631, 0.2972, 0.3818,
    -0.2859, -0.4269, -0.3129, 0.1559, -0.1004, -0.1304, -0.0412, 0.0154, -0.0740, -0.4169,
  ]

### values/Q_max
  Total points: 70
  Min: 0.0868, Max: 8.7614, Mean: 5.0614
  Data: [
    0.1147, 0.1491, 0.1686, 0.1091, 0.0970, 0.1370, 0.1236, 0.1335, 0.1027, 0.1153,
    0.1714, 0.2096, 0.1189, 0.0868, 0.2248, 0.1474, 0.1368, 0.1215, 0.1365, 0.1065,
    7.5599, 7.6815, 8.0384, 3.6063, 3.4071, 6.9112, 7.1791, 8.7614, 3.6545, 8.6367,
    6.9276, 8.4647, 7.3135, 5.6298, 5.9953, 6.5665, 8.5702, 7.2618, 7.9881, 7.7626,
    6.8447, 5.6671, 7.7659, 7.3024, 7.6642, 7.6921, 7.3772, 7.3999, 7.2575, 6.9664,
    7.7738, 7.8705, 6.3953, 6.9760, 6.9464, 6.7970, 7.9280, 7.4554, 6.2302, 5.8413,
    7.4064, 7.0052, 7.4544, 7.6282, 7.3889, 7.2541, 5.6299, 6.8902, 7.0983, 7.7653,
  ]

### values/Q_min
  Total points: 70
  Min: -8.7399, Max: -0.1274, Mean: -5.0827
  Data: [
    -0.1740, -0.1374, -0.1734, -0.1844, -0.1517, -0.1516, -0.1274, -0.1974, -0.1547, -0.1408,
    -0.2168, -0.1530, -0.1523, -0.1417, -0.1297, -0.1610, -0.1380, -0.2021, -0.1335, -0.2693,
    -4.8978, -5.6340, -4.4625, -5.4951, -6.2253, -7.2861, -6.8690, -7.5334, -7.3574, -7.8569,
    -8.0108, -8.7399, -7.3631, -7.4365, -7.9415, -7.4450, -7.2959, -7.0209, -6.8513, -7.2352,
    -6.5350, -6.5841, -6.5684, -6.5295, -6.4922, -7.2970, -6.8992, -7.6149, -7.0382, -5.8520,
    -6.0202, -7.7439, -7.7187, -6.1563, -7.0925, -6.4898, -8.2145, -6.8768, -7.2024, -6.3739,
    -7.0865, -7.1656, -7.8509, -7.4976, -7.3371, -8.3338, -7.9371, -7.9111, -7.6613, -7.4575,
  ]

### values/Q_std
  Total points: 70
  Min: 0.0522, Max: 3.6526, Mean: 2.1423
  Data: [
    0.0606, 0.0537, 0.0676, 0.0615, 0.0522, 0.0607, 0.0539, 0.0604, 0.0561, 0.0558,
    0.0662, 0.0675, 0.0639, 0.0530, 0.0594, 0.0648, 0.0585, 0.0623, 0.0598, 0.0774,
    2.0949, 2.2163, 2.1640, 2.1818, 2.1309, 2.8556, 2.5620, 3.0844, 2.7506, 3.6526,
    3.1710, 3.1422, 2.7439, 2.6298, 2.7598, 2.9882, 3.2716, 3.1560, 3.2080, 3.2422,
    2.9567, 2.8953, 2.9248, 3.4872, 3.2008, 3.3148, 3.0608, 3.2327, 3.0895, 2.7125,
    2.8594, 3.0005, 3.0944, 2.9132, 3.0240, 2.7965, 3.1551, 3.0939, 2.7355, 2.8313,
    2.9736, 3.1714, 3.0864, 3.4054, 3.1413, 3.4121, 3.1547, 3.3765, 3.3461, 3.2929,
  ]
