================================================================================
W&B RUN DATA: no-tie-pen-TD3-Hockey-NORMAL-weak-lr0.0003-seed55
================================================================================

## RUN METADATA
Run ID: mgw1s6ym
Created: 2026-01-15T00:41:35Z
State: running
Duration: 30394.608421656 seconds

## CONFIGURATION
  algorithm: TD3
  mode: NORMAL
  opponent: weak
  learning_rate_actor: 0.0003
  learning_rate_critic: 0.0003
  batch_size: 1024
  buffer_size: 1000000
  max_episodes: 100000
  random_seed: 55
  self_play_start: 0
  self_play_pool_size: 25
  gamma: 0.99
  tau: 0.005

## FINAL SUMMARY

## NOTE: Data discretized to fit 100000 char limit
  Showing ~50 points per metric (of 473 total)

## METRICS DATA

### behavior/action_magnitude_avg
  Total points: 100
  Min: 0.6882, Max: 1.2455, Mean: 1.0354
  Data: [
    0.8391, 0.9417, 0.9200, 0.7966, 0.8032, 0.8400, 0.8179, 0.7720, 0.9275, 0.7398,
    0.8153, 0.7313, 0.8149, 0.8949, 0.8958, 0.8569, 0.7852, 0.8129, 0.8272, 0.7338,
    0.9255, 0.7615, 0.8269, 0.8636, 0.7708, 0.8335, 0.7911, 0.9008, 0.9146, 0.8593,
    0.8282, 0.9042, 0.8020, 0.7571, 0.6882, 0.7085, 0.7572, 0.7912, 0.7506, 0.7281,
    1.0657, 1.0884, 1.0102, 0.9754, 1.0682, 1.0575, 1.0393, 1.0146, 1.0231, 1.0576,
    1.2020, 1.1737, 1.1857, 1.1931, 1.2088, 1.2042, 1.2116, 1.1762, 1.1991, 1.1688,
    1.2325, 1.2248, 1.2301, 1.2166, 1.2188, 1.1978, 1.2452, 1.2440, 1.2055, 1.2032,
    1.1733, 1.1761, 1.2237, 1.2117, 1.1844, 1.2089, 1.2174, 1.1975, 1.2061, 1.2425,
    1.2137, 1.1994, 1.2058, 1.2235, 1.2092, 1.2360, 1.1996, 1.2111, 1.2064, 1.2102,
    1.1910, 1.2455, 1.1883, 1.2067, 1.2111, 1.2204, 1.2310, 1.2111, 1.2084, 1.2038,
  ]

### behavior/action_magnitude_max
  Total points: 100
  Min: 1.1961, Max: 1.4142, Mean: 1.3607
  Data: [
    1.2512, 1.3853, 1.3371, 1.2477, 1.2345, 1.2896, 1.2075, 1.2552, 1.3945, 1.2327,
    1.3395, 1.2352, 1.2724, 1.3218, 1.3509, 1.2820, 1.2226, 1.2400, 1.2865, 1.2594,
    1.2727, 1.2907, 1.2339, 1.3043, 1.2624, 1.2469, 1.3404, 1.2789, 1.3723, 1.3600,
    1.2694, 1.3588, 1.3075, 1.2803, 1.1961, 1.2776, 1.2115, 1.2902, 1.2501, 1.2497,
    1.3979, 1.3841, 1.4142, 1.4142, 1.4064, 1.4138, 1.4048, 1.4002, 1.4142, 1.4142,
    1.4142, 1.4142, 1.4142, 1.4142, 1.4142, 1.4142, 1.4142, 1.4122, 1.4142, 1.4142,
    1.4142, 1.4139, 1.4142, 1.4130, 1.4142, 1.4142, 1.4142, 1.4142, 1.4142, 1.4142,
    1.4142, 1.4142, 1.4142, 1.4142, 1.4142, 1.4142, 1.4142, 1.4142, 1.4142, 1.4142,
    1.4142, 1.4142, 1.4142, 1.4142, 1.4142, 1.4142, 1.4142, 1.4138, 1.4142, 1.4142,
    1.4142, 1.4142, 1.4142, 1.4142, 1.4142, 1.4116, 1.4142, 1.4142, 1.4142, 1.4142,
  ]

### behavior/dist_to_puck_avg
  Total points: 100
  Min: 2.2757, Max: 4.1860, Mean: 3.0874
  Data: [
    3.6630, 3.2353, 3.7843, 3.9841, 3.8437, 3.4754, 3.5673, 3.7451, 4.1860, 3.4766,
    3.6641, 3.4758, 3.7301, 4.1106, 3.8146, 3.9773, 3.7570, 3.5056, 3.7485, 3.7175,
    3.8405, 3.9775, 3.3603, 3.4073, 3.4885, 3.5589, 3.6685, 3.7473, 3.4579, 3.8004,
    3.5669, 3.8537, 3.4388, 3.5262, 3.3579, 3.5384, 3.4771, 3.3732, 3.4483, 3.5403,
    2.6112, 2.4000, 2.7759, 2.9948, 2.7854, 3.0328, 3.0986, 2.5736, 2.6601, 2.8278,
    2.9178, 2.5023, 2.6883, 2.3628, 2.8605, 2.5973, 2.5181, 2.9656, 2.7115, 2.6338,
    2.6989, 2.8906, 2.7457, 2.2757, 2.4609, 2.9659, 2.7891, 2.6054, 3.0357, 2.7018,
    3.0224, 2.4457, 2.7707, 2.5822, 2.6458, 2.8331, 2.7679, 2.8359, 2.7188, 2.6000,
    2.7729, 2.6418, 2.4081, 2.3819, 2.8632, 2.9113, 2.3838, 2.7463, 2.5842, 2.6508,
    2.8996, 2.6216, 2.8810, 2.6792, 2.6005, 2.7106, 2.8061, 3.0250, 2.7625, 2.6122,
  ]

### behavior/dist_to_puck_min
  Total points: 100
  Min: 0.1763, Max: 2.2483, Mean: 0.7653
  Data: [
    1.4056, 1.1744, 1.5836, 1.8228, 1.4867, 1.1526, 1.6080, 1.2895, 1.1079, 1.3635,
    1.2484, 1.6806, 1.7464, 1.5798, 1.2978, 1.6405, 1.4884, 1.4253, 1.4514, 1.4509,
    1.3613, 1.8699, 1.4123, 1.2221, 1.4289, 1.6885, 1.3909, 2.2483, 0.9302, 1.6142,
    1.7859, 1.7432, 1.1719, 1.3428, 1.5954, 1.2460, 1.7810, 1.3956, 1.4689, 1.8300,
    0.6888, 0.6761, 0.2554, 0.6271, 0.7056, 0.7700, 0.7318, 0.3941, 0.5204, 0.3247,
    0.2245, 0.2475, 0.1763, 0.2548, 0.1871, 0.2040, 0.2115, 0.2414, 0.2197, 0.2444,
    0.2544, 0.2539, 0.2589, 0.2407, 0.2865, 0.2419, 0.2457, 0.2234, 0.2516, 0.2076,
    0.2528, 0.2309, 0.1833, 0.2612, 0.2111, 0.2334, 0.1860, 0.2152, 0.2160, 0.2087,
    0.2103, 0.2167, 0.2231, 0.2294, 0.1915, 0.2142, 0.2361, 0.1973, 0.2051, 0.2235,
    0.2688, 0.2119, 0.2324, 0.2058, 0.1945, 0.2415, 0.2438, 0.2156, 0.2191, 0.2490,
  ]

### behavior/distance_traveled
  Total points: 100
  Min: 4.0738, Max: 29.9216, Mean: 16.1121
  Data: [
    7.5608, 7.2114, 8.9632, 6.6248, 7.0719, 7.1943, 7.0527, 6.2925, 6.8723, 7.0666,
    9.8810, 6.5992, 7.4268, 7.1519, 8.6492, 4.0738, 6.5438, 6.2805, 7.8419, 5.7732,
    5.6901, 9.1567, 9.1847, 7.8395, 8.9989, 7.0052, 8.1879, 8.1119, 8.3004, 7.7142,
    5.5962, 7.1800, 9.2665, 7.6887, 8.5664, 8.6393, 6.8417, 7.6286, 8.3469, 6.2249,
    7.0469, 7.1152, 14.9460, 17.0871, 12.3261, 10.6839, 14.5282, 13.9355, 10.8943, 13.1397,
    24.6601, 23.0818, 25.6671, 17.2005, 24.4688, 21.6347, 26.5567, 27.8478, 27.5827, 23.6931,
    26.2490, 22.0761, 26.1942, 15.3180, 18.0869, 29.9216, 24.9875, 28.3371, 21.1266, 23.5851,
    28.1814, 19.9538, 27.1721, 23.8640, 23.9192, 23.0998, 23.7107, 26.3328, 26.1165, 22.8723,
    22.9902, 25.6843, 20.2146, 19.6212, 23.4069, 23.7951, 19.8835, 24.8557, 21.4156, 21.4305,
    26.7429, 27.4884, 26.6583, 21.6092, 22.1013, 26.2021, 25.8499, 24.2580, 21.4143, 22.0840,
  ]

### behavior/lazy_action_ratio
  Total points: 100
  Min: 0.0000, Max: 0.0421, Mean: 0.0064
  Data: [
    0.0172, 0.0068, 0.0113, 0.0221, 0.0282, 0.0124, 0.0088, 0.0185, 0.0095, 0.0187,
    0.0120, 0.0133, 0.0100, 0.0110, 0.0032, 0.0114, 0.0143, 0.0044, 0.0259, 0.0325,
    0.0032, 0.0048, 0.0013, 0.0070, 0.0116, 0.0161, 0.0184, 0.0127, 0.0139, 0.0182,
    0.0068, 0.0100, 0.0187, 0.0229, 0.0421, 0.0134, 0.0190, 0.0167, 0.0189, 0.0145,
    0.0008, 0.0004, 0.0091, 0.0072, 0.0061, 0.0080, 0.0037, 0.0084, 0.0029, 0.0044,
    0.0000, 0.0000, 0.0000, 0.0004, 0.0000, 0.0000, 0.0000, 0.0000, 0.0000, 0.0000,
    0.0000, 0.0000, 0.0000, 0.0004, 0.0000, 0.0000, 0.0000, 0.0004, 0.0000, 0.0000,
    0.0004, 0.0000, 0.0004, 0.0000, 0.0000, 0.0000, 0.0004, 0.0012, 0.0000, 0.0000,
    0.0000, 0.0000, 0.0006, 0.0000, 0.0004, 0.0000, 0.0004, 0.0004, 0.0000, 0.0000,
    0.0000, 0.0000, 0.0000, 0.0000, 0.0000, 0.0004, 0.0000, 0.0000, 0.0000, 0.0000,
  ]

### behavior/possession_ratio
  Total points: 100
  Min: 0.0000, Max: 0.2346, Mean: 0.1060
  Data: [
    0.0020, 0.0276, 0.0112, 0.0056, 0.0056, 0.0359, 0.0000, 0.0321, 0.0224, 0.0135,
    0.0067, 0.0126, 0.0191, 0.0098, 0.0040, 0.0139, 0.0118, 0.0064, 0.0048, 0.0168,
    0.0304, 0.0004, 0.0177, 0.0223, 0.0068, 0.0000, 0.0010, 0.0000, 0.0524, 0.0113,
    0.0128, 0.0179, 0.0211, 0.0339, 0.0060, 0.0454, 0.0056, 0.0000, 0.0132, 0.0251,
    0.0565, 0.0878, 0.0908, 0.0474, 0.0623, 0.0622, 0.0505, 0.1362, 0.1115, 0.1188,
    0.1921, 0.2309, 0.1995, 0.2346, 0.2148, 0.2017, 0.1906, 0.1727, 0.1534, 0.1582,
    0.1765, 0.2075, 0.1743, 0.2171, 0.1954, 0.1752, 0.1669, 0.1871, 0.1704, 0.1890,
    0.1324, 0.1729, 0.2060, 0.1859, 0.1688, 0.1683, 0.1653, 0.1769, 0.1309, 0.1990,
    0.1958, 0.1813, 0.1905, 0.2041, 0.1968, 0.1722, 0.2136, 0.1849, 0.1890, 0.1844,
    0.1396, 0.1734, 0.1736, 0.1825, 0.2049, 0.1589, 0.1819, 0.1754, 0.2217, 0.1485,
  ]

### behavior/puck_touches
  Total points: 100
  Min: 0.0000, Max: 7.7000, Mean: 2.4620
  Data: [
    0.2000, 0.4000, 0.3000, 0.1000, 0.2000, 0.3000, 0.0000, 0.3000, 0.4000, 0.2000,
    0.1000, 0.5000, 0.2000, 1.7000, 0.5000, 0.2000, 0.3000, 0.5000, 0.1000, 0.3000,
    0.2000, 0.1000, 0.4000, 0.6000, 0.6000, 0.0000, 0.2000, 0.0000, 1.5000, 0.3000,
    0.2000, 0.2000, 0.4000, 0.5000, 0.3000, 0.4000, 0.1000, 0.0000, 0.4000, 0.4000,
    0.7000, 0.8000, 1.6000, 1.0000, 2.4000, 0.5000, 1.0000, 2.1000, 1.6000, 2.0000,
    4.2000, 4.5000, 4.2000, 2.9000, 7.7000, 5.5000, 6.5000, 6.4000, 3.8000, 2.8000,
    3.8000, 3.5000, 4.7000, 2.9000, 3.9000, 4.6000, 3.6000, 4.9000, 4.4000, 3.8000,
    3.1000, 2.5000, 4.0000, 2.6000, 3.5000, 3.0000, 4.6000, 4.5000, 4.8000, 6.5000,
    5.3000, 5.3000, 3.7000, 5.0000, 6.8000, 5.3000, 5.2000, 3.8000, 4.6000, 4.2000,
    2.7000, 5.7000, 5.5000, 3.6000, 5.2000, 4.0000, 3.0000, 5.1000, 4.0000, 3.2000,
  ]

### behavior/shoot_action_avg
  Total points: 100
  Min: -0.5368, Max: 0.2166, Mean: -0.2038
  Data: [
    -0.0276, -0.3518, -0.0650, -0.1803, -0.3032, -0.2443, 0.0021, -0.2708, -0.3333, -0.1750,
    0.0774, -0.1248, -0.2475, 0.2162, -0.1949, -0.2255, -0.2126, 0.0648, -0.1248, -0.4461,
    -0.1388, 0.1651, -0.1862, 0.2166, 0.0208, -0.0844, 0.1978, -0.2244, -0.0154, 0.1019,
    -0.0287, 0.0272, -0.4286, -0.1326, 0.0695, 0.0532, -0.0715, -0.2133, -0.2492, -0.1931,
    -0.1788, -0.1320, -0.1792, -0.0812, -0.0942, 0.1652, 0.0607, -0.1217, -0.1273, -0.0227,
    -0.1711, -0.3017, -0.3862, -0.5368, -0.3606, -0.3050, -0.3168, -0.3198, -0.3135, -0.2872,
    -0.2984, -0.3479, -0.2439, -0.3606, -0.3433, -0.1899, -0.2579, -0.3409, -0.4163, -0.2715,
    -0.1921, -0.3701, -0.3934, -0.4257, -0.1967, -0.1733, -0.3080, -0.2553, -0.3805, -0.2037,
    -0.3965, -0.3623, -0.3187, -0.3564, -0.1427, -0.3020, -0.2964, -0.1992, -0.2345, -0.3119,
    -0.2805, -0.1119, -0.3705, -0.2176, -0.3625, -0.4225, -0.3349, -0.2373, -0.4630, -0.4005,
  ]

### behavior/shoot_action_when_possess
  Total points: 100
  Min: -0.9723, Max: 0.2000, Mean: -0.4831
  Data: [
    0.0391, 0.0018, -0.0197, -0.0601, -0.1000, -0.0440, 0.0000, -0.2141, -0.1318, -0.0134,
    -0.0974, 0.0849, -0.0039, 0.0531, 0.1419, -0.1000, -0.0021, 0.0070, 0.0069, -0.1998,
    -0.1866, 0.0725, -0.0663, 0.0332, 0.0641, 0.0000, 0.2000, 0.0000, -0.1971, 0.0111,
    0.0223, -0.0486, -0.0569, -0.1321, 0.0667, 0.0055, -0.0309, 0.0000, -0.0268, -0.0300,
    -0.0753, -0.2979, -0.7111, -0.4972, -0.2361, -0.2611, -0.3119, -0.6640, -0.4942, -0.4409,
    -0.8746, -0.9392, -0.9075, -0.9723, -0.9150, -0.8557, -0.8967, -0.9640, -0.9483, -0.9093,
    -0.8851, -0.8821, -0.7910, -0.8808, -0.8256, -0.8128, -0.8669, -0.8401, -0.8293, -0.8852,
    -0.8306, -0.7925, -0.8608, -0.8931, -0.8342, -0.8545, -0.7943, -0.8554, -0.9296, -0.7785,
    -0.9311, -0.8691, -0.9151, -0.9174, -0.8324, -0.7977, -0.6969, -0.8322, -0.8711, -0.7837,
    -0.9095, -0.8521, -0.9012, -0.8414, -0.8605, -0.8986, -0.8533, -0.8652, -0.9174, -0.9224,
  ]

### behavior/time_near_puck
  Total points: 100
  Min: 0.0000, Max: 38.4000, Mean: 16.9700
  Data: [
    0.5000, 4.4000, 2.8000, 1.3000, 1.6000, 4.1000, 0.0000, 3.9000, 4.1000, 1.9000,
    1.5000, 3.0000, 3.2000, 1.8000, 1.2000, 1.5000, 0.8000, 1.6000, 1.1000, 4.0000,
    2.6000, 0.0000, 1.9000, 3.0000, 1.5000, 0.0000, 0.1000, 0.2000, 11.3000, 1.4000,
    1.4000, 1.3000, 4.3000, 5.5000, 1.4000, 4.2000, 1.3000, 0.1000, 2.6000, 3.1000,
    4.7000, 8.7000, 14.1000, 9.2000, 9.5000, 5.3000, 9.1000, 20.6000, 11.6000, 18.2000,
    30.4000, 35.6000, 36.7000, 28.6000, 37.7000, 29.4000, 38.4000, 37.8000, 29.4000, 26.1000,
    26.5000, 24.9000, 30.6000, 23.9000, 24.9000, 36.3000, 27.5000, 34.6000, 27.4000, 30.8000,
    25.4000, 23.3000, 37.0000, 26.6000, 24.9000, 30.0000, 27.5000, 28.8000, 25.2000, 31.1000,
    30.0000, 31.7000, 26.6000, 30.4000, 31.5000, 31.2000, 34.9000, 33.6000, 29.7000, 25.5000,
    23.9000, 31.8000, 36.3000, 27.7000, 31.4000, 26.4000, 30.0000, 27.5000, 32.1000, 25.0000,
  ]

### behavior/velocity_avg
  Total points: 100
  Min: 0.0435, Max: 0.1456, Mean: 0.1009
  Data: [
    0.0560, 0.0541, 0.0480, 0.0455, 0.0553, 0.0590, 0.0700, 0.0655, 0.0472, 0.0615,
    0.0512, 0.0660, 0.0600, 0.0473, 0.0497, 0.0541, 0.0520, 0.0492, 0.0495, 0.0477,
    0.0477, 0.0570, 0.0725, 0.0512, 0.0591, 0.0578, 0.0575, 0.0617, 0.0503, 0.0500,
    0.0499, 0.0435, 0.0513, 0.0639, 0.0579, 0.0499, 0.0635, 0.0537, 0.0614, 0.0706,
    0.0816, 0.0759, 0.0897, 0.0983, 0.1090, 0.1066, 0.1122, 0.0949, 0.1020, 0.0970,
    0.1450, 0.1369, 0.1351, 0.1357, 0.1335, 0.1445, 0.1356, 0.1296, 0.1400, 0.1396,
    0.1408, 0.1421, 0.1456, 0.1346, 0.1421, 0.1434, 0.1424, 0.1440, 0.1369, 0.1397,
    0.1378, 0.1367, 0.1367, 0.1427, 0.1375, 0.1361, 0.1329, 0.1420, 0.1374, 0.1363,
    0.1365, 0.1385, 0.1355, 0.1349, 0.1387, 0.1345, 0.1339, 0.1385, 0.1444, 0.1384,
    0.1358, 0.1406, 0.1376, 0.1398, 0.1378, 0.1324, 0.1320, 0.1423, 0.1387, 0.1335,
  ]

### behavior/velocity_max
  Total points: 100
  Min: 0.1678, Max: 0.2531, Mean: 0.2234
  Data: [
    0.2072, 0.1934, 0.2073, 0.1860, 0.1975, 0.1943, 0.2096, 0.1920, 0.1976, 0.1967,
    0.2045, 0.2052, 0.2054, 0.1945, 0.2017, 0.2080, 0.1870, 0.2033, 0.1873, 0.1678,
    0.1996, 0.2030, 0.2093, 0.1943, 0.1946, 0.1939, 0.2113, 0.2091, 0.2065, 0.2077,
    0.1932, 0.2009, 0.2086, 0.2061, 0.2013, 0.1820, 0.1935, 0.1992, 0.1941, 0.2035,
    0.2200, 0.2184, 0.2234, 0.2260, 0.2185, 0.2264, 0.2293, 0.2234, 0.2355, 0.2252,
    0.2439, 0.2416, 0.2455, 0.2430, 0.2431, 0.2374, 0.2416, 0.2446, 0.2460, 0.2397,
    0.2478, 0.2386, 0.2486, 0.2391, 0.2418, 0.2420, 0.2495, 0.2531, 0.2361, 0.2423,
    0.2386, 0.2349, 0.2478, 0.2414, 0.2434, 0.2408, 0.2405, 0.2458, 0.2453, 0.2448,
    0.2427, 0.2423, 0.2447, 0.2415, 0.2391, 0.2377, 0.2454, 0.2486, 0.2388, 0.2412,
    0.2460, 0.2463, 0.2441, 0.2367, 0.2395, 0.2421, 0.2411, 0.2451, 0.2468, 0.2400,
  ]

### eval/strong/avg_reward
  Total points: 23
  Min: -25.2811, Max: -3.9975, Mean: -7.3596
  Data: [
    -25.2811, -19.1269, -6.3208, -5.5841, -9.2720, -5.4209, -4.6878, -6.9950, -7.0152, -5.0663,
    -6.1635, -7.2282, -4.7587, -5.2137, -6.4963, -6.4976, -7.4143, -4.9578, -6.3295, -4.9931,
    -3.9975, -5.9163, -4.5343,
  ]

### eval/strong/loss_rate
  Total points: 23
  Min: 0.2700, Max: 0.5200, Mean: 0.4035
  Data: [
    0.2700, 0.3000, 0.4200, 0.4300, 0.5000, 0.3700, 0.3100, 0.3900, 0.4400, 0.3900,
    0.4200, 0.5200, 0.3800, 0.3800, 0.4800, 0.4600, 0.4500, 0.3300, 0.5000, 0.4400,
    0.2800, 0.4000, 0.4200,
  ]

### eval/strong/losses
  Total points: 23
  Min: 27.0000, Max: 52.0000, Mean: 40.3478
  Data: [
    27.0000, 30.0000, 42.0000, 43.0000, 50.0000, 37.0000, 31.0000, 39.0000, 44.0000, 39.0000,
    42.0000, 52.0000, 38.0000, 38.0000, 48.0000, 46.0000, 45.0000, 33.0000, 50.0000, 44.0000,
    28.0000, 40.0000, 42.0000,
  ]

### eval/strong/tie_rate
  Total points: 23
  Min: 0.2700, Max: 0.6800, Mean: 0.3848
  Data: [
    0.6800, 0.6100, 0.3100, 0.3100, 0.3500, 0.4000, 0.4400, 0.4500, 0.4000, 0.3400,
    0.4200, 0.2800, 0.3600, 0.3800, 0.3500, 0.3800, 0.3900, 0.3800, 0.2700, 0.2700,
    0.4200, 0.3700, 0.2900,
  ]

### eval/strong/ties
  Total points: 23
  Min: 27.0000, Max: 68.0000, Mean: 38.4783
  Data: [
    68.0000, 61.0000, 31.0000, 31.0000, 35.0000, 40.0000, 44.0000, 45.0000, 40.0000, 34.0000,
    42.0000, 28.0000, 36.0000, 38.0000, 35.0000, 38.0000, 39.0000, 38.0000, 27.0000, 27.0000,
    42.0000, 37.0000, 29.0000,
  ]

### eval/strong/win_rate
  Total points: 23
  Min: 0.0500, Max: 0.3000, Mean: 0.2117
  Data: [
    0.0500, 0.0900, 0.2700, 0.2600, 0.1500, 0.2300, 0.2500, 0.1600, 0.1600, 0.2700,
    0.1600, 0.2000, 0.2600, 0.2400, 0.1700, 0.1600, 0.1600, 0.2900, 0.2300, 0.2900,
    0.3000, 0.2300, 0.2900,
  ]

### eval/strong/win_rate_decisive
  Total points: 23
  Min: 0.1562, Max: 0.5172, Mean: 0.3384
  Data: [
    0.1562, 0.2308, 0.3913, 0.3768, 0.2308, 0.3833, 0.4464, 0.2909, 0.2667, 0.4091,
    0.2759, 0.2778, 0.4062, 0.3871, 0.2615, 0.2581, 0.2623, 0.4677, 0.3151, 0.3973,
    0.5172, 0.3651, 0.4085,
  ]

### eval/strong/wins
  Total points: 23
  Min: 5.0000, Max: 30.0000, Mean: 21.1739
  Data: [
    5.0000, 9.0000, 27.0000, 26.0000, 15.0000, 23.0000, 25.0000, 16.0000, 16.0000, 27.0000,
    16.0000, 20.0000, 26.0000, 24.0000, 17.0000, 16.0000, 16.0000, 29.0000, 23.0000, 29.0000,
    30.0000, 23.0000, 29.0000,
  ]

### eval/weak/avg_reward
  Total points: 23
  Min: -27.0741, Max: -0.4813, Mean: -5.7646
  Data: [
    -27.0741, -18.9312, -8.2007, -5.2418, -3.6423, -4.9656, -3.5424, -0.4813, -3.3625, -2.5810,
    -4.6980, -6.6706, -5.1010, -4.8808, -4.5652, -3.9978, -4.4269, -4.1832, -4.0140, -2.9473,
    -2.3246, -3.6603, -3.0931,
  ]

### eval/weak/loss_rate
  Total points: 23
  Min: 0.1700, Max: 0.5900, Mean: 0.3487
  Data: [
    0.4400, 0.2400, 0.5900, 0.5300, 0.4300, 0.4200, 0.3900, 0.2200, 0.2400, 0.3100,
    0.3900, 0.5100, 0.3700, 0.2800, 0.3600, 0.3400, 0.3500, 0.3000, 0.3500, 0.3100,
    0.1700, 0.2300, 0.2500,
  ]

### eval/weak/losses
  Total points: 23
  Min: 17.0000, Max: 59.0000, Mean: 34.8696
  Data: [
    44.0000, 24.0000, 59.0000, 53.0000, 43.0000, 42.0000, 39.0000, 22.0000, 24.0000, 31.0000,
    39.0000, 51.0000, 37.0000, 28.0000, 36.0000, 34.0000, 35.0000, 30.0000, 35.0000, 31.0000,
    17.0000, 23.0000, 25.0000,
  ]

### eval/weak/tie_rate
  Total points: 23
  Min: 0.1900, Max: 0.7000, Mean: 0.4439
  Data: [
    0.5500, 0.7000, 0.2500, 0.1900, 0.2700, 0.3800, 0.3200, 0.3900, 0.5700, 0.4300,
    0.4000, 0.3200, 0.4900, 0.6200, 0.4900, 0.4800, 0.4500, 0.4600, 0.3900, 0.4100,
    0.5600, 0.5700, 0.5200,
  ]

### eval/weak/ties
  Total points: 23
  Min: 19.0000, Max: 70.0000, Mean: 44.3913
  Data: [
    55.0000, 70.0000, 25.0000, 19.0000, 27.0000, 38.0000, 32.0000, 39.0000, 57.0000, 43.0000,
    40.0000, 32.0000, 49.0000, 62.0000, 49.0000, 48.0000, 45.0000, 46.0000, 39.0000, 41.0000,
    56.0000, 57.0000, 52.0000,
  ]

### eval/weak/win_rate
  Total points: 23
  Min: 0.0100, Max: 0.3900, Mean: 0.2074
  Data: [
    0.0100, 0.0600, 0.1600, 0.2800, 0.3000, 0.2000, 0.2900, 0.3900, 0.1900, 0.2600,
    0.2100, 0.1700, 0.1400, 0.1000, 0.1500, 0.1800, 0.2000, 0.2400, 0.2600, 0.2800,
    0.2700, 0.2000, 0.2300,
  ]

### eval/weak/win_rate_decisive
  Total points: 23
  Min: 0.0222, Max: 0.6393, Mean: 0.3706
  Data: [
    0.0222, 0.2000, 0.2133, 0.3457, 0.4110, 0.3226, 0.4265, 0.6393, 0.4419, 0.4561,
    0.3500, 0.2500, 0.2745, 0.2632, 0.2941, 0.3462, 0.3636, 0.4444, 0.4262, 0.4746,
    0.6136, 0.4651, 0.4792,
  ]

### eval/weak/wins
  Total points: 23
  Min: 1.0000, Max: 39.0000, Mean: 20.7391
  Data: [
    1.0000, 6.0000, 16.0000, 28.0000, 30.0000, 20.0000, 29.0000, 39.0000, 19.0000, 26.0000,
    21.0000, 17.0000, 14.0000, 10.0000, 15.0000, 18.0000, 20.0000, 24.0000, 26.0000, 28.0000,
    27.0000, 20.0000, 23.0000,
  ]

### gradients/actor_grad_norm
  Total points: 100
  Min: 0.0000, Max: 0.2643, Mean: 0.0684
  Data: [
    0.0000, 0.0000, 0.0000, 0.0000, 0.0000, 0.0000, 0.0000, 0.0000, 0.0000, 0.0000,
    0.0000, 0.0000, 0.0000, 0.0000, 0.0000, 0.0000, 0.0000, 0.0000, 0.0000, 0.0000,
    0.0000, 0.0000, 0.0000, 0.0000, 0.0000, 0.0000, 0.0000, 0.0000, 0.0000, 0.0000,
    0.0000, 0.0000, 0.0000, 0.0000, 0.0000, 0.0000, 0.0000, 0.0000, 0.0000, 0.0967,
    0.1656, 0.0461, 0.0598, 0.0488, 0.0444, 0.0586, 0.0498, 0.0454, 0.0641, 0.0400,
    0.1155, 0.1011, 0.1172, 0.1115, 0.1174, 0.1137, 0.1158, 0.1551, 0.1400, 0.1001,
    0.1113, 0.1104, 0.1599, 0.0912, 0.0948, 0.1235, 0.1117, 0.1028, 0.1272, 0.1318,
    0.0887, 0.1080, 0.1228, 0.1191, 0.1176, 0.1105, 0.1167, 0.1239, 0.1319, 0.1349,
    0.1181, 0.1375, 0.1550, 0.1157, 0.2643, 0.1376, 0.1314, 0.0897, 0.1071, 0.1077,
    0.1033, 0.1541, 0.0877, 0.1092, 0.0905, 0.0966, 0.1911, 0.1370, 0.1650, 0.1007,
  ]

### gradients/critic_grad_norm
  Total points: 100
  Min: 0.0000, Max: 0.2216, Mean: 0.0653
  Data: [
    0.0000, 0.0000, 0.0000, 0.0000, 0.0000, 0.0000, 0.0000, 0.0000, 0.0000, 0.0000,
    0.0000, 0.0000, 0.0000, 0.0000, 0.0000, 0.0000, 0.0000, 0.0000, 0.0000, 0.0000,
    0.0000, 0.0000, 0.0000, 0.0000, 0.0000, 0.0000, 0.0000, 0.0000, 0.0000, 0.0000,
    0.0000, 0.0000, 0.0000, 0.0000, 0.0000, 0.0000, 0.0000, 0.0000, 0.0000, 0.1310,
    0.1106, 0.1532, 0.2216, 0.1757, 0.1930, 0.2080, 0.1636, 0.1972, 0.1949, 0.1741,
    0.0790, 0.0843, 0.1009, 0.1063, 0.1070, 0.0783, 0.1118, 0.1134, 0.0672, 0.0872,
    0.0579, 0.1131, 0.0767, 0.1087, 0.0970, 0.0970, 0.0713, 0.0882, 0.0750, 0.1174,
    0.0741, 0.1001, 0.1357, 0.1204, 0.0879, 0.0762, 0.0628, 0.0856, 0.0870, 0.0776,
    0.0775, 0.1113, 0.0867, 0.0796, 0.0822, 0.1135, 0.1065, 0.0793, 0.1113, 0.1274,
    0.0622, 0.0934, 0.0914, 0.1306, 0.0783, 0.0915, 0.0822, 0.0654, 0.1025, 0.0878,
  ]

### losses/actor_loss
  Total points: 100
  Min: -0.1950, Max: 1.0932, Mean: 0.0309
  Data: [
    0.0000, 0.0000, 0.0000, 0.0000, 0.0000, 0.0000, 0.0000, 0.0000, 0.0000, 0.0000,
    0.0000, 0.0000, 0.0000, 0.0000, 0.0000, 0.0000, 0.0000, 0.0000, 0.0000, 0.0000,
    0.0000, 0.0000, 0.0000, 0.0000, 0.0000, 0.0000, 0.0000, 0.0000, 0.0000, 0.0000,
    0.0000, 0.0000, 0.0000, 0.0000, 0.0000, 0.0000, 0.0000, 0.0000, 0.0000, 0.2229,
    0.4676, 0.6570, 0.8006, 0.8371, 0.8631, 0.9145, 0.9564, 1.0244, 1.0893, 1.0932,
    -0.0826, -0.0516, -0.0782, -0.0968, -0.0477, -0.0647, -0.1018, -0.0394, -0.0779, -0.0740,
    -0.0779, -0.0878, -0.1072, -0.0678, -0.1020, -0.0905, -0.1155, -0.0996, -0.1119, -0.1075,
    -0.1002, -0.1128, -0.0970, -0.1305, -0.1353, -0.1059, -0.1384, -0.1078, -0.1926, -0.1537,
    -0.1281, -0.0983, -0.0939, -0.1413, -0.1185, -0.1525, -0.1162, -0.1311, -0.1494, -0.1634,
    -0.1686, -0.1478, -0.1371, -0.1536, -0.1359, -0.1509, -0.1950, -0.1690, -0.1883, -0.1439,
  ]

### losses/critic_loss
  Total points: 100
  Min: 0.0000, Max: 0.0821, Mean: 0.0093
  Data: [
    0.0000, 0.0000, 0.0000, 0.0000, 0.0000, 0.0000, 0.0000, 0.0000, 0.0000, 0.0000,
    0.0000, 0.0000, 0.0000, 0.0000, 0.0000, 0.0000, 0.0000, 0.0000, 0.0000, 0.0000,
    0.0000, 0.0000, 0.0000, 0.0000, 0.0000, 0.0000, 0.0000, 0.0000, 0.0000, 0.0000,
    0.0000, 0.0000, 0.0000, 0.0000, 0.0000, 0.0000, 0.0000, 0.0000, 0.0000, 0.0353,
    0.0821, 0.0604, 0.0514, 0.0370, 0.0374, 0.0365, 0.0330, 0.0359, 0.0405, 0.0373,
    0.0067, 0.0070, 0.0100, 0.0109, 0.0091, 0.0074, 0.0097, 0.0085, 0.0086, 0.0087,
    0.0075, 0.0088, 0.0080, 0.0084, 0.0090, 0.0095, 0.0077, 0.0075, 0.0075, 0.0103,
    0.0068, 0.0079, 0.0117, 0.0110, 0.0086, 0.0078, 0.0072, 0.0077, 0.0090, 0.0096,
    0.0085, 0.0104, 0.0079, 0.0083, 0.0088, 0.0100, 0.0098, 0.0095, 0.0101, 0.0084,
    0.0073, 0.0084, 0.0095, 0.0102, 0.0098, 0.0099, 0.0089, 0.0067, 0.0107, 0.0081,
  ]

### pbrs/avg_per_episode
  Total points: 100
  Min: 0.6085, Max: 0.8118, Mean: 0.6374
  Data: [
    0.8118, 0.6887, 0.6445, 0.6557, 0.6414, 0.6099, 0.6309, 0.6260, 0.6209, 0.6085,
    0.6142, 0.6307, 0.6393, 0.6499, 0.6475, 0.6511, 0.6459, 0.6469, 0.6390, 0.6349,
    0.6340, 0.6378, 0.6354, 0.6333, 0.6290, 0.6300, 0.6339, 0.6276, 0.6287, 0.6303,
    0.6368, 0.6336, 0.6319, 0.6330, 0.6334, 0.6337, 0.6391, 0.6419, 0.6399, 0.6441,
    0.6509, 0.6551, 0.6592, 0.6622, 0.6674, 0.6782, 0.6821, 0.6867, 0.6914, 0.6929,
    0.6427, 0.6421, 0.6414, 0.6406, 0.6397, 0.6391, 0.6383, 0.6376, 0.6366, 0.6361,
    0.6350, 0.6342, 0.6338, 0.6333, 0.6332, 0.6323, 0.6323, 0.6316, 0.6311, 0.6306,
    0.6297, 0.6299, 0.6293, 0.6284, 0.6276, 0.6269, 0.6259, 0.6249, 0.6246, 0.6241,
    0.6236, 0.6232, 0.6227, 0.6224, 0.6221, 0.6217, 0.6221, 0.6212, 0.6206, 0.6204,
    0.6193, 0.6188, 0.6184, 0.6185, 0.6178, 0.6172, 0.6166, 0.6159, 0.6150, 0.6146,
  ]

### per/beta
  Total points: 43
  Min: 0.4629, Max: 1.0000, Mean: 0.9562
  Data: [
    0.4629, 0.6316, 0.6896, 0.7497, 0.8255, 0.8781, 0.9374, 0.9654, 0.9758, 1.0000,
    1.0000, 1.0000, 1.0000, 1.0000, 1.0000, 1.0000, 1.0000, 1.0000, 1.0000, 1.0000,
    1.0000, 1.0000, 1.0000, 1.0000, 1.0000, 1.0000, 1.0000, 1.0000, 1.0000, 1.0000,
    1.0000, 1.0000, 1.0000, 1.0000, 1.0000, 1.0000, 1.0000, 1.0000, 1.0000, 1.0000,
    1.0000, 1.0000, 1.0000,
  ]

### per/is_weight_max
  Total points: 43
  Min: 1.0000, Max: 1.0000, Mean: 1.0000
  Data: [
    1.0000, 1.0000, 1.0000, 1.0000, 1.0000, 1.0000, 1.0000, 1.0000, 1.0000, 1.0000,
    1.0000, 1.0000, 1.0000, 1.0000, 1.0000, 1.0000, 1.0000, 1.0000, 1.0000, 1.0000,
    1.0000, 1.0000, 1.0000, 1.0000, 1.0000, 1.0000, 1.0000, 1.0000, 1.0000, 1.0000,
    1.0000, 1.0000, 1.0000, 1.0000, 1.0000, 1.0000, 1.0000, 1.0000, 1.0000, 1.0000,
    1.0000, 1.0000, 1.0000,
  ]

### per/is_weight_mean
  Total points: 43
  Min: 0.0070, Max: 0.1879, Mean: 0.0502
  Data: [
    0.1879, 0.1322, 0.0838, 0.0632, 0.0505, 0.0562, 0.0337, 0.0537, 0.0232, 0.0439,
    0.0546, 0.0343, 0.0093, 0.0667, 0.0244, 0.0379, 0.0578, 0.0233, 0.0370, 0.0288,
    0.0070, 0.0442, 0.0125, 0.0124, 0.0395, 0.0579, 0.0510, 0.0721, 0.0460, 0.0352,
    0.0244, 0.0135, 0.0613, 0.0586, 0.0465, 0.0424, 0.0330, 0.0597, 0.0444, 0.1104,
    0.0574, 0.0591, 0.0692,
  ]

### per/is_weight_min
  Total points: 43
  Min: 0.0004, Max: 0.0501, Mean: 0.0045
  Data: [
    0.0501, 0.0221, 0.0119, 0.0070, 0.0047, 0.0045, 0.0024, 0.0033, 0.0013, 0.0028,
    0.0036, 0.0018, 0.0005, 0.0041, 0.0014, 0.0022, 0.0034, 0.0014, 0.0022, 0.0017,
    0.0004, 0.0027, 0.0007, 0.0006, 0.0024, 0.0034, 0.0031, 0.0042, 0.0028, 0.0020,
    0.0012, 0.0007, 0.0038, 0.0034, 0.0027, 0.0023, 0.0018, 0.0033, 0.0025, 0.0070,
    0.0032, 0.0035, 0.0044,
  ]

### per/is_weight_std
  Total points: 43
  Min: 0.0321, Max: 0.1042, Mean: 0.0638
  Data: [
    0.0900, 0.0908, 0.0678, 0.0685, 0.0656, 0.0678, 0.0506, 0.0730, 0.0457, 0.0582,
    0.0642, 0.0564, 0.0327, 0.0857, 0.0469, 0.0590, 0.0763, 0.0446, 0.0581, 0.0550,
    0.0321, 0.0566, 0.0366, 0.0375, 0.0538, 0.0819, 0.0670, 0.0849, 0.0591, 0.0571,
    0.0520, 0.0357, 0.0728, 0.0785, 0.0739, 0.0634, 0.0555, 0.0817, 0.0660, 0.1042,
    0.0817, 0.0828, 0.0700,
  ]

### per/max_priority
  Total points: 43
  Min: 10.7651, Max: 12.7792, Mean: 12.7324
  Data: [
    10.7651, 12.7792, 12.7792, 12.7792, 12.7792, 12.7792, 12.7792, 12.7792, 12.7792, 12.7792,
    12.7792, 12.7792, 12.7792, 12.7792, 12.7792, 12.7792, 12.7792, 12.7792, 12.7792, 12.7792,
    12.7792, 12.7792, 12.7792, 12.7792, 12.7792, 12.7792, 12.7792, 12.7792, 12.7792, 12.7792,
    12.7792, 12.7792, 12.7792, 12.7792, 12.7792, 12.7792, 12.7792, 12.7792, 12.7792, 12.7792,
    12.7792, 12.7792, 12.7792,
  ]

### per/n_entries
  Total points: 43
  Min: 419940.0000, Max: 1000000.0000, Mean: 970191.1628
  Data: [
    419940.0000, 681160.0000, 770750.0000, 864020.0000, 982350.0000, 1000000.0000, 1000000.0000, 1000000.0000, 1000000.0000, 1000000.0000,
    1000000.0000, 1000000.0000, 1000000.0000, 1000000.0000, 1000000.0000, 1000000.0000, 1000000.0000, 1000000.0000, 1000000.0000, 1000000.0000,
    1000000.0000, 1000000.0000, 1000000.0000, 1000000.0000, 1000000.0000, 1000000.0000, 1000000.0000, 1000000.0000, 1000000.0000, 1000000.0000,
    1000000.0000, 1000000.0000, 1000000.0000, 1000000.0000, 1000000.0000, 1000000.0000, 1000000.0000, 1000000.0000, 1000000.0000, 1000000.0000,
    1000000.0000, 1000000.0000, 1000000.0000,
  ]

### per/td_error_max
  Total points: 43
  Min: 5.4416, Max: 11.4595, Mean: 7.9778
  Data: [
    8.7656, 11.4595, 10.3834, 6.9881, 9.7909, 9.6080, 6.9948, 7.1738, 7.0335, 6.5213,
    9.5795, 9.1464, 7.6967, 7.1193, 7.7325, 7.3764, 8.5790, 5.4416, 8.3510, 7.5456,
    6.5784, 6.3172, 7.8601, 7.7489, 8.9080, 7.7973, 7.5042, 7.7165, 8.8103, 10.0997,
    8.5004, 5.6231, 9.2157, 6.5926, 6.2401, 8.2664, 6.6138, 8.5020, 10.1461, 7.9579,
    6.2369, 8.5306, 7.9930,
  ]

### per/td_error_mean
  Total points: 43
  Min: 0.3649, Max: 0.5144, Mean: 0.4488
  Data: [
    0.3649, 0.3996, 0.4448, 0.4304, 0.4178, 0.4017, 0.4479, 0.5144, 0.4957, 0.4996,
    0.4853, 0.4479, 0.4799, 0.4680, 0.4452, 0.4586, 0.4499, 0.5000, 0.4715, 0.4931,
    0.4422, 0.4264, 0.4915, 0.4906, 0.4326, 0.4271, 0.4538, 0.4239, 0.4046, 0.4153,
    0.4446, 0.4247, 0.4653, 0.3905, 0.4357, 0.4459, 0.4540, 0.4556, 0.4620, 0.4683,
    0.4259, 0.4719, 0.4286,
  ]

### per/td_error_min
  Total points: 43
  Min: 0.0000, Max: 0.0013, Mean: 0.0003
  Data: [
    0.0001, 0.0001, 0.0002, 0.0004, 0.0001, 0.0001, 0.0004, 0.0000, 0.0003, 0.0001,
    0.0002, 0.0006, 0.0005, 0.0001, 0.0002, 0.0003, 0.0005, 0.0002, 0.0006, 0.0002,
    0.0003, 0.0013, 0.0003, 0.0002, 0.0001, 0.0008, 0.0013, 0.0003, 0.0000, 0.0001,
    0.0001, 0.0001, 0.0000, 0.0002, 0.0002, 0.0002, 0.0002, 0.0000, 0.0002, 0.0001,
    0.0003, 0.0005, 0.0003,
  ]

### per/td_error_std
  Total points: 43
  Min: 0.6522, Max: 0.9083, Mean: 0.7718
  Data: [
    0.8035, 0.8779, 0.9083, 0.8345, 0.7775, 0.7585, 0.7187, 0.7852, 0.8264, 0.8230,
    0.8361, 0.7987, 0.7854, 0.8312, 0.7677, 0.7427, 0.7529, 0.7440, 0.8214, 0.9020,
    0.6844, 0.6967, 0.7666, 0.6808, 0.7666, 0.7782, 0.7987, 0.7963, 0.6897, 0.6704,
    0.7204, 0.6873, 0.8250, 0.6522, 0.6878, 0.7824, 0.7869, 0.7658, 0.8533, 0.8007,
    0.7127, 0.7869, 0.7008,
  ]

### per/total_priority
  Total points: 43
  Min: 80272.5815, Max: 270988.6955, Mean: 253373.1817
  Data: [
    80272.5815, 151987.2292, 177892.9736, 206911.3325, 238162.5617, 248125.0989, 254389.1753, 259143.5026, 258615.3908, 269999.7470,
    269536.6604, 268761.5779, 268378.4692, 269485.7972, 270620.4763, 270585.6557, 269587.2367, 270988.6955, 270029.3041, 269503.7414,
    267478.5014, 267217.3708, 267134.7510, 266849.9874, 266392.3003, 265352.4748, 263317.0910, 261043.9782, 260207.6153, 259684.5899,
    259281.8066, 259864.5128, 261162.0549, 262907.0684, 263495.1769, 263206.2990, 263556.0605, 262403.5914, 262770.8792, 262664.4940,
    262064.2413, 262452.5586, 261562.2015,
  ]

### performance/cumulative_win_rate
  Total points: 100
  Min: 0.0000, Max: 0.1981, Mean: 0.1143
  Data: [
    0.0000, 0.0200, 0.0200, 0.0250, 0.0320, 0.0400, 0.0429, 0.0400, 0.0356, 0.0340,
    0.0345, 0.0350, 0.0338, 0.0314, 0.0320, 0.0362, 0.0376, 0.0367, 0.0358, 0.0370,
    0.0362, 0.0345, 0.0348, 0.0358, 0.0352, 0.0346, 0.0341, 0.0329, 0.0317, 0.0313,
    0.0323, 0.0319, 0.0315, 0.0318, 0.0314, 0.0317, 0.0314, 0.0311, 0.0313, 0.0310,
    0.0327, 0.0386, 0.0391, 0.0382, 0.0400, 0.0409, 0.0413, 0.0437, 0.0461, 0.0480,
    0.1899, 0.1901, 0.1901, 0.1904, 0.1907, 0.1910, 0.1913, 0.1912, 0.1913, 0.1915,
    0.1918, 0.1922, 0.1924, 0.1927, 0.1928, 0.1930, 0.1932, 0.1932, 0.1936, 0.1939,
    0.1940, 0.1939, 0.1941, 0.1944, 0.1947, 0.1948, 0.1951, 0.1953, 0.1953, 0.1954,
    0.1955, 0.1957, 0.1960, 0.1961, 0.1962, 0.1964, 0.1965, 0.1964, 0.1967, 0.1966,
    0.1970, 0.1972, 0.1973, 0.1976, 0.1976, 0.1977, 0.1977, 0.1979, 0.1980, 0.1981,
  ]

### performance/losses
  Total points: 100
  Min: 25.0000, Max: 9990.0000, Mean: 5066.1600
  Data: [
    25.0000, 42.0000, 60.0000, 82.0000, 99.0000, 115.0000, 140.0000, 159.0000, 177.0000, 194.0000,
    215.0000, 241.0000, 264.0000, 289.0000, 310.0000, 333.0000, 351.0000, 373.0000, 389.0000, 408.0000,
    428.0000, 450.0000, 469.0000, 488.0000, 506.0000, 527.0000, 551.0000, 566.0000, 587.0000, 609.0000,
    635.0000, 652.0000, 671.0000, 692.0000, 713.0000, 734.0000, 760.0000, 784.0000, 803.0000, 828.0000,
    855.0000, 880.0000, 904.0000, 929.0000, 958.0000, 994.0000, 1021.0000, 1049.0000, 1077.0000, 1100.0000,
    9237.0000, 9252.0000, 9264.0000, 9274.0000, 9285.0000, 9302.0000, 9313.0000, 9327.0000, 9338.0000, 9355.0000,
    9367.0000, 9381.0000, 9399.0000, 9413.0000, 9435.0000, 9445.0000, 9468.0000, 9483.0000, 9497.0000, 9513.0000,
    9525.0000, 9549.0000, 9563.0000, 9576.0000, 9590.0000, 9605.0000, 9616.0000, 9626.0000, 9644.0000, 9659.0000,
    9674.0000, 9695.0000, 9712.0000, 9732.0000, 9751.0000, 9768.0000, 9793.0000, 9804.0000, 9820.0000, 9842.0000,
    9852.0000, 9868.0000, 9884.0000, 9907.0000, 9919.0000, 9935.0000, 9949.0000, 9961.0000, 9973.0000, 9990.0000,
  ]

### performance/ties
  Total points: 100
  Min: 25.0000, Max: 8976.0000, Mean: 4579.9700
  Data: [
    25.0000, 56.0000, 87.0000, 113.0000, 143.0000, 173.0000, 195.0000, 225.0000, 257.0000, 289.0000,
    316.0000, 338.0000, 364.0000, 389.0000, 416.0000, 438.0000, 467.0000, 494.0000, 527.0000, 555.0000,
    584.0000, 612.0000, 641.0000, 669.0000, 700.0000, 728.0000, 753.0000, 788.0000, 817.0000, 844.0000,
    865.0000, 897.0000, 927.0000, 954.0000, 982.0000, 1009.0000, 1032.0000, 1057.0000, 1086.0000, 1110.0000,
    1128.0000, 1139.0000, 1162.0000, 1187.0000, 1202.0000, 1212.0000, 1232.0000, 1246.0000, 1260.0000, 1280.0000,
    7937.0000, 7959.0000, 7986.0000, 8012.0000, 8034.0000, 8051.0000, 8075.0000, 8102.0000, 8129.0000, 8148.0000,
    8170.0000, 8189.0000, 8206.0000, 8226.0000, 8242.0000, 8268.0000, 8282.0000, 8306.0000, 8325.0000, 8343.0000,
    8368.0000, 8386.0000, 8408.0000, 8429.0000, 8449.0000, 8472.0000, 8494.0000, 8520.0000, 8542.0000, 8566.0000,
    8589.0000, 8603.0000, 8619.0000, 8638.0000, 8656.0000, 8674.0000, 8688.0000, 8720.0000, 8736.0000, 8756.0000,
    8778.0000, 8798.0000, 8819.0000, 8830.0000, 8856.0000, 8879.0000, 8905.0000, 8928.0000, 8955.0000, 8976.0000,
  ]

### performance/wins
  Total points: 100
  Min: 0.0000, Max: 4684.0000, Mean: 2203.8700
  Data: [
    0.0000, 2.0000, 3.0000, 5.0000, 8.0000, 12.0000, 15.0000, 16.0000, 16.0000, 17.0000,
    19.0000, 21.0000, 22.0000, 22.0000, 24.0000, 29.0000, 32.0000, 33.0000, 34.0000, 37.0000,
    38.0000, 38.0000, 40.0000, 43.0000, 44.0000, 45.0000, 46.0000, 46.0000, 46.0000, 47.0000,
    50.0000, 51.0000, 52.0000, 54.0000, 55.0000, 57.0000, 58.0000, 59.0000, 61.0000, 62.0000,
    67.0000, 81.0000, 84.0000, 84.0000, 90.0000, 94.0000, 97.0000, 105.0000, 113.0000, 120.0000,
    4026.0000, 4039.0000, 4050.0000, 4064.0000, 4081.0000, 4097.0000, 4112.0000, 4121.0000, 4133.0000, 4147.0000,
    4163.0000, 4180.0000, 4195.0000, 4211.0000, 4223.0000, 4237.0000, 4250.0000, 4261.0000, 4278.0000, 4294.0000,
    4307.0000, 4315.0000, 4329.0000, 4345.0000, 4361.0000, 4373.0000, 4390.0000, 4404.0000, 4414.0000, 4425.0000,
    4437.0000, 4452.0000, 4469.0000, 4480.0000, 4493.0000, 4508.0000, 4519.0000, 4526.0000, 4544.0000, 4552.0000,
    4570.0000, 4584.0000, 4597.0000, 4613.0000, 4625.0000, 4636.0000, 4646.0000, 4661.0000, 4672.0000, 4684.0000,
  ]

### rewards/p1
  Total points: 100
  Min: -31.5748, Max: 0.6643, Mean: -12.8138
  Data: [
    -27.2623, -22.8027, -25.6911, -25.6636, -29.2332, -16.7754, -26.5470, -24.5490, -26.2533, -20.3301,
    -25.6157, -23.3234, -25.1410, -31.5748, -25.6842, -25.4589, -27.3978, -24.8536, -22.5389, -19.4458,
    -26.2234, -25.6655, -23.4764, -21.8227, -22.7109, -25.3850, -24.8018, -26.5151, -24.2999, -24.6152,
    -25.8733, -26.0962, -25.7288, -18.1806, -24.7854, -24.2849, -23.5739, -23.6686, -26.4312, -19.7840,
    -12.9230, -7.4580, -9.0155, -13.5250, -10.7450, -9.4772, -10.1461, -8.0703, -8.9715, -8.5641,
    -3.0527, -6.7183, -5.6391, -2.6849, 0.4895, -2.5345, -6.1253, -4.9350, -6.7345, -8.6463,
    -0.6407, 0.3208, -5.9203, -4.3533, -5.8791, -5.8802, -2.3475, -6.0627, -2.6273, -4.8282,
    -2.6503, -8.5898, -3.1739, -2.5631, -4.2854, -6.3586, -3.1858, -1.3084, -6.4655, -4.1032,
    -2.8759, -4.7108, -1.6468, -7.6871, -4.2529, 0.0933, -7.5667, -6.1324, -3.9944, -5.4842,
    0.6508, -1.3346, -3.3286, -8.1834, -3.4811, -3.7840, -3.4793, 0.6643, -2.2823, -6.1161,
  ]

### rewards/p2
  Total points: 100
  Min: -1.0214, Max: 31.8607, Mean: 12.8080
  Data: [
    27.6839, 22.9946, 25.8154, 25.9002, 29.5753, 16.8651, 26.7499, 24.7271, 26.4291, 20.4792,
    25.7752, 23.3457, 25.4177, 31.8607, 26.2093, 25.6685, 27.5202, 25.2419, 22.9075, 19.7336,
    26.3831, 25.7033, 23.7047, 22.1266, 23.0333, 25.4663, 24.9442, 26.7002, 24.4719, 24.6895,
    26.1046, 26.2426, 25.9512, 18.2557, 24.9452, 24.6006, 23.7741, 23.9648, 26.6510, 19.8675,
    13.0817, 7.7584, 9.4321, 14.0681, 10.7746, 9.5873, 10.4019, 7.9836, 9.0789, 8.4489,
    3.0746, 6.5041, 5.0978, 2.4730, -0.5548, 2.3819, 5.7713, 4.4539, 6.5815, 8.5063,
    0.5008, -0.5123, 5.9890, 3.9865, 5.8220, 5.4015, 2.2643, 5.6476, 2.3724, 4.3329,
    2.9302, 8.4242, 2.9407, 2.5655, 4.0427, 6.1735, 2.9079, 1.0050, 6.4575, 3.8561,
    2.4200, 4.4833, 1.3414, 7.5184, 4.4721, -0.5884, 6.8061, 5.9687, 3.9410, 5.5101,
    -0.8603, 1.6831, 3.3413, 8.0037, 3.3223, 3.4221, 2.8053, -1.0214, 2.0179, 5.7182,
  ]

### rewards/sparse_only
  Total points: 100
  Min: -31.8607, Max: 1.0214, Mean: -12.8080
  Data: [
    -27.6839, -22.9946, -25.8154, -25.9002, -29.5753, -16.8651, -26.7499, -24.7271, -26.4291, -20.4792,
    -25.7752, -23.3457, -25.4177, -31.8607, -26.2093, -25.6685, -27.5202, -25.2419, -22.9075, -19.7336,
    -26.3831, -25.7033, -23.7047, -22.1266, -23.0333, -25.4663, -24.9442, -26.7002, -24.4719, -24.6895,
    -26.1046, -26.2426, -25.9512, -18.2557, -24.9452, -24.6006, -23.7741, -23.9648, -26.6510, -19.8675,
    -13.0817, -7.7584, -9.4321, -14.0681, -10.7746, -9.5873, -10.4019, -7.9836, -9.0789, -8.4489,
    -3.0746, -6.5041, -5.0978, -2.4730, 0.5548, -2.3819, -5.7713, -4.4539, -6.5815, -8.5063,
    -0.5008, 0.5123, -5.9890, -3.9865, -5.8220, -5.4015, -2.2643, -5.6476, -2.3724, -4.3329,
    -2.9302, -8.4242, -2.9407, -2.5655, -4.0427, -6.1735, -2.9079, -1.0050, -6.4575, -3.8561,
    -2.4200, -4.4833, -1.3414, -7.5184, -4.4721, 0.5884, -6.8061, -5.9687, -3.9410, -5.5101,
    0.8603, -1.6831, -3.3413, -8.0037, -3.3223, -3.4221, -2.8053, 1.0214, -2.0179, -5.7182,
  ]

### rewards/sparse_ratio
  Total points: 100
  Min: 0.7681, Max: 6.3097, Mean: 1.0504
  Data: [
    1.0155, 1.0084, 1.0048, 1.0092, 1.0117, 1.0053, 1.0076, 1.0073, 1.0067, 1.0073,
    1.0062, 1.0010, 1.0110, 1.0091, 1.0204, 1.0082, 1.0045, 1.0156, 1.0164, 1.0148,
    1.0061, 1.0015, 1.0097, 1.0139, 1.0142, 1.0032, 1.0057, 1.0070, 1.0071, 1.0030,
    1.0089, 1.0056, 1.0086, 1.0041, 1.0064, 1.0130, 1.0085, 1.0125, 1.0083, 1.0042,
    1.0123, 1.0403, 1.0462, 1.0402, 1.0028, 1.0116, 1.0252, 0.9893, 1.0120, 0.9866,
    1.0072, 0.9681, 0.9040, 0.9211, 1.1334, 0.9398, 0.9422, 0.9025, 0.9773, 0.9838,
    0.7817, 1.5969, 1.0116, 0.9157, 0.9903, 0.9186, 0.9646, 0.9315, 0.9030, 0.8974,
    1.1056, 0.9807, 0.9265, 1.0009, 0.9433, 0.9709, 0.9128, 0.7681, 0.9988, 0.9398,
    0.8415, 0.9517, 0.8145, 0.9780, 1.0515, 6.3097, 0.8995, 0.9733, 0.9866, 1.0047,
    1.3218, 1.2612, 1.0038, 0.9780, 0.9544, 0.9044, 0.8063, 1.5376, 0.8841, 0.9349,
  ]

### scoring/goals_conceded
  Total points: 100
  Min: 25.0000, Max: 9990.0000, Mean: 5066.1600
  Data: [
    25.0000, 42.0000, 60.0000, 82.0000, 99.0000, 115.0000, 140.0000, 159.0000, 177.0000, 194.0000,
    215.0000, 241.0000, 264.0000, 289.0000, 310.0000, 333.0000, 351.0000, 373.0000, 389.0000, 408.0000,
    428.0000, 450.0000, 469.0000, 488.0000, 506.0000, 527.0000, 551.0000, 566.0000, 587.0000, 609.0000,
    635.0000, 652.0000, 671.0000, 692.0000, 713.0000, 734.0000, 760.0000, 784.0000, 803.0000, 828.0000,
    855.0000, 880.0000, 904.0000, 929.0000, 958.0000, 994.0000, 1021.0000, 1049.0000, 1077.0000, 1100.0000,
    9237.0000, 9252.0000, 9264.0000, 9274.0000, 9285.0000, 9302.0000, 9313.0000, 9327.0000, 9338.0000, 9355.0000,
    9367.0000, 9381.0000, 9399.0000, 9413.0000, 9435.0000, 9445.0000, 9468.0000, 9483.0000, 9497.0000, 9513.0000,
    9525.0000, 9549.0000, 9563.0000, 9576.0000, 9590.0000, 9605.0000, 9616.0000, 9626.0000, 9644.0000, 9659.0000,
    9674.0000, 9695.0000, 9712.0000, 9732.0000, 9751.0000, 9768.0000, 9793.0000, 9804.0000, 9820.0000, 9842.0000,
    9852.0000, 9868.0000, 9884.0000, 9907.0000, 9919.0000, 9935.0000, 9949.0000, 9961.0000, 9973.0000, 9990.0000,
  ]

### scoring/goals_scored
  Total points: 100
  Min: 0.0000, Max: 4684.0000, Mean: 2203.8700
  Data: [
    0.0000, 2.0000, 3.0000, 5.0000, 8.0000, 12.0000, 15.0000, 16.0000, 16.0000, 17.0000,
    19.0000, 21.0000, 22.0000, 22.0000, 24.0000, 29.0000, 32.0000, 33.0000, 34.0000, 37.0000,
    38.0000, 38.0000, 40.0000, 43.0000, 44.0000, 45.0000, 46.0000, 46.0000, 46.0000, 47.0000,
    50.0000, 51.0000, 52.0000, 54.0000, 55.0000, 57.0000, 58.0000, 59.0000, 61.0000, 62.0000,
    67.0000, 81.0000, 84.0000, 84.0000, 90.0000, 94.0000, 97.0000, 105.0000, 113.0000, 120.0000,
    4026.0000, 4039.0000, 4050.0000, 4064.0000, 4081.0000, 4097.0000, 4112.0000, 4121.0000, 4133.0000, 4147.0000,
    4163.0000, 4180.0000, 4195.0000, 4211.0000, 4223.0000, 4237.0000, 4250.0000, 4261.0000, 4278.0000, 4294.0000,
    4307.0000, 4315.0000, 4329.0000, 4345.0000, 4361.0000, 4373.0000, 4390.0000, 4404.0000, 4414.0000, 4425.0000,
    4437.0000, 4452.0000, 4469.0000, 4480.0000, 4493.0000, 4508.0000, 4519.0000, 4526.0000, 4544.0000, 4552.0000,
    4570.0000, 4584.0000, 4597.0000, 4613.0000, 4625.0000, 4636.0000, 4646.0000, 4661.0000, 4672.0000, 4684.0000,
  ]

### selfplay/active
  Total points: 100
  Min: 0.0000, Max: 0.0000, Mean: 0.0000
  Data: [
    0.0000, 0.0000, 0.0000, 0.0000, 0.0000, 0.0000, 0.0000, 0.0000, 0.0000, 0.0000,
    0.0000, 0.0000, 0.0000, 0.0000, 0.0000, 0.0000, 0.0000, 0.0000, 0.0000, 0.0000,
    0.0000, 0.0000, 0.0000, 0.0000, 0.0000, 0.0000, 0.0000, 0.0000, 0.0000, 0.0000,
    0.0000, 0.0000, 0.0000, 0.0000, 0.0000, 0.0000, 0.0000, 0.0000, 0.0000, 0.0000,
    0.0000, 0.0000, 0.0000, 0.0000, 0.0000, 0.0000, 0.0000, 0.0000, 0.0000, 0.0000,
    0.0000, 0.0000, 0.0000, 0.0000, 0.0000, 0.0000, 0.0000, 0.0000, 0.0000, 0.0000,
    0.0000, 0.0000, 0.0000, 0.0000, 0.0000, 0.0000, 0.0000, 0.0000, 0.0000, 0.0000,
    0.0000, 0.0000, 0.0000, 0.0000, 0.0000, 0.0000, 0.0000, 0.0000, 0.0000, 0.0000,
    0.0000, 0.0000, 0.0000, 0.0000, 0.0000, 0.0000, 0.0000, 0.0000, 0.0000, 0.0000,
    0.0000, 0.0000, 0.0000, 0.0000, 0.0000, 0.0000, 0.0000, 0.0000, 0.0000, 0.0000,
  ]

### selfplay/episode_opponent_type_selfplay
  Total points: 100
  Min: 0.0000, Max: 0.0000, Mean: 0.0000
  Data: [
    0.0000, 0.0000, 0.0000, 0.0000, 0.0000, 0.0000, 0.0000, 0.0000, 0.0000, 0.0000,
    0.0000, 0.0000, 0.0000, 0.0000, 0.0000, 0.0000, 0.0000, 0.0000, 0.0000, 0.0000,
    0.0000, 0.0000, 0.0000, 0.0000, 0.0000, 0.0000, 0.0000, 0.0000, 0.0000, 0.0000,
    0.0000, 0.0000, 0.0000, 0.0000, 0.0000, 0.0000, 0.0000, 0.0000, 0.0000, 0.0000,
    0.0000, 0.0000, 0.0000, 0.0000, 0.0000, 0.0000, 0.0000, 0.0000, 0.0000, 0.0000,
    0.0000, 0.0000, 0.0000, 0.0000, 0.0000, 0.0000, 0.0000, 0.0000, 0.0000, 0.0000,
    0.0000, 0.0000, 0.0000, 0.0000, 0.0000, 0.0000, 0.0000, 0.0000, 0.0000, 0.0000,
    0.0000, 0.0000, 0.0000, 0.0000, 0.0000, 0.0000, 0.0000, 0.0000, 0.0000, 0.0000,
    0.0000, 0.0000, 0.0000, 0.0000, 0.0000, 0.0000, 0.0000, 0.0000, 0.0000, 0.0000,
    0.0000, 0.0000, 0.0000, 0.0000, 0.0000, 0.0000, 0.0000, 0.0000, 0.0000, 0.0000,
  ]

### selfplay/episode_opponent_type_strong
  Total points: 100
  Min: 0.0000, Max: 0.0000, Mean: 0.0000
  Data: [
    0.0000, 0.0000, 0.0000, 0.0000, 0.0000, 0.0000, 0.0000, 0.0000, 0.0000, 0.0000,
    0.0000, 0.0000, 0.0000, 0.0000, 0.0000, 0.0000, 0.0000, 0.0000, 0.0000, 0.0000,
    0.0000, 0.0000, 0.0000, 0.0000, 0.0000, 0.0000, 0.0000, 0.0000, 0.0000, 0.0000,
    0.0000, 0.0000, 0.0000, 0.0000, 0.0000, 0.0000, 0.0000, 0.0000, 0.0000, 0.0000,
    0.0000, 0.0000, 0.0000, 0.0000, 0.0000, 0.0000, 0.0000, 0.0000, 0.0000, 0.0000,
    0.0000, 0.0000, 0.0000, 0.0000, 0.0000, 0.0000, 0.0000, 0.0000, 0.0000, 0.0000,
    0.0000, 0.0000, 0.0000, 0.0000, 0.0000, 0.0000, 0.0000, 0.0000, 0.0000, 0.0000,
    0.0000, 0.0000, 0.0000, 0.0000, 0.0000, 0.0000, 0.0000, 0.0000, 0.0000, 0.0000,
    0.0000, 0.0000, 0.0000, 0.0000, 0.0000, 0.0000, 0.0000, 0.0000, 0.0000, 0.0000,
    0.0000, 0.0000, 0.0000, 0.0000, 0.0000, 0.0000, 0.0000, 0.0000, 0.0000, 0.0000,
  ]

### selfplay/episode_opponent_type_weak
  Total points: 100
  Min: 1.0000, Max: 1.0000, Mean: 1.0000
  Data: [
    1.0000, 1.0000, 1.0000, 1.0000, 1.0000, 1.0000, 1.0000, 1.0000, 1.0000, 1.0000,
    1.0000, 1.0000, 1.0000, 1.0000, 1.0000, 1.0000, 1.0000, 1.0000, 1.0000, 1.0000,
    1.0000, 1.0000, 1.0000, 1.0000, 1.0000, 1.0000, 1.0000, 1.0000, 1.0000, 1.0000,
    1.0000, 1.0000, 1.0000, 1.0000, 1.0000, 1.0000, 1.0000, 1.0000, 1.0000, 1.0000,
    1.0000, 1.0000, 1.0000, 1.0000, 1.0000, 1.0000, 1.0000, 1.0000, 1.0000, 1.0000,
    1.0000, 1.0000, 1.0000, 1.0000, 1.0000, 1.0000, 1.0000, 1.0000, 1.0000, 1.0000,
    1.0000, 1.0000, 1.0000, 1.0000, 1.0000, 1.0000, 1.0000, 1.0000, 1.0000, 1.0000,
    1.0000, 1.0000, 1.0000, 1.0000, 1.0000, 1.0000, 1.0000, 1.0000, 1.0000, 1.0000,
    1.0000, 1.0000, 1.0000, 1.0000, 1.0000, 1.0000, 1.0000, 1.0000, 1.0000, 1.0000,
    1.0000, 1.0000, 1.0000, 1.0000, 1.0000, 1.0000, 1.0000, 1.0000, 1.0000, 1.0000,
  ]

### selfplay/pool_size
  Total points: 100
  Min: 0.0000, Max: 0.0000, Mean: 0.0000
  Data: [
    0.0000, 0.0000, 0.0000, 0.0000, 0.0000, 0.0000, 0.0000, 0.0000, 0.0000, 0.0000,
    0.0000, 0.0000, 0.0000, 0.0000, 0.0000, 0.0000, 0.0000, 0.0000, 0.0000, 0.0000,
    0.0000, 0.0000, 0.0000, 0.0000, 0.0000, 0.0000, 0.0000, 0.0000, 0.0000, 0.0000,
    0.0000, 0.0000, 0.0000, 0.0000, 0.0000, 0.0000, 0.0000, 0.0000, 0.0000, 0.0000,
    0.0000, 0.0000, 0.0000, 0.0000, 0.0000, 0.0000, 0.0000, 0.0000, 0.0000, 0.0000,
    0.0000, 0.0000, 0.0000, 0.0000, 0.0000, 0.0000, 0.0000, 0.0000, 0.0000, 0.0000,
    0.0000, 0.0000, 0.0000, 0.0000, 0.0000, 0.0000, 0.0000, 0.0000, 0.0000, 0.0000,
    0.0000, 0.0000, 0.0000, 0.0000, 0.0000, 0.0000, 0.0000, 0.0000, 0.0000, 0.0000,
    0.0000, 0.0000, 0.0000, 0.0000, 0.0000, 0.0000, 0.0000, 0.0000, 0.0000, 0.0000,
    0.0000, 0.0000, 0.0000, 0.0000, 0.0000, 0.0000, 0.0000, 0.0000, 0.0000, 0.0000,
  ]

### selfplay/weak_ratio_target
  Total points: 100
  Min: 0.5000, Max: 0.5000, Mean: 0.5000
  Data: [
    0.5000, 0.5000, 0.5000, 0.5000, 0.5000, 0.5000, 0.5000, 0.5000, 0.5000, 0.5000,
    0.5000, 0.5000, 0.5000, 0.5000, 0.5000, 0.5000, 0.5000, 0.5000, 0.5000, 0.5000,
    0.5000, 0.5000, 0.5000, 0.5000, 0.5000, 0.5000, 0.5000, 0.5000, 0.5000, 0.5000,
    0.5000, 0.5000, 0.5000, 0.5000, 0.5000, 0.5000, 0.5000, 0.5000, 0.5000, 0.5000,
    0.5000, 0.5000, 0.5000, 0.5000, 0.5000, 0.5000, 0.5000, 0.5000, 0.5000, 0.5000,
    0.5000, 0.5000, 0.5000, 0.5000, 0.5000, 0.5000, 0.5000, 0.5000, 0.5000, 0.5000,
    0.5000, 0.5000, 0.5000, 0.5000, 0.5000, 0.5000, 0.5000, 0.5000, 0.5000, 0.5000,
    0.5000, 0.5000, 0.5000, 0.5000, 0.5000, 0.5000, 0.5000, 0.5000, 0.5000, 0.5000,
    0.5000, 0.5000, 0.5000, 0.5000, 0.5000, 0.5000, 0.5000, 0.5000, 0.5000, 0.5000,
    0.5000, 0.5000, 0.5000, 0.5000, 0.5000, 0.5000, 0.5000, 0.5000, 0.5000, 0.5000,
  ]

### strategic/attack_diversity_bonus
  Total points: 100
  Min: 0.0000, Max: 0.0000, Mean: 0.0000
  Data: [
    0.0000, 0.0000, 0.0000, 0.0000, 0.0000, 0.0000, 0.0000, 0.0000, 0.0000, 0.0000,
    0.0000, 0.0000, 0.0000, 0.0000, 0.0000, 0.0000, 0.0000, 0.0000, 0.0000, 0.0000,
    0.0000, 0.0000, 0.0000, 0.0000, 0.0000, 0.0000, 0.0000, 0.0000, 0.0000, 0.0000,
    0.0000, 0.0000, 0.0000, 0.0000, 0.0000, 0.0000, 0.0000, 0.0000, 0.0000, 0.0000,
    0.0000, 0.0000, 0.0000, 0.0000, 0.0000, 0.0000, 0.0000, 0.0000, 0.0000, 0.0000,
    0.0000, 0.0000, 0.0000, 0.0000, 0.0000, 0.0000, 0.0000, 0.0000, 0.0000, 0.0000,
    0.0000, 0.0000, 0.0000, 0.0000, 0.0000, 0.0000, 0.0000, 0.0000, 0.0000, 0.0000,
    0.0000, 0.0000, 0.0000, 0.0000, 0.0000, 0.0000, 0.0000, 0.0000, 0.0000, 0.0000,
    0.0000, 0.0000, 0.0000, 0.0000, 0.0000, 0.0000, 0.0000, 0.0000, 0.0000, 0.0000,
    0.0000, 0.0000, 0.0000, 0.0000, 0.0000, 0.0000, 0.0000, 0.0000, 0.0000, 0.0000,
  ]

### strategic/attack_sides_unique
  Total points: 100
  Min: 0.0000, Max: 0.0000, Mean: 0.0000
  Data: [
    0.0000, 0.0000, 0.0000, 0.0000, 0.0000, 0.0000, 0.0000, 0.0000, 0.0000, 0.0000,
    0.0000, 0.0000, 0.0000, 0.0000, 0.0000, 0.0000, 0.0000, 0.0000, 0.0000, 0.0000,
    0.0000, 0.0000, 0.0000, 0.0000, 0.0000, 0.0000, 0.0000, 0.0000, 0.0000, 0.0000,
    0.0000, 0.0000, 0.0000, 0.0000, 0.0000, 0.0000, 0.0000, 0.0000, 0.0000, 0.0000,
    0.0000, 0.0000, 0.0000, 0.0000, 0.0000, 0.0000, 0.0000, 0.0000, 0.0000, 0.0000,
    0.0000, 0.0000, 0.0000, 0.0000, 0.0000, 0.0000, 0.0000, 0.0000, 0.0000, 0.0000,
    0.0000, 0.0000, 0.0000, 0.0000, 0.0000, 0.0000, 0.0000, 0.0000, 0.0000, 0.0000,
    0.0000, 0.0000, 0.0000, 0.0000, 0.0000, 0.0000, 0.0000, 0.0000, 0.0000, 0.0000,
    0.0000, 0.0000, 0.0000, 0.0000, 0.0000, 0.0000, 0.0000, 0.0000, 0.0000, 0.0000,
    0.0000, 0.0000, 0.0000, 0.0000, 0.0000, 0.0000, 0.0000, 0.0000, 0.0000, 0.0000,
  ]

### strategic/forcing_bonus
  Total points: 100
  Min: 0.0000, Max: 0.0000, Mean: 0.0000
  Data: [
    0.0000, 0.0000, 0.0000, 0.0000, 0.0000, 0.0000, 0.0000, 0.0000, 0.0000, 0.0000,
    0.0000, 0.0000, 0.0000, 0.0000, 0.0000, 0.0000, 0.0000, 0.0000, 0.0000, 0.0000,
    0.0000, 0.0000, 0.0000, 0.0000, 0.0000, 0.0000, 0.0000, 0.0000, 0.0000, 0.0000,
    0.0000, 0.0000, 0.0000, 0.0000, 0.0000, 0.0000, 0.0000, 0.0000, 0.0000, 0.0000,
    0.0000, 0.0000, 0.0000, 0.0000, 0.0000, 0.0000, 0.0000, 0.0000, 0.0000, 0.0000,
    0.0000, 0.0000, 0.0000, 0.0000, 0.0000, 0.0000, 0.0000, 0.0000, 0.0000, 0.0000,
    0.0000, 0.0000, 0.0000, 0.0000, 0.0000, 0.0000, 0.0000, 0.0000, 0.0000, 0.0000,
    0.0000, 0.0000, 0.0000, 0.0000, 0.0000, 0.0000, 0.0000, 0.0000, 0.0000, 0.0000,
    0.0000, 0.0000, 0.0000, 0.0000, 0.0000, 0.0000, 0.0000, 0.0000, 0.0000, 0.0000,
    0.0000, 0.0000, 0.0000, 0.0000, 0.0000, 0.0000, 0.0000, 0.0000, 0.0000, 0.0000,
  ]

### strategic/opponent_avg_movement
  Total points: 100
  Min: 0.0000, Max: 0.0000, Mean: 0.0000
  Data: [
    0.0000, 0.0000, 0.0000, 0.0000, 0.0000, 0.0000, 0.0000, 0.0000, 0.0000, 0.0000,
    0.0000, 0.0000, 0.0000, 0.0000, 0.0000, 0.0000, 0.0000, 0.0000, 0.0000, 0.0000,
    0.0000, 0.0000, 0.0000, 0.0000, 0.0000, 0.0000, 0.0000, 0.0000, 0.0000, 0.0000,
    0.0000, 0.0000, 0.0000, 0.0000, 0.0000, 0.0000, 0.0000, 0.0000, 0.0000, 0.0000,
    0.0000, 0.0000, 0.0000, 0.0000, 0.0000, 0.0000, 0.0000, 0.0000, 0.0000, 0.0000,
    0.0000, 0.0000, 0.0000, 0.0000, 0.0000, 0.0000, 0.0000, 0.0000, 0.0000, 0.0000,
    0.0000, 0.0000, 0.0000, 0.0000, 0.0000, 0.0000, 0.0000, 0.0000, 0.0000, 0.0000,
    0.0000, 0.0000, 0.0000, 0.0000, 0.0000, 0.0000, 0.0000, 0.0000, 0.0000, 0.0000,
    0.0000, 0.0000, 0.0000, 0.0000, 0.0000, 0.0000, 0.0000, 0.0000, 0.0000, 0.0000,
    0.0000, 0.0000, 0.0000, 0.0000, 0.0000, 0.0000, 0.0000, 0.0000, 0.0000, 0.0000,
  ]

### strategic/opponent_total_movement
  Total points: 100
  Min: 0.0000, Max: 0.0000, Mean: 0.0000
  Data: [
    0.0000, 0.0000, 0.0000, 0.0000, 0.0000, 0.0000, 0.0000, 0.0000, 0.0000, 0.0000,
    0.0000, 0.0000, 0.0000, 0.0000, 0.0000, 0.0000, 0.0000, 0.0000, 0.0000, 0.0000,
    0.0000, 0.0000, 0.0000, 0.0000, 0.0000, 0.0000, 0.0000, 0.0000, 0.0000, 0.0000,
    0.0000, 0.0000, 0.0000, 0.0000, 0.0000, 0.0000, 0.0000, 0.0000, 0.0000, 0.0000,
    0.0000, 0.0000, 0.0000, 0.0000, 0.0000, 0.0000, 0.0000, 0.0000, 0.0000, 0.0000,
    0.0000, 0.0000, 0.0000, 0.0000, 0.0000, 0.0000, 0.0000, 0.0000, 0.0000, 0.0000,
    0.0000, 0.0000, 0.0000, 0.0000, 0.0000, 0.0000, 0.0000, 0.0000, 0.0000, 0.0000,
    0.0000, 0.0000, 0.0000, 0.0000, 0.0000, 0.0000, 0.0000, 0.0000, 0.0000, 0.0000,
    0.0000, 0.0000, 0.0000, 0.0000, 0.0000, 0.0000, 0.0000, 0.0000, 0.0000, 0.0000,
    0.0000, 0.0000, 0.0000, 0.0000, 0.0000, 0.0000, 0.0000, 0.0000, 0.0000, 0.0000,
  ]

### strategic/shot_quality_ratio
  Total points: 100
  Min: 0.0000, Max: 0.0000, Mean: 0.0000
  Data: [
    0.0000, 0.0000, 0.0000, 0.0000, 0.0000, 0.0000, 0.0000, 0.0000, 0.0000, 0.0000,
    0.0000, 0.0000, 0.0000, 0.0000, 0.0000, 0.0000, 0.0000, 0.0000, 0.0000, 0.0000,
    0.0000, 0.0000, 0.0000, 0.0000, 0.0000, 0.0000, 0.0000, 0.0000, 0.0000, 0.0000,
    0.0000, 0.0000, 0.0000, 0.0000, 0.0000, 0.0000, 0.0000, 0.0000, 0.0000, 0.0000,
    0.0000, 0.0000, 0.0000, 0.0000, 0.0000, 0.0000, 0.0000, 0.0000, 0.0000, 0.0000,
    0.0000, 0.0000, 0.0000, 0.0000, 0.0000, 0.0000, 0.0000, 0.0000, 0.0000, 0.0000,
    0.0000, 0.0000, 0.0000, 0.0000, 0.0000, 0.0000, 0.0000, 0.0000, 0.0000, 0.0000,
    0.0000, 0.0000, 0.0000, 0.0000, 0.0000, 0.0000, 0.0000, 0.0000, 0.0000, 0.0000,
    0.0000, 0.0000, 0.0000, 0.0000, 0.0000, 0.0000, 0.0000, 0.0000, 0.0000, 0.0000,
    0.0000, 0.0000, 0.0000, 0.0000, 0.0000, 0.0000, 0.0000, 0.0000, 0.0000, 0.0000,
  ]

### strategic/shots_blocked
  Total points: 100
  Min: 0.0000, Max: 0.0000, Mean: 0.0000
  Data: [
    0.0000, 0.0000, 0.0000, 0.0000, 0.0000, 0.0000, 0.0000, 0.0000, 0.0000, 0.0000,
    0.0000, 0.0000, 0.0000, 0.0000, 0.0000, 0.0000, 0.0000, 0.0000, 0.0000, 0.0000,
    0.0000, 0.0000, 0.0000, 0.0000, 0.0000, 0.0000, 0.0000, 0.0000, 0.0000, 0.0000,
    0.0000, 0.0000, 0.0000, 0.0000, 0.0000, 0.0000, 0.0000, 0.0000, 0.0000, 0.0000,
    0.0000, 0.0000, 0.0000, 0.0000, 0.0000, 0.0000, 0.0000, 0.0000, 0.0000, 0.0000,
    0.0000, 0.0000, 0.0000, 0.0000, 0.0000, 0.0000, 0.0000, 0.0000, 0.0000, 0.0000,
    0.0000, 0.0000, 0.0000, 0.0000, 0.0000, 0.0000, 0.0000, 0.0000, 0.0000, 0.0000,
    0.0000, 0.0000, 0.0000, 0.0000, 0.0000, 0.0000, 0.0000, 0.0000, 0.0000, 0.0000,
    0.0000, 0.0000, 0.0000, 0.0000, 0.0000, 0.0000, 0.0000, 0.0000, 0.0000, 0.0000,
    0.0000, 0.0000, 0.0000, 0.0000, 0.0000, 0.0000, 0.0000, 0.0000, 0.0000, 0.0000,
  ]

### strategic/shots_clear
  Total points: 100
  Min: 0.0000, Max: 0.0000, Mean: 0.0000
  Data: [
    0.0000, 0.0000, 0.0000, 0.0000, 0.0000, 0.0000, 0.0000, 0.0000, 0.0000, 0.0000,
    0.0000, 0.0000, 0.0000, 0.0000, 0.0000, 0.0000, 0.0000, 0.0000, 0.0000, 0.0000,
    0.0000, 0.0000, 0.0000, 0.0000, 0.0000, 0.0000, 0.0000, 0.0000, 0.0000, 0.0000,
    0.0000, 0.0000, 0.0000, 0.0000, 0.0000, 0.0000, 0.0000, 0.0000, 0.0000, 0.0000,
    0.0000, 0.0000, 0.0000, 0.0000, 0.0000, 0.0000, 0.0000, 0.0000, 0.0000, 0.0000,
    0.0000, 0.0000, 0.0000, 0.0000, 0.0000, 0.0000, 0.0000, 0.0000, 0.0000, 0.0000,
    0.0000, 0.0000, 0.0000, 0.0000, 0.0000, 0.0000, 0.0000, 0.0000, 0.0000, 0.0000,
    0.0000, 0.0000, 0.0000, 0.0000, 0.0000, 0.0000, 0.0000, 0.0000, 0.0000, 0.0000,
    0.0000, 0.0000, 0.0000, 0.0000, 0.0000, 0.0000, 0.0000, 0.0000, 0.0000, 0.0000,
    0.0000, 0.0000, 0.0000, 0.0000, 0.0000, 0.0000, 0.0000, 0.0000, 0.0000, 0.0000,
  ]

### training/avg_episode_length
  Total points: 100
  Min: 105.7000, Max: 216.5000, Mean: 167.7170
  Data: [
    169.8000, 173.9000, 211.5000, 171.7000, 169.0000, 149.3000, 144.6000, 135.4000, 179.0000, 142.6000,
    201.0000, 128.1000, 161.6000, 186.4000, 208.0000, 136.5000, 168.7000, 172.1000, 185.9000, 163.0000,
    155.3000, 186.3000, 161.6000, 164.3000, 171.3000, 164.5000, 166.1000, 169.1000, 190.3000, 183.5000,
    154.7000, 193.7000, 191.8000, 150.7000, 169.9000, 187.5000, 147.6000, 162.0000, 163.3000, 119.6000,
    126.3000, 115.7000, 175.6000, 184.4000, 120.1000, 120.9000, 136.6000, 159.9000, 105.7000, 142.8000,
    171.7000, 171.4000, 190.3000, 124.9000, 184.5000, 151.9000, 198.0000, 216.5000, 199.7000, 170.4000,
    188.4000, 155.0000, 180.1000, 115.0000, 128.9000, 210.8000, 178.0000, 197.7000, 162.3000, 168.1000,
    208.1000, 145.7000, 199.6000, 167.5000, 172.6000, 171.2000, 177.7000, 186.7000, 191.4000, 168.8000,
    168.3000, 186.4000, 149.3000, 145.0000, 168.2000, 175.2000, 149.6000, 182.1000, 149.5000, 151.6000,
    195.2000, 197.7000, 191.7000, 157.1000, 161.0000, 201.1000, 193.9000, 171.1000, 159.0000, 166.6000,
  ]

### training/calls_per_episode
  Total points: 100
  Min: 0.0000, Max: 0.0000, Mean: 0.0000
  Data: [
    0.0000, 0.0000, 0.0000, 0.0000, 0.0000, 0.0000, 0.0000, 0.0000, 0.0000, 0.0000,
    0.0000, 0.0000, 0.0000, 0.0000, 0.0000, 0.0000, 0.0000, 0.0000, 0.0000, 0.0000,
    0.0000, 0.0000, 0.0000, 0.0000, 0.0000, 0.0000, 0.0000, 0.0000, 0.0000, 0.0000,
    0.0000, 0.0000, 0.0000, 0.0000, 0.0000, 0.0000, 0.0000, 0.0000, 0.0000, 0.0000,
    0.0000, 0.0000, 0.0000, 0.0000, 0.0000, 0.0000, 0.0000, 0.0000, 0.0000, 0.0000,
    0.0000, 0.0000, 0.0000, 0.0000, 0.0000, 0.0000, 0.0000, 0.0000, 0.0000, 0.0000,
    0.0000, 0.0000, 0.0000, 0.0000, 0.0000, 0.0000, 0.0000, 0.0000, 0.0000, 0.0000,
    0.0000, 0.0000, 0.0000, 0.0000, 0.0000, 0.0000, 0.0000, 0.0000, 0.0000, 0.0000,
    0.0000, 0.0000, 0.0000, 0.0000, 0.0000, 0.0000, 0.0000, 0.0000, 0.0000, 0.0000,
    0.0000, 0.0000, 0.0000, 0.0000, 0.0000, 0.0000, 0.0000, 0.0000, 0.0000, 0.0000,
  ]

### training/episode
  Total points: 100
  Min: 50.0000, Max: 23650.0000, Mean: 11850.0000
  Data: [
    50.0000, 100.0000, 150.0000, 200.0000, 250.0000, 300.0000, 350.0000, 400.0000, 450.0000, 500.0000,
    550.0000, 600.0000, 650.0000, 700.0000, 750.0000, 800.0000, 850.0000, 900.0000, 950.0000, 1000.0000,
    1050.0000, 1100.0000, 1150.0000, 1200.0000, 1250.0000, 1300.0000, 1350.0000, 1400.0000, 1450.0000, 1500.0000,
    1550.0000, 1600.0000, 1650.0000, 1700.0000, 1750.0000, 1800.0000, 1850.0000, 1900.0000, 1950.0000, 2000.0000,
    2050.0000, 2100.0000, 2150.0000, 2200.0000, 2250.0000, 2300.0000, 2350.0000, 2400.0000, 2450.0000, 2500.0000,
    21200.0000, 21250.0000, 21300.0000, 21350.0000, 21400.0000, 21450.0000, 21500.0000, 21550.0000, 21600.0000, 21650.0000,
    21700.0000, 21750.0000, 21800.0000, 21850.0000, 21900.0000, 21950.0000, 22000.0000, 22050.0000, 22100.0000, 22150.0000,
    22200.0000, 22250.0000, 22300.0000, 22350.0000, 22400.0000, 22450.0000, 22500.0000, 22550.0000, 22600.0000, 22650.0000,
    22700.0000, 22750.0000, 22800.0000, 22850.0000, 22900.0000, 22950.0000, 23000.0000, 23050.0000, 23100.0000, 23150.0000,
    23200.0000, 23250.0000, 23300.0000, 23350.0000, 23400.0000, 23450.0000, 23500.0000, 23550.0000, 23600.0000, 23650.0000,
  ]

### training/eps_per_sec
  Total points: 100
  Min: 0.3869, Max: 8.8423, Mean: 3.3821
  Data: [
    7.9316, 6.8556, 7.0795, 8.0735, 7.2302, 7.3346, 8.5731, 7.5296, 6.4758, 6.9053,
    7.4265, 8.6710, 7.5304, 7.7368, 7.2364, 8.4207, 7.6620, 7.6732, 6.9491, 7.5732,
    0.6806, 7.3741, 7.0589, 7.2906, 7.1008, 7.8503, 7.9792, 6.6382, 7.1855, 7.4440,
    8.4833, 6.9373, 7.1407, 7.9155, 7.4788, 7.4645, 8.8423, 7.7144, 7.0873, 6.2283,
    0.3899, 0.9769, 0.6913, 0.6497, 0.9199, 0.9879, 0.7804, 0.8866, 0.8285, 0.7115,
    0.7822, 0.7363, 0.6819, 0.6828, 0.7665, 0.7867, 0.7249, 0.7261, 0.6912, 0.7547,
    0.7634, 0.8023, 0.7869, 0.8092, 0.8318, 0.7239, 0.8562, 0.3955, 0.7785, 0.7732,
    0.7434, 0.7539, 0.7907, 0.7010, 0.7764, 0.7998, 0.7962, 0.6999, 0.7554, 0.7636,
    0.7781, 0.8524, 0.7996, 0.8079, 0.7698, 0.8263, 0.8812, 0.3869, 0.8600, 0.7468,
    0.7080, 0.7806, 0.6954, 0.9288, 0.7120, 0.7234, 0.7181, 0.7735, 0.7129, 0.7271,
  ]

### training/epsilon
  Total points: 100
  Min: 0.3065, Max: 0.9975, Mean: 0.6325
  Data: [
    0.9975, 0.9950, 0.9925, 0.9900, 0.9876, 0.9851, 0.9827, 0.9802, 0.9778, 0.9753,
    0.9729, 0.9704, 0.9680, 0.9656, 0.9632, 0.9608, 0.9584, 0.9560, 0.9536, 0.9512,
    0.9489, 0.9465, 0.9441, 0.9418, 0.9394, 0.9371, 0.9347, 0.9324, 0.9301, 0.9277,
    0.9254, 0.9231, 0.9208, 0.9185, 0.9162, 0.9139, 0.9116, 0.9094, 0.9071, 0.9048,
    0.9026, 0.9003, 0.8981, 0.8958, 0.8936, 0.8914, 0.8891, 0.8869, 0.8847, 0.8825,
    0.3464, 0.3456, 0.3447, 0.3439, 0.3430, 0.3421, 0.3413, 0.3404, 0.3396, 0.3387,
    0.3379, 0.3370, 0.3362, 0.3354, 0.3345, 0.3337, 0.3329, 0.3320, 0.3312, 0.3304,
    0.3295, 0.3287, 0.3279, 0.3271, 0.3263, 0.3255, 0.3246, 0.3238, 0.3230, 0.3222,
    0.3214, 0.3206, 0.3198, 0.3190, 0.3182, 0.3174, 0.3166, 0.3158, 0.3150, 0.3143,
    0.3135, 0.3127, 0.3119, 0.3111, 0.3104, 0.3096, 0.3088, 0.3080, 0.3073, 0.3065,
  ]

### training/pbrs_enabled
  Total points: 100
  Min: 1.0000, Max: 1.0000, Mean: 1.0000
  Data: [
    1.0000, 1.0000, 1.0000, 1.0000, 1.0000, 1.0000, 1.0000, 1.0000, 1.0000, 1.0000,
    1.0000, 1.0000, 1.0000, 1.0000, 1.0000, 1.0000, 1.0000, 1.0000, 1.0000, 1.0000,
    1.0000, 1.0000, 1.0000, 1.0000, 1.0000, 1.0000, 1.0000, 1.0000, 1.0000, 1.0000,
    1.0000, 1.0000, 1.0000, 1.0000, 1.0000, 1.0000, 1.0000, 1.0000, 1.0000, 1.0000,
    1.0000, 1.0000, 1.0000, 1.0000, 1.0000, 1.0000, 1.0000, 1.0000, 1.0000, 1.0000,
    1.0000, 1.0000, 1.0000, 1.0000, 1.0000, 1.0000, 1.0000, 1.0000, 1.0000, 1.0000,
    1.0000, 1.0000, 1.0000, 1.0000, 1.0000, 1.0000, 1.0000, 1.0000, 1.0000, 1.0000,
    1.0000, 1.0000, 1.0000, 1.0000, 1.0000, 1.0000, 1.0000, 1.0000, 1.0000, 1.0000,
    1.0000, 1.0000, 1.0000, 1.0000, 1.0000, 1.0000, 1.0000, 1.0000, 1.0000, 1.0000,
    1.0000, 1.0000, 1.0000, 1.0000, 1.0000, 1.0000, 1.0000, 1.0000, 1.0000, 1.0000,
  ]

### training/tie_penalty
  Total points: 100
  Min: 0.0000, Max: 0.0000, Mean: 0.0000
  Data: [
    0.0000, 0.0000, 0.0000, 0.0000, 0.0000, 0.0000, 0.0000, 0.0000, 0.0000, 0.0000,
    0.0000, 0.0000, 0.0000, 0.0000, 0.0000, 0.0000, 0.0000, 0.0000, 0.0000, 0.0000,
    0.0000, 0.0000, 0.0000, 0.0000, 0.0000, 0.0000, 0.0000, 0.0000, 0.0000, 0.0000,
    0.0000, 0.0000, 0.0000, 0.0000, 0.0000, 0.0000, 0.0000, 0.0000, 0.0000, 0.0000,
    0.0000, 0.0000, 0.0000, 0.0000, 0.0000, 0.0000, 0.0000, 0.0000, 0.0000, 0.0000,
    0.0000, 0.0000, 0.0000, 0.0000, 0.0000, 0.0000, 0.0000, 0.0000, 0.0000, 0.0000,
    0.0000, 0.0000, 0.0000, 0.0000, 0.0000, 0.0000, 0.0000, 0.0000, 0.0000, 0.0000,
    0.0000, 0.0000, 0.0000, 0.0000, 0.0000, 0.0000, 0.0000, 0.0000, 0.0000, 0.0000,
    0.0000, 0.0000, 0.0000, 0.0000, 0.0000, 0.0000, 0.0000, 0.0000, 0.0000, 0.0000,
    0.0000, 0.0000, 0.0000, 0.0000, 0.0000, 0.0000, 0.0000, 0.0000, 0.0000, 0.0000,
  ]

### values/Q_avg
  Total points: 100
  Min: -1.7158, Max: 1.4490, Mean: -0.1161
  Data: [
    -0.0183, -0.0199, -0.0096, -0.0373, -0.0208, -0.0318, -0.0211, -0.0251, -0.0211, -0.0285,
    -0.0178, -0.0190, -0.0173, -0.0219, -0.0270, -0.0234, -0.0122, -0.0225, -0.0223, -0.1851,
    -1.0020, -1.4074, -1.2417, -1.1441, -0.8819, -0.6525, -1.2192, -0.7956, -0.5868, -1.6272,
    -1.3867, -1.1918, -1.0882, -1.0989, -1.4632, -1.7158, -1.0693, -0.9943, -1.0553, -0.7806,
    -1.0549, -1.3494, 0.3087, -0.8019, -0.7793, -0.5167, -0.2447, -1.2887, -0.7006, -1.3593,
    0.5279, 0.6890, -0.0815, 0.0796, 0.8154, 0.9102, 1.4490, 0.9974, 1.3607, 0.3867,
    0.4703, -0.1015, 0.1887, 0.4068, 0.1561, 0.2852, 0.7696, 0.8271, 0.8065, 0.4032,
    0.3530, 0.6432, 0.2513, 0.2592, 0.6149, 0.4410, -0.3914, 0.1946, 0.7884, 0.0478,
    -0.6920, 0.1634, 0.6567, -0.3055, 0.3875, 0.5463, 0.4056, 0.4694, 0.5395, 0.4161,
    -0.1807, 0.0540, -0.0044, 0.4195, -0.1243, 0.4270, -0.1236, 0.3539, 0.6606, 0.5604,
  ]

### values/Q_max
  Total points: 100
  Min: 0.0897, Max: 8.8994, Mean: 5.5643
  Data: [
    0.1147, 0.1491, 0.1686, 0.1091, 0.0970, 0.1370, 0.1236, 0.1335, 0.1027, 0.1142,
    0.1033, 0.1426, 0.1775, 0.1292, 0.0897, 0.1385, 0.1006, 0.1185, 0.1606, 0.2259,
    3.8811, 4.2649, 4.3746, 4.8041, 5.6998, 7.7509, 7.6834, 4.7038, 8.7037, 8.0581,
    5.7323, 7.0067, 6.0154, 6.3733, 7.0695, 6.7117, 6.7791, 7.1292, 7.8417, 6.7347,
    8.5418, 7.0705, 7.3433, 8.8994, 7.1929, 6.9884, 8.5931, 7.1672, 8.0867, 8.7459,
    6.0641, 7.3824, 6.7689, 7.7343, 6.4179, 7.6687, 7.6308, 6.6339, 7.5958, 7.0839,
    7.2691, 7.1637, 5.6301, 7.3931, 7.3269, 7.3875, 6.6062, 6.9825, 7.3055, 7.2592,
    6.9131, 7.2541, 6.4892, 6.6104, 7.0057, 6.9690, 7.0463, 6.8220, 6.6816, 6.5387,
    6.4676, 7.0146, 6.6730, 6.6890, 7.2698, 6.7399, 6.7468, 7.5240, 6.0687, 6.2752,
    6.2775, 7.0419, 7.3647, 6.1899, 7.1970, 7.3134, 7.1383, 6.9391, 7.6059, 7.6761,
  ]

### values/Q_min
  Total points: 100
  Min: -8.9952, Max: -0.1239, Mean: -5.8087
  Data: [
    -0.1740, -0.1374, -0.1734, -0.1844, -0.1517, -0.1516, -0.1274, -0.1974, -0.1547, -0.1239,
    -0.1634, -0.1452, -0.1303, -0.1718, -0.1602, -0.1407, -0.1530, -0.1438, -0.1546, -0.4184,
    -4.7916, -4.3253, -4.2917, -4.1816, -4.4102, -4.7213, -4.8372, -6.2927, -6.2078, -6.9900,
    -6.8173, -6.9288, -6.0684, -7.3222, -5.8828, -8.5891, -8.3906, -6.5778, -7.0943, -6.5729,
    -7.8466, -8.5207, -8.1035, -7.9972, -6.4833, -7.3299, -5.7548, -7.6954, -7.0746, -8.9952,
    -7.4844, -7.0975, -8.0186, -7.5842, -8.2437, -8.2863, -7.3901, -6.4913, -7.9265, -7.1217,
    -7.8358, -7.9722, -7.2963, -7.7782, -7.4750, -7.2278, -7.8587, -7.3670, -7.3726, -8.3158,
    -7.7830, -6.9478, -7.5443, -8.6604, -6.9260, -8.0972, -7.6527, -8.0357, -8.0269, -7.2775,
    -7.6380, -7.7498, -8.1165, -7.7728, -7.0781, -7.7395, -7.5319, -7.4600, -7.2785, -7.2737,
    -7.6564, -7.1754, -7.4088, -7.4000, -7.0253, -8.3586, -7.8890, -6.1614, -8.6398, -7.9671,
  ]

### values/Q_std
  Total points: 100
  Min: 0.0475, Max: 4.1628, Mean: 2.6328
  Data: [
    0.0606, 0.0537, 0.0676, 0.0615, 0.0522, 0.0607, 0.0539, 0.0604, 0.0561, 0.0475,
    0.0565, 0.0595, 0.0613, 0.0623, 0.0555, 0.0595, 0.0575, 0.0614, 0.0575, 0.1314,
    1.7593, 1.9011, 1.9089, 1.9770, 2.1122, 2.2502, 2.4259, 2.5926, 2.7640, 2.6497,
    2.5450, 3.0407, 2.9689, 3.2029, 3.1103, 3.1344, 3.5034, 3.5493, 3.1883, 3.1151,
    2.8987, 3.2246, 3.5142, 3.1705, 2.8945, 3.0654, 3.1490, 2.5085, 3.3095, 3.3593,
    3.3453, 3.3521, 3.5072, 3.2270, 3.3145, 3.3141, 3.6952, 3.2682, 3.3629, 3.2539,
    3.5555, 3.7636, 3.3777, 3.7646, 3.5794, 3.6568, 3.8189, 3.5978, 3.4699, 3.8054,
    3.9922, 3.3323, 3.5401, 3.6212, 3.6171, 4.1628, 3.5992, 3.6512, 3.3375, 4.0101,
    3.9970, 3.7973, 3.4221, 3.7882, 3.6375, 3.6447, 3.4276, 3.6352, 3.3296, 3.3523,
    3.5389, 3.5951, 3.6410, 3.1370, 3.3625, 3.3004, 3.4294, 3.3187, 3.4914, 3.5082,
  ]
