================================================================================
W&B RUN DATA: TD3-sizes-rw-metrics-TD3-Hockey-NORMAL-weak-lr0.0003-seed55
================================================================================

## RUN METADATA
Run ID: hdd8qa4r
Created: 2026-01-14T23:17:54Z
State: running
Duration: 35385.74493804 seconds

## CONFIGURATION
  algorithm: TD3
  mode: NORMAL
  opponent: weak
  learning_rate_actor: 0.0003
  learning_rate_critic: 0.0003
  batch_size: 1024
  buffer_size: 1000000
  max_episodes: 100000
  random_seed: 55
  self_play_start: 0
  self_play_pool_size: 25
  gamma: 0.99
  tau: 0.005

## FINAL SUMMARY

## NOTE: Data discretized to fit 100000 char limit
  Showing ~50 points per metric (of 476 total)

## METRICS DATA

### behavior/action_magnitude_avg
  Total points: 100
  Min: 0.7050, Max: 1.2562, Mean: 1.0452
  Data: [
    0.8391, 0.9417, 0.7966, 0.8400, 0.8179, 0.7720, 0.9275, 0.7398, 0.8153, 0.7313,
    0.8149, 0.8949, 0.8958, 0.8569, 0.7852, 0.8129, 0.8272, 0.7338, 0.8947, 0.8212,
    0.8276, 0.9043, 0.7353, 0.7699, 0.8539, 0.9491, 0.8134, 0.7599, 0.8306, 0.8049,
    0.7667, 0.7050, 0.7966, 0.7694, 0.7557, 0.7246, 1.0920, 0.9748, 1.0294, 1.0403,
    1.0682, 1.0484, 1.1182, 0.9879, 1.0300, 1.0851, 1.0751, 1.0721, 1.0641, 0.9674,
    1.1695, 1.2247, 1.1667, 1.1924, 1.1958, 1.2431, 1.2197, 1.2562, 1.2082, 1.1361,
    1.1813, 1.2124, 1.2385, 1.1854, 1.2248, 1.2006, 1.2177, 1.2289, 1.2214, 1.1763,
    1.2387, 1.2531, 1.2177, 1.2397, 1.2356, 1.2048, 1.1988, 1.2140, 1.2332, 1.2183,
    1.2446, 1.2207, 1.2370, 1.2317, 1.1957, 1.2251, 1.1576, 1.2235, 1.2176, 1.2142,
    1.2141, 1.2467, 1.2025, 1.1730, 1.1919, 1.1971, 1.1817, 1.2006, 1.2331, 1.1758,
  ]

### behavior/action_magnitude_max
  Total points: 100
  Min: 1.2075, Max: 1.4142, Mean: 1.3657
  Data: [
    1.2512, 1.3853, 1.2477, 1.2896, 1.2075, 1.2552, 1.3945, 1.2327, 1.3395, 1.2352,
    1.2724, 1.3218, 1.3509, 1.2820, 1.2226, 1.2400, 1.2865, 1.2594, 1.2632, 1.3522,
    1.2636, 1.3577, 1.2286, 1.2163, 1.3382, 1.3036, 1.3538, 1.2866, 1.2636, 1.2847,
    1.2538, 1.2595, 1.2364, 1.2856, 1.2442, 1.2441, 1.4123, 1.4142, 1.4142, 1.4142,
    1.4103, 1.4084, 1.4142, 1.4140, 1.3930, 1.4142, 1.4142, 1.4089, 1.4127, 1.4142,
    1.4142, 1.4142, 1.4140, 1.4142, 1.4142, 1.4142, 1.4142, 1.4142, 1.4142, 1.4141,
    1.4102, 1.4142, 1.4142, 1.4142, 1.4142, 1.4070, 1.4137, 1.4142, 1.4142, 1.4142,
    1.4142, 1.4142, 1.4142, 1.4142, 1.4142, 1.4142, 1.4142, 1.4142, 1.4142, 1.4142,
    1.4142, 1.4142, 1.4142, 1.4142, 1.4142, 1.4131, 1.4142, 1.4142, 1.4137, 1.4142,
    1.4142, 1.4142, 1.4142, 1.4142, 1.4142, 1.4142, 1.4142, 1.4142, 1.4142, 1.4135,
  ]

### behavior/dist_to_puck_avg
  Total points: 100
  Min: 2.6162, Max: 4.1860, Mean: 3.1871
  Data: [
    3.6630, 3.2353, 3.9841, 3.4754, 3.5673, 3.7451, 4.1860, 3.4766, 3.6641, 3.4758,
    3.7301, 4.1106, 3.8146, 3.9773, 3.7570, 3.5056, 3.7485, 3.7175, 3.7154, 4.0006,
    3.3598, 3.4724, 3.3925, 3.6967, 3.4293, 3.6493, 3.3619, 3.9085, 3.5911, 3.4553,
    3.4780, 3.3421, 3.4830, 3.3316, 3.6934, 3.3902, 2.6540, 2.9718, 3.0561, 2.6162,
    3.0090, 2.7302, 3.2848, 2.9771, 3.0203, 2.8705, 3.1274, 2.8136, 3.1319, 3.0993,
    2.8982, 2.8589, 2.9473, 3.1067, 2.6795, 2.8820, 3.2464, 2.9266, 2.6915, 2.9090,
    2.9552, 2.9146, 3.1382, 2.8579, 3.0137, 2.8325, 2.9641, 2.9163, 2.8477, 3.0735,
    3.2033, 3.0688, 3.0122, 2.9666, 2.9719, 2.8722, 3.1139, 2.9678, 2.8441, 2.9073,
    2.8380, 2.8888, 2.8454, 3.1689, 2.8247, 2.7154, 2.7738, 2.9735, 2.8699, 3.0446,
    3.2229, 2.9597, 2.9591, 2.7512, 2.7804, 2.8092, 2.7442, 3.0870, 3.0592, 2.8611,
  ]

### behavior/dist_to_puck_min
  Total points: 100
  Min: 0.2210, Max: 1.9930, Mean: 0.7672
  Data: [
    1.4056, 1.1744, 1.8228, 1.1526, 1.6080, 1.2895, 1.1079, 1.3635, 1.2484, 1.6806,
    1.7464, 1.5798, 1.2978, 1.6405, 1.4884, 1.4253, 1.4514, 1.4509, 1.2913, 1.5243,
    1.5646, 1.3716, 1.6331, 1.9930, 0.7947, 1.6982, 1.3377, 1.9360, 1.7862, 1.4650,
    1.2159, 1.0502, 1.6266, 1.4167, 1.7647, 1.4060, 0.4972, 1.0151, 0.5381, 0.5077,
    0.8209, 0.6033, 0.7119, 0.7518, 0.6392, 0.6896, 0.5704, 0.4411, 0.3223, 0.5227,
    0.3295, 0.3716, 0.2819, 0.2814, 0.2872, 0.2960, 0.2306, 0.3200, 0.4087, 0.4163,
    0.4116, 0.2907, 0.2920, 0.3243, 0.3046, 0.3575, 0.3220, 0.3051, 0.2782, 0.3493,
    0.2415, 0.2569, 0.2763, 0.2418, 0.2484, 0.2490, 0.2971, 0.2623, 0.3199, 0.3019,
    0.3610, 0.2456, 0.2937, 0.2210, 0.2293, 0.2945, 0.3636, 0.2544, 0.3024, 0.4221,
    0.2868, 0.4308, 0.2622, 0.3353, 0.2659, 0.2322, 0.3681, 0.2936, 0.3491, 0.3151,
  ]

### behavior/distance_traveled
  Total points: 100
  Min: 4.0738, Max: 28.9549, Mean: 15.6049
  Data: [
    7.5608, 7.2114, 6.6248, 7.1943, 7.0527, 6.2925, 6.8723, 7.0666, 9.8810, 6.5992,
    7.4268, 7.1519, 8.6492, 4.0738, 6.5438, 6.2805, 7.8419, 5.7732, 4.4815, 8.9756,
    9.1076, 9.2841, 7.6627, 6.6487, 8.6181, 6.6373, 7.4848, 9.1690, 5.6894, 8.1279,
    6.0041, 8.8505, 6.6750, 7.1458, 8.6086, 6.5717, 7.3822, 12.2922, 16.5475, 15.3710,
    12.5321, 16.5805, 17.4406, 13.8265, 15.0671, 11.6672, 15.8799, 11.5614, 20.1470, 16.7192,
    23.0281, 17.9875, 24.1891, 24.3791, 20.4650, 24.5009, 28.9549, 18.2757, 17.8923, 22.5972,
    13.5321, 20.9572, 25.0369, 22.0494, 26.8922, 23.0029, 20.8102, 23.0139, 23.2051, 23.2949,
    26.0125, 23.1665, 17.9446, 17.3692, 16.4819, 22.3787, 24.8474, 20.5806, 14.5146, 24.8330,
    16.6698, 24.4979, 27.5449, 20.9308, 23.4433, 22.6912, 19.3617, 20.8580, 23.3511, 22.7292,
    24.6535, 16.0060, 27.2068, 19.9187, 23.8409, 24.9873, 19.0923, 22.9773, 21.2878, 21.3929,
  ]

### behavior/lazy_action_ratio
  Total points: 100
  Min: 0.0000, Max: 0.0382, Mean: 0.0061
  Data: [
    0.0172, 0.0068, 0.0221, 0.0124, 0.0088, 0.0185, 0.0095, 0.0187, 0.0120, 0.0133,
    0.0100, 0.0110, 0.0032, 0.0114, 0.0143, 0.0044, 0.0259, 0.0325, 0.0012, 0.0066,
    0.0012, 0.0119, 0.0295, 0.0259, 0.0100, 0.0122, 0.0212, 0.0193, 0.0079, 0.0143,
    0.0263, 0.0382, 0.0190, 0.0141, 0.0229, 0.0149, 0.0004, 0.0064, 0.0036, 0.0058,
    0.0004, 0.0021, 0.0000, 0.0040, 0.0008, 0.0006, 0.0026, 0.0071, 0.0008, 0.0056,
    0.0020, 0.0000, 0.0012, 0.0000, 0.0023, 0.0000, 0.0000, 0.0000, 0.0016, 0.0007,
    0.0008, 0.0000, 0.0000, 0.0028, 0.0000, 0.0000, 0.0000, 0.0000, 0.0007, 0.0000,
    0.0000, 0.0000, 0.0000, 0.0000, 0.0000, 0.0000, 0.0004, 0.0000, 0.0000, 0.0011,
    0.0000, 0.0000, 0.0004, 0.0000, 0.0004, 0.0004, 0.0032, 0.0000, 0.0000, 0.0000,
    0.0004, 0.0000, 0.0000, 0.0000, 0.0000, 0.0000, 0.0015, 0.0011, 0.0000, 0.0004,
  ]

### behavior/possession_ratio
  Total points: 100
  Min: 0.0000, Max: 0.1404, Mean: 0.0472
  Data: [
    0.0020, 0.0276, 0.0056, 0.0359, 0.0000, 0.0321, 0.0224, 0.0135, 0.0067, 0.0126,
    0.0191, 0.0098, 0.0040, 0.0139, 0.0118, 0.0064, 0.0048, 0.0168, 0.0479, 0.0351,
    0.0152, 0.0182, 0.0006, 0.0000, 0.0282, 0.0296, 0.0278, 0.0000, 0.0084, 0.0107,
    0.0308, 0.0134, 0.0000, 0.0000, 0.0000, 0.0238, 0.0695, 0.0648, 0.0877, 0.0970,
    0.0652, 0.0778, 0.0817, 0.0424, 0.0524, 0.0453, 0.0619, 0.0237, 0.0332, 0.0108,
    0.0446, 0.0490, 0.0718, 0.0693, 0.0754, 0.0927, 0.0709, 0.0529, 0.0616, 0.0313,
    0.0304, 0.0703, 0.0854, 0.0711, 0.0690, 0.0480, 0.0618, 0.0300, 0.0468, 0.0560,
    0.0657, 0.0628, 0.0727, 0.0636, 0.0530, 0.1404, 0.0563, 0.1172, 0.0894, 0.0722,
    0.0608, 0.0570, 0.0932, 0.0554, 0.0766, 0.0834, 0.0569, 0.0907, 0.0606, 0.0513,
    0.0794, 0.0481, 0.0801, 0.0665, 0.0576, 0.0654, 0.0819, 0.0699, 0.0853, 0.0718,
  ]

### behavior/puck_touches
  Total points: 100
  Min: 0.0000, Max: 5.2000, Mean: 1.9340
  Data: [
    0.2000, 0.4000, 0.1000, 0.3000, 0.0000, 0.3000, 0.4000, 0.2000, 0.1000, 0.5000,
    0.2000, 1.7000, 0.5000, 0.2000, 0.3000, 0.5000, 0.1000, 0.3000, 0.3000, 2.1000,
    1.5000, 0.6000, 0.1000, 0.0000, 0.8000, 0.7000, 0.3000, 0.0000, 0.3000, 0.2000,
    0.3000, 0.9000, 0.0000, 0.0000, 0.0000, 0.7000, 1.0000, 0.9000, 1.8000, 1.2000,
    0.7000, 1.1000, 2.0000, 0.8000, 1.7000, 0.7000, 1.7000, 1.5000, 2.2000, 1.0000,
    3.3000, 2.0000, 2.5000, 3.2000, 2.5000, 4.1000, 3.6000, 2.1000, 1.4000, 2.0000,
    1.3000, 3.2000, 3.3000, 2.7000, 2.8000, 2.5000, 3.2000, 2.9000, 2.7000, 3.6000,
    3.6000, 2.8000, 2.4000, 2.7000, 2.6000, 4.0000, 3.3000, 2.6000, 2.1000, 3.8000,
    4.4000, 4.9000, 3.1000, 3.2000, 5.2000, 4.7000, 3.1000, 4.8000, 2.5000, 3.8000,
    4.4000, 3.3000, 2.9000, 2.7000, 4.1000, 5.0000, 2.9000, 4.0000, 3.2000, 3.0000,
  ]

### behavior/shoot_action_avg
  Total points: 100
  Min: -0.4461, Max: 0.3171, Mean: 0.0181
  Data: [
    -0.0276, -0.3518, -0.1803, -0.2443, 0.0021, -0.2708, -0.3333, -0.1750, 0.0774, -0.1248,
    -0.2475, 0.2162, -0.1949, -0.2255, -0.2126, 0.0648, -0.1248, -0.4461, -0.1594, -0.0037,
    -0.1832, 0.2030, 0.0213, -0.0770, 0.1118, -0.1887, 0.0863, 0.0708, -0.0384, -0.4316,
    -0.0595, 0.0511, -0.0359, -0.2316, -0.2510, -0.1870, -0.2964, -0.0752, -0.1477, -0.1251,
    -0.0694, -0.1569, 0.1116, 0.3007, -0.3561, -0.1455, 0.0195, 0.1316, 0.1576, 0.0744,
    0.1112, 0.1972, -0.0813, 0.1352, 0.0108, 0.0309, 0.3171, 0.0445, -0.0608, 0.1526,
    0.1294, 0.1426, 0.1371, 0.0417, 0.1335, 0.0265, 0.2220, 0.2644, 0.2488, 0.0511,
    0.1487, 0.2035, 0.1335, 0.0550, 0.2147, 0.1192, 0.1364, 0.1347, 0.0740, 0.1575,
    0.1464, 0.1589, 0.1120, 0.1981, 0.0521, 0.0809, 0.0228, 0.1363, 0.0948, 0.1680,
    0.2170, 0.1995, 0.2295, 0.1667, 0.1375, 0.1498, 0.0948, 0.1560, 0.2637, 0.0701,
  ]

### behavior/shoot_action_when_possess
  Total points: 100
  Min: -0.6605, Max: 0.2871, Mean: -0.1350
  Data: [
    0.0391, 0.0018, -0.0601, -0.0440, 0.0000, -0.2141, -0.1318, -0.0134, -0.0974, 0.0849,
    -0.0039, 0.0531, 0.1419, -0.1000, -0.0021, 0.0070, 0.0069, -0.1998, -0.1664, -0.0344,
    -0.0894, 0.0793, 0.0736, 0.0000, 0.0185, 0.0279, -0.0315, 0.0000, 0.0189, -0.0602,
    -0.1312, -0.0140, 0.0000, 0.0000, 0.0000, 0.0385, -0.1328, -0.3404, -0.6270, -0.6605,
    -0.4683, -0.4281, -0.4010, -0.2380, -0.2165, -0.1283, 0.0195, 0.1639, 0.1689, 0.1964,
    -0.0236, -0.0281, -0.3546, -0.1563, -0.2746, -0.3250, -0.2045, 0.0014, -0.1420, -0.0885,
    -0.0932, -0.2598, -0.5811, -0.1868, -0.0262, 0.2871, -0.2253, 0.0167, -0.0708, -0.0338,
    -0.0414, -0.0738, -0.3217, -0.2891, -0.0223, -0.6050, -0.0932, -0.3492, -0.4017, -0.4281,
    -0.0999, -0.1473, -0.4512, 0.2235, -0.3858, -0.4776, -0.0856, -0.2730, -0.2649, -0.0947,
    -0.3720, -0.2089, -0.3868, -0.1402, -0.1044, 0.0250, -0.2353, -0.1767, -0.2591, -0.2985,
  ]

### behavior/time_near_puck
  Total points: 100
  Min: 0.0000, Max: 25.4000, Mean: 7.7050
  Data: [
    0.5000, 4.4000, 1.3000, 4.1000, 0.0000, 3.9000, 4.1000, 1.9000, 1.5000, 3.0000,
    3.2000, 1.8000, 1.2000, 1.5000, 0.8000, 1.6000, 1.1000, 4.0000, 4.0000, 5.6000,
    2.9000, 3.0000, 0.2000, 0.0000, 3.5000, 2.3000, 2.6000, 0.0000, 1.7000, 1.5000,
    3.9000, 3.2000, 0.0000, 0.0000, 0.0000, 5.4000, 6.6000, 9.4000, 15.5000, 12.7000,
    9.1000, 9.7000, 11.2000, 5.9000, 7.0000, 3.7000, 6.5000, 3.8000, 9.7000, 4.9000,
    8.7000, 7.0000, 10.8000, 13.4000, 9.8000, 18.5000, 13.6000, 4.8000, 5.8000, 6.3000,
    2.5000, 11.6000, 13.5000, 13.2000, 12.8000, 8.8000, 12.0000, 6.3000, 7.9000, 11.8000,
    12.6000, 11.3000, 8.8000, 8.2000, 6.4000, 25.4000, 10.0000, 14.7000, 9.4000, 12.1000,
    11.3000, 11.1000, 18.7000, 8.0000, 14.1000, 14.8000, 8.9000, 19.2000, 9.0000, 11.0000,
    12.6000, 7.7000, 14.1000, 10.0000, 12.9000, 14.9000, 13.7000, 15.3000, 14.9000, 14.9000,
  ]

### behavior/velocity_avg
  Total points: 100
  Min: 0.0455, Max: 0.1506, Mean: 0.1059
  Data: [
    0.0560, 0.0541, 0.0455, 0.0590, 0.0700, 0.0655, 0.0472, 0.0615, 0.0512, 0.0660,
    0.0600, 0.0473, 0.0497, 0.0541, 0.0520, 0.0492, 0.0495, 0.0477, 0.0519, 0.0462,
    0.0740, 0.0533, 0.0639, 0.0566, 0.0527, 0.0594, 0.0667, 0.0608, 0.0497, 0.0539,
    0.0588, 0.0533, 0.0499, 0.0548, 0.0618, 0.0605, 0.0675, 0.0958, 0.0980, 0.1138,
    0.1229, 0.1244, 0.1224, 0.1125, 0.1143, 0.1375, 0.1275, 0.1216, 0.1080, 0.1116,
    0.1326, 0.1346, 0.1338, 0.1446, 0.1408, 0.1506, 0.1470, 0.1496, 0.1347, 0.1299,
    0.1323, 0.1397, 0.1461, 0.1294, 0.1449, 0.1390, 0.1461, 0.1446, 0.1393, 0.1435,
    0.1472, 0.1474, 0.1404, 0.1421, 0.1391, 0.1409, 0.1421, 0.1410, 0.1404, 0.1416,
    0.1418, 0.1420, 0.1409, 0.1450, 0.1407, 0.1332, 0.1319, 0.1351, 0.1416, 0.1379,
    0.1429, 0.1389, 0.1381, 0.1357, 0.1401, 0.1367, 0.1347, 0.1390, 0.1425, 0.1371,
  ]

### behavior/velocity_max
  Total points: 100
  Min: 0.1678, Max: 0.2483, Mean: 0.2232
  Data: [
    0.2072, 0.1934, 0.1860, 0.1943, 0.2096, 0.1920, 0.1976, 0.1967, 0.2045, 0.2052,
    0.2054, 0.1945, 0.2017, 0.2080, 0.1870, 0.2033, 0.1873, 0.1678, 0.1913, 0.2050,
    0.2064, 0.2005, 0.1982, 0.1943, 0.2123, 0.2127, 0.2095, 0.2104, 0.1911, 0.1998,
    0.1977, 0.1916, 0.1870, 0.1899, 0.1965, 0.2073, 0.2192, 0.2199, 0.2289, 0.2340,
    0.2293, 0.2311, 0.2298, 0.2358, 0.2338, 0.2230, 0.2328, 0.2193, 0.2352, 0.2282,
    0.2328, 0.2351, 0.2428, 0.2409, 0.2405, 0.2430, 0.2468, 0.2402, 0.2353, 0.2408,
    0.2336, 0.2382, 0.2445, 0.2333, 0.2414, 0.2405, 0.2323, 0.2363, 0.2451, 0.2479,
    0.2425, 0.2324, 0.2355, 0.2349, 0.2328, 0.2414, 0.2392, 0.2393, 0.2361, 0.2408,
    0.2444, 0.2453, 0.2405, 0.2397, 0.2419, 0.2379, 0.2413, 0.2348, 0.2408, 0.2460,
    0.2483, 0.2374, 0.2393, 0.2359, 0.2418, 0.2434, 0.2383, 0.2412, 0.2424, 0.2340,
  ]

### eval/strong/avg_reward
  Total points: 22
  Min: -25.6869, Max: -5.8330, Mean: -9.8004
  Data: [
    -25.2811, -25.6869, -6.4781, -15.7277, -7.0204, -8.5046, -8.8598, -7.2264, -6.3119, -5.8330,
    -5.9524, -6.0936, -7.5658, -7.9455, -10.0830, -7.5404, -5.9674, -9.4964, -12.4796, -10.2185,
    -8.1313, -7.2045,
  ]

### eval/strong/loss_rate
  Total points: 22
  Min: 0.2400, Max: 0.4600, Mean: 0.3645
  Data: [
    0.2700, 0.3300, 0.3800, 0.2400, 0.3900, 0.3200, 0.4200, 0.4500, 0.3800, 0.3800,
    0.4000, 0.3400, 0.4300, 0.4400, 0.3600, 0.3900, 0.2900, 0.3200, 0.2800, 0.4000,
    0.4600, 0.3500,
  ]

### eval/strong/losses
  Total points: 22
  Min: 24.0000, Max: 46.0000, Mean: 36.4545
  Data: [
    27.0000, 33.0000, 38.0000, 24.0000, 39.0000, 32.0000, 42.0000, 45.0000, 38.0000, 38.0000,
    40.0000, 34.0000, 43.0000, 44.0000, 36.0000, 39.0000, 29.0000, 32.0000, 28.0000, 40.0000,
    46.0000, 35.0000,
  ]

### eval/strong/tie_rate
  Total points: 22
  Min: 0.3800, Max: 0.6800, Mean: 0.4741
  Data: [
    0.6800, 0.6100, 0.4100, 0.6800, 0.4300, 0.5300, 0.4800, 0.3900, 0.4100, 0.4000,
    0.4000, 0.4800, 0.3900, 0.4000, 0.4800, 0.4400, 0.4500, 0.4800, 0.5800, 0.4400,
    0.3800, 0.4900,
  ]

### eval/strong/ties
  Total points: 22
  Min: 38.0000, Max: 68.0000, Mean: 47.4091
  Data: [
    68.0000, 61.0000, 41.0000, 68.0000, 43.0000, 53.0000, 48.0000, 39.0000, 41.0000, 40.0000,
    40.0000, 48.0000, 39.0000, 40.0000, 48.0000, 44.0000, 45.0000, 48.0000, 58.0000, 44.0000,
    38.0000, 49.0000,
  ]

### eval/strong/win_rate
  Total points: 22
  Min: 0.0500, Max: 0.2600, Mean: 0.1614
  Data: [
    0.0500, 0.0600, 0.2100, 0.0800, 0.1800, 0.1500, 0.1000, 0.1600, 0.2100, 0.2200,
    0.2000, 0.1800, 0.1800, 0.1600, 0.1600, 0.1700, 0.2600, 0.2000, 0.1400, 0.1600,
    0.1600, 0.1600,
  ]

### eval/strong/win_rate_decisive
  Total points: 22
  Min: 0.1538, Max: 0.4727, Mean: 0.3013
  Data: [
    0.1562, 0.1538, 0.3559, 0.2500, 0.3158, 0.3191, 0.1923, 0.2623, 0.3559, 0.3667,
    0.3333, 0.3462, 0.2951, 0.2667, 0.3077, 0.3036, 0.4727, 0.3846, 0.3333, 0.2857,
    0.2581, 0.3137,
  ]

### eval/strong/wins
  Total points: 22
  Min: 5.0000, Max: 26.0000, Mean: 16.1364
  Data: [
    5.0000, 6.0000, 21.0000, 8.0000, 18.0000, 15.0000, 10.0000, 16.0000, 21.0000, 22.0000,
    20.0000, 18.0000, 18.0000, 16.0000, 16.0000, 17.0000, 26.0000, 20.0000, 14.0000, 16.0000,
    16.0000, 16.0000,
  ]

### eval/weak/avg_reward
  Total points: 22
  Min: -27.0741, Max: -3.9926, Mean: -7.4744
  Data: [
    -27.0741, -15.6119, -8.2712, -11.2822, -5.3275, -6.0274, -5.2036, -6.9531, -4.3339, -4.8931,
    -5.4569, -6.1717, -6.8069, -5.4068, -6.6555, -4.9463, -6.0292, -4.5650, -8.2791, -6.1381,
    -3.9926, -5.0113,
  ]

### eval/weak/loss_rate
  Total points: 22
  Min: 0.1700, Max: 0.6600, Mean: 0.3827
  Data: [
    0.4400, 0.4700, 0.6600, 0.4600, 0.3300, 0.4800, 0.4200, 0.5000, 0.4300, 0.4000,
    0.4900, 0.4300, 0.4300, 0.2200, 0.1700, 0.1900, 0.3800, 0.2700, 0.2300, 0.2900,
    0.3400, 0.3900,
  ]

### eval/weak/losses
  Total points: 22
  Min: 17.0000, Max: 66.0000, Mean: 38.2727
  Data: [
    44.0000, 47.0000, 66.0000, 46.0000, 33.0000, 48.0000, 42.0000, 50.0000, 43.0000, 40.0000,
    49.0000, 43.0000, 43.0000, 22.0000, 17.0000, 19.0000, 38.0000, 27.0000, 23.0000, 29.0000,
    34.0000, 39.0000,
  ]

### eval/weak/tie_rate
  Total points: 22
  Min: 0.1800, Max: 0.6100, Mean: 0.4282
  Data: [
    0.5500, 0.4600, 0.1800, 0.4400, 0.5000, 0.2900, 0.3400, 0.3700, 0.3500, 0.4000,
    0.3100, 0.4100, 0.4400, 0.5500, 0.6100, 0.5600, 0.4300, 0.4100, 0.5900, 0.5300,
    0.3400, 0.3600,
  ]

### eval/weak/ties
  Total points: 22
  Min: 18.0000, Max: 61.0000, Mean: 42.8182
  Data: [
    55.0000, 46.0000, 18.0000, 44.0000, 50.0000, 29.0000, 34.0000, 37.0000, 35.0000, 40.0000,
    31.0000, 41.0000, 44.0000, 55.0000, 61.0000, 56.0000, 43.0000, 41.0000, 59.0000, 53.0000,
    34.0000, 36.0000,
  ]

### eval/weak/win_rate
  Total points: 22
  Min: 0.0100, Max: 0.3200, Mean: 0.1891
  Data: [
    0.0100, 0.0700, 0.1600, 0.1000, 0.1700, 0.2300, 0.2400, 0.1300, 0.2200, 0.2000,
    0.2000, 0.1600, 0.1300, 0.2300, 0.2200, 0.2500, 0.1900, 0.3200, 0.1800, 0.1800,
    0.3200, 0.2500,
  ]

### eval/weak/win_rate_decisive
  Total points: 22
  Min: 0.0222, Max: 0.5682, Mean: 0.3382
  Data: [
    0.0222, 0.1296, 0.1951, 0.1786, 0.3400, 0.3239, 0.3636, 0.2063, 0.3385, 0.3333,
    0.2899, 0.2712, 0.2321, 0.5111, 0.5641, 0.5682, 0.3333, 0.5424, 0.4390, 0.3830,
    0.4848, 0.3906,
  ]

### eval/weak/wins
  Total points: 22
  Min: 1.0000, Max: 32.0000, Mean: 18.9091
  Data: [
    1.0000, 7.0000, 16.0000, 10.0000, 17.0000, 23.0000, 24.0000, 13.0000, 22.0000, 20.0000,
    20.0000, 16.0000, 13.0000, 23.0000, 22.0000, 25.0000, 19.0000, 32.0000, 18.0000, 18.0000,
    32.0000, 25.0000,
  ]

### gradients/actor_grad_norm
  Total points: 100
  Min: 0.0000, Max: 0.2269, Mean: 0.0804
  Data: [
    0.0000, 0.0000, 0.0000, 0.0000, 0.0000, 0.0000, 0.0000, 0.0000, 0.0000, 0.0000,
    0.0000, 0.0000, 0.0000, 0.0000, 0.0000, 0.0000, 0.0000, 0.0000, 0.0000, 0.0000,
    0.0000, 0.0000, 0.0000, 0.0000, 0.0000, 0.0000, 0.0000, 0.0000, 0.0000, 0.0000,
    0.0000, 0.0000, 0.0000, 0.0000, 0.0000, 0.0898, 0.0444, 0.0577, 0.0408, 0.0511,
    0.0429, 0.0453, 0.0531, 0.0549, 0.0541, 0.0469, 0.0339, 0.0305, 0.0536, 0.0391,
    0.1920, 0.1214, 0.1496, 0.1327, 0.1713, 0.1529, 0.1699, 0.1610, 0.1455, 0.1247,
    0.1250, 0.1097, 0.1026, 0.1793, 0.1613, 0.1430, 0.1465, 0.1207, 0.1642, 0.1401,
    0.1287, 0.1335, 0.2006, 0.1124, 0.1087, 0.1298, 0.1673, 0.1101, 0.1701, 0.1210,
    0.1157, 0.1726, 0.1313, 0.1470, 0.1622, 0.1197, 0.0997, 0.2269, 0.1588, 0.1293,
    0.1552, 0.1480, 0.1457, 0.1928, 0.1151, 0.1341, 0.1764, 0.1401, 0.1340, 0.2047,
  ]

### gradients/critic_grad_norm
  Total points: 100
  Min: 0.0000, Max: 0.2404, Mean: 0.0800
  Data: [
    0.0000, 0.0000, 0.0000, 0.0000, 0.0000, 0.0000, 0.0000, 0.0000, 0.0000, 0.0000,
    0.0000, 0.0000, 0.0000, 0.0000, 0.0000, 0.0000, 0.0000, 0.0000, 0.0000, 0.0000,
    0.0000, 0.0000, 0.0000, 0.0000, 0.0000, 0.0000, 0.0000, 0.0000, 0.0000, 0.0000,
    0.0000, 0.0000, 0.0000, 0.0000, 0.0000, 0.1172, 0.1125, 0.1486, 0.1895, 0.1949,
    0.1839, 0.1888, 0.1922, 0.2020, 0.1957, 0.2404, 0.2061, 0.1946, 0.2040, 0.1710,
    0.1018, 0.0965, 0.1040, 0.1159, 0.0942, 0.0731, 0.0906, 0.0897, 0.0889, 0.1125,
    0.1027, 0.0764, 0.0773, 0.1121, 0.0994, 0.1237, 0.0832, 0.1028, 0.0904, 0.1115,
    0.0775, 0.1030, 0.1154, 0.0883, 0.1203, 0.1237, 0.0955, 0.0894, 0.1169, 0.0895,
    0.1314, 0.1081, 0.1172, 0.0968, 0.0811, 0.0752, 0.1002, 0.1500, 0.1556, 0.1615,
    0.1096, 0.1508, 0.1230, 0.1092, 0.1324, 0.0798, 0.1235, 0.1083, 0.1117, 0.0654,
  ]

### losses/actor_loss
  Total points: 100
  Min: 0.0000, Max: 1.1520, Mean: 0.4138
  Data: [
    0.0000, 0.0000, 0.0000, 0.0000, 0.0000, 0.0000, 0.0000, 0.0000, 0.0000, 0.0000,
    0.0000, 0.0000, 0.0000, 0.0000, 0.0000, 0.0000, 0.0000, 0.0000, 0.0000, 0.0000,
    0.0000, 0.0000, 0.0000, 0.0000, 0.0000, 0.0000, 0.0000, 0.0000, 0.0000, 0.0000,
    0.0000, 0.0000, 0.0000, 0.0000, 0.0000, 0.2509, 0.4526, 0.6672, 0.7139, 0.7328,
    0.7409, 0.8256, 0.8879, 0.9450, 0.9987, 1.0522, 1.1135, 1.0901, 1.1307, 1.1520,
    0.5924, 0.5887, 0.5603, 0.5515, 0.5370, 0.5368, 0.5538, 0.5772, 0.5839, 0.5708,
    0.5894, 0.6002, 0.5962, 0.5705, 0.5946, 0.6085, 0.5291, 0.5731, 0.5590, 0.6095,
    0.5728, 0.5782, 0.5539, 0.5862, 0.5568, 0.5543, 0.5816, 0.5898, 0.5700, 0.5601,
    0.5504, 0.5055, 0.5846, 0.5756, 0.5468, 0.5684, 0.5839, 0.5510, 0.5737, 0.5899,
    0.5797, 0.5795, 0.5822, 0.5909, 0.5776, 0.5858, 0.5637, 0.5588, 0.5893, 0.6057,
  ]

### losses/critic_loss
  Total points: 100
  Min: 0.0000, Max: 0.0851, Mean: 0.0109
  Data: [
    0.0000, 0.0000, 0.0000, 0.0000, 0.0000, 0.0000, 0.0000, 0.0000, 0.0000, 0.0000,
    0.0000, 0.0000, 0.0000, 0.0000, 0.0000, 0.0000, 0.0000, 0.0000, 0.0000, 0.0000,
    0.0000, 0.0000, 0.0000, 0.0000, 0.0000, 0.0000, 0.0000, 0.0000, 0.0000, 0.0000,
    0.0000, 0.0000, 0.0000, 0.0000, 0.0000, 0.0302, 0.0851, 0.0544, 0.0394, 0.0384,
    0.0319, 0.0390, 0.0376, 0.0392, 0.0412, 0.0416, 0.0393, 0.0379, 0.0388, 0.0340,
    0.0111, 0.0095, 0.0088, 0.0093, 0.0098, 0.0073, 0.0090, 0.0108, 0.0079, 0.0081,
    0.0102, 0.0068, 0.0077, 0.0105, 0.0080, 0.0116, 0.0080, 0.0100, 0.0101, 0.0076,
    0.0079, 0.0091, 0.0086, 0.0070, 0.0076, 0.0097, 0.0085, 0.0106, 0.0089, 0.0097,
    0.0094, 0.0090, 0.0100, 0.0097, 0.0083, 0.0084, 0.0100, 0.0116, 0.0085, 0.0099,
    0.0082, 0.0119, 0.0116, 0.0102, 0.0121, 0.0094, 0.0092, 0.0103, 0.0100, 0.0062,
  ]

### pbrs/avg_per_episode
  Total points: 100
  Min: 0.5716, Max: 0.8118, Mean: 0.6188
  Data: [
    0.8118, 0.6887, 0.6557, 0.6099, 0.6309, 0.6260, 0.6209, 0.6085, 0.6142, 0.6307,
    0.6393, 0.6499, 0.6475, 0.6511, 0.6459, 0.6469, 0.6390, 0.6349, 0.6367, 0.6388,
    0.6403, 0.6437, 0.6465, 0.6494, 0.6484, 0.6505, 0.6549, 0.6548, 0.6584, 0.6508,
    0.6513, 0.6523, 0.6492, 0.6502, 0.6480, 0.6493, 0.6578, 0.6568, 0.6622, 0.6639,
    0.6645, 0.6708, 0.6778, 0.6790, 0.6875, 0.6974, 0.7028, 0.7085, 0.7121, 0.7160,
    0.5898, 0.5894, 0.5890, 0.5882, 0.5876, 0.5876, 0.5867, 0.5859, 0.5856, 0.5853,
    0.5847, 0.5843, 0.5838, 0.5836, 0.5829, 0.5824, 0.5824, 0.5819, 0.5816, 0.5814,
    0.5809, 0.5803, 0.5798, 0.5797, 0.5792, 0.5786, 0.5787, 0.5789, 0.5784, 0.5781,
    0.5780, 0.5775, 0.5773, 0.5770, 0.5761, 0.5758, 0.5758, 0.5755, 0.5750, 0.5750,
    0.5750, 0.5743, 0.5740, 0.5738, 0.5736, 0.5732, 0.5731, 0.5726, 0.5724, 0.5716,
  ]

### per/beta
  Total points: 50
  Min: 0.4552, Max: 1.0000, Mean: 0.9409
  Data: [
    0.4552, 0.4672, 0.4712, 0.6351, 0.6891, 0.7569, 0.7990, 0.8284, 0.9411, 1.0000,
    1.0000, 1.0000, 1.0000, 1.0000, 1.0000, 1.0000, 1.0000, 1.0000, 1.0000, 1.0000,
    1.0000, 1.0000, 1.0000, 1.0000, 1.0000, 1.0000, 1.0000, 1.0000, 1.0000, 1.0000,
    1.0000, 1.0000, 1.0000, 1.0000, 1.0000, 1.0000, 1.0000, 1.0000, 1.0000, 1.0000,
    1.0000, 1.0000, 1.0000, 1.0000, 1.0000, 1.0000, 1.0000, 1.0000, 1.0000, 1.0000,
  ]

### per/is_weight_max
  Total points: 50
  Min: 1.0000, Max: 1.0000, Mean: 1.0000
  Data: [
    1.0000, 1.0000, 1.0000, 1.0000, 1.0000, 1.0000, 1.0000, 1.0000, 1.0000, 1.0000,
    1.0000, 1.0000, 1.0000, 1.0000, 1.0000, 1.0000, 1.0000, 1.0000, 1.0000, 1.0000,
    1.0000, 1.0000, 1.0000, 1.0000, 1.0000, 1.0000, 1.0000, 1.0000, 1.0000, 1.0000,
    1.0000, 1.0000, 1.0000, 1.0000, 1.0000, 1.0000, 1.0000, 1.0000, 1.0000, 1.0000,
    1.0000, 1.0000, 1.0000, 1.0000, 1.0000, 1.0000, 1.0000, 1.0000, 1.0000, 1.0000,
  ]

### per/is_weight_mean
  Total points: 50
  Min: 0.0154, Max: 0.2309, Mean: 0.0529
  Data: [
    0.2309, 0.1758, 0.1676, 0.1512, 0.0983, 0.0811, 0.0688, 0.0171, 0.0540, 0.0365,
    0.0381, 0.0269, 0.0507, 0.0626, 0.0221, 0.0570, 0.0260, 0.0289, 0.0556, 0.0447,
    0.0191, 0.0366, 0.0191, 0.0823, 0.0475, 0.0570, 0.0418, 0.0166, 0.0254, 0.0161,
    0.0437, 0.0576, 0.0220, 0.0209, 0.0154, 0.0411, 0.0177, 0.0462, 0.0675, 0.0372,
    0.0273, 0.0496, 0.0548, 0.0374, 0.0192, 0.0530, 0.0205, 0.0502, 0.0501, 0.0600,
  ]

### per/is_weight_min
  Total points: 50
  Min: 0.0009, Max: 0.0632, Mean: 0.0061
  Data: [
    0.0632, 0.0460, 0.0434, 0.0250, 0.0128, 0.0090, 0.0068, 0.0014, 0.0036, 0.0018,
    0.0020, 0.0014, 0.0029, 0.0038, 0.0011, 0.0032, 0.0016, 0.0017, 0.0032, 0.0026,
    0.0011, 0.0023, 0.0011, 0.0054, 0.0026, 0.0034, 0.0024, 0.0009, 0.0013, 0.0009,
    0.0028, 0.0033, 0.0013, 0.0012, 0.0009, 0.0024, 0.0009, 0.0028, 0.0042, 0.0021,
    0.0015, 0.0030, 0.0032, 0.0022, 0.0011, 0.0033, 0.0012, 0.0029, 0.0033, 0.0034,
  ]

### per/is_weight_std
  Total points: 50
  Min: 0.0369, Max: 0.1060, Mean: 0.0634
  Data: [
    0.1060, 0.0832, 0.0865, 0.0958, 0.0883, 0.0724, 0.0696, 0.0380, 0.0707, 0.0636,
    0.0540, 0.0600, 0.0739, 0.0792, 0.0546, 0.0890, 0.0437, 0.0530, 0.0799, 0.0704,
    0.0417, 0.0628, 0.0406, 0.0882, 0.0689, 0.0740, 0.0641, 0.0392, 0.0537, 0.0380,
    0.0646, 0.0752, 0.0474, 0.0441, 0.0382, 0.0656, 0.0454, 0.0655, 0.0742, 0.0529,
    0.0456, 0.0599, 0.0771, 0.0514, 0.0369, 0.0739, 0.0398, 0.0704, 0.0630, 0.0776,
  ]

### per/max_priority
  Total points: 50
  Min: 10.5073, Max: 12.1697, Mean: 12.0989
  Data: [
    10.5073, 11.1514, 11.3124, 12.1697, 12.1697, 12.1697, 12.1697, 12.1697, 12.1697, 12.1697,
    12.1697, 12.1697, 12.1697, 12.1697, 12.1697, 12.1697, 12.1697, 12.1697, 12.1697, 12.1697,
    12.1697, 12.1697, 12.1697, 12.1697, 12.1697, 12.1697, 12.1697, 12.1697, 12.1697, 12.1697,
    12.1697, 12.1697, 12.1697, 12.1697, 12.1697, 12.1697, 12.1697, 12.1697, 12.1697, 12.1697,
    12.1697, 12.1697, 12.1697, 12.1697, 12.1697, 12.1697, 12.1697, 12.1697, 12.1697, 12.1697,
  ]

### per/n_entries
  Total points: 50
  Min: 407330.0000, Max: 1000000.0000, Mean: 950913.4000
  Data: [
    407330.0000, 426270.0000, 431950.0000, 689120.0000, 774110.0000, 880220.0000, 945380.0000, 991290.0000, 1000000.0000, 1000000.0000,
    1000000.0000, 1000000.0000, 1000000.0000, 1000000.0000, 1000000.0000, 1000000.0000, 1000000.0000, 1000000.0000, 1000000.0000, 1000000.0000,
    1000000.0000, 1000000.0000, 1000000.0000, 1000000.0000, 1000000.0000, 1000000.0000, 1000000.0000, 1000000.0000, 1000000.0000, 1000000.0000,
    1000000.0000, 1000000.0000, 1000000.0000, 1000000.0000, 1000000.0000, 1000000.0000, 1000000.0000, 1000000.0000, 1000000.0000, 1000000.0000,
    1000000.0000, 1000000.0000, 1000000.0000, 1000000.0000, 1000000.0000, 1000000.0000, 1000000.0000, 1000000.0000, 1000000.0000, 1000000.0000,
  ]

### per/td_error_max
  Total points: 50
  Min: 5.4613, Max: 11.3380, Mean: 7.8057
  Data: [
    8.7149, 9.4996, 8.1669, 11.3380, 9.8186, 6.8453, 5.7654, 6.6420, 6.6149, 7.0928,
    6.7226, 8.6174, 5.7941, 6.2583, 7.2709, 6.6162, 5.4613, 10.4142, 6.7776, 9.9035,
    7.3561, 7.1665, 6.1122, 9.2322, 6.0894, 6.6576, 8.1955, 6.5136, 7.4979, 6.7744,
    8.2518, 9.8441, 8.3327, 8.4285, 9.9268, 7.5964, 9.1931, 8.7143, 8.6280, 9.3931,
    7.8821, 8.2713, 8.5502, 6.9133, 7.4765, 6.8668, 8.0062, 8.8085, 7.2396, 6.0324,
  ]

### per/td_error_mean
  Total points: 50
  Min: 0.3101, Max: 0.5616, Mean: 0.4548
  Data: [
    0.3101, 0.3352, 0.3939, 0.4064, 0.3551, 0.4017, 0.3881, 0.4644, 0.3751, 0.4692,
    0.4299, 0.5051, 0.4596, 0.4329, 0.4657, 0.4966, 0.5393, 0.4969, 0.4791, 0.4831,
    0.5616, 0.4857, 0.4641, 0.4702, 0.4379, 0.4028, 0.4646, 0.4742, 0.4600, 0.4641,
    0.5552, 0.4320, 0.5144, 0.4472, 0.5026, 0.4810, 0.4551, 0.5013, 0.4621, 0.4500,
    0.4388, 0.4576, 0.4435, 0.4275, 0.4553, 0.4592, 0.5092, 0.4632, 0.4399, 0.4730,
  ]

### per/td_error_min
  Total points: 50
  Min: 0.0000, Max: 0.0013, Mean: 0.0003
  Data: [
    0.0001, 0.0002, 0.0000, 0.0001, 0.0001, 0.0013, 0.0001, 0.0003, 0.0002, 0.0004,
    0.0002, 0.0004, 0.0000, 0.0001, 0.0002, 0.0008, 0.0009, 0.0000, 0.0004, 0.0004,
    0.0003, 0.0000, 0.0003, 0.0005, 0.0005, 0.0002, 0.0001, 0.0004, 0.0000, 0.0006,
    0.0004, 0.0005, 0.0004, 0.0008, 0.0011, 0.0001, 0.0002, 0.0007, 0.0004, 0.0002,
    0.0001, 0.0005, 0.0004, 0.0003, 0.0003, 0.0001, 0.0003, 0.0008, 0.0002, 0.0004,
  ]

### per/td_error_std
  Total points: 50
  Min: 0.6695, Max: 0.9508, Mean: 0.7991
  Data: [
    0.7453, 0.7521, 0.9134, 0.8804, 0.7438, 0.6991, 0.7041, 0.7954, 0.6695, 0.9183,
    0.7948, 0.9204, 0.7707, 0.8336, 0.7419, 0.8755, 0.7990, 0.9059, 0.7783, 0.8534,
    0.9508, 0.8439, 0.7370, 0.8422, 0.6910, 0.7394, 0.8083, 0.7659, 0.7740, 0.8086,
    0.9265, 0.7589, 0.9057, 0.7046, 0.8662, 0.7818, 0.8462, 0.8736, 0.7720, 0.7790,
    0.7471, 0.8161, 0.7929, 0.6970, 0.7725, 0.7311, 0.8619, 0.8014, 0.7145, 0.7510,
  ]

### per/total_priority
  Total points: 50
  Min: 76956.5778, Max: 266482.7462, Mean: 238980.1600
  Data: [
    76956.5778, 81052.3248, 82705.4487, 139611.5677, 158995.3317, 185052.6378, 200828.0070, 210903.1781, 227230.5789, 237302.2104,
    239130.6363, 239402.7471, 248968.3341, 250284.5017, 254041.9761, 258466.2258, 260976.6984, 264676.5317, 264548.7058, 264476.1505,
    266482.7462, 264552.2702, 263761.7193, 261929.6586, 256848.6946, 256492.5771, 256725.6920, 256455.2118, 255059.0193, 256315.0431,
    258053.5981, 258472.0149, 259774.3830, 259919.0617, 261149.6381, 263678.3845, 263978.6338, 262940.1207, 260335.5830, 259572.5472,
    258539.1904, 258519.4017, 259006.2736, 258915.4504, 257868.5610, 257439.3720, 261446.6297, 261421.4347, 262839.2908, 264905.4283,
  ]

### performance/cumulative_win_rate
  Total points: 100
  Min: 0.0000, Max: 0.1792, Mean: 0.1060
  Data: [
    0.0000, 0.0200, 0.0250, 0.0400, 0.0429, 0.0400, 0.0356, 0.0340, 0.0345, 0.0350,
    0.0338, 0.0314, 0.0320, 0.0362, 0.0376, 0.0367, 0.0358, 0.0370, 0.0371, 0.0355,
    0.0357, 0.0350, 0.0352, 0.0354, 0.0356, 0.0350, 0.0345, 0.0333, 0.0335, 0.0333,
    0.0324, 0.0326, 0.0324, 0.0337, 0.0344, 0.0340, 0.0351, 0.0357, 0.0377, 0.0382,
    0.0409, 0.0422, 0.0443, 0.0442, 0.0445, 0.0490, 0.0500, 0.0525, 0.0533, 0.0538,
    0.1715, 0.1716, 0.1718, 0.1724, 0.1725, 0.1725, 0.1728, 0.1728, 0.1729, 0.1729,
    0.1734, 0.1734, 0.1734, 0.1735, 0.1737, 0.1738, 0.1737, 0.1741, 0.1742, 0.1742,
    0.1745, 0.1747, 0.1751, 0.1753, 0.1755, 0.1758, 0.1759, 0.1761, 0.1763, 0.1765,
    0.1767, 0.1770, 0.1771, 0.1772, 0.1773, 0.1775, 0.1777, 0.1778, 0.1779, 0.1780,
    0.1780, 0.1782, 0.1782, 0.1783, 0.1784, 0.1785, 0.1787, 0.1790, 0.1789, 0.1792,
  ]

### performance/losses
  Total points: 100
  Min: 25.0000, Max: 10717.0000, Mean: 5426.6300
  Data: [
    25.0000, 42.0000, 82.0000, 115.0000, 140.0000, 159.0000, 177.0000, 194.0000, 215.0000, 241.0000,
    264.0000, 289.0000, 310.0000, 333.0000, 351.0000, 373.0000, 389.0000, 408.0000, 430.0000, 451.0000,
    472.0000, 494.0000, 517.0000, 539.0000, 559.0000, 581.0000, 605.0000, 626.0000, 650.0000, 685.0000,
    706.0000, 728.0000, 770.0000, 793.0000, 813.0000, 835.0000, 865.0000, 883.0000, 910.0000, 934.0000,
    957.0000, 987.0000, 1018.0000, 1043.0000, 1077.0000, 1139.0000, 1169.0000, 1202.0000, 1232.0000, 1261.0000,
    9809.0000, 9825.0000, 9841.0000, 9874.0000, 9887.0000, 9910.0000, 9923.0000, 9935.0000, 9952.0000, 9968.0000,
    9983.0000, 10003.0000, 10014.0000, 10031.0000, 10043.0000, 10060.0000, 10082.0000, 10099.0000, 10118.0000, 10137.0000,
    10151.0000, 10167.0000, 10182.0000, 10221.0000, 10237.0000, 10251.0000, 10275.0000, 10300.0000, 10318.0000, 10335.0000,
    10356.0000, 10372.0000, 10391.0000, 10408.0000, 10419.0000, 10439.0000, 10461.0000, 10479.0000, 10495.0000, 10516.0000,
    10538.0000, 10573.0000, 10591.0000, 10611.0000, 10631.0000, 10646.0000, 10666.0000, 10683.0000, 10702.0000, 10717.0000,
  ]

### performance/ties
  Total points: 100
  Min: 25.0000, Max: 10542.0000, Mean: 5395.8700
  Data: [
    25.0000, 56.0000, 113.0000, 173.0000, 195.0000, 225.0000, 257.0000, 289.0000, 316.0000, 338.0000,
    364.0000, 389.0000, 416.0000, 438.0000, 467.0000, 494.0000, 527.0000, 555.0000, 581.0000, 610.0000,
    637.0000, 664.0000, 689.0000, 715.0000, 743.0000, 770.0000, 795.0000, 824.0000, 848.0000, 910.0000,
    939.0000, 965.0000, 1020.0000, 1043.0000, 1070.0000, 1097.0000, 1113.0000, 1142.0000, 1159.0000, 1182.0000,
    1201.0000, 1216.0000, 1228.0000, 1251.0000, 1264.0000, 1286.0000, 1301.0000, 1309.0000, 1324.0000, 1341.0000,
    9495.0000, 9518.0000, 9539.0000, 9575.0000, 9600.0000, 9620.0000, 9641.0000, 9669.0000, 9691.0000, 9716.0000,
    9732.0000, 9752.0000, 9783.0000, 9804.0000, 9830.0000, 9851.0000, 9872.0000, 9888.0000, 9908.0000, 9929.0000,
    9951.0000, 9970.0000, 9986.0000, 10025.0000, 10046.0000, 10065.0000, 10080.0000, 10091.0000, 10110.0000, 10130.0000,
    10143.0000, 10161.0000, 10181.0000, 10203.0000, 10230.0000, 10246.0000, 10261.0000, 10281.0000, 10305.0000, 10322.0000,
    10342.0000, 10383.0000, 10407.0000, 10424.0000, 10444.0000, 10466.0000, 10483.0000, 10499.0000, 10523.0000, 10542.0000,
  ]

### performance/wins
  Total points: 100
  Min: 0.0000, Max: 4641.0000, Mean: 2188.5000
  Data: [
    0.0000, 2.0000, 5.0000, 12.0000, 15.0000, 16.0000, 16.0000, 17.0000, 19.0000, 21.0000,
    22.0000, 22.0000, 24.0000, 29.0000, 32.0000, 33.0000, 34.0000, 37.0000, 39.0000, 39.0000,
    41.0000, 42.0000, 44.0000, 46.0000, 48.0000, 49.0000, 50.0000, 50.0000, 52.0000, 55.0000,
    55.0000, 57.0000, 60.0000, 64.0000, 67.0000, 68.0000, 72.0000, 75.0000, 81.0000, 84.0000,
    92.0000, 97.0000, 104.0000, 106.0000, 109.0000, 125.0000, 130.0000, 139.0000, 144.0000, 148.0000,
    3996.0000, 4007.0000, 4020.0000, 4051.0000, 4063.0000, 4070.0000, 4086.0000, 4096.0000, 4107.0000, 4116.0000,
    4135.0000, 4145.0000, 4153.0000, 4165.0000, 4177.0000, 4189.0000, 4196.0000, 4213.0000, 4224.0000, 4234.0000,
    4248.0000, 4263.0000, 4282.0000, 4304.0000, 4317.0000, 4334.0000, 4345.0000, 4359.0000, 4372.0000, 4385.0000,
    4401.0000, 4417.0000, 4428.0000, 4439.0000, 4451.0000, 4465.0000, 4478.0000, 4490.0000, 4500.0000, 4512.0000,
    4520.0000, 4544.0000, 4552.0000, 4565.0000, 4575.0000, 4588.0000, 4601.0000, 4618.0000, 4625.0000, 4641.0000,
  ]

### rewards/p1
  Total points: 100
  Min: -32.4748, Max: -0.8904, Mean: -13.8337
  Data: [
    -28.1623, -23.5527, -26.5636, -17.3754, -27.2970, -25.1490, -27.0033, -20.9301, -26.5157, -23.7734,
    -25.8910, -32.4748, -26.7342, -26.0589, -28.2978, -25.7536, -23.5889, -20.3458, -23.3681, -28.2710,
    -23.6887, -24.5090, -23.9695, -26.8215, -23.0176, -23.0825, -24.3997, -28.1415, -26.8897, -27.2924,
    -23.9706, -25.9957, -27.8425, -23.9832, -26.9109, -22.4636, -15.7755, -13.1673, -17.6126, -7.3073,
    -11.8830, -11.5454, -13.5916, -16.3602, -11.6365, -9.1666, -10.7305, -8.2765, -12.3431, -7.2250,
    -6.2016, -7.3531, -1.6191, -3.2895, -5.2788, -5.5263, -6.2748, -7.6249, -5.0854, -11.1484,
    -8.4840, -5.2806, -6.9663, -6.2784, -10.1812, -10.8446, -4.5268, -7.1765, -0.8904, -7.8342,
    -5.8367, -7.1819, -2.8748, -3.7462, -5.4134, -6.7245, -4.3480, -6.3659, -5.8056, -7.7758,
    -3.6152, -2.7438, -5.2875, -2.5297, -5.6120, -8.4108, -5.2110, -9.0246, -6.1196, -7.1477,
    -9.2617, -4.8538, -10.4651, -8.3538, -8.5851, -3.7348, -7.8874, -3.7525, -4.9795, -5.1465,
  ]

### rewards/p2
  Total points: 100
  Min: 0.3839, Max: 31.8607, Mean: 13.2580
  Data: [
    27.6839, 22.9946, 25.9002, 16.8651, 26.7499, 24.7271, 26.4291, 20.4792, 25.7752, 23.3457,
    25.4177, 31.8607, 26.2093, 25.6685, 27.5202, 25.2419, 22.9075, 19.7336, 22.8175, 27.6835,
    23.1592, 23.9220, 23.6669, 26.2524, 22.6168, 22.3961, 24.0041, 27.2980, 26.3908, 26.6552,
    23.5745, 25.2713, 27.1334, 23.5097, 26.0333, 22.1756, 15.8016, 12.8887, 17.4821, 6.6714,
    11.5020, 11.2267, 13.1739, 15.7573, 11.6288, 9.1580, 10.8636, 8.3057, 11.6705, 6.6204,
    5.0610, 6.8507, 0.8009, 2.5339, 4.5811, 4.2344, 5.5281, 7.4681, 4.5100, 10.2209,
    7.9088, 4.5208, 6.1204, 5.3222, 9.6232, 9.6687, 3.5563, 6.8951, 0.3839, 6.8359,
    4.9665, 6.3361, 2.3019, 3.4545, 5.0275, 6.1119, 3.5810, 6.1776, 5.3771, 7.1127,
    2.9773, 2.4132, 4.1289, 1.9761, 5.1941, 8.0307, 4.5005, 8.4073, 5.3065, 6.2664,
    8.7673, 4.5887, 9.9420, 7.8427, 8.0270, 3.0630, 7.1789, 2.8856, 4.1462, 4.2686,
  ]

### rewards/sparse_only
  Total points: 100
  Min: -31.8607, Max: -0.3839, Mean: -13.2580
  Data: [
    -27.6839, -22.9946, -25.9002, -16.8651, -26.7499, -24.7271, -26.4291, -20.4792, -25.7752, -23.3457,
    -25.4177, -31.8607, -26.2093, -25.6685, -27.5202, -25.2419, -22.9075, -19.7336, -22.8175, -27.6835,
    -23.1592, -23.9220, -23.6669, -26.2524, -22.6168, -22.3961, -24.0041, -27.2980, -26.3908, -26.6552,
    -23.5745, -25.2713, -27.1334, -23.5097, -26.0333, -22.1756, -15.8016, -12.8887, -17.4821, -6.6714,
    -11.5020, -11.2267, -13.1739, -15.7573, -11.6288, -9.1580, -10.8636, -8.3057, -11.6705, -6.6204,
    -5.0610, -6.8507, -0.8009, -2.5339, -4.5811, -4.2344, -5.5281, -7.4681, -4.5100, -10.2209,
    -7.9088, -4.5208, -6.1204, -5.3222, -9.6232, -9.6687, -3.5563, -6.8951, -0.3839, -6.8359,
    -4.9665, -6.3361, -2.3019, -3.4545, -5.0275, -6.1119, -3.5810, -6.1776, -5.3771, -7.1127,
    -2.9773, -2.4132, -4.1289, -1.9761, -5.1941, -8.0307, -4.5005, -8.4073, -5.3065, -6.2664,
    -8.7673, -4.5887, -9.9420, -7.8427, -8.0270, -3.0630, -7.1789, -2.8856, -4.1462, -4.2686,
  ]

### rewards/sparse_ratio
  Total points: 100
  Min: 0.4311, Max: 1.0124, Mean: 0.9204
  Data: [
    0.9830, 0.9763, 0.9750, 0.9706, 0.9800, 0.9832, 0.9787, 0.9785, 0.9721, 0.9820,
    0.9817, 0.9811, 0.9804, 0.9850, 0.9725, 0.9801, 0.9711, 0.9699, 0.9764, 0.9792,
    0.9776, 0.9760, 0.9874, 0.9788, 0.9826, 0.9703, 0.9838, 0.9700, 0.9814, 0.9767,
    0.9835, 0.9721, 0.9745, 0.9803, 0.9674, 0.9872, 1.0017, 0.9788, 0.9926, 0.9130,
    0.9679, 0.9724, 0.9693, 0.9631, 0.9993, 0.9991, 1.0124, 1.0035, 0.9455, 0.9163,
    0.8161, 0.9317, 0.4946, 0.7703, 0.8678, 0.7662, 0.8810, 0.9794, 0.8868, 0.9168,
    0.9322, 0.8561, 0.8786, 0.8477, 0.9452, 0.8916, 0.7856, 0.9608, 0.4311, 0.8726,
    0.8509, 0.8822, 0.8007, 0.9221, 0.9287, 0.9089, 0.8236, 0.9704, 0.9262, 0.9147,
    0.8236, 0.8795, 0.7809, 0.7812, 0.9255, 0.9548, 0.8637, 0.9316, 0.8671, 0.8767,
    0.9466, 0.9454, 0.9500, 0.9388, 0.9350, 0.8201, 0.9102, 0.7690, 0.8326, 0.8294,
  ]

### scoring/goals_conceded
  Total points: 100
  Min: 25.0000, Max: 10717.0000, Mean: 5426.6300
  Data: [
    25.0000, 42.0000, 82.0000, 115.0000, 140.0000, 159.0000, 177.0000, 194.0000, 215.0000, 241.0000,
    264.0000, 289.0000, 310.0000, 333.0000, 351.0000, 373.0000, 389.0000, 408.0000, 430.0000, 451.0000,
    472.0000, 494.0000, 517.0000, 539.0000, 559.0000, 581.0000, 605.0000, 626.0000, 650.0000, 685.0000,
    706.0000, 728.0000, 770.0000, 793.0000, 813.0000, 835.0000, 865.0000, 883.0000, 910.0000, 934.0000,
    957.0000, 987.0000, 1018.0000, 1043.0000, 1077.0000, 1139.0000, 1169.0000, 1202.0000, 1232.0000, 1261.0000,
    9809.0000, 9825.0000, 9841.0000, 9874.0000, 9887.0000, 9910.0000, 9923.0000, 9935.0000, 9952.0000, 9968.0000,
    9983.0000, 10003.0000, 10014.0000, 10031.0000, 10043.0000, 10060.0000, 10082.0000, 10099.0000, 10118.0000, 10137.0000,
    10151.0000, 10167.0000, 10182.0000, 10221.0000, 10237.0000, 10251.0000, 10275.0000, 10300.0000, 10318.0000, 10335.0000,
    10356.0000, 10372.0000, 10391.0000, 10408.0000, 10419.0000, 10439.0000, 10461.0000, 10479.0000, 10495.0000, 10516.0000,
    10538.0000, 10573.0000, 10591.0000, 10611.0000, 10631.0000, 10646.0000, 10666.0000, 10683.0000, 10702.0000, 10717.0000,
  ]

### scoring/goals_scored
  Total points: 100
  Min: 0.0000, Max: 4641.0000, Mean: 2188.5000
  Data: [
    0.0000, 2.0000, 5.0000, 12.0000, 15.0000, 16.0000, 16.0000, 17.0000, 19.0000, 21.0000,
    22.0000, 22.0000, 24.0000, 29.0000, 32.0000, 33.0000, 34.0000, 37.0000, 39.0000, 39.0000,
    41.0000, 42.0000, 44.0000, 46.0000, 48.0000, 49.0000, 50.0000, 50.0000, 52.0000, 55.0000,
    55.0000, 57.0000, 60.0000, 64.0000, 67.0000, 68.0000, 72.0000, 75.0000, 81.0000, 84.0000,
    92.0000, 97.0000, 104.0000, 106.0000, 109.0000, 125.0000, 130.0000, 139.0000, 144.0000, 148.0000,
    3996.0000, 4007.0000, 4020.0000, 4051.0000, 4063.0000, 4070.0000, 4086.0000, 4096.0000, 4107.0000, 4116.0000,
    4135.0000, 4145.0000, 4153.0000, 4165.0000, 4177.0000, 4189.0000, 4196.0000, 4213.0000, 4224.0000, 4234.0000,
    4248.0000, 4263.0000, 4282.0000, 4304.0000, 4317.0000, 4334.0000, 4345.0000, 4359.0000, 4372.0000, 4385.0000,
    4401.0000, 4417.0000, 4428.0000, 4439.0000, 4451.0000, 4465.0000, 4478.0000, 4490.0000, 4500.0000, 4512.0000,
    4520.0000, 4544.0000, 4552.0000, 4565.0000, 4575.0000, 4588.0000, 4601.0000, 4618.0000, 4625.0000, 4641.0000,
  ]

### selfplay/active
  Total points: 100
  Min: 0.0000, Max: 0.0000, Mean: 0.0000
  Data: [
    0.0000, 0.0000, 0.0000, 0.0000, 0.0000, 0.0000, 0.0000, 0.0000, 0.0000, 0.0000,
    0.0000, 0.0000, 0.0000, 0.0000, 0.0000, 0.0000, 0.0000, 0.0000, 0.0000, 0.0000,
    0.0000, 0.0000, 0.0000, 0.0000, 0.0000, 0.0000, 0.0000, 0.0000, 0.0000, 0.0000,
    0.0000, 0.0000, 0.0000, 0.0000, 0.0000, 0.0000, 0.0000, 0.0000, 0.0000, 0.0000,
    0.0000, 0.0000, 0.0000, 0.0000, 0.0000, 0.0000, 0.0000, 0.0000, 0.0000, 0.0000,
    0.0000, 0.0000, 0.0000, 0.0000, 0.0000, 0.0000, 0.0000, 0.0000, 0.0000, 0.0000,
    0.0000, 0.0000, 0.0000, 0.0000, 0.0000, 0.0000, 0.0000, 0.0000, 0.0000, 0.0000,
    0.0000, 0.0000, 0.0000, 0.0000, 0.0000, 0.0000, 0.0000, 0.0000, 0.0000, 0.0000,
    0.0000, 0.0000, 0.0000, 0.0000, 0.0000, 0.0000, 0.0000, 0.0000, 0.0000, 0.0000,
    0.0000, 0.0000, 0.0000, 0.0000, 0.0000, 0.0000, 0.0000, 0.0000, 0.0000, 0.0000,
  ]

### selfplay/episode_opponent_type_selfplay
  Total points: 100
  Min: 0.0000, Max: 0.0000, Mean: 0.0000
  Data: [
    0.0000, 0.0000, 0.0000, 0.0000, 0.0000, 0.0000, 0.0000, 0.0000, 0.0000, 0.0000,
    0.0000, 0.0000, 0.0000, 0.0000, 0.0000, 0.0000, 0.0000, 0.0000, 0.0000, 0.0000,
    0.0000, 0.0000, 0.0000, 0.0000, 0.0000, 0.0000, 0.0000, 0.0000, 0.0000, 0.0000,
    0.0000, 0.0000, 0.0000, 0.0000, 0.0000, 0.0000, 0.0000, 0.0000, 0.0000, 0.0000,
    0.0000, 0.0000, 0.0000, 0.0000, 0.0000, 0.0000, 0.0000, 0.0000, 0.0000, 0.0000,
    0.0000, 0.0000, 0.0000, 0.0000, 0.0000, 0.0000, 0.0000, 0.0000, 0.0000, 0.0000,
    0.0000, 0.0000, 0.0000, 0.0000, 0.0000, 0.0000, 0.0000, 0.0000, 0.0000, 0.0000,
    0.0000, 0.0000, 0.0000, 0.0000, 0.0000, 0.0000, 0.0000, 0.0000, 0.0000, 0.0000,
    0.0000, 0.0000, 0.0000, 0.0000, 0.0000, 0.0000, 0.0000, 0.0000, 0.0000, 0.0000,
    0.0000, 0.0000, 0.0000, 0.0000, 0.0000, 0.0000, 0.0000, 0.0000, 0.0000, 0.0000,
  ]

### selfplay/episode_opponent_type_strong
  Total points: 100
  Min: 0.0000, Max: 0.0000, Mean: 0.0000
  Data: [
    0.0000, 0.0000, 0.0000, 0.0000, 0.0000, 0.0000, 0.0000, 0.0000, 0.0000, 0.0000,
    0.0000, 0.0000, 0.0000, 0.0000, 0.0000, 0.0000, 0.0000, 0.0000, 0.0000, 0.0000,
    0.0000, 0.0000, 0.0000, 0.0000, 0.0000, 0.0000, 0.0000, 0.0000, 0.0000, 0.0000,
    0.0000, 0.0000, 0.0000, 0.0000, 0.0000, 0.0000, 0.0000, 0.0000, 0.0000, 0.0000,
    0.0000, 0.0000, 0.0000, 0.0000, 0.0000, 0.0000, 0.0000, 0.0000, 0.0000, 0.0000,
    0.0000, 0.0000, 0.0000, 0.0000, 0.0000, 0.0000, 0.0000, 0.0000, 0.0000, 0.0000,
    0.0000, 0.0000, 0.0000, 0.0000, 0.0000, 0.0000, 0.0000, 0.0000, 0.0000, 0.0000,
    0.0000, 0.0000, 0.0000, 0.0000, 0.0000, 0.0000, 0.0000, 0.0000, 0.0000, 0.0000,
    0.0000, 0.0000, 0.0000, 0.0000, 0.0000, 0.0000, 0.0000, 0.0000, 0.0000, 0.0000,
    0.0000, 0.0000, 0.0000, 0.0000, 0.0000, 0.0000, 0.0000, 0.0000, 0.0000, 0.0000,
  ]

### selfplay/episode_opponent_type_weak
  Total points: 100
  Min: 1.0000, Max: 1.0000, Mean: 1.0000
  Data: [
    1.0000, 1.0000, 1.0000, 1.0000, 1.0000, 1.0000, 1.0000, 1.0000, 1.0000, 1.0000,
    1.0000, 1.0000, 1.0000, 1.0000, 1.0000, 1.0000, 1.0000, 1.0000, 1.0000, 1.0000,
    1.0000, 1.0000, 1.0000, 1.0000, 1.0000, 1.0000, 1.0000, 1.0000, 1.0000, 1.0000,
    1.0000, 1.0000, 1.0000, 1.0000, 1.0000, 1.0000, 1.0000, 1.0000, 1.0000, 1.0000,
    1.0000, 1.0000, 1.0000, 1.0000, 1.0000, 1.0000, 1.0000, 1.0000, 1.0000, 1.0000,
    1.0000, 1.0000, 1.0000, 1.0000, 1.0000, 1.0000, 1.0000, 1.0000, 1.0000, 1.0000,
    1.0000, 1.0000, 1.0000, 1.0000, 1.0000, 1.0000, 1.0000, 1.0000, 1.0000, 1.0000,
    1.0000, 1.0000, 1.0000, 1.0000, 1.0000, 1.0000, 1.0000, 1.0000, 1.0000, 1.0000,
    1.0000, 1.0000, 1.0000, 1.0000, 1.0000, 1.0000, 1.0000, 1.0000, 1.0000, 1.0000,
    1.0000, 1.0000, 1.0000, 1.0000, 1.0000, 1.0000, 1.0000, 1.0000, 1.0000, 1.0000,
  ]

### selfplay/pool_size
  Total points: 100
  Min: 0.0000, Max: 0.0000, Mean: 0.0000
  Data: [
    0.0000, 0.0000, 0.0000, 0.0000, 0.0000, 0.0000, 0.0000, 0.0000, 0.0000, 0.0000,
    0.0000, 0.0000, 0.0000, 0.0000, 0.0000, 0.0000, 0.0000, 0.0000, 0.0000, 0.0000,
    0.0000, 0.0000, 0.0000, 0.0000, 0.0000, 0.0000, 0.0000, 0.0000, 0.0000, 0.0000,
    0.0000, 0.0000, 0.0000, 0.0000, 0.0000, 0.0000, 0.0000, 0.0000, 0.0000, 0.0000,
    0.0000, 0.0000, 0.0000, 0.0000, 0.0000, 0.0000, 0.0000, 0.0000, 0.0000, 0.0000,
    0.0000, 0.0000, 0.0000, 0.0000, 0.0000, 0.0000, 0.0000, 0.0000, 0.0000, 0.0000,
    0.0000, 0.0000, 0.0000, 0.0000, 0.0000, 0.0000, 0.0000, 0.0000, 0.0000, 0.0000,
    0.0000, 0.0000, 0.0000, 0.0000, 0.0000, 0.0000, 0.0000, 0.0000, 0.0000, 0.0000,
    0.0000, 0.0000, 0.0000, 0.0000, 0.0000, 0.0000, 0.0000, 0.0000, 0.0000, 0.0000,
    0.0000, 0.0000, 0.0000, 0.0000, 0.0000, 0.0000, 0.0000, 0.0000, 0.0000, 0.0000,
  ]

### selfplay/weak_ratio_target
  Total points: 100
  Min: 0.5000, Max: 0.5000, Mean: 0.5000
  Data: [
    0.5000, 0.5000, 0.5000, 0.5000, 0.5000, 0.5000, 0.5000, 0.5000, 0.5000, 0.5000,
    0.5000, 0.5000, 0.5000, 0.5000, 0.5000, 0.5000, 0.5000, 0.5000, 0.5000, 0.5000,
    0.5000, 0.5000, 0.5000, 0.5000, 0.5000, 0.5000, 0.5000, 0.5000, 0.5000, 0.5000,
    0.5000, 0.5000, 0.5000, 0.5000, 0.5000, 0.5000, 0.5000, 0.5000, 0.5000, 0.5000,
    0.5000, 0.5000, 0.5000, 0.5000, 0.5000, 0.5000, 0.5000, 0.5000, 0.5000, 0.5000,
    0.5000, 0.5000, 0.5000, 0.5000, 0.5000, 0.5000, 0.5000, 0.5000, 0.5000, 0.5000,
    0.5000, 0.5000, 0.5000, 0.5000, 0.5000, 0.5000, 0.5000, 0.5000, 0.5000, 0.5000,
    0.5000, 0.5000, 0.5000, 0.5000, 0.5000, 0.5000, 0.5000, 0.5000, 0.5000, 0.5000,
    0.5000, 0.5000, 0.5000, 0.5000, 0.5000, 0.5000, 0.5000, 0.5000, 0.5000, 0.5000,
    0.5000, 0.5000, 0.5000, 0.5000, 0.5000, 0.5000, 0.5000, 0.5000, 0.5000, 0.5000,
  ]

### strategic/attack_diversity_bonus
  Total points: 100
  Min: 0.0000, Max: 0.0000, Mean: 0.0000
  Data: [
    0.0000, 0.0000, 0.0000, 0.0000, 0.0000, 0.0000, 0.0000, 0.0000, 0.0000, 0.0000,
    0.0000, 0.0000, 0.0000, 0.0000, 0.0000, 0.0000, 0.0000, 0.0000, 0.0000, 0.0000,
    0.0000, 0.0000, 0.0000, 0.0000, 0.0000, 0.0000, 0.0000, 0.0000, 0.0000, 0.0000,
    0.0000, 0.0000, 0.0000, 0.0000, 0.0000, 0.0000, 0.0000, 0.0000, 0.0000, 0.0000,
    0.0000, 0.0000, 0.0000, 0.0000, 0.0000, 0.0000, 0.0000, 0.0000, 0.0000, 0.0000,
    0.0000, 0.0000, 0.0000, 0.0000, 0.0000, 0.0000, 0.0000, 0.0000, 0.0000, 0.0000,
    0.0000, 0.0000, 0.0000, 0.0000, 0.0000, 0.0000, 0.0000, 0.0000, 0.0000, 0.0000,
    0.0000, 0.0000, 0.0000, 0.0000, 0.0000, 0.0000, 0.0000, 0.0000, 0.0000, 0.0000,
    0.0000, 0.0000, 0.0000, 0.0000, 0.0000, 0.0000, 0.0000, 0.0000, 0.0000, 0.0000,
    0.0000, 0.0000, 0.0000, 0.0000, 0.0000, 0.0000, 0.0000, 0.0000, 0.0000, 0.0000,
  ]

### strategic/attack_sides_unique
  Total points: 100
  Min: 0.0000, Max: 0.0000, Mean: 0.0000
  Data: [
    0.0000, 0.0000, 0.0000, 0.0000, 0.0000, 0.0000, 0.0000, 0.0000, 0.0000, 0.0000,
    0.0000, 0.0000, 0.0000, 0.0000, 0.0000, 0.0000, 0.0000, 0.0000, 0.0000, 0.0000,
    0.0000, 0.0000, 0.0000, 0.0000, 0.0000, 0.0000, 0.0000, 0.0000, 0.0000, 0.0000,
    0.0000, 0.0000, 0.0000, 0.0000, 0.0000, 0.0000, 0.0000, 0.0000, 0.0000, 0.0000,
    0.0000, 0.0000, 0.0000, 0.0000, 0.0000, 0.0000, 0.0000, 0.0000, 0.0000, 0.0000,
    0.0000, 0.0000, 0.0000, 0.0000, 0.0000, 0.0000, 0.0000, 0.0000, 0.0000, 0.0000,
    0.0000, 0.0000, 0.0000, 0.0000, 0.0000, 0.0000, 0.0000, 0.0000, 0.0000, 0.0000,
    0.0000, 0.0000, 0.0000, 0.0000, 0.0000, 0.0000, 0.0000, 0.0000, 0.0000, 0.0000,
    0.0000, 0.0000, 0.0000, 0.0000, 0.0000, 0.0000, 0.0000, 0.0000, 0.0000, 0.0000,
    0.0000, 0.0000, 0.0000, 0.0000, 0.0000, 0.0000, 0.0000, 0.0000, 0.0000, 0.0000,
  ]

### strategic/forcing_bonus
  Total points: 100
  Min: 0.0000, Max: 0.0000, Mean: 0.0000
  Data: [
    0.0000, 0.0000, 0.0000, 0.0000, 0.0000, 0.0000, 0.0000, 0.0000, 0.0000, 0.0000,
    0.0000, 0.0000, 0.0000, 0.0000, 0.0000, 0.0000, 0.0000, 0.0000, 0.0000, 0.0000,
    0.0000, 0.0000, 0.0000, 0.0000, 0.0000, 0.0000, 0.0000, 0.0000, 0.0000, 0.0000,
    0.0000, 0.0000, 0.0000, 0.0000, 0.0000, 0.0000, 0.0000, 0.0000, 0.0000, 0.0000,
    0.0000, 0.0000, 0.0000, 0.0000, 0.0000, 0.0000, 0.0000, 0.0000, 0.0000, 0.0000,
    0.0000, 0.0000, 0.0000, 0.0000, 0.0000, 0.0000, 0.0000, 0.0000, 0.0000, 0.0000,
    0.0000, 0.0000, 0.0000, 0.0000, 0.0000, 0.0000, 0.0000, 0.0000, 0.0000, 0.0000,
    0.0000, 0.0000, 0.0000, 0.0000, 0.0000, 0.0000, 0.0000, 0.0000, 0.0000, 0.0000,
    0.0000, 0.0000, 0.0000, 0.0000, 0.0000, 0.0000, 0.0000, 0.0000, 0.0000, 0.0000,
    0.0000, 0.0000, 0.0000, 0.0000, 0.0000, 0.0000, 0.0000, 0.0000, 0.0000, 0.0000,
  ]

### strategic/opponent_avg_movement
  Total points: 100
  Min: 0.0000, Max: 0.0000, Mean: 0.0000
  Data: [
    0.0000, 0.0000, 0.0000, 0.0000, 0.0000, 0.0000, 0.0000, 0.0000, 0.0000, 0.0000,
    0.0000, 0.0000, 0.0000, 0.0000, 0.0000, 0.0000, 0.0000, 0.0000, 0.0000, 0.0000,
    0.0000, 0.0000, 0.0000, 0.0000, 0.0000, 0.0000, 0.0000, 0.0000, 0.0000, 0.0000,
    0.0000, 0.0000, 0.0000, 0.0000, 0.0000, 0.0000, 0.0000, 0.0000, 0.0000, 0.0000,
    0.0000, 0.0000, 0.0000, 0.0000, 0.0000, 0.0000, 0.0000, 0.0000, 0.0000, 0.0000,
    0.0000, 0.0000, 0.0000, 0.0000, 0.0000, 0.0000, 0.0000, 0.0000, 0.0000, 0.0000,
    0.0000, 0.0000, 0.0000, 0.0000, 0.0000, 0.0000, 0.0000, 0.0000, 0.0000, 0.0000,
    0.0000, 0.0000, 0.0000, 0.0000, 0.0000, 0.0000, 0.0000, 0.0000, 0.0000, 0.0000,
    0.0000, 0.0000, 0.0000, 0.0000, 0.0000, 0.0000, 0.0000, 0.0000, 0.0000, 0.0000,
    0.0000, 0.0000, 0.0000, 0.0000, 0.0000, 0.0000, 0.0000, 0.0000, 0.0000, 0.0000,
  ]

### strategic/opponent_total_movement
  Total points: 100
  Min: 0.0000, Max: 0.0000, Mean: 0.0000
  Data: [
    0.0000, 0.0000, 0.0000, 0.0000, 0.0000, 0.0000, 0.0000, 0.0000, 0.0000, 0.0000,
    0.0000, 0.0000, 0.0000, 0.0000, 0.0000, 0.0000, 0.0000, 0.0000, 0.0000, 0.0000,
    0.0000, 0.0000, 0.0000, 0.0000, 0.0000, 0.0000, 0.0000, 0.0000, 0.0000, 0.0000,
    0.0000, 0.0000, 0.0000, 0.0000, 0.0000, 0.0000, 0.0000, 0.0000, 0.0000, 0.0000,
    0.0000, 0.0000, 0.0000, 0.0000, 0.0000, 0.0000, 0.0000, 0.0000, 0.0000, 0.0000,
    0.0000, 0.0000, 0.0000, 0.0000, 0.0000, 0.0000, 0.0000, 0.0000, 0.0000, 0.0000,
    0.0000, 0.0000, 0.0000, 0.0000, 0.0000, 0.0000, 0.0000, 0.0000, 0.0000, 0.0000,
    0.0000, 0.0000, 0.0000, 0.0000, 0.0000, 0.0000, 0.0000, 0.0000, 0.0000, 0.0000,
    0.0000, 0.0000, 0.0000, 0.0000, 0.0000, 0.0000, 0.0000, 0.0000, 0.0000, 0.0000,
    0.0000, 0.0000, 0.0000, 0.0000, 0.0000, 0.0000, 0.0000, 0.0000, 0.0000, 0.0000,
  ]

### strategic/shot_quality_ratio
  Total points: 100
  Min: 0.0000, Max: 0.0000, Mean: 0.0000
  Data: [
    0.0000, 0.0000, 0.0000, 0.0000, 0.0000, 0.0000, 0.0000, 0.0000, 0.0000, 0.0000,
    0.0000, 0.0000, 0.0000, 0.0000, 0.0000, 0.0000, 0.0000, 0.0000, 0.0000, 0.0000,
    0.0000, 0.0000, 0.0000, 0.0000, 0.0000, 0.0000, 0.0000, 0.0000, 0.0000, 0.0000,
    0.0000, 0.0000, 0.0000, 0.0000, 0.0000, 0.0000, 0.0000, 0.0000, 0.0000, 0.0000,
    0.0000, 0.0000, 0.0000, 0.0000, 0.0000, 0.0000, 0.0000, 0.0000, 0.0000, 0.0000,
    0.0000, 0.0000, 0.0000, 0.0000, 0.0000, 0.0000, 0.0000, 0.0000, 0.0000, 0.0000,
    0.0000, 0.0000, 0.0000, 0.0000, 0.0000, 0.0000, 0.0000, 0.0000, 0.0000, 0.0000,
    0.0000, 0.0000, 0.0000, 0.0000, 0.0000, 0.0000, 0.0000, 0.0000, 0.0000, 0.0000,
    0.0000, 0.0000, 0.0000, 0.0000, 0.0000, 0.0000, 0.0000, 0.0000, 0.0000, 0.0000,
    0.0000, 0.0000, 0.0000, 0.0000, 0.0000, 0.0000, 0.0000, 0.0000, 0.0000, 0.0000,
  ]

### strategic/shots_blocked
  Total points: 100
  Min: 0.0000, Max: 0.0000, Mean: 0.0000
  Data: [
    0.0000, 0.0000, 0.0000, 0.0000, 0.0000, 0.0000, 0.0000, 0.0000, 0.0000, 0.0000,
    0.0000, 0.0000, 0.0000, 0.0000, 0.0000, 0.0000, 0.0000, 0.0000, 0.0000, 0.0000,
    0.0000, 0.0000, 0.0000, 0.0000, 0.0000, 0.0000, 0.0000, 0.0000, 0.0000, 0.0000,
    0.0000, 0.0000, 0.0000, 0.0000, 0.0000, 0.0000, 0.0000, 0.0000, 0.0000, 0.0000,
    0.0000, 0.0000, 0.0000, 0.0000, 0.0000, 0.0000, 0.0000, 0.0000, 0.0000, 0.0000,
    0.0000, 0.0000, 0.0000, 0.0000, 0.0000, 0.0000, 0.0000, 0.0000, 0.0000, 0.0000,
    0.0000, 0.0000, 0.0000, 0.0000, 0.0000, 0.0000, 0.0000, 0.0000, 0.0000, 0.0000,
    0.0000, 0.0000, 0.0000, 0.0000, 0.0000, 0.0000, 0.0000, 0.0000, 0.0000, 0.0000,
    0.0000, 0.0000, 0.0000, 0.0000, 0.0000, 0.0000, 0.0000, 0.0000, 0.0000, 0.0000,
    0.0000, 0.0000, 0.0000, 0.0000, 0.0000, 0.0000, 0.0000, 0.0000, 0.0000, 0.0000,
  ]

### strategic/shots_clear
  Total points: 100
  Min: 0.0000, Max: 0.0000, Mean: 0.0000
  Data: [
    0.0000, 0.0000, 0.0000, 0.0000, 0.0000, 0.0000, 0.0000, 0.0000, 0.0000, 0.0000,
    0.0000, 0.0000, 0.0000, 0.0000, 0.0000, 0.0000, 0.0000, 0.0000, 0.0000, 0.0000,
    0.0000, 0.0000, 0.0000, 0.0000, 0.0000, 0.0000, 0.0000, 0.0000, 0.0000, 0.0000,
    0.0000, 0.0000, 0.0000, 0.0000, 0.0000, 0.0000, 0.0000, 0.0000, 0.0000, 0.0000,
    0.0000, 0.0000, 0.0000, 0.0000, 0.0000, 0.0000, 0.0000, 0.0000, 0.0000, 0.0000,
    0.0000, 0.0000, 0.0000, 0.0000, 0.0000, 0.0000, 0.0000, 0.0000, 0.0000, 0.0000,
    0.0000, 0.0000, 0.0000, 0.0000, 0.0000, 0.0000, 0.0000, 0.0000, 0.0000, 0.0000,
    0.0000, 0.0000, 0.0000, 0.0000, 0.0000, 0.0000, 0.0000, 0.0000, 0.0000, 0.0000,
    0.0000, 0.0000, 0.0000, 0.0000, 0.0000, 0.0000, 0.0000, 0.0000, 0.0000, 0.0000,
    0.0000, 0.0000, 0.0000, 0.0000, 0.0000, 0.0000, 0.0000, 0.0000, 0.0000, 0.0000,
  ]

### training/avg_episode_length
  Total points: 100
  Min: 84.4000, Max: 212.1000, Mean: 158.1170
  Data: [
    169.8000, 173.9000, 171.7000, 149.3000, 144.6000, 135.4000, 179.0000, 142.6000, 201.0000, 128.1000,
    161.6000, 186.4000, 208.0000, 136.5000, 168.7000, 172.1000, 185.9000, 163.0000, 135.1000, 212.1000,
    157.4000, 184.2000, 141.5000, 146.0000, 178.9000, 158.1000, 136.8000, 186.1000, 161.1000, 180.2000,
    136.8000, 179.4000, 171.1000, 156.3000, 166.9000, 136.7000, 140.2000, 141.7000, 188.4000, 146.8000,
    115.1000, 145.7000, 153.9000, 141.5000, 143.4000, 84.4000, 129.1000, 99.3000, 198.2000, 158.4000,
    180.5000, 138.3000, 185.2000, 170.4000, 149.8000, 164.4000, 196.5000, 122.0000, 141.3000, 181.8000,
    111.3000, 152.0000, 172.5000, 180.0000, 186.9000, 170.8000, 142.1000, 161.3000, 165.2000, 165.3000,
    177.3000, 157.8000, 127.9000, 119.1000, 116.2000, 158.7000, 176.4000, 145.7000, 103.9000, 172.9000,
    116.5000, 172.9000, 195.4000, 145.7000, 169.4000, 171.5000, 154.1000, 153.3000, 166.4000, 162.9000,
    176.6000, 115.6000, 197.8000, 152.0000, 174.3000, 179.9000, 144.2000, 169.5000, 151.1000, 160.7000,
  ]

### training/calls_per_episode
  Total points: 100
  Min: 0.0000, Max: 0.0000, Mean: 0.0000
  Data: [
    0.0000, 0.0000, 0.0000, 0.0000, 0.0000, 0.0000, 0.0000, 0.0000, 0.0000, 0.0000,
    0.0000, 0.0000, 0.0000, 0.0000, 0.0000, 0.0000, 0.0000, 0.0000, 0.0000, 0.0000,
    0.0000, 0.0000, 0.0000, 0.0000, 0.0000, 0.0000, 0.0000, 0.0000, 0.0000, 0.0000,
    0.0000, 0.0000, 0.0000, 0.0000, 0.0000, 0.0000, 0.0000, 0.0000, 0.0000, 0.0000,
    0.0000, 0.0000, 0.0000, 0.0000, 0.0000, 0.0000, 0.0000, 0.0000, 0.0000, 0.0000,
    0.0000, 0.0000, 0.0000, 0.0000, 0.0000, 0.0000, 0.0000, 0.0000, 0.0000, 0.0000,
    0.0000, 0.0000, 0.0000, 0.0000, 0.0000, 0.0000, 0.0000, 0.0000, 0.0000, 0.0000,
    0.0000, 0.0000, 0.0000, 0.0000, 0.0000, 0.0000, 0.0000, 0.0000, 0.0000, 0.0000,
    0.0000, 0.0000, 0.0000, 0.0000, 0.0000, 0.0000, 0.0000, 0.0000, 0.0000, 0.0000,
    0.0000, 0.0000, 0.0000, 0.0000, 0.0000, 0.0000, 0.0000, 0.0000, 0.0000, 0.0000,
  ]

### training/episode
  Total points: 100
  Min: 50.0000, Max: 25900.0000, Mean: 13011.0000
  Data: [
    50.0000, 100.0000, 200.0000, 300.0000, 350.0000, 400.0000, 450.0000, 500.0000, 550.0000, 600.0000,
    650.0000, 700.0000, 750.0000, 800.0000, 850.0000, 900.0000, 950.0000, 1000.0000, 1050.0000, 1100.0000,
    1150.0000, 1200.0000, 1250.0000, 1300.0000, 1350.0000, 1400.0000, 1450.0000, 1500.0000, 1550.0000, 1650.0000,
    1700.0000, 1750.0000, 1850.0000, 1900.0000, 1950.0000, 2000.0000, 2050.0000, 2100.0000, 2150.0000, 2200.0000,
    2250.0000, 2300.0000, 2350.0000, 2400.0000, 2450.0000, 2550.0000, 2600.0000, 2650.0000, 2700.0000, 2750.0000,
    23300.0000, 23350.0000, 23400.0000, 23500.0000, 23550.0000, 23600.0000, 23650.0000, 23700.0000, 23750.0000, 23800.0000,
    23850.0000, 23900.0000, 23950.0000, 24000.0000, 24050.0000, 24100.0000, 24150.0000, 24200.0000, 24250.0000, 24300.0000,
    24350.0000, 24400.0000, 24450.0000, 24550.0000, 24600.0000, 24650.0000, 24700.0000, 24750.0000, 24800.0000, 24850.0000,
    24900.0000, 24950.0000, 25000.0000, 25050.0000, 25100.0000, 25150.0000, 25200.0000, 25250.0000, 25300.0000, 25350.0000,
    25400.0000, 25500.0000, 25550.0000, 25600.0000, 25650.0000, 25700.0000, 25750.0000, 25800.0000, 25850.0000, 25900.0000,
  ]

### training/eps_per_sec
  Total points: 100
  Min: 0.3880, Max: 8.3501, Mean: 2.9776
  Data: [
    5.6468, 6.5423, 7.4951, 6.8731, 8.2619, 7.0947, 6.2364, 6.5400, 7.1525, 8.3501,
    7.2197, 7.2549, 6.9599, 7.8738, 7.3192, 7.2972, 6.5842, 7.3175, 0.6543, 6.7802,
    7.1242, 6.7996, 7.7324, 7.3822, 6.8437, 7.5167, 7.2329, 7.1345, 7.6600, 7.0623,
    7.1857, 7.3186, 7.4605, 7.6930, 7.1073, 4.2711, 0.4040, 0.6189, 0.7598, 0.6941,
    0.7772, 0.7768, 0.8209, 0.7051, 0.8967, 0.9247, 0.8351, 0.9995, 0.8722, 0.8417,
    0.7052, 0.7422, 0.7641, 0.7429, 0.7206, 0.7974, 0.7371, 0.6511, 0.7240, 0.6598,
    0.9024, 0.7651, 0.6571, 0.7125, 0.3944, 0.7915, 0.7447, 0.8698, 0.7994, 0.7812,
    0.7203, 0.8488, 0.8171, 0.7673, 0.7956, 0.7575, 0.8342, 0.9035, 0.8002, 0.7979,
    0.9213, 0.7876, 0.7353, 0.3880, 0.6930, 0.7994, 0.8098, 0.7705, 0.7426, 0.8377,
    0.7282, 0.8292, 0.7142, 0.8325, 0.7354, 0.7102, 0.7943, 0.8466, 0.6859, 0.7901,
  ]

### training/epsilon
  Total points: 100
  Min: 0.2739, Max: 0.9975, Mean: 0.6124
  Data: [
    0.9975, 0.9950, 0.9900, 0.9851, 0.9827, 0.9802, 0.9778, 0.9753, 0.9729, 0.9704,
    0.9680, 0.9656, 0.9632, 0.9608, 0.9584, 0.9560, 0.9536, 0.9512, 0.9489, 0.9465,
    0.9441, 0.9418, 0.9394, 0.9371, 0.9347, 0.9324, 0.9301, 0.9277, 0.9254, 0.9208,
    0.9185, 0.9162, 0.9116, 0.9094, 0.9071, 0.9048, 0.9026, 0.9003, 0.8981, 0.8958,
    0.8936, 0.8914, 0.8891, 0.8869, 0.8847, 0.8803, 0.8781, 0.8759, 0.8737, 0.8715,
    0.3119, 0.3111, 0.3104, 0.3088, 0.3080, 0.3073, 0.3065, 0.3057, 0.3050, 0.3042,
    0.3035, 0.3027, 0.3019, 0.3012, 0.3004, 0.2997, 0.2989, 0.2982, 0.2974, 0.2967,
    0.2960, 0.2952, 0.2945, 0.2930, 0.2923, 0.2916, 0.2908, 0.2901, 0.2894, 0.2887,
    0.2879, 0.2872, 0.2865, 0.2858, 0.2851, 0.2844, 0.2836, 0.2829, 0.2822, 0.2815,
    0.2808, 0.2794, 0.2787, 0.2780, 0.2773, 0.2766, 0.2760, 0.2753, 0.2746, 0.2739,
  ]

### training/pbrs_enabled
  Total points: 100
  Min: 1.0000, Max: 1.0000, Mean: 1.0000
  Data: [
    1.0000, 1.0000, 1.0000, 1.0000, 1.0000, 1.0000, 1.0000, 1.0000, 1.0000, 1.0000,
    1.0000, 1.0000, 1.0000, 1.0000, 1.0000, 1.0000, 1.0000, 1.0000, 1.0000, 1.0000,
    1.0000, 1.0000, 1.0000, 1.0000, 1.0000, 1.0000, 1.0000, 1.0000, 1.0000, 1.0000,
    1.0000, 1.0000, 1.0000, 1.0000, 1.0000, 1.0000, 1.0000, 1.0000, 1.0000, 1.0000,
    1.0000, 1.0000, 1.0000, 1.0000, 1.0000, 1.0000, 1.0000, 1.0000, 1.0000, 1.0000,
    1.0000, 1.0000, 1.0000, 1.0000, 1.0000, 1.0000, 1.0000, 1.0000, 1.0000, 1.0000,
    1.0000, 1.0000, 1.0000, 1.0000, 1.0000, 1.0000, 1.0000, 1.0000, 1.0000, 1.0000,
    1.0000, 1.0000, 1.0000, 1.0000, 1.0000, 1.0000, 1.0000, 1.0000, 1.0000, 1.0000,
    1.0000, 1.0000, 1.0000, 1.0000, 1.0000, 1.0000, 1.0000, 1.0000, 1.0000, 1.0000,
    1.0000, 1.0000, 1.0000, 1.0000, 1.0000, 1.0000, 1.0000, 1.0000, 1.0000, 1.0000,
  ]

### training/tie_penalty
  Total points: 100
  Min: -1.5000, Max: 0.0000, Mean: -0.3900
  Data: [
    -1.5000, 0.0000, 0.0000, 0.0000, 0.0000, 0.0000, 0.0000, 0.0000, -1.5000, 0.0000,
    0.0000, -1.5000, 0.0000, 0.0000, 0.0000, 0.0000, 0.0000, -1.5000, 0.0000, 0.0000,
    0.0000, 0.0000, 0.0000, 0.0000, 0.0000, 0.0000, 0.0000, 0.0000, 0.0000, 0.0000,
    -1.5000, 0.0000, -1.5000, 0.0000, 0.0000, 0.0000, 0.0000, 0.0000, 0.0000, 0.0000,
    0.0000, -1.5000, 0.0000, 0.0000, 0.0000, 0.0000, 0.0000, 0.0000, 0.0000, -1.5000,
    0.0000, 0.0000, -1.5000, -1.5000, 0.0000, -1.5000, 0.0000, 0.0000, 0.0000, -1.5000,
    0.0000, -1.5000, 0.0000, 0.0000, 0.0000, -1.5000, 0.0000, 0.0000, 0.0000, -1.5000,
    0.0000, 0.0000, 0.0000, 0.0000, 0.0000, 0.0000, 0.0000, 0.0000, 0.0000, 0.0000,
    0.0000, -1.5000, -1.5000, -1.5000, -1.5000, 0.0000, -1.5000, -1.5000, -1.5000, 0.0000,
    0.0000, 0.0000, -1.5000, -1.5000, -1.5000, 0.0000, 0.0000, 0.0000, 0.0000, -1.5000,
  ]

### values/Q_avg
  Total points: 100
  Min: -2.3962, Max: 0.3574, Mean: -0.8703
  Data: [
    -0.0183, -0.0199, -0.0096, -0.0373, -0.0208, -0.0318, -0.0211, -0.0251, -0.0211, -0.0335,
    -0.0314, -0.0214, -0.0150, -0.0314, -0.0247, -0.0251, -0.0232, -0.1453, -1.4265, -1.1755,
    -0.9471, -0.8276, -0.7882, -0.9870, -0.8885, -1.4364, -0.9507, -0.9579, -1.3242, -1.8712,
    -1.9644, -1.9991, -1.9039, -1.9269, -2.2676, -2.1940, -1.9978, -1.8561, -2.1445, -1.9027,
    -2.2242, -1.9780, -1.9356, -2.3962, -2.0425, -2.0591, -2.0021, -1.7390, -1.5445, -1.8064,
    -0.6659, -0.6809, -0.6793, -0.1456, -0.8374, -1.0876, -0.4060, -0.8641, -0.4562, -0.9450,
    -1.0844, -0.7951, -0.4118, -0.4344, -1.1659, -0.7819, -0.6929, -1.0533, -0.7904, -1.0596,
    -1.1039, -0.5785, -0.6215, -0.8983, -0.4503, -1.0013, -1.1348, -0.7382, -0.9799, -0.7997,
    -0.5118, -0.6604, 0.3574, -0.6115, -0.7246, -0.2068, -0.6000, -0.5541, -0.6729, -0.6901,
    -0.7251, -0.2141, -0.3419, -0.4705, -0.7768, -0.2835, -1.3458, -0.0800, -0.4695, -0.0860,
  ]

### values/Q_max
  Total points: 100
  Min: 0.0970, Max: 8.4198, Mean: 5.5315
  Data: [
    0.1147, 0.1491, 0.1686, 0.1091, 0.0970, 0.1370, 0.1236, 0.1335, 0.1027, 0.1064,
    0.1113, 0.1835, 0.1065, 0.1626, 0.1039, 0.1442, 0.1393, 0.1698, 2.8560, 4.7071,
    7.3483, 6.6079, 6.8497, 6.2625, 8.0012, 7.8596, 4.5801, 6.5502, 7.9676, 7.0809,
    4.6111, 4.7347, 7.7781, 7.7844, 7.9564, 6.9252, 7.2537, 6.4310, 8.1995, 5.9391,
    6.7452, 8.4198, 8.1830, 7.2467, 6.8840, 4.9616, 6.9628, 6.1649, 5.4418, 5.7037,
    6.9912, 6.9261, 5.8759, 7.6832, 6.3539, 7.9001, 7.0537, 6.4380, 6.1491, 7.6049,
    6.4332, 6.0512, 7.2352, 7.6821, 6.3952, 6.6764, 6.5903, 6.1744, 7.4862, 6.0197,
    7.2683, 5.7077, 6.2431, 7.0733, 5.7485, 7.3434, 6.1061, 5.1383, 6.8503, 7.2245,
    6.5782, 7.4975, 6.7507, 7.7497, 5.6930, 6.2470, 7.5169, 5.0331, 6.1187, 8.2882,
    6.7368, 7.0357, 6.3143, 7.0028, 7.2834, 8.1144, 6.1595, 7.0928, 8.3402, 7.8155,
  ]

### values/Q_min
  Total points: 100
  Min: -9.3917, Max: -0.1274, Mean: -6.3335
  Data: [
    -0.1740, -0.1374, -0.1734, -0.1844, -0.1517, -0.1516, -0.1274, -0.1974, -0.1547, -0.1318,
    -0.1334, -0.1380, -0.1870, -0.1713, -0.1485, -0.2057, -0.1581, -0.2930, -5.0676, -4.3635,
    -4.9148, -4.2160, -4.8778, -6.6578, -6.9076, -6.6970, -6.0208, -6.8109, -6.4932, -7.5958,
    -8.2475, -7.7573, -8.1297, -8.9902, -9.2284, -8.6473, -9.1572, -7.7015, -8.5533, -8.8813,
    -9.3072, -9.3624, -9.3479, -9.3917, -8.9721, -8.5705, -8.4149, -8.9173, -8.7586, -8.0640,
    -8.7613, -8.3524, -8.8433, -7.6496, -9.3632, -8.5416, -8.7992, -8.3811, -6.8294, -8.2337,
    -8.4682, -7.0504, -7.5967, -7.0852, -7.5978, -8.0038, -7.7556, -7.5206, -6.9934, -7.9965,
    -7.3643, -8.4271, -7.5659, -6.9608, -6.5262, -7.3969, -7.8534, -6.4824, -8.1011, -8.7725,
    -7.3675, -8.7364, -7.4010, -7.3507, -7.8499, -7.4316, -7.3040, -7.9987, -6.8327, -6.4223,
    -7.7805, -7.4137, -7.3973, -6.6178, -8.0641, -7.9766, -8.0079, -8.2239, -7.5042, -6.3538,
  ]

### values/Q_std
  Total points: 100
  Min: 0.0522, Max: 3.9242, Mean: 2.5622
  Data: [
    0.0606, 0.0537, 0.0676, 0.0615, 0.0522, 0.0607, 0.0539, 0.0604, 0.0561, 0.0530,
    0.0581, 0.0605, 0.0597, 0.0602, 0.0574, 0.0651, 0.0608, 0.0934, 1.6700, 1.8813,
    2.3017, 2.4713, 2.3736, 2.3614, 2.5491, 2.5718, 2.6381, 2.9696, 2.9377, 2.9813,
    3.0574, 2.7929, 2.9319, 3.5682, 3.5440, 3.5143, 3.3534, 3.2153, 3.6983, 3.3333,
    3.3371, 3.7354, 3.8371, 3.4975, 3.9242, 3.1144, 3.3222, 3.4843, 3.2296, 2.9400,
    3.2143, 3.5453, 3.4296, 3.2974, 3.0872, 3.2743, 3.0854, 3.0689, 3.1193, 3.1682,
    3.0870, 2.9100, 2.9416, 3.3067, 3.2207, 3.1351, 3.2190, 3.2275, 3.4770, 3.0074,
    3.2832, 2.9224, 2.7968, 2.9836, 2.8792, 2.8477, 3.0652, 2.5867, 3.3068, 3.1507,
    2.9130, 3.8669, 3.2707, 3.3043, 2.9250, 3.1932, 3.0931, 3.0295, 3.1287, 2.9483,
    3.1220, 3.2971, 3.0671, 2.9536, 3.3962, 3.5684, 3.0680, 3.3961, 3.2978, 3.5025,
  ]
