================================================================================
W&B RUN DATA: high-tie-pen-TD3-Hockey-NORMAL-weak-lr0.0003-seed55
================================================================================

## RUN METADATA
Run ID: my2puj0b
Created: 2026-01-15T00:41:11Z
State: running
Duration: 30402.59884077 seconds

## CONFIGURATION
  algorithm: TD3
  mode: NORMAL
  opponent: weak
  learning_rate_actor: 0.0003
  learning_rate_critic: 0.0003
  batch_size: 1024
  buffer_size: 1000000
  max_episodes: 100000
  random_seed: 55
  self_play_start: 0
  self_play_pool_size: 25
  gamma: 0.99
  tau: 0.005

## FINAL SUMMARY

## NOTE: Data discretized to fit 100000 char limit
  Showing ~50 points per metric (of 475 total)

## METRICS DATA

### behavior/action_magnitude_avg
  Total points: 100
  Min: 0.7030, Max: 1.2755, Mean: 1.0536
  Data: [
    0.8391, 0.9417, 0.7966, 0.8400, 0.8179, 0.7720, 0.9275, 0.7398, 0.8153, 0.7313,
    0.8149, 0.8949, 0.8958, 0.8569, 0.7852, 0.8129, 0.8272, 0.7338, 0.9440, 0.8075,
    0.9008, 0.8269, 0.8049, 0.9725, 0.7516, 0.8158, 0.8047, 0.8078, 0.7434, 0.7857,
    0.7642, 0.7030, 0.7571, 0.8923, 0.9881, 0.9687, 0.9299, 0.9234, 1.0177, 0.9127,
    0.9280, 1.0006, 0.9029, 0.9703, 1.0058, 0.9764, 1.0448, 1.0374, 0.9758, 1.0244,
    1.2370, 1.2437, 1.2380, 1.2333, 1.2198, 1.2363, 1.2514, 1.2408, 1.2257, 1.2322,
    1.2385, 1.2578, 1.1996, 1.2241, 1.2260, 1.2294, 1.2345, 1.2375, 1.2384, 1.2229,
    1.2534, 1.2191, 1.2233, 1.2499, 1.2549, 1.2468, 1.2432, 1.2572, 1.2422, 1.2456,
    1.2193, 1.2333, 1.2245, 1.2326, 1.2585, 1.2411, 1.2244, 1.2281, 1.2335, 1.2076,
    1.2755, 1.2596, 1.2327, 1.2606, 1.2192, 1.1935, 1.2608, 1.2382, 1.2191, 1.2613,
  ]

### behavior/action_magnitude_max
  Total points: 100
  Min: 1.2075, Max: 1.4142, Mean: 1.3707
  Data: [
    1.2512, 1.3853, 1.2477, 1.2896, 1.2075, 1.2552, 1.3945, 1.2327, 1.3395, 1.2352,
    1.2724, 1.3218, 1.3509, 1.2820, 1.2226, 1.2400, 1.2865, 1.2594, 1.3194, 1.3181,
    1.3531, 1.3071, 1.3226, 1.3499, 1.2864, 1.2795, 1.2908, 1.2881, 1.2458, 1.2201,
    1.2596, 1.2666, 1.2601, 1.3859, 1.4087, 1.4093, 1.4139, 1.4142, 1.4142, 1.4060,
    1.4112, 1.3934, 1.4015, 1.3897, 1.4142, 1.4078, 1.4142, 1.4087, 1.4142, 1.4142,
    1.4142, 1.4142, 1.4142, 1.4142, 1.4142, 1.4142, 1.4142, 1.4142, 1.4142, 1.4142,
    1.4142, 1.4142, 1.4142, 1.4142, 1.4142, 1.4142, 1.4142, 1.4142, 1.4142, 1.4142,
    1.4142, 1.4142, 1.4142, 1.4142, 1.4142, 1.4142, 1.4142, 1.4142, 1.4142, 1.4142,
    1.4142, 1.4142, 1.4142, 1.4142, 1.4142, 1.4142, 1.4142, 1.4142, 1.4142, 1.4142,
    1.4142, 1.4117, 1.4142, 1.4142, 1.4104, 1.4142, 1.4142, 1.4142, 1.4125, 1.4142,
  ]

### behavior/dist_to_puck_avg
  Total points: 100
  Min: 2.2380, Max: 4.1860, Mean: 3.0103
  Data: [
    3.6630, 3.2353, 3.9841, 3.4754, 3.5673, 3.7451, 4.1860, 3.4766, 3.6641, 3.4758,
    3.7301, 4.1106, 3.8146, 3.9773, 3.7570, 3.5056, 3.7485, 3.7175, 3.9067, 4.1043,
    3.6026, 3.8087, 3.4912, 3.7393, 3.6752, 3.6393, 3.3598, 3.5472, 3.3032, 3.4221,
    3.3459, 3.5739, 3.3841, 2.6705, 2.9284, 2.5808, 2.4869, 2.5307, 2.3497, 2.7280,
    2.3765, 2.4638, 2.2380, 2.3551, 2.6082, 2.7176, 2.7960, 2.8982, 2.6137, 2.7688,
    2.9137, 2.6296, 2.6512, 2.6525, 2.8356, 2.6418, 2.9950, 2.5565, 2.8404, 2.6256,
    2.8133, 2.9523, 2.7580, 2.6879, 2.2789, 2.5838, 2.6126, 2.7800, 2.5379, 2.6477,
    2.7359, 2.9061, 2.5746, 2.7337, 2.6386, 2.6179, 2.5415, 2.8008, 2.5795, 2.4860,
    2.5737, 2.7761, 2.6947, 2.7149, 2.9266, 3.0015, 2.6123, 2.7137, 2.8913, 2.9931,
    2.8063, 2.7968, 2.5219, 2.9594, 2.6850, 2.7507, 2.8029, 2.8223, 2.6501, 2.8786,
  ]

### behavior/dist_to_puck_min
  Total points: 100
  Min: 0.2021, Max: 1.9008, Mean: 0.7484
  Data: [
    1.4056, 1.1744, 1.8228, 1.1526, 1.6080, 1.2895, 1.1079, 1.3635, 1.2484, 1.6806,
    1.7464, 1.5798, 1.2978, 1.6405, 1.4884, 1.4253, 1.4514, 1.4509, 1.8076, 1.7725,
    1.6914, 1.7750, 1.3077, 1.8253, 1.9008, 1.5308, 1.3799, 1.4659, 1.3440, 1.7774,
    1.0737, 1.3761, 1.6112, 0.5342, 1.1521, 0.8008, 0.5687, 0.3393, 0.5954, 0.6704,
    0.4742, 0.4559, 0.4267, 0.5106, 0.3654, 0.4465, 0.7426, 0.4414, 0.4016, 0.3330,
    0.3346, 0.3338, 0.3222, 0.3227, 0.2749, 0.3250, 0.2440, 0.3302, 0.3023, 0.2145,
    0.3839, 0.3397, 0.2906, 0.3381, 0.4123, 0.3770, 0.3665, 0.3435, 0.3638, 0.3541,
    0.3377, 0.2745, 0.3481, 0.2941, 0.2899, 0.2734, 0.2927, 0.3357, 0.3152, 0.2886,
    0.3853, 0.2274, 0.3478, 0.4182, 0.2930, 0.3216, 0.2819, 0.2021, 0.2242, 0.3709,
    0.3847, 0.4266, 0.3767, 0.2057, 0.3287, 0.3043, 0.3448, 0.3183, 0.2716, 0.3507,
  ]

### behavior/distance_traveled
  Total points: 100
  Min: 4.0738, Max: 27.9783, Mean: 14.7364
  Data: [
    7.5608, 7.2114, 6.6248, 7.1943, 7.0527, 6.2925, 6.8723, 7.0666, 9.8810, 6.5992,
    7.4268, 7.1519, 8.6492, 4.0738, 6.5438, 6.2805, 7.8419, 5.7732, 4.7890, 9.2301,
    8.6159, 7.9908, 7.3808, 7.1294, 7.2242, 7.1358, 8.1937, 7.7662, 7.7594, 6.8194,
    7.1931, 7.8808, 7.1005, 11.1396, 12.1141, 12.0643, 12.6666, 16.9407, 10.0148, 16.7928,
    12.2732, 14.1413, 10.7507, 12.3654, 13.9608, 13.6332, 10.0666, 9.3195, 13.2402, 16.9601,
    21.3656, 14.1406, 22.6697, 25.6019, 26.1799, 15.5819, 25.3129, 19.1192, 21.1537, 20.7906,
    21.6025, 24.1259, 22.9627, 19.8939, 15.6452, 19.2725, 10.3369, 20.8309, 16.6236, 18.0324,
    20.8447, 27.9783, 14.7747, 22.3749, 21.1539, 18.4340, 22.6108, 24.9599, 18.8776, 17.4723,
    21.9314, 24.2459, 25.1599, 19.1705, 16.3947, 27.5495, 23.1892, 15.3335, 21.7399, 24.0153,
    17.3913, 16.9297, 15.9521, 26.0667, 18.4359, 20.1069, 13.2064, 20.7891, 18.1674, 20.3873,
  ]

### behavior/lazy_action_ratio
  Total points: 100
  Min: 0.0000, Max: 0.0325, Mean: 0.0056
  Data: [
    0.0172, 0.0068, 0.0221, 0.0124, 0.0088, 0.0185, 0.0095, 0.0187, 0.0120, 0.0133,
    0.0100, 0.0110, 0.0032, 0.0114, 0.0143, 0.0044, 0.0259, 0.0325, 0.0012, 0.0052,
    0.0085, 0.0124, 0.0113, 0.0101, 0.0270, 0.0103, 0.0157, 0.0140, 0.0292, 0.0190,
    0.0127, 0.0113, 0.0150, 0.0118, 0.0060, 0.0090, 0.0102, 0.0074, 0.0024, 0.0058,
    0.0059, 0.0017, 0.0047, 0.0097, 0.0035, 0.0071, 0.0019, 0.0017, 0.0024, 0.0090,
    0.0000, 0.0000, 0.0000, 0.0000, 0.0000, 0.0000, 0.0000, 0.0000, 0.0000, 0.0010,
    0.0000, 0.0000, 0.0004, 0.0000, 0.0010, 0.0000, 0.0000, 0.0000, 0.0031, 0.0000,
    0.0000, 0.0000, 0.0000, 0.0000, 0.0000, 0.0000, 0.0000, 0.0000, 0.0000, 0.0000,
    0.0004, 0.0000, 0.0000, 0.0000, 0.0000, 0.0000, 0.0019, 0.0000, 0.0000, 0.0004,
    0.0000, 0.0000, 0.0000, 0.0004, 0.0000, 0.0000, 0.0000, 0.0000, 0.0012, 0.0000,
  ]

### behavior/possession_ratio
  Total points: 100
  Min: 0.0000, Max: 0.1875, Mean: 0.0745
  Data: [
    0.0020, 0.0276, 0.0056, 0.0359, 0.0000, 0.0321, 0.0224, 0.0135, 0.0067, 0.0126,
    0.0191, 0.0098, 0.0040, 0.0139, 0.0118, 0.0064, 0.0048, 0.0168, 0.0309, 0.0108,
    0.0218, 0.0000, 0.0234, 0.0000, 0.0000, 0.0004, 0.0299, 0.0257, 0.0147, 0.0000,
    0.0229, 0.0095, 0.0138, 0.0938, 0.0112, 0.0563, 0.0850, 0.1276, 0.1103, 0.0545,
    0.0991, 0.0965, 0.1036, 0.0936, 0.1125, 0.1175, 0.1039, 0.1081, 0.1102, 0.1192,
    0.1209, 0.1134, 0.0679, 0.1191, 0.1081, 0.0731, 0.1103, 0.1023, 0.1222, 0.1412,
    0.0795, 0.1042, 0.1091, 0.0994, 0.1199, 0.0981, 0.1019, 0.0924, 0.1175, 0.1152,
    0.0824, 0.1292, 0.0886, 0.1028, 0.1132, 0.0903, 0.1450, 0.1021, 0.1196, 0.1479,
    0.1041, 0.1296, 0.0843, 0.0816, 0.1264, 0.0772, 0.1079, 0.1599, 0.0675, 0.0546,
    0.0981, 0.0822, 0.1875, 0.1194, 0.1616, 0.1271, 0.0776, 0.1260, 0.1121, 0.0769,
  ]

### behavior/puck_touches
  Total points: 100
  Min: 0.0000, Max: 4.7000, Mean: 1.7600
  Data: [
    0.2000, 0.4000, 0.1000, 0.3000, 0.0000, 0.3000, 0.4000, 0.2000, 0.1000, 0.5000,
    0.2000, 1.7000, 0.5000, 0.2000, 0.3000, 0.5000, 0.1000, 0.3000, 0.2000, 1.5000,
    0.4000, 0.0000, 0.5000, 0.0000, 0.0000, 0.2000, 2.5000, 0.3000, 0.3000, 0.0000,
    0.2000, 0.3000, 0.3000, 4.1000, 0.2000, 0.7000, 1.0000, 2.4000, 2.5000, 2.1000,
    2.0000, 1.8000, 1.2000, 0.9000, 1.3000, 1.5000, 0.6000, 0.9000, 2.4000, 2.8000,
    2.9000, 1.9000, 2.0000, 3.4000, 3.8000, 1.8000, 4.1000, 2.6000, 2.2000, 4.0000,
    2.5000, 2.6000, 3.1000, 2.1000, 1.6000, 1.5000, 1.5000, 2.4000, 2.4000, 2.2000,
    2.7000, 3.6000, 2.0000, 3.7000, 3.1000, 2.5000, 2.7000, 2.6000, 2.2000, 3.8000,
    3.1000, 4.7000, 2.3000, 2.1000, 1.5000, 3.1000, 2.5000, 2.9000, 3.9000, 2.1000,
    1.5000, 2.9000, 2.2000, 4.4000, 3.5000, 2.7000, 1.7000, 3.3000, 2.5000, 2.2000,
  ]

### behavior/shoot_action_avg
  Total points: 100
  Min: -0.5290, Max: 0.2162, Mean: -0.2495
  Data: [
    -0.0276, -0.3518, -0.1803, -0.2443, 0.0021, -0.2708, -0.3333, -0.1750, 0.0774, -0.1248,
    -0.2475, 0.2162, -0.1949, -0.2255, -0.2126, 0.0648, -0.1248, -0.4461, -0.1521, 0.1149,
    0.2125, -0.0463, 0.2079, -0.3478, 0.0563, -0.0801, -0.4311, -0.0802, 0.0495, -0.0470,
    -0.1871, -0.1694, -0.1768, 0.0275, -0.1870, -0.2046, -0.2987, -0.4306, -0.0537, -0.0936,
    -0.3313, -0.3152, -0.1076, -0.2578, -0.1109, -0.3177, -0.3667, -0.4357, -0.2630, -0.1334,
    -0.3712, -0.3104, -0.3218, -0.3423, -0.3028, -0.3005, -0.3612, -0.2177, -0.3815, -0.2096,
    -0.4104, -0.3009, -0.3883, -0.3445, -0.3367, -0.3142, -0.3280, -0.3276, -0.4258, -0.4028,
    -0.4488, -0.2989, -0.3981, -0.3454, -0.2985, -0.3337, -0.3121, -0.4202, -0.3935, -0.2857,
    -0.3397, -0.3985, -0.3314, -0.4853, -0.2534, -0.3485, -0.3001, -0.1259, -0.5290, -0.3263,
    -0.3203, -0.5078, -0.4983, -0.2734, -0.2760, -0.3165, -0.1751, -0.4312, -0.2473, -0.4800,
  ]

### behavior/shoot_action_when_possess
  Total points: 100
  Min: -0.8216, Max: 0.1419, Mean: -0.4190
  Data: [
    0.0391, 0.0018, -0.0601, -0.0440, 0.0000, -0.2141, -0.1318, -0.0134, -0.0974, 0.0849,
    -0.0039, 0.0531, 0.1419, -0.1000, -0.0021, 0.0070, 0.0069, -0.1998, -0.1832, 0.0264,
    0.0767, 0.0000, 0.0702, 0.0000, 0.0000, 0.0800, -0.1018, -0.0998, -0.0540, 0.0000,
    -0.0525, -0.0360, -0.1195, -0.2863, -0.0458, -0.3426, -0.4483, -0.7086, -0.3330, -0.1746,
    -0.6166, -0.5320, -0.4306, -0.2728, -0.5030, -0.5901, -0.5215, -0.5092, -0.5565, -0.5889,
    -0.7362, -0.7609, -0.6452, -0.7051, -0.6928, -0.6219, -0.7649, -0.6540, -0.7562, -0.8169,
    -0.6675, -0.5558, -0.7695, -0.6515, -0.6327, -0.6276, -0.7665, -0.4345, -0.5910, -0.6860,
    -0.6891, -0.7557, -0.6000, -0.5817, -0.6803, -0.5944, -0.7029, -0.6029, -0.7799, -0.7790,
    -0.4877, -0.7603, -0.6702, -0.6161, -0.8162, -0.5545, -0.6719, -0.8208, -0.8153, -0.4493,
    -0.6242, -0.5377, -0.7969, -0.8216, -0.6642, -0.6333, -0.2529, -0.7565, -0.7825, -0.6759,
  ]

### behavior/time_near_puck
  Total points: 100
  Min: 0.0000, Max: 27.1000, Mean: 10.2940
  Data: [
    0.5000, 4.4000, 1.3000, 4.1000, 0.0000, 3.9000, 4.1000, 1.9000, 1.5000, 3.0000,
    3.2000, 1.8000, 1.2000, 1.5000, 0.8000, 1.6000, 1.1000, 4.0000, 2.6000, 1.6000,
    3.0000, 0.0000, 1.6000, 0.4000, 0.0000, 0.3000, 5.5000, 2.7000, 2.9000, 0.0000,
    3.0000, 1.7000, 2.7000, 10.3000, 2.9000, 8.7000, 11.4000, 15.5000, 10.7000, 9.9000,
    11.5000, 12.2000, 10.2000, 12.8000, 15.2000, 14.7000, 8.0000, 10.4000, 17.9000, 19.6000,
    18.3000, 10.9000, 11.0000, 19.4000, 19.0000, 5.8000, 18.7000, 12.9000, 14.4000, 21.6000,
    14.0000, 14.8000, 17.8000, 12.0000, 10.9000, 11.2000, 7.7000, 14.2000, 11.1000, 13.0000,
    14.3000, 27.1000, 10.9000, 17.1000, 20.1000, 14.9000, 19.8000, 16.1000, 16.5000, 17.9000,
    11.7000, 22.3000, 17.9000, 17.5000, 9.5000, 15.4000, 14.5000, 21.7000, 12.3000, 11.7000,
    10.4000, 13.2000, 16.3000, 21.2000, 18.2000, 19.8000, 7.3000, 20.1000, 13.4000, 11.8000,
  ]

### behavior/velocity_avg
  Total points: 100
  Min: 0.0451, Max: 0.1460, Mean: 0.1052
  Data: [
    0.0560, 0.0541, 0.0455, 0.0590, 0.0700, 0.0655, 0.0472, 0.0615, 0.0512, 0.0660,
    0.0600, 0.0473, 0.0497, 0.0541, 0.0520, 0.0492, 0.0495, 0.0477, 0.0509, 0.0451,
    0.0519, 0.0480, 0.0644, 0.0588, 0.0637, 0.0493, 0.0576, 0.0625, 0.0603, 0.0555,
    0.0618, 0.0622, 0.0648, 0.0835, 0.0790, 0.1021, 0.0912, 0.0984, 0.1101, 0.1059,
    0.1109, 0.1196, 0.1118, 0.1084, 0.0990, 0.1075, 0.1104, 0.1032, 0.0984, 0.1022,
    0.1365, 0.1349, 0.1404, 0.1408, 0.1396, 0.1403, 0.1447, 0.1418, 0.1311, 0.1381,
    0.1368, 0.1421, 0.1396, 0.1402, 0.1385, 0.1400, 0.1395, 0.1379, 0.1453, 0.1374,
    0.1396, 0.1377, 0.1400, 0.1353, 0.1346, 0.1350, 0.1425, 0.1422, 0.1377, 0.1410,
    0.1326, 0.1347, 0.1390, 0.1385, 0.1387, 0.1373, 0.1376, 0.1335, 0.1321, 0.1332,
    0.1398, 0.1401, 0.1391, 0.1412, 0.1404, 0.1404, 0.1460, 0.1375, 0.1407, 0.1418,
  ]

### behavior/velocity_max
  Total points: 100
  Min: 0.1678, Max: 0.2508, Mean: 0.2240
  Data: [
    0.2072, 0.1934, 0.1860, 0.1943, 0.2096, 0.1920, 0.1976, 0.1967, 0.2045, 0.2052,
    0.2054, 0.1945, 0.2017, 0.2080, 0.1870, 0.2033, 0.1873, 0.1678, 0.1927, 0.2045,
    0.2029, 0.1961, 0.2086, 0.2098, 0.2061, 0.1966, 0.2112, 0.2078, 0.2009, 0.1883,
    0.1965, 0.1912, 0.2043, 0.2157, 0.2235, 0.2247, 0.2202, 0.2284, 0.2301, 0.2192,
    0.2253, 0.2235, 0.2158, 0.2237, 0.2291, 0.2318, 0.2213, 0.2178, 0.2219, 0.2308,
    0.2399, 0.2345, 0.2443, 0.2443, 0.2480, 0.2310, 0.2451, 0.2415, 0.2405, 0.2432,
    0.2416, 0.2479, 0.2422, 0.2373, 0.2390, 0.2441, 0.2326, 0.2432, 0.2421, 0.2344,
    0.2423, 0.2508, 0.2411, 0.2359, 0.2435, 0.2377, 0.2419, 0.2415, 0.2376, 0.2427,
    0.2422, 0.2433, 0.2451, 0.2485, 0.2352, 0.2466, 0.2457, 0.2278, 0.2412, 0.2444,
    0.2380, 0.2398, 0.2322, 0.2437, 0.2327, 0.2421, 0.2427, 0.2420, 0.2419, 0.2349,
  ]

### eval/strong/avg_reward
  Total points: 22
  Min: -26.8624, Max: -4.2194, Mean: -8.0422
  Data: [
    -25.2811, -26.8624, -5.7432, -9.9055, -7.4206, -5.0665, -4.5798, -4.3172, -5.2524, -6.8137,
    -6.5265, -6.0556, -6.1045, -5.4977, -5.6874, -5.2054, -6.8859, -6.7614, -8.7411, -7.9837,
    -4.2194, -6.0177,
  ]

### eval/strong/loss_rate
  Total points: 22
  Min: 0.2700, Max: 0.5800, Mean: 0.4027
  Data: [
    0.2700, 0.3800, 0.4200, 0.3200, 0.3000, 0.4100, 0.3100, 0.3800, 0.4000, 0.5800,
    0.5400, 0.5100, 0.4600, 0.3800, 0.3800, 0.4100, 0.4400, 0.4200, 0.3600, 0.3600,
    0.3900, 0.4400,
  ]

### eval/strong/losses
  Total points: 22
  Min: 27.0000, Max: 58.0000, Mean: 40.2727
  Data: [
    27.0000, 38.0000, 42.0000, 32.0000, 30.0000, 41.0000, 31.0000, 38.0000, 40.0000, 58.0000,
    54.0000, 51.0000, 46.0000, 38.0000, 38.0000, 41.0000, 44.0000, 42.0000, 36.0000, 36.0000,
    39.0000, 44.0000,
  ]

### eval/strong/tie_rate
  Total points: 22
  Min: 0.2100, Max: 0.6800, Mean: 0.3845
  Data: [
    0.6800, 0.6000, 0.3100, 0.5100, 0.5000, 0.3300, 0.4600, 0.3400, 0.3600, 0.2100,
    0.2300, 0.2700, 0.3100, 0.4300, 0.4000, 0.3000, 0.3600, 0.3700, 0.4900, 0.4400,
    0.2700, 0.2900,
  ]

### eval/strong/ties
  Total points: 22
  Min: 21.0000, Max: 68.0000, Mean: 38.4545
  Data: [
    68.0000, 60.0000, 31.0000, 51.0000, 50.0000, 33.0000, 46.0000, 34.0000, 36.0000, 21.0000,
    23.0000, 27.0000, 31.0000, 43.0000, 40.0000, 30.0000, 36.0000, 37.0000, 49.0000, 44.0000,
    27.0000, 29.0000,
  ]

### eval/strong/win_rate
  Total points: 22
  Min: 0.0200, Max: 0.3400, Mean: 0.2127
  Data: [
    0.0500, 0.0200, 0.2700, 0.1700, 0.2000, 0.2600, 0.2300, 0.2800, 0.2400, 0.2100,
    0.2300, 0.2200, 0.2300, 0.1900, 0.2200, 0.2900, 0.2000, 0.2100, 0.1500, 0.2000,
    0.3400, 0.2700,
  ]

### eval/strong/win_rate_decisive
  Total points: 22
  Min: 0.0500, Max: 0.4658, Mean: 0.3370
  Data: [
    0.1562, 0.0500, 0.3913, 0.3469, 0.4000, 0.3881, 0.4259, 0.4242, 0.3750, 0.2658,
    0.2987, 0.3014, 0.3333, 0.3333, 0.3667, 0.4143, 0.3125, 0.3333, 0.2941, 0.3571,
    0.4658, 0.3803,
  ]

### eval/strong/wins
  Total points: 22
  Min: 2.0000, Max: 34.0000, Mean: 21.2727
  Data: [
    5.0000, 2.0000, 27.0000, 17.0000, 20.0000, 26.0000, 23.0000, 28.0000, 24.0000, 21.0000,
    23.0000, 22.0000, 23.0000, 19.0000, 22.0000, 29.0000, 20.0000, 21.0000, 15.0000, 20.0000,
    34.0000, 27.0000,
  ]

### eval/weak/avg_reward
  Total points: 22
  Min: -27.0741, Max: -2.7147, Mean: -6.4271
  Data: [
    -27.0741, -16.7484, -8.3178, -7.6763, -6.7981, -3.4894, -4.9071, -6.1427, -4.0596, -3.8568,
    -5.4216, -4.6700, -5.6860, -3.5113, -3.4013, -3.7150, -4.3572, -5.0196, -5.0907, -5.5527,
    -3.1862, -2.7147,
  ]

### eval/weak/loss_rate
  Total points: 22
  Min: 0.2600, Max: 0.6300, Mean: 0.4323
  Data: [
    0.4400, 0.5900, 0.6300, 0.2900, 0.2600, 0.3500, 0.4900, 0.5100, 0.4500, 0.4200,
    0.5500, 0.4600, 0.5100, 0.3700, 0.3700, 0.4200, 0.3900, 0.4200, 0.3800, 0.5100,
    0.3800, 0.3200,
  ]

### eval/weak/losses
  Total points: 22
  Min: 26.0000, Max: 63.0000, Mean: 43.2273
  Data: [
    44.0000, 59.0000, 63.0000, 29.0000, 26.0000, 35.0000, 49.0000, 51.0000, 45.0000, 42.0000,
    55.0000, 46.0000, 51.0000, 37.0000, 37.0000, 42.0000, 39.0000, 42.0000, 38.0000, 51.0000,
    38.0000, 32.0000,
  ]

### eval/weak/tie_rate
  Total points: 22
  Min: 0.2200, Max: 0.5700, Mean: 0.3595
  Data: [
    0.5500, 0.4000, 0.2400, 0.5100, 0.5700, 0.3900, 0.2400, 0.3100, 0.3000, 0.3400,
    0.2400, 0.3100, 0.3000, 0.3700, 0.3300, 0.3200, 0.4000, 0.4000, 0.4500, 0.2200,
    0.3200, 0.4000,
  ]

### eval/weak/ties
  Total points: 22
  Min: 22.0000, Max: 57.0000, Mean: 35.9545
  Data: [
    55.0000, 40.0000, 24.0000, 51.0000, 57.0000, 39.0000, 24.0000, 31.0000, 30.0000, 34.0000,
    24.0000, 31.0000, 30.0000, 37.0000, 33.0000, 32.0000, 40.0000, 40.0000, 45.0000, 22.0000,
    32.0000, 40.0000,
  ]

### eval/weak/win_rate
  Total points: 22
  Min: 0.0100, Max: 0.3000, Mean: 0.2082
  Data: [
    0.0100, 0.0100, 0.1300, 0.2000, 0.1700, 0.2600, 0.2700, 0.1800, 0.2500, 0.2400,
    0.2100, 0.2300, 0.1900, 0.2600, 0.3000, 0.2600, 0.2100, 0.1800, 0.1700, 0.2700,
    0.3000, 0.2800,
  ]

### eval/weak/win_rate_decisive
  Total points: 22
  Min: 0.0167, Max: 0.4667, Mean: 0.3233
  Data: [
    0.0222, 0.0167, 0.1711, 0.4082, 0.3953, 0.4262, 0.3553, 0.2609, 0.3571, 0.3636,
    0.2763, 0.3333, 0.2714, 0.4127, 0.4478, 0.3824, 0.3500, 0.3000, 0.3091, 0.3462,
    0.4412, 0.4667,
  ]

### eval/weak/wins
  Total points: 22
  Min: 1.0000, Max: 30.0000, Mean: 20.8182
  Data: [
    1.0000, 1.0000, 13.0000, 20.0000, 17.0000, 26.0000, 27.0000, 18.0000, 25.0000, 24.0000,
    21.0000, 23.0000, 19.0000, 26.0000, 30.0000, 26.0000, 21.0000, 18.0000, 17.0000, 27.0000,
    30.0000, 28.0000,
  ]

### gradients/actor_grad_norm
  Total points: 100
  Min: 0.0000, Max: 0.1827, Mean: 0.0677
  Data: [
    0.0000, 0.0000, 0.0000, 0.0000, 0.0000, 0.0000, 0.0000, 0.0000, 0.0000, 0.0000,
    0.0000, 0.0000, 0.0000, 0.0000, 0.0000, 0.0000, 0.0000, 0.0000, 0.0000, 0.0000,
    0.0000, 0.0000, 0.0000, 0.0000, 0.0000, 0.0000, 0.0000, 0.0000, 0.0000, 0.0000,
    0.0000, 0.0000, 0.0552, 0.0757, 0.0724, 0.0587, 0.0547, 0.0646, 0.0480, 0.0456,
    0.0383, 0.0576, 0.0492, 0.0409, 0.0442, 0.0452, 0.0459, 0.0489, 0.0397, 0.0378,
    0.1098, 0.1117, 0.1201, 0.0942, 0.0860, 0.1144, 0.1387, 0.1069, 0.0961, 0.1003,
    0.1190, 0.1323, 0.1016, 0.1265, 0.1109, 0.1031, 0.1092, 0.1181, 0.1265, 0.1827,
    0.1106, 0.1127, 0.1166, 0.0895, 0.1381, 0.1217, 0.1698, 0.1084, 0.1242, 0.1156,
    0.1259, 0.1288, 0.1192, 0.0972, 0.1258, 0.1376, 0.1057, 0.1116, 0.1182, 0.1113,
    0.1361, 0.1017, 0.1148, 0.0901, 0.1231, 0.1140, 0.1067, 0.1512, 0.0965, 0.1210,
  ]

### gradients/critic_grad_norm
  Total points: 100
  Min: 0.0000, Max: 0.2754, Mean: 0.0814
  Data: [
    0.0000, 0.0000, 0.0000, 0.0000, 0.0000, 0.0000, 0.0000, 0.0000, 0.0000, 0.0000,
    0.0000, 0.0000, 0.0000, 0.0000, 0.0000, 0.0000, 0.0000, 0.0000, 0.0000, 0.0000,
    0.0000, 0.0000, 0.0000, 0.0000, 0.0000, 0.0000, 0.0000, 0.0000, 0.0000, 0.0000,
    0.0000, 0.0000, 0.0294, 0.1291, 0.1113, 0.1744, 0.1779, 0.2163, 0.1897, 0.1738,
    0.2024, 0.2202, 0.2034, 0.2021, 0.2327, 0.2754, 0.2190, 0.2358, 0.2710, 0.2569,
    0.1023, 0.0932, 0.0938, 0.0849, 0.0979, 0.0942, 0.0719, 0.0774, 0.0740, 0.0904,
    0.1227, 0.1033, 0.0696, 0.1107, 0.0868, 0.1202, 0.0702, 0.0816, 0.1192, 0.0593,
    0.0937, 0.0868, 0.1433, 0.0564, 0.1144, 0.0671, 0.0993, 0.1436, 0.0747, 0.0687,
    0.0618, 0.0877, 0.0925, 0.0828, 0.0785, 0.0813, 0.0704, 0.1174, 0.1042, 0.1113,
    0.0760, 0.0772, 0.0858, 0.1077, 0.0803, 0.1305, 0.1004, 0.1031, 0.0972, 0.1025,
  ]

### losses/actor_loss
  Total points: 100
  Min: 0.0000, Max: 1.2217, Mean: 0.4288
  Data: [
    0.0000, 0.0000, 0.0000, 0.0000, 0.0000, 0.0000, 0.0000, 0.0000, 0.0000, 0.0000,
    0.0000, 0.0000, 0.0000, 0.0000, 0.0000, 0.0000, 0.0000, 0.0000, 0.0000, 0.0000,
    0.0000, 0.0000, 0.0000, 0.0000, 0.0000, 0.0000, 0.0000, 0.0000, 0.0000, 0.0000,
    0.0000, 0.0000, 0.1986, 0.4997, 0.6710, 0.7463, 0.7176, 0.7901, 0.8378, 0.8772,
    0.9837, 1.0227, 1.0626, 1.0243, 1.0860, 1.0717, 1.0873, 1.1150, 1.1732, 1.2217,
    0.4139, 0.4449, 0.4178, 0.4844, 0.4329, 0.4638, 0.4668, 0.4633, 0.4570, 0.5011,
    0.5104, 0.4778, 0.4630, 0.5241, 0.4984, 0.4899, 0.5119, 0.4842, 0.5189, 0.4837,
    0.5252, 0.5500, 0.5190, 0.4939, 0.5653, 0.5131, 0.5344, 0.5716, 0.5916, 0.6057,
    0.5402, 0.5452, 0.5743, 0.6142, 0.5846, 0.5431, 0.6276, 0.5858, 0.5954, 0.6047,
    0.5834, 0.6180, 0.5636, 0.6134, 0.5643, 0.5709, 0.5942, 0.5962, 0.5971, 0.6014,
  ]

### losses/critic_loss
  Total points: 100
  Min: 0.0000, Max: 0.0791, Mean: 0.0124
  Data: [
    0.0000, 0.0000, 0.0000, 0.0000, 0.0000, 0.0000, 0.0000, 0.0000, 0.0000, 0.0000,
    0.0000, 0.0000, 0.0000, 0.0000, 0.0000, 0.0000, 0.0000, 0.0000, 0.0000, 0.0000,
    0.0000, 0.0000, 0.0000, 0.0000, 0.0000, 0.0000, 0.0000, 0.0000, 0.0000, 0.0000,
    0.0000, 0.0000, 0.0170, 0.0791, 0.0474, 0.0461, 0.0381, 0.0401, 0.0414, 0.0386,
    0.0413, 0.0408, 0.0365, 0.0444, 0.0427, 0.0422, 0.0409, 0.0381, 0.0422, 0.0394,
    0.0115, 0.0085, 0.0097, 0.0094, 0.0113, 0.0097, 0.0077, 0.0094, 0.0093, 0.0106,
    0.0129, 0.0120, 0.0090, 0.0100, 0.0075, 0.0113, 0.0097, 0.0111, 0.0088, 0.0075,
    0.0102, 0.0107, 0.0115, 0.0073, 0.0097, 0.0091, 0.0089, 0.0119, 0.0077, 0.0085,
    0.0075, 0.0082, 0.0089, 0.0083, 0.0079, 0.0099, 0.0056, 0.0122, 0.0102, 0.0086,
    0.0103, 0.0087, 0.0105, 0.0110, 0.0089, 0.0121, 0.0100, 0.0083, 0.0090, 0.0100,
  ]

### pbrs/avg_per_episode
  Total points: 100
  Min: 0.6085, Max: 0.8118, Mean: 0.6768
  Data: [
    0.8118, 0.6887, 0.6557, 0.6099, 0.6309, 0.6260, 0.6209, 0.6085, 0.6142, 0.6307,
    0.6393, 0.6499, 0.6475, 0.6511, 0.6459, 0.6469, 0.6390, 0.6349, 0.6360, 0.6307,
    0.6242, 0.6222, 0.6238, 0.6231, 0.6246, 0.6264, 0.6246, 0.6225, 0.6203, 0.6248,
    0.6237, 0.6231, 0.6250, 0.6285, 0.6319, 0.6369, 0.6428, 0.6459, 0.6553, 0.6629,
    0.6719, 0.6828, 0.6881, 0.6950, 0.7020, 0.7078, 0.7151, 0.7186, 0.7223, 0.7313,
    0.7065, 0.7066, 0.7062, 0.7060, 0.7063, 0.7064, 0.7063, 0.7063, 0.7056, 0.7058,
    0.7056, 0.7058, 0.7055, 0.7053, 0.7050, 0.7049, 0.7044, 0.7038, 0.7039, 0.7036,
    0.7034, 0.7034, 0.7032, 0.7027, 0.7027, 0.7022, 0.7019, 0.7016, 0.7011, 0.7009,
    0.7008, 0.7011, 0.7008, 0.7007, 0.7001, 0.6996, 0.6996, 0.6997, 0.6999, 0.6997,
    0.6996, 0.6992, 0.6987, 0.6981, 0.6977, 0.6975, 0.6972, 0.6970, 0.6968, 0.6970,
  ]

### per/beta
  Total points: 38
  Min: 0.5478, Max: 1.0000, Mean: 0.9460
  Data: [
    0.5478, 0.5849, 0.6023, 0.6397, 0.7864, 0.8826, 0.9115, 0.9940, 1.0000, 1.0000,
    1.0000, 1.0000, 1.0000, 1.0000, 1.0000, 1.0000, 1.0000, 1.0000, 1.0000, 1.0000,
    1.0000, 1.0000, 1.0000, 1.0000, 1.0000, 1.0000, 1.0000, 1.0000, 1.0000, 1.0000,
    1.0000, 1.0000, 1.0000, 1.0000, 1.0000, 1.0000, 1.0000, 1.0000,
  ]

### per/is_weight_max
  Total points: 38
  Min: 1.0000, Max: 1.0000, Mean: 1.0000
  Data: [
    1.0000, 1.0000, 1.0000, 1.0000, 1.0000, 1.0000, 1.0000, 1.0000, 1.0000, 1.0000,
    1.0000, 1.0000, 1.0000, 1.0000, 1.0000, 1.0000, 1.0000, 1.0000, 1.0000, 1.0000,
    1.0000, 1.0000, 1.0000, 1.0000, 1.0000, 1.0000, 1.0000, 1.0000, 1.0000, 1.0000,
    1.0000, 1.0000, 1.0000, 1.0000, 1.0000, 1.0000, 1.0000, 1.0000,
  ]

### per/is_weight_mean
  Total points: 38
  Min: 0.0123, Max: 0.2024, Mean: 0.0493
  Data: [
    0.1199, 0.0924, 0.2024, 0.1574, 0.0784, 0.0727, 0.0387, 0.0340, 0.0287, 0.0479,
    0.0473, 0.0593, 0.0452, 0.0123, 0.0460, 0.0229, 0.0324, 0.0278, 0.0242, 0.0469,
    0.0448, 0.0139, 0.0581, 0.0429, 0.0477, 0.0160, 0.0133, 0.0264, 0.0377, 0.0238,
    0.0506, 0.0397, 0.0504, 0.0428, 0.0228, 0.0180, 0.0397, 0.0477,
  ]

### per/is_weight_min
  Total points: 38
  Min: 0.0007, Max: 0.0381, Mean: 0.0050
  Data: [
    0.0247, 0.0180, 0.0381, 0.0256, 0.0081, 0.0053, 0.0027, 0.0018, 0.0016, 0.0026,
    0.0028, 0.0037, 0.0027, 0.0007, 0.0026, 0.0015, 0.0019, 0.0017, 0.0013, 0.0029,
    0.0030, 0.0007, 0.0039, 0.0025, 0.0028, 0.0009, 0.0008, 0.0016, 0.0022, 0.0014,
    0.0032, 0.0026, 0.0030, 0.0025, 0.0013, 0.0010, 0.0023, 0.0029,
  ]

### per/is_weight_std
  Total points: 38
  Min: 0.0355, Max: 0.1200, Mean: 0.0619
  Data: [
    0.0767, 0.0589, 0.1200, 0.1034, 0.0764, 0.0895, 0.0570, 0.0604, 0.0472, 0.0771,
    0.0703, 0.0736, 0.0671, 0.0355, 0.0735, 0.0401, 0.0542, 0.0488, 0.0526, 0.0605,
    0.0598, 0.0396, 0.0682, 0.0669, 0.0666, 0.0381, 0.0384, 0.0460, 0.0588, 0.0416,
    0.0609, 0.0579, 0.0739, 0.0709, 0.0454, 0.0425, 0.0631, 0.0724,
  ]

### per/max_priority
  Total points: 38
  Min: 12.4596, Max: 12.4596, Mean: 12.4596
  Data: [
    12.4596, 12.4596, 12.4596, 12.4596, 12.4596, 12.4596, 12.4596, 12.4596, 12.4596, 12.4596,
    12.4596, 12.4596, 12.4596, 12.4596, 12.4596, 12.4596, 12.4596, 12.4596, 12.4596, 12.4596,
    12.4596, 12.4596, 12.4596, 12.4596, 12.4596, 12.4596, 12.4596, 12.4596, 12.4596, 12.4596,
    12.4596, 12.4596, 12.4596, 12.4596, 12.4596, 12.4596, 12.4596, 12.4596,
  ]

### per/n_entries
  Total points: 38
  Min: 551540.0000, Max: 1000000.0000, Mean: 958354.4737
  Data: [
    551540.0000, 609400.0000, 636480.0000, 694740.0000, 925310.0000, 1000000.0000, 1000000.0000, 1000000.0000, 1000000.0000, 1000000.0000,
    1000000.0000, 1000000.0000, 1000000.0000, 1000000.0000, 1000000.0000, 1000000.0000, 1000000.0000, 1000000.0000, 1000000.0000, 1000000.0000,
    1000000.0000, 1000000.0000, 1000000.0000, 1000000.0000, 1000000.0000, 1000000.0000, 1000000.0000, 1000000.0000, 1000000.0000, 1000000.0000,
    1000000.0000, 1000000.0000, 1000000.0000, 1000000.0000, 1000000.0000, 1000000.0000, 1000000.0000, 1000000.0000,
  ]

### per/td_error_max
  Total points: 38
  Min: 4.9176, Max: 10.3834, Mean: 7.4771
  Data: [
    8.2118, 8.4251, 8.9292, 8.7550, 9.9070, 6.5805, 5.3636, 7.5913, 8.6668, 6.1063,
    7.1950, 10.3834, 6.3653, 6.3822, 6.2133, 7.0700, 7.0043, 7.2797, 5.6465, 7.4119,
    8.4253, 8.9292, 7.4059, 7.6899, 7.6526, 6.3401, 7.2009, 7.3125, 7.8954, 6.7607,
    4.9176, 7.6285, 8.1253, 8.3178, 7.7162, 8.0439, 6.8458, 7.4356,
  ]

### per/td_error_mean
  Total points: 38
  Min: 0.3569, Max: 0.5371, Mean: 0.4715
  Data: [
    0.3569, 0.3994, 0.4452, 0.3899, 0.4384, 0.3908, 0.4247, 0.4117, 0.4281, 0.4703,
    0.4660, 0.5289, 0.4713, 0.5136, 0.4329, 0.5244, 0.5371, 0.5072, 0.4855, 0.4615,
    0.4800, 0.5319, 0.5060, 0.4719, 0.4786, 0.4893, 0.5093, 0.5250, 0.4901, 0.4686,
    0.4866, 0.4798, 0.4911, 0.4936, 0.4788, 0.4827, 0.4584, 0.5118,
  ]

### per/td_error_min
  Total points: 38
  Min: 0.0000, Max: 0.0012, Mean: 0.0002
  Data: [
    0.0004, 0.0000, 0.0000, 0.0000, 0.0000, 0.0004, 0.0002, 0.0004, 0.0002, 0.0000,
    0.0005, 0.0007, 0.0000, 0.0001, 0.0003, 0.0003, 0.0001, 0.0001, 0.0003, 0.0001,
    0.0007, 0.0001, 0.0000, 0.0000, 0.0002, 0.0002, 0.0012, 0.0002, 0.0000, 0.0000,
    0.0001, 0.0002, 0.0001, 0.0003, 0.0005, 0.0001, 0.0000, 0.0001,
  ]

### per/td_error_std
  Total points: 38
  Min: 0.7264, Max: 0.9301, Mean: 0.7937
  Data: [
    0.7718, 0.7635, 0.9301, 0.8183, 0.8448, 0.7270, 0.7547, 0.7293, 0.7841, 0.8446,
    0.7707, 0.9278, 0.7393, 0.8067, 0.7367, 0.7865, 0.8540, 0.7788, 0.7821, 0.7264,
    0.8143, 0.8344, 0.8110, 0.7484, 0.7512, 0.7936, 0.8081, 0.8562, 0.8146, 0.7297,
    0.7882, 0.7860, 0.7835, 0.8624, 0.7838, 0.7729, 0.7289, 0.8142,
  ]

### per/total_priority
  Total points: 38
  Min: 114753.2756, Max: 277018.5426, Mean: 250909.0816
  Data: [
    114753.2756, 131316.0192, 137557.2304, 152819.2271, 207462.4725, 232763.5116, 236652.8438, 248644.2706, 251718.1463, 254475.4846,
    255537.5950, 257405.4147, 260416.6018, 262184.7420, 263565.5961, 265244.1141, 269874.4747, 276062.0285, 277018.5426, 276483.3661,
    275572.7509, 275722.8704, 274743.9418, 274628.9535, 273266.8234, 273050.2691, 272927.6380, 273829.0096, 272968.1176, 272553.3213,
    272949.2621, 272551.7233, 272353.4361, 270640.5797, 270370.4249, 268344.8815, 268125.5796, 267990.5594,
  ]

### performance/cumulative_win_rate
  Total points: 100
  Min: 0.0000, Max: 0.1947, Mean: 0.1181
  Data: [
    0.0000, 0.0200, 0.0250, 0.0400, 0.0429, 0.0400, 0.0356, 0.0340, 0.0345, 0.0350,
    0.0338, 0.0314, 0.0320, 0.0362, 0.0376, 0.0367, 0.0358, 0.0370, 0.0362, 0.0355,
    0.0375, 0.0408, 0.0400, 0.0393, 0.0393, 0.0387, 0.0382, 0.0388, 0.0411, 0.0416,
    0.0411, 0.0405, 0.0400, 0.0410, 0.0438, 0.0465, 0.0468, 0.0484, 0.0504, 0.0515,
    0.0551, 0.0600, 0.0615, 0.0642, 0.0659, 0.0684, 0.0696, 0.0716, 0.0732, 0.0767,
    0.1914, 0.1915, 0.1917, 0.1917, 0.1916, 0.1915, 0.1915, 0.1916, 0.1917, 0.1916,
    0.1917, 0.1916, 0.1917, 0.1919, 0.1921, 0.1921, 0.1923, 0.1924, 0.1923, 0.1925,
    0.1925, 0.1924, 0.1924, 0.1927, 0.1928, 0.1927, 0.1928, 0.1929, 0.1932, 0.1932,
    0.1932, 0.1932, 0.1933, 0.1933, 0.1934, 0.1935, 0.1935, 0.1936, 0.1935, 0.1936,
    0.1937, 0.1940, 0.1942, 0.1944, 0.1943, 0.1944, 0.1945, 0.1946, 0.1946, 0.1947,
  ]

### performance/losses
  Total points: 100
  Min: 25.0000, Max: 12583.0000, Mean: 6346.1700
  Data: [
    25.0000, 42.0000, 82.0000, 115.0000, 140.0000, 159.0000, 177.0000, 194.0000, 215.0000, 241.0000,
    264.0000, 289.0000, 310.0000, 333.0000, 351.0000, 373.0000, 389.0000, 408.0000, 430.0000, 446.0000,
    483.0000, 524.0000, 546.0000, 566.0000, 608.0000, 629.0000, 668.0000, 686.0000, 704.0000, 750.0000,
    770.0000, 789.0000, 811.0000, 835.0000, 860.0000, 887.0000, 916.0000, 942.0000, 976.0000, 1007.0000,
    1064.0000, 1125.0000, 1157.0000, 1190.0000, 1223.0000, 1255.0000, 1289.0000, 1318.0000, 1370.0000, 1432.0000,
    11472.0000, 11497.0000, 11516.0000, 11538.0000, 11564.0000, 11589.0000, 11612.0000, 11638.0000, 11651.0000, 11678.0000,
    11698.0000, 11748.0000, 11768.0000, 11789.0000, 11809.0000, 11835.0000, 11878.0000, 11894.0000, 11919.0000, 11937.0000,
    11958.0000, 11980.0000, 12000.0000, 12018.0000, 12038.0000, 12054.0000, 12073.0000, 12094.0000, 12139.0000, 12161.0000,
    12184.0000, 12213.0000, 12233.0000, 12254.0000, 12270.0000, 12287.0000, 12309.0000, 12336.0000, 12362.0000, 12382.0000,
    12404.0000, 12421.0000, 12438.0000, 12455.0000, 12471.0000, 12493.0000, 12516.0000, 12539.0000, 12559.0000, 12583.0000,
  ]

### performance/ties
  Total points: 100
  Min: 25.0000, Max: 8797.0000, Mean: 4574.7100
  Data: [
    25.0000, 56.0000, 113.0000, 173.0000, 195.0000, 225.0000, 257.0000, 289.0000, 316.0000, 338.0000,
    364.0000, 389.0000, 416.0000, 438.0000, 467.0000, 494.0000, 527.0000, 555.0000, 582.0000, 615.0000,
    672.0000, 723.0000, 750.0000, 779.0000, 833.0000, 861.0000, 919.0000, 948.0000, 974.0000, 1023.0000,
    1052.0000, 1082.0000, 1109.0000, 1131.0000, 1148.0000, 1163.0000, 1181.0000, 1199.0000, 1208.0000, 1222.0000,
    1251.0000, 1272.0000, 1283.0000, 1290.0000, 1299.0000, 1307.0000, 1316.0000, 1328.0000, 1364.0000, 1384.0000,
    7893.0000, 7907.0000, 7924.0000, 7942.0000, 7959.0000, 7977.0000, 7994.0000, 8007.0000, 8030.0000, 8047.0000,
    8066.0000, 8097.0000, 8115.0000, 8131.0000, 8147.0000, 8160.0000, 8193.0000, 8216.0000, 8234.0000, 8251.0000,
    8271.0000, 8290.0000, 8310.0000, 8326.0000, 8345.0000, 8370.0000, 8389.0000, 8406.0000, 8435.0000, 8452.0000,
    8471.0000, 8482.0000, 8499.0000, 8519.0000, 8540.0000, 8561.0000, 8580.0000, 8589.0000, 8608.0000, 8624.0000,
    8640.0000, 8657.0000, 8673.0000, 8693.0000, 8718.0000, 8734.0000, 8750.0000, 8764.0000, 8783.0000, 8797.0000,
  ]

### performance/wins
  Total points: 100
  Min: 0.0000, Max: 5170.0000, Mean: 2475.1200
  Data: [
    0.0000, 2.0000, 5.0000, 12.0000, 15.0000, 16.0000, 16.0000, 17.0000, 19.0000, 21.0000,
    22.0000, 22.0000, 24.0000, 29.0000, 32.0000, 33.0000, 34.0000, 37.0000, 38.0000, 39.0000,
    45.0000, 53.0000, 54.0000, 55.0000, 59.0000, 60.0000, 63.0000, 66.0000, 72.0000, 77.0000,
    78.0000, 79.0000, 80.0000, 84.0000, 92.0000, 100.0000, 103.0000, 109.0000, 116.0000, 121.0000,
    135.0000, 153.0000, 160.0000, 170.0000, 178.0000, 188.0000, 195.0000, 204.0000, 216.0000, 234.0000,
    4585.0000, 4596.0000, 4610.0000, 4620.0000, 4627.0000, 4634.0000, 4644.0000, 4655.0000, 4669.0000, 4675.0000,
    4686.0000, 4705.0000, 4717.0000, 4730.0000, 4744.0000, 4755.0000, 4779.0000, 4790.0000, 4797.0000, 4812.0000,
    4821.0000, 4830.0000, 4840.0000, 4856.0000, 4867.0000, 4876.0000, 4888.0000, 4900.0000, 4926.0000, 4937.0000,
    4945.0000, 4955.0000, 4968.0000, 4977.0000, 4990.0000, 5002.0000, 5011.0000, 5025.0000, 5030.0000, 5044.0000,
    5056.0000, 5072.0000, 5089.0000, 5102.0000, 5111.0000, 5123.0000, 5134.0000, 5147.0000, 5158.0000, 5170.0000,
  ]

### rewards/p1
  Total points: 100
  Min: -33.9748, Max: -1.2886, Mean: -14.0375
  Data: [
    -29.6623, -24.8027, -28.0636, -18.3754, -28.5470, -26.1490, -28.2533, -21.9301, -28.0157, -24.5234,
    -27.1410, -33.9748, -28.4842, -27.0589, -29.7978, -27.2536, -25.3389, -21.8458, -27.7734, -29.4945,
    -25.7536, -27.1018, -22.9787, -29.0314, -26.4167, -28.0556, -28.8241, -23.9798, -25.1439, -26.7778,
    -22.5761, -25.0849, -21.8509, -16.4182, -16.3678, -13.2106, -13.3046, -13.2320, -9.9575, -18.3632,
    -11.2348, -13.7654, -9.3068, -10.3474, -9.5378, -13.2350, -8.8551, -10.1235, -9.8696, -11.9567,
    -5.1007, -4.4516, -6.9997, -5.4608, -10.9656, -4.6060, -7.6606, -7.6026, -1.5462, -10.0834,
    -8.3911, -6.7931, -5.9974, -6.1364, -6.3393, -7.0342, -9.0903, -7.8662, -8.8308, -1.7597,
    -7.9170, -6.7106, -3.9108, -4.7405, -10.6153, -8.6354, -5.6491, -5.4676, -5.6973, -3.5862,
    -8.5901, -9.8403, -4.9902, -10.5588, -3.3821, -7.4875, -9.6231, -7.5755, -7.5859, -9.2139,
    -4.8640, -4.6410, -1.2886, -5.8973, -4.9505, -7.1169, -7.4209, -1.7097, -4.6271, -7.5999,
  ]

### rewards/p2
  Total points: 100
  Min: -0.7396, Max: 31.8607, Mean: 12.5154
  Data: [
    27.6839, 22.9946, 25.9002, 16.8651, 26.7499, 24.7271, 26.4291, 20.4792, 25.7752, 23.3457,
    25.4177, 31.8607, 26.2093, 25.6685, 27.5202, 25.2419, 22.9075, 19.7336, 26.3082, 26.2711,
    23.5736, 24.3676, 21.4585, 26.8349, 24.5796, 25.7343, 27.0398, 21.9469, 23.3321, 25.0438,
    20.8535, 23.0891, 19.9362, 15.7863, 14.3134, 11.4898, 11.2852, 11.2663, 9.4348, 16.3630,
    10.6704, 13.2019, 8.8742, 9.4955, 8.5275, 12.4553, 8.1368, 9.7783, 8.6640, 11.0337,
    3.7539, 3.4111, 6.0462, 3.6308, 8.4503, 3.8979, 5.4223, 6.1804, -0.7396, 8.3050,
    7.0580, 4.9821, 4.1450, 4.6135, 6.0854, 6.1195, 8.5624, 6.1845, 8.0496, 0.8963,
    7.3908, 3.9073, 2.9051, 3.7625, 9.2870, 7.5342, 3.7764, 3.4693, 4.8188, 3.0643,
    6.7737, 9.2394, 3.3891, 8.7556, 2.4037, 5.0553, 7.7665, 6.9241, 6.0419, 7.2285,
    3.6796, 3.6911, 0.2697, 3.1688, 3.9887, 5.8898, 6.9062, -0.0035, 2.8217, 5.9236,
  ]

### rewards/sparse_only
  Total points: 100
  Min: -31.8607, Max: 0.7396, Mean: -12.5154
  Data: [
    -27.6839, -22.9946, -25.9002, -16.8651, -26.7499, -24.7271, -26.4291, -20.4792, -25.7752, -23.3457,
    -25.4177, -31.8607, -26.2093, -25.6685, -27.5202, -25.2419, -22.9075, -19.7336, -26.3082, -26.2711,
    -23.5736, -24.3676, -21.4585, -26.8349, -24.5796, -25.7343, -27.0398, -21.9469, -23.3321, -25.0438,
    -20.8535, -23.0891, -19.9362, -15.7863, -14.3134, -11.4898, -11.2852, -11.2663, -9.4348, -16.3630,
    -10.6704, -13.2019, -8.8742, -9.4955, -8.5275, -12.4553, -8.1368, -9.7783, -8.6640, -11.0337,
    -3.7539, -3.4111, -6.0462, -3.6308, -8.4503, -3.8979, -5.4223, -6.1804, 0.7396, -8.3050,
    -7.0580, -4.9821, -4.1450, -4.6135, -6.0854, -6.1195, -8.5624, -6.1845, -8.0496, -0.8963,
    -7.3908, -3.9073, -2.9051, -3.7625, -9.2870, -7.5342, -3.7764, -3.4693, -4.8188, -3.0643,
    -6.7737, -9.2394, -3.3891, -8.7556, -2.4037, -5.0553, -7.7665, -6.9241, -6.0419, -7.2285,
    -3.6796, -3.6911, -0.2697, -3.1688, -3.9887, -5.8898, -6.9062, 0.0035, -2.8217, -5.9236,
  ]

### rewards/sparse_ratio
  Total points: 100
  Min: -0.4784, Max: 0.9659, Mean: 0.8259
  Data: [
    0.9333, 0.9271, 0.9229, 0.9178, 0.9370, 0.9456, 0.9354, 0.9338, 0.9200, 0.9520,
    0.9365, 0.9378, 0.9201, 0.9486, 0.9236, 0.9262, 0.9040, 0.9033, 0.9472, 0.8907,
    0.9154, 0.8991, 0.9338, 0.9243, 0.9305, 0.9173, 0.9381, 0.9152, 0.9279, 0.9352,
    0.9237, 0.9204, 0.9124, 0.9615, 0.8745, 0.8697, 0.8482, 0.8514, 0.9475, 0.8911,
    0.9498, 0.9591, 0.9535, 0.9177, 0.8941, 0.9411, 0.9189, 0.9659, 0.8779, 0.9228,
    0.7360, 0.7663, 0.8638, 0.6649, 0.7706, 0.8463, 0.7078, 0.8129, -0.4784, 0.8236,
    0.8411, 0.7334, 0.6911, 0.7518, 0.9599, 0.8700, 0.9419, 0.7862, 0.9115, 0.5093,
    0.9335, 0.5823, 0.7429, 0.7937, 0.8749, 0.8725, 0.6685, 0.6345, 0.8458, 0.8545,
    0.7885, 0.9389, 0.6792, 0.8292, 0.7107, 0.6752, 0.8071, 0.9140, 0.7965, 0.7845,
    0.7565, 0.7953, 0.2093, 0.5373, 0.8057, 0.8276, 0.9306, -0.0020, 0.6098, 0.7794,
  ]

### scoring/goals_conceded
  Total points: 100
  Min: 25.0000, Max: 12583.0000, Mean: 6346.1700
  Data: [
    25.0000, 42.0000, 82.0000, 115.0000, 140.0000, 159.0000, 177.0000, 194.0000, 215.0000, 241.0000,
    264.0000, 289.0000, 310.0000, 333.0000, 351.0000, 373.0000, 389.0000, 408.0000, 430.0000, 446.0000,
    483.0000, 524.0000, 546.0000, 566.0000, 608.0000, 629.0000, 668.0000, 686.0000, 704.0000, 750.0000,
    770.0000, 789.0000, 811.0000, 835.0000, 860.0000, 887.0000, 916.0000, 942.0000, 976.0000, 1007.0000,
    1064.0000, 1125.0000, 1157.0000, 1190.0000, 1223.0000, 1255.0000, 1289.0000, 1318.0000, 1370.0000, 1432.0000,
    11472.0000, 11497.0000, 11516.0000, 11538.0000, 11564.0000, 11589.0000, 11612.0000, 11638.0000, 11651.0000, 11678.0000,
    11698.0000, 11748.0000, 11768.0000, 11789.0000, 11809.0000, 11835.0000, 11878.0000, 11894.0000, 11919.0000, 11937.0000,
    11958.0000, 11980.0000, 12000.0000, 12018.0000, 12038.0000, 12054.0000, 12073.0000, 12094.0000, 12139.0000, 12161.0000,
    12184.0000, 12213.0000, 12233.0000, 12254.0000, 12270.0000, 12287.0000, 12309.0000, 12336.0000, 12362.0000, 12382.0000,
    12404.0000, 12421.0000, 12438.0000, 12455.0000, 12471.0000, 12493.0000, 12516.0000, 12539.0000, 12559.0000, 12583.0000,
  ]

### scoring/goals_scored
  Total points: 100
  Min: 0.0000, Max: 5170.0000, Mean: 2475.1200
  Data: [
    0.0000, 2.0000, 5.0000, 12.0000, 15.0000, 16.0000, 16.0000, 17.0000, 19.0000, 21.0000,
    22.0000, 22.0000, 24.0000, 29.0000, 32.0000, 33.0000, 34.0000, 37.0000, 38.0000, 39.0000,
    45.0000, 53.0000, 54.0000, 55.0000, 59.0000, 60.0000, 63.0000, 66.0000, 72.0000, 77.0000,
    78.0000, 79.0000, 80.0000, 84.0000, 92.0000, 100.0000, 103.0000, 109.0000, 116.0000, 121.0000,
    135.0000, 153.0000, 160.0000, 170.0000, 178.0000, 188.0000, 195.0000, 204.0000, 216.0000, 234.0000,
    4585.0000, 4596.0000, 4610.0000, 4620.0000, 4627.0000, 4634.0000, 4644.0000, 4655.0000, 4669.0000, 4675.0000,
    4686.0000, 4705.0000, 4717.0000, 4730.0000, 4744.0000, 4755.0000, 4779.0000, 4790.0000, 4797.0000, 4812.0000,
    4821.0000, 4830.0000, 4840.0000, 4856.0000, 4867.0000, 4876.0000, 4888.0000, 4900.0000, 4926.0000, 4937.0000,
    4945.0000, 4955.0000, 4968.0000, 4977.0000, 4990.0000, 5002.0000, 5011.0000, 5025.0000, 5030.0000, 5044.0000,
    5056.0000, 5072.0000, 5089.0000, 5102.0000, 5111.0000, 5123.0000, 5134.0000, 5147.0000, 5158.0000, 5170.0000,
  ]

### selfplay/active
  Total points: 100
  Min: 0.0000, Max: 0.0000, Mean: 0.0000
  Data: [
    0.0000, 0.0000, 0.0000, 0.0000, 0.0000, 0.0000, 0.0000, 0.0000, 0.0000, 0.0000,
    0.0000, 0.0000, 0.0000, 0.0000, 0.0000, 0.0000, 0.0000, 0.0000, 0.0000, 0.0000,
    0.0000, 0.0000, 0.0000, 0.0000, 0.0000, 0.0000, 0.0000, 0.0000, 0.0000, 0.0000,
    0.0000, 0.0000, 0.0000, 0.0000, 0.0000, 0.0000, 0.0000, 0.0000, 0.0000, 0.0000,
    0.0000, 0.0000, 0.0000, 0.0000, 0.0000, 0.0000, 0.0000, 0.0000, 0.0000, 0.0000,
    0.0000, 0.0000, 0.0000, 0.0000, 0.0000, 0.0000, 0.0000, 0.0000, 0.0000, 0.0000,
    0.0000, 0.0000, 0.0000, 0.0000, 0.0000, 0.0000, 0.0000, 0.0000, 0.0000, 0.0000,
    0.0000, 0.0000, 0.0000, 0.0000, 0.0000, 0.0000, 0.0000, 0.0000, 0.0000, 0.0000,
    0.0000, 0.0000, 0.0000, 0.0000, 0.0000, 0.0000, 0.0000, 0.0000, 0.0000, 0.0000,
    0.0000, 0.0000, 0.0000, 0.0000, 0.0000, 0.0000, 0.0000, 0.0000, 0.0000, 0.0000,
  ]

### selfplay/episode_opponent_type_selfplay
  Total points: 100
  Min: 0.0000, Max: 0.0000, Mean: 0.0000
  Data: [
    0.0000, 0.0000, 0.0000, 0.0000, 0.0000, 0.0000, 0.0000, 0.0000, 0.0000, 0.0000,
    0.0000, 0.0000, 0.0000, 0.0000, 0.0000, 0.0000, 0.0000, 0.0000, 0.0000, 0.0000,
    0.0000, 0.0000, 0.0000, 0.0000, 0.0000, 0.0000, 0.0000, 0.0000, 0.0000, 0.0000,
    0.0000, 0.0000, 0.0000, 0.0000, 0.0000, 0.0000, 0.0000, 0.0000, 0.0000, 0.0000,
    0.0000, 0.0000, 0.0000, 0.0000, 0.0000, 0.0000, 0.0000, 0.0000, 0.0000, 0.0000,
    0.0000, 0.0000, 0.0000, 0.0000, 0.0000, 0.0000, 0.0000, 0.0000, 0.0000, 0.0000,
    0.0000, 0.0000, 0.0000, 0.0000, 0.0000, 0.0000, 0.0000, 0.0000, 0.0000, 0.0000,
    0.0000, 0.0000, 0.0000, 0.0000, 0.0000, 0.0000, 0.0000, 0.0000, 0.0000, 0.0000,
    0.0000, 0.0000, 0.0000, 0.0000, 0.0000, 0.0000, 0.0000, 0.0000, 0.0000, 0.0000,
    0.0000, 0.0000, 0.0000, 0.0000, 0.0000, 0.0000, 0.0000, 0.0000, 0.0000, 0.0000,
  ]

### selfplay/episode_opponent_type_strong
  Total points: 100
  Min: 0.0000, Max: 0.0000, Mean: 0.0000
  Data: [
    0.0000, 0.0000, 0.0000, 0.0000, 0.0000, 0.0000, 0.0000, 0.0000, 0.0000, 0.0000,
    0.0000, 0.0000, 0.0000, 0.0000, 0.0000, 0.0000, 0.0000, 0.0000, 0.0000, 0.0000,
    0.0000, 0.0000, 0.0000, 0.0000, 0.0000, 0.0000, 0.0000, 0.0000, 0.0000, 0.0000,
    0.0000, 0.0000, 0.0000, 0.0000, 0.0000, 0.0000, 0.0000, 0.0000, 0.0000, 0.0000,
    0.0000, 0.0000, 0.0000, 0.0000, 0.0000, 0.0000, 0.0000, 0.0000, 0.0000, 0.0000,
    0.0000, 0.0000, 0.0000, 0.0000, 0.0000, 0.0000, 0.0000, 0.0000, 0.0000, 0.0000,
    0.0000, 0.0000, 0.0000, 0.0000, 0.0000, 0.0000, 0.0000, 0.0000, 0.0000, 0.0000,
    0.0000, 0.0000, 0.0000, 0.0000, 0.0000, 0.0000, 0.0000, 0.0000, 0.0000, 0.0000,
    0.0000, 0.0000, 0.0000, 0.0000, 0.0000, 0.0000, 0.0000, 0.0000, 0.0000, 0.0000,
    0.0000, 0.0000, 0.0000, 0.0000, 0.0000, 0.0000, 0.0000, 0.0000, 0.0000, 0.0000,
  ]

### selfplay/episode_opponent_type_weak
  Total points: 100
  Min: 1.0000, Max: 1.0000, Mean: 1.0000
  Data: [
    1.0000, 1.0000, 1.0000, 1.0000, 1.0000, 1.0000, 1.0000, 1.0000, 1.0000, 1.0000,
    1.0000, 1.0000, 1.0000, 1.0000, 1.0000, 1.0000, 1.0000, 1.0000, 1.0000, 1.0000,
    1.0000, 1.0000, 1.0000, 1.0000, 1.0000, 1.0000, 1.0000, 1.0000, 1.0000, 1.0000,
    1.0000, 1.0000, 1.0000, 1.0000, 1.0000, 1.0000, 1.0000, 1.0000, 1.0000, 1.0000,
    1.0000, 1.0000, 1.0000, 1.0000, 1.0000, 1.0000, 1.0000, 1.0000, 1.0000, 1.0000,
    1.0000, 1.0000, 1.0000, 1.0000, 1.0000, 1.0000, 1.0000, 1.0000, 1.0000, 1.0000,
    1.0000, 1.0000, 1.0000, 1.0000, 1.0000, 1.0000, 1.0000, 1.0000, 1.0000, 1.0000,
    1.0000, 1.0000, 1.0000, 1.0000, 1.0000, 1.0000, 1.0000, 1.0000, 1.0000, 1.0000,
    1.0000, 1.0000, 1.0000, 1.0000, 1.0000, 1.0000, 1.0000, 1.0000, 1.0000, 1.0000,
    1.0000, 1.0000, 1.0000, 1.0000, 1.0000, 1.0000, 1.0000, 1.0000, 1.0000, 1.0000,
  ]

### selfplay/pool_size
  Total points: 100
  Min: 0.0000, Max: 0.0000, Mean: 0.0000
  Data: [
    0.0000, 0.0000, 0.0000, 0.0000, 0.0000, 0.0000, 0.0000, 0.0000, 0.0000, 0.0000,
    0.0000, 0.0000, 0.0000, 0.0000, 0.0000, 0.0000, 0.0000, 0.0000, 0.0000, 0.0000,
    0.0000, 0.0000, 0.0000, 0.0000, 0.0000, 0.0000, 0.0000, 0.0000, 0.0000, 0.0000,
    0.0000, 0.0000, 0.0000, 0.0000, 0.0000, 0.0000, 0.0000, 0.0000, 0.0000, 0.0000,
    0.0000, 0.0000, 0.0000, 0.0000, 0.0000, 0.0000, 0.0000, 0.0000, 0.0000, 0.0000,
    0.0000, 0.0000, 0.0000, 0.0000, 0.0000, 0.0000, 0.0000, 0.0000, 0.0000, 0.0000,
    0.0000, 0.0000, 0.0000, 0.0000, 0.0000, 0.0000, 0.0000, 0.0000, 0.0000, 0.0000,
    0.0000, 0.0000, 0.0000, 0.0000, 0.0000, 0.0000, 0.0000, 0.0000, 0.0000, 0.0000,
    0.0000, 0.0000, 0.0000, 0.0000, 0.0000, 0.0000, 0.0000, 0.0000, 0.0000, 0.0000,
    0.0000, 0.0000, 0.0000, 0.0000, 0.0000, 0.0000, 0.0000, 0.0000, 0.0000, 0.0000,
  ]

### selfplay/weak_ratio_target
  Total points: 100
  Min: 0.5000, Max: 0.5000, Mean: 0.5000
  Data: [
    0.5000, 0.5000, 0.5000, 0.5000, 0.5000, 0.5000, 0.5000, 0.5000, 0.5000, 0.5000,
    0.5000, 0.5000, 0.5000, 0.5000, 0.5000, 0.5000, 0.5000, 0.5000, 0.5000, 0.5000,
    0.5000, 0.5000, 0.5000, 0.5000, 0.5000, 0.5000, 0.5000, 0.5000, 0.5000, 0.5000,
    0.5000, 0.5000, 0.5000, 0.5000, 0.5000, 0.5000, 0.5000, 0.5000, 0.5000, 0.5000,
    0.5000, 0.5000, 0.5000, 0.5000, 0.5000, 0.5000, 0.5000, 0.5000, 0.5000, 0.5000,
    0.5000, 0.5000, 0.5000, 0.5000, 0.5000, 0.5000, 0.5000, 0.5000, 0.5000, 0.5000,
    0.5000, 0.5000, 0.5000, 0.5000, 0.5000, 0.5000, 0.5000, 0.5000, 0.5000, 0.5000,
    0.5000, 0.5000, 0.5000, 0.5000, 0.5000, 0.5000, 0.5000, 0.5000, 0.5000, 0.5000,
    0.5000, 0.5000, 0.5000, 0.5000, 0.5000, 0.5000, 0.5000, 0.5000, 0.5000, 0.5000,
    0.5000, 0.5000, 0.5000, 0.5000, 0.5000, 0.5000, 0.5000, 0.5000, 0.5000, 0.5000,
  ]

### strategic/attack_diversity_bonus
  Total points: 100
  Min: 0.0000, Max: 0.0000, Mean: 0.0000
  Data: [
    0.0000, 0.0000, 0.0000, 0.0000, 0.0000, 0.0000, 0.0000, 0.0000, 0.0000, 0.0000,
    0.0000, 0.0000, 0.0000, 0.0000, 0.0000, 0.0000, 0.0000, 0.0000, 0.0000, 0.0000,
    0.0000, 0.0000, 0.0000, 0.0000, 0.0000, 0.0000, 0.0000, 0.0000, 0.0000, 0.0000,
    0.0000, 0.0000, 0.0000, 0.0000, 0.0000, 0.0000, 0.0000, 0.0000, 0.0000, 0.0000,
    0.0000, 0.0000, 0.0000, 0.0000, 0.0000, 0.0000, 0.0000, 0.0000, 0.0000, 0.0000,
    0.0000, 0.0000, 0.0000, 0.0000, 0.0000, 0.0000, 0.0000, 0.0000, 0.0000, 0.0000,
    0.0000, 0.0000, 0.0000, 0.0000, 0.0000, 0.0000, 0.0000, 0.0000, 0.0000, 0.0000,
    0.0000, 0.0000, 0.0000, 0.0000, 0.0000, 0.0000, 0.0000, 0.0000, 0.0000, 0.0000,
    0.0000, 0.0000, 0.0000, 0.0000, 0.0000, 0.0000, 0.0000, 0.0000, 0.0000, 0.0000,
    0.0000, 0.0000, 0.0000, 0.0000, 0.0000, 0.0000, 0.0000, 0.0000, 0.0000, 0.0000,
  ]

### strategic/attack_sides_unique
  Total points: 100
  Min: 0.0000, Max: 0.0000, Mean: 0.0000
  Data: [
    0.0000, 0.0000, 0.0000, 0.0000, 0.0000, 0.0000, 0.0000, 0.0000, 0.0000, 0.0000,
    0.0000, 0.0000, 0.0000, 0.0000, 0.0000, 0.0000, 0.0000, 0.0000, 0.0000, 0.0000,
    0.0000, 0.0000, 0.0000, 0.0000, 0.0000, 0.0000, 0.0000, 0.0000, 0.0000, 0.0000,
    0.0000, 0.0000, 0.0000, 0.0000, 0.0000, 0.0000, 0.0000, 0.0000, 0.0000, 0.0000,
    0.0000, 0.0000, 0.0000, 0.0000, 0.0000, 0.0000, 0.0000, 0.0000, 0.0000, 0.0000,
    0.0000, 0.0000, 0.0000, 0.0000, 0.0000, 0.0000, 0.0000, 0.0000, 0.0000, 0.0000,
    0.0000, 0.0000, 0.0000, 0.0000, 0.0000, 0.0000, 0.0000, 0.0000, 0.0000, 0.0000,
    0.0000, 0.0000, 0.0000, 0.0000, 0.0000, 0.0000, 0.0000, 0.0000, 0.0000, 0.0000,
    0.0000, 0.0000, 0.0000, 0.0000, 0.0000, 0.0000, 0.0000, 0.0000, 0.0000, 0.0000,
    0.0000, 0.0000, 0.0000, 0.0000, 0.0000, 0.0000, 0.0000, 0.0000, 0.0000, 0.0000,
  ]

### strategic/forcing_bonus
  Total points: 100
  Min: 0.0000, Max: 0.0000, Mean: 0.0000
  Data: [
    0.0000, 0.0000, 0.0000, 0.0000, 0.0000, 0.0000, 0.0000, 0.0000, 0.0000, 0.0000,
    0.0000, 0.0000, 0.0000, 0.0000, 0.0000, 0.0000, 0.0000, 0.0000, 0.0000, 0.0000,
    0.0000, 0.0000, 0.0000, 0.0000, 0.0000, 0.0000, 0.0000, 0.0000, 0.0000, 0.0000,
    0.0000, 0.0000, 0.0000, 0.0000, 0.0000, 0.0000, 0.0000, 0.0000, 0.0000, 0.0000,
    0.0000, 0.0000, 0.0000, 0.0000, 0.0000, 0.0000, 0.0000, 0.0000, 0.0000, 0.0000,
    0.0000, 0.0000, 0.0000, 0.0000, 0.0000, 0.0000, 0.0000, 0.0000, 0.0000, 0.0000,
    0.0000, 0.0000, 0.0000, 0.0000, 0.0000, 0.0000, 0.0000, 0.0000, 0.0000, 0.0000,
    0.0000, 0.0000, 0.0000, 0.0000, 0.0000, 0.0000, 0.0000, 0.0000, 0.0000, 0.0000,
    0.0000, 0.0000, 0.0000, 0.0000, 0.0000, 0.0000, 0.0000, 0.0000, 0.0000, 0.0000,
    0.0000, 0.0000, 0.0000, 0.0000, 0.0000, 0.0000, 0.0000, 0.0000, 0.0000, 0.0000,
  ]

### strategic/opponent_avg_movement
  Total points: 100
  Min: 0.0000, Max: 0.0000, Mean: 0.0000
  Data: [
    0.0000, 0.0000, 0.0000, 0.0000, 0.0000, 0.0000, 0.0000, 0.0000, 0.0000, 0.0000,
    0.0000, 0.0000, 0.0000, 0.0000, 0.0000, 0.0000, 0.0000, 0.0000, 0.0000, 0.0000,
    0.0000, 0.0000, 0.0000, 0.0000, 0.0000, 0.0000, 0.0000, 0.0000, 0.0000, 0.0000,
    0.0000, 0.0000, 0.0000, 0.0000, 0.0000, 0.0000, 0.0000, 0.0000, 0.0000, 0.0000,
    0.0000, 0.0000, 0.0000, 0.0000, 0.0000, 0.0000, 0.0000, 0.0000, 0.0000, 0.0000,
    0.0000, 0.0000, 0.0000, 0.0000, 0.0000, 0.0000, 0.0000, 0.0000, 0.0000, 0.0000,
    0.0000, 0.0000, 0.0000, 0.0000, 0.0000, 0.0000, 0.0000, 0.0000, 0.0000, 0.0000,
    0.0000, 0.0000, 0.0000, 0.0000, 0.0000, 0.0000, 0.0000, 0.0000, 0.0000, 0.0000,
    0.0000, 0.0000, 0.0000, 0.0000, 0.0000, 0.0000, 0.0000, 0.0000, 0.0000, 0.0000,
    0.0000, 0.0000, 0.0000, 0.0000, 0.0000, 0.0000, 0.0000, 0.0000, 0.0000, 0.0000,
  ]

### strategic/opponent_total_movement
  Total points: 100
  Min: 0.0000, Max: 0.0000, Mean: 0.0000
  Data: [
    0.0000, 0.0000, 0.0000, 0.0000, 0.0000, 0.0000, 0.0000, 0.0000, 0.0000, 0.0000,
    0.0000, 0.0000, 0.0000, 0.0000, 0.0000, 0.0000, 0.0000, 0.0000, 0.0000, 0.0000,
    0.0000, 0.0000, 0.0000, 0.0000, 0.0000, 0.0000, 0.0000, 0.0000, 0.0000, 0.0000,
    0.0000, 0.0000, 0.0000, 0.0000, 0.0000, 0.0000, 0.0000, 0.0000, 0.0000, 0.0000,
    0.0000, 0.0000, 0.0000, 0.0000, 0.0000, 0.0000, 0.0000, 0.0000, 0.0000, 0.0000,
    0.0000, 0.0000, 0.0000, 0.0000, 0.0000, 0.0000, 0.0000, 0.0000, 0.0000, 0.0000,
    0.0000, 0.0000, 0.0000, 0.0000, 0.0000, 0.0000, 0.0000, 0.0000, 0.0000, 0.0000,
    0.0000, 0.0000, 0.0000, 0.0000, 0.0000, 0.0000, 0.0000, 0.0000, 0.0000, 0.0000,
    0.0000, 0.0000, 0.0000, 0.0000, 0.0000, 0.0000, 0.0000, 0.0000, 0.0000, 0.0000,
    0.0000, 0.0000, 0.0000, 0.0000, 0.0000, 0.0000, 0.0000, 0.0000, 0.0000, 0.0000,
  ]

### strategic/shot_quality_ratio
  Total points: 100
  Min: 0.0000, Max: 0.0000, Mean: 0.0000
  Data: [
    0.0000, 0.0000, 0.0000, 0.0000, 0.0000, 0.0000, 0.0000, 0.0000, 0.0000, 0.0000,
    0.0000, 0.0000, 0.0000, 0.0000, 0.0000, 0.0000, 0.0000, 0.0000, 0.0000, 0.0000,
    0.0000, 0.0000, 0.0000, 0.0000, 0.0000, 0.0000, 0.0000, 0.0000, 0.0000, 0.0000,
    0.0000, 0.0000, 0.0000, 0.0000, 0.0000, 0.0000, 0.0000, 0.0000, 0.0000, 0.0000,
    0.0000, 0.0000, 0.0000, 0.0000, 0.0000, 0.0000, 0.0000, 0.0000, 0.0000, 0.0000,
    0.0000, 0.0000, 0.0000, 0.0000, 0.0000, 0.0000, 0.0000, 0.0000, 0.0000, 0.0000,
    0.0000, 0.0000, 0.0000, 0.0000, 0.0000, 0.0000, 0.0000, 0.0000, 0.0000, 0.0000,
    0.0000, 0.0000, 0.0000, 0.0000, 0.0000, 0.0000, 0.0000, 0.0000, 0.0000, 0.0000,
    0.0000, 0.0000, 0.0000, 0.0000, 0.0000, 0.0000, 0.0000, 0.0000, 0.0000, 0.0000,
    0.0000, 0.0000, 0.0000, 0.0000, 0.0000, 0.0000, 0.0000, 0.0000, 0.0000, 0.0000,
  ]

### strategic/shots_blocked
  Total points: 100
  Min: 0.0000, Max: 0.0000, Mean: 0.0000
  Data: [
    0.0000, 0.0000, 0.0000, 0.0000, 0.0000, 0.0000, 0.0000, 0.0000, 0.0000, 0.0000,
    0.0000, 0.0000, 0.0000, 0.0000, 0.0000, 0.0000, 0.0000, 0.0000, 0.0000, 0.0000,
    0.0000, 0.0000, 0.0000, 0.0000, 0.0000, 0.0000, 0.0000, 0.0000, 0.0000, 0.0000,
    0.0000, 0.0000, 0.0000, 0.0000, 0.0000, 0.0000, 0.0000, 0.0000, 0.0000, 0.0000,
    0.0000, 0.0000, 0.0000, 0.0000, 0.0000, 0.0000, 0.0000, 0.0000, 0.0000, 0.0000,
    0.0000, 0.0000, 0.0000, 0.0000, 0.0000, 0.0000, 0.0000, 0.0000, 0.0000, 0.0000,
    0.0000, 0.0000, 0.0000, 0.0000, 0.0000, 0.0000, 0.0000, 0.0000, 0.0000, 0.0000,
    0.0000, 0.0000, 0.0000, 0.0000, 0.0000, 0.0000, 0.0000, 0.0000, 0.0000, 0.0000,
    0.0000, 0.0000, 0.0000, 0.0000, 0.0000, 0.0000, 0.0000, 0.0000, 0.0000, 0.0000,
    0.0000, 0.0000, 0.0000, 0.0000, 0.0000, 0.0000, 0.0000, 0.0000, 0.0000, 0.0000,
  ]

### strategic/shots_clear
  Total points: 100
  Min: 0.0000, Max: 0.0000, Mean: 0.0000
  Data: [
    0.0000, 0.0000, 0.0000, 0.0000, 0.0000, 0.0000, 0.0000, 0.0000, 0.0000, 0.0000,
    0.0000, 0.0000, 0.0000, 0.0000, 0.0000, 0.0000, 0.0000, 0.0000, 0.0000, 0.0000,
    0.0000, 0.0000, 0.0000, 0.0000, 0.0000, 0.0000, 0.0000, 0.0000, 0.0000, 0.0000,
    0.0000, 0.0000, 0.0000, 0.0000, 0.0000, 0.0000, 0.0000, 0.0000, 0.0000, 0.0000,
    0.0000, 0.0000, 0.0000, 0.0000, 0.0000, 0.0000, 0.0000, 0.0000, 0.0000, 0.0000,
    0.0000, 0.0000, 0.0000, 0.0000, 0.0000, 0.0000, 0.0000, 0.0000, 0.0000, 0.0000,
    0.0000, 0.0000, 0.0000, 0.0000, 0.0000, 0.0000, 0.0000, 0.0000, 0.0000, 0.0000,
    0.0000, 0.0000, 0.0000, 0.0000, 0.0000, 0.0000, 0.0000, 0.0000, 0.0000, 0.0000,
    0.0000, 0.0000, 0.0000, 0.0000, 0.0000, 0.0000, 0.0000, 0.0000, 0.0000, 0.0000,
    0.0000, 0.0000, 0.0000, 0.0000, 0.0000, 0.0000, 0.0000, 0.0000, 0.0000, 0.0000,
  ]

### training/avg_episode_length
  Total points: 100
  Min: 77.4000, Max: 216.6000, Mean: 152.7710
  Data: [
    169.8000, 173.9000, 171.7000, 149.3000, 144.6000, 135.4000, 179.0000, 142.6000, 201.0000, 128.1000,
    161.6000, 186.4000, 208.0000, 136.5000, 168.7000, 172.1000, 185.9000, 163.0000, 146.6000, 216.6000,
    179.3000, 194.0000, 145.2000, 167.2000, 147.1000, 186.6000, 174.1000, 160.2000, 163.6000, 158.4000,
    149.2000, 156.8000, 148.7000, 145.1000, 178.2000, 138.7000, 162.1000, 179.9000, 101.7000, 169.7000,
    118.1000, 119.2000, 105.6000, 127.0000, 152.4000, 133.3000, 101.0000, 103.5000, 144.9000, 168.6000,
    159.8000, 106.6000, 166.4000, 182.6000, 189.1000, 113.6000, 178.7000, 134.2000, 162.4000, 154.1000,
    163.1000, 173.5000, 168.6000, 142.4000, 112.8000, 138.3000, 77.4000, 156.7000, 116.6000, 133.4000,
    154.5000, 204.5000, 107.8000, 165.8000, 158.6000, 146.4000, 159.8000, 171.1000, 138.0000, 122.4000,
    167.3000, 180.5000, 183.8000, 147.9000, 118.4000, 202.3000, 172.3000, 116.0000, 169.4000, 187.1000,
    122.9000, 126.0000, 113.4000, 184.1000, 130.8000, 147.5000, 94.0000, 149.0000, 133.8000, 151.2000,
  ]

### training/calls_per_episode
  Total points: 100
  Min: 0.0000, Max: 0.0000, Mean: 0.0000
  Data: [
    0.0000, 0.0000, 0.0000, 0.0000, 0.0000, 0.0000, 0.0000, 0.0000, 0.0000, 0.0000,
    0.0000, 0.0000, 0.0000, 0.0000, 0.0000, 0.0000, 0.0000, 0.0000, 0.0000, 0.0000,
    0.0000, 0.0000, 0.0000, 0.0000, 0.0000, 0.0000, 0.0000, 0.0000, 0.0000, 0.0000,
    0.0000, 0.0000, 0.0000, 0.0000, 0.0000, 0.0000, 0.0000, 0.0000, 0.0000, 0.0000,
    0.0000, 0.0000, 0.0000, 0.0000, 0.0000, 0.0000, 0.0000, 0.0000, 0.0000, 0.0000,
    0.0000, 0.0000, 0.0000, 0.0000, 0.0000, 0.0000, 0.0000, 0.0000, 0.0000, 0.0000,
    0.0000, 0.0000, 0.0000, 0.0000, 0.0000, 0.0000, 0.0000, 0.0000, 0.0000, 0.0000,
    0.0000, 0.0000, 0.0000, 0.0000, 0.0000, 0.0000, 0.0000, 0.0000, 0.0000, 0.0000,
    0.0000, 0.0000, 0.0000, 0.0000, 0.0000, 0.0000, 0.0000, 0.0000, 0.0000, 0.0000,
    0.0000, 0.0000, 0.0000, 0.0000, 0.0000, 0.0000, 0.0000, 0.0000, 0.0000, 0.0000,
  ]

### training/episode
  Total points: 100
  Min: 50.0000, Max: 26550.0000, Mean: 13396.0000
  Data: [
    50.0000, 100.0000, 200.0000, 300.0000, 350.0000, 400.0000, 450.0000, 500.0000, 550.0000, 600.0000,
    650.0000, 700.0000, 750.0000, 800.0000, 850.0000, 900.0000, 950.0000, 1000.0000, 1050.0000, 1100.0000,
    1200.0000, 1300.0000, 1350.0000, 1400.0000, 1500.0000, 1550.0000, 1650.0000, 1700.0000, 1750.0000, 1850.0000,
    1900.0000, 1950.0000, 2000.0000, 2050.0000, 2100.0000, 2150.0000, 2200.0000, 2250.0000, 2300.0000, 2350.0000,
    2450.0000, 2550.0000, 2600.0000, 2650.0000, 2700.0000, 2750.0000, 2800.0000, 2850.0000, 2950.0000, 3050.0000,
    23950.0000, 24000.0000, 24050.0000, 24100.0000, 24150.0000, 24200.0000, 24250.0000, 24300.0000, 24350.0000, 24400.0000,
    24450.0000, 24550.0000, 24600.0000, 24650.0000, 24700.0000, 24750.0000, 24850.0000, 24900.0000, 24950.0000, 25000.0000,
    25050.0000, 25100.0000, 25150.0000, 25200.0000, 25250.0000, 25300.0000, 25350.0000, 25400.0000, 25500.0000, 25550.0000,
    25600.0000, 25650.0000, 25700.0000, 25750.0000, 25800.0000, 25850.0000, 25900.0000, 25950.0000, 26000.0000, 26050.0000,
    26100.0000, 26150.0000, 26200.0000, 26250.0000, 26300.0000, 26350.0000, 26400.0000, 26450.0000, 26500.0000, 26550.0000,
  ]

### training/eps_per_sec
  Total points: 100
  Min: 0.4036, Max: 9.1076, Mean: 3.0387
  Data: [
    7.7664, 7.1847, 8.3077, 7.5727, 8.9518, 7.8002, 6.7480, 7.2608, 7.6701, 9.1076,
    7.7831, 8.2136, 7.5215, 8.6772, 7.9963, 7.8737, 7.0912, 7.9414, 0.7212, 7.0258,
    8.0654, 8.1266, 8.0980, 7.8122, 8.1670, 7.6852, 7.9140, 7.5011, 7.2705, 7.9401,
    7.7772, 7.4391, 4.7945, 0.4036, 0.8863, 0.9825, 0.9010, 0.8557, 1.0810, 1.0207,
    0.9773, 1.0739, 1.0075, 1.2358, 1.0881, 1.0415, 1.0975, 0.9452, 0.8078, 0.4404,
    0.8155, 0.8973, 0.4522, 0.8565, 0.8624, 0.8404, 0.8190, 0.8542, 0.7375, 0.8762,
    0.7278, 0.8658, 0.8377, 0.8662, 0.8212, 0.9273, 0.8951, 0.7104, 0.8048, 0.8334,
    0.4049, 0.7528, 0.8167, 0.7649, 0.8209, 0.6729, 0.8319, 0.8391, 0.9758, 0.8177,
    0.7792, 0.9173, 0.8373, 0.7691, 0.7893, 0.6980, 0.7899, 0.9825, 0.8061, 0.4134,
    0.9028, 0.7625, 0.8937, 0.8075, 0.7172, 0.8541, 0.8626, 0.9293, 0.8511, 0.8538,
  ]

### training/epsilon
  Total points: 100
  Min: 0.2651, Max: 0.9975, Mean: 0.6052
  Data: [
    0.9975, 0.9950, 0.9900, 0.9851, 0.9827, 0.9802, 0.9778, 0.9753, 0.9729, 0.9704,
    0.9680, 0.9656, 0.9632, 0.9608, 0.9584, 0.9560, 0.9536, 0.9512, 0.9489, 0.9465,
    0.9418, 0.9371, 0.9347, 0.9324, 0.9277, 0.9254, 0.9208, 0.9185, 0.9162, 0.9116,
    0.9094, 0.9071, 0.9048, 0.9026, 0.9003, 0.8981, 0.8958, 0.8936, 0.8914, 0.8891,
    0.8847, 0.8803, 0.8781, 0.8759, 0.8737, 0.8715, 0.8694, 0.8672, 0.8629, 0.8586,
    0.3019, 0.3012, 0.3004, 0.2997, 0.2989, 0.2982, 0.2974, 0.2967, 0.2960, 0.2952,
    0.2945, 0.2930, 0.2923, 0.2916, 0.2908, 0.2901, 0.2887, 0.2879, 0.2872, 0.2865,
    0.2858, 0.2851, 0.2844, 0.2836, 0.2829, 0.2822, 0.2815, 0.2808, 0.2794, 0.2787,
    0.2780, 0.2773, 0.2766, 0.2760, 0.2753, 0.2746, 0.2739, 0.2732, 0.2725, 0.2718,
    0.2712, 0.2705, 0.2698, 0.2691, 0.2685, 0.2678, 0.2671, 0.2665, 0.2658, 0.2651,
  ]

### training/pbrs_enabled
  Total points: 100
  Min: 1.0000, Max: 1.0000, Mean: 1.0000
  Data: [
    1.0000, 1.0000, 1.0000, 1.0000, 1.0000, 1.0000, 1.0000, 1.0000, 1.0000, 1.0000,
    1.0000, 1.0000, 1.0000, 1.0000, 1.0000, 1.0000, 1.0000, 1.0000, 1.0000, 1.0000,
    1.0000, 1.0000, 1.0000, 1.0000, 1.0000, 1.0000, 1.0000, 1.0000, 1.0000, 1.0000,
    1.0000, 1.0000, 1.0000, 1.0000, 1.0000, 1.0000, 1.0000, 1.0000, 1.0000, 1.0000,
    1.0000, 1.0000, 1.0000, 1.0000, 1.0000, 1.0000, 1.0000, 1.0000, 1.0000, 1.0000,
    1.0000, 1.0000, 1.0000, 1.0000, 1.0000, 1.0000, 1.0000, 1.0000, 1.0000, 1.0000,
    1.0000, 1.0000, 1.0000, 1.0000, 1.0000, 1.0000, 1.0000, 1.0000, 1.0000, 1.0000,
    1.0000, 1.0000, 1.0000, 1.0000, 1.0000, 1.0000, 1.0000, 1.0000, 1.0000, 1.0000,
    1.0000, 1.0000, 1.0000, 1.0000, 1.0000, 1.0000, 1.0000, 1.0000, 1.0000, 1.0000,
    1.0000, 1.0000, 1.0000, 1.0000, 1.0000, 1.0000, 1.0000, 1.0000, 1.0000, 1.0000,
  ]

### training/tie_penalty
  Total points: 100
  Min: -4.0000, Max: 0.0000, Mean: -1.3200
  Data: [
    -4.0000, 0.0000, 0.0000, 0.0000, 0.0000, 0.0000, 0.0000, 0.0000, -4.0000, 0.0000,
    0.0000, -4.0000, 0.0000, 0.0000, 0.0000, 0.0000, 0.0000, -4.0000, 0.0000, 0.0000,
    -4.0000, -4.0000, 0.0000, 0.0000, 0.0000, 0.0000, 0.0000, 0.0000, 0.0000, 0.0000,
    0.0000, -4.0000, -4.0000, 0.0000, 0.0000, 0.0000, -4.0000, 0.0000, 0.0000, 0.0000,
    0.0000, 0.0000, 0.0000, 0.0000, -4.0000, 0.0000, 0.0000, 0.0000, 0.0000, 0.0000,
    0.0000, 0.0000, -4.0000, -4.0000, -4.0000, -4.0000, -4.0000, -4.0000, -4.0000, -4.0000,
    -4.0000, 0.0000, -4.0000, 0.0000, 0.0000, 0.0000, 0.0000, -4.0000, 0.0000, 0.0000,
    0.0000, 0.0000, -4.0000, 0.0000, 0.0000, 0.0000, -4.0000, -4.0000, 0.0000, 0.0000,
    0.0000, 0.0000, 0.0000, -4.0000, -4.0000, -4.0000, 0.0000, 0.0000, -4.0000, 0.0000,
    0.0000, 0.0000, -4.0000, -4.0000, 0.0000, -4.0000, 0.0000, 0.0000, -4.0000, -4.0000,
  ]

### values/Q_avg
  Total points: 100
  Min: -2.0571, Max: 0.0865, Mean: -0.6723
  Data: [
    -0.0183, -0.0199, -0.0096, -0.0373, -0.0208, -0.0318, -0.0211, -0.0251, -0.0211, -0.0216,
    -0.0259, -0.0163, -0.0249, -0.0292, -0.0098, -0.0180, -0.0253, -0.0977, -1.5376, -0.9952,
    -0.8313, -0.2299, -0.2953, -0.7054, -1.0417, -0.6434, -0.9908, -1.2477, -1.6907, -1.4677,
    -1.7884, -1.9239, -1.3529, -0.9226, -1.5832, -1.9438, -2.0571, -0.9806, -0.7883, -1.3987,
    -0.8185, -1.0833, -1.5342, -0.9778, -1.0210, -1.2085, -0.5775, -1.2112, -1.4760, -0.8653,
    -0.6983, -0.1921, -0.3305, -0.5631, -0.0145, 0.0865, -1.0583, -0.2466, -0.0595, -0.4468,
    -0.0324, -0.8683, -0.4975, -0.6114, -0.4751, -0.5175, -0.5496, -0.7476, -0.3417, -0.0379,
    -0.7596, -0.4569, -0.3519, -0.9973, -0.0434, -0.8201, -0.6466, -0.8007, -0.2548, -0.9372,
    -0.7297, -0.3414, -0.4926, -0.4099, -0.8777, -1.2312, -0.6673, -1.2457, -0.8441, -0.4679,
    -1.0544, -0.7465, -0.5839, -0.5986, -0.3968, -0.9008, -0.8607, -0.2602, -0.9308, -1.6598,
  ]

### values/Q_max
  Total points: 100
  Min: 0.0970, Max: 9.0718, Mean: 6.0755
  Data: [
    0.1147, 0.1491, 0.1686, 0.1091, 0.0970, 0.1370, 0.1236, 0.1335, 0.1027, 0.1282,
    0.1208, 0.1702, 0.1300, 0.1164, 0.1557, 0.1391, 0.1501, 0.2056, 2.2212, 6.5306,
    6.6628, 6.4431, 7.6636, 7.2514, 7.9115, 7.2902, 7.8309, 7.9579, 8.7448, 6.2102,
    8.2533, 7.9548, 6.2405, 8.2633, 7.1696, 8.2209, 5.8031, 7.8469, 8.4327, 8.1498,
    8.2308, 7.8751, 7.9154, 7.8760, 8.8723, 6.6261, 7.9194, 8.5074, 7.5329, 7.7506,
    7.7103, 7.9452, 6.5527, 6.2933, 8.3818, 7.4249, 6.9078, 7.2740, 8.0464, 7.8499,
    9.0718, 6.8192, 8.0398, 8.6734, 6.9952, 7.5212, 8.1371, 8.7843, 7.2843, 7.7026,
    6.8693, 8.4909, 7.3042, 7.2255, 6.6424, 7.1893, 7.8595, 6.9658, 8.0174, 4.5282,
    8.1574, 7.4389, 7.4847, 6.3197, 6.9765, 6.9592, 7.4634, 7.1545, 6.5804, 8.5035,
    6.1371, 7.0931, 7.8412, 6.6990, 6.3493, 7.4253, 6.7371, 6.4497, 8.3924, 6.2719,
  ]

### values/Q_min
  Total points: 100
  Min: -9.3404, Max: -0.1239, Mean: -6.3457
  Data: [
    -0.1740, -0.1374, -0.1734, -0.1844, -0.1517, -0.1516, -0.1274, -0.1974, -0.1547, -0.1239,
    -0.1418, -0.1447, -0.1327, -0.1599, -0.1433, -0.1660, -0.1676, -0.2857, -5.2438, -4.2781,
    -4.1143, -4.7804, -5.0393, -8.5700, -7.7272, -7.0632, -6.5955, -7.8066, -8.1624, -8.1377,
    -8.4190, -7.6678, -8.1059, -9.3404, -8.3639, -9.2153, -7.7145, -7.7318, -7.6798, -7.7353,
    -8.3892, -8.3220, -8.9478, -8.3755, -8.3474, -8.6997, -7.5126, -8.8478, -8.2445, -8.2363,
    -8.0338, -7.5895, -8.3655, -7.5338, -7.4451, -7.0890, -7.4442, -5.5221, -7.1173, -7.6454,
    -7.0735, -7.4654, -7.3795, -7.8466, -8.2318, -7.6357, -8.2983, -8.0677, -7.0634, -6.8360,
    -7.0766, -7.5855, -6.6422, -8.8292, -7.0019, -8.0753, -8.0934, -8.4867, -7.8273, -8.5721,
    -8.0167, -7.4159, -7.5813, -7.3014, -8.1248, -8.8702, -8.4739, -8.6419, -8.6984, -7.6877,
    -8.1982, -7.6453, -8.2147, -7.2433, -8.6119, -7.8706, -7.8834, -7.7972, -7.7145, -8.3757,
  ]

### values/Q_std
  Total points: 100
  Min: 0.0522, Max: 3.7455, Mean: 2.7205
  Data: [
    0.0606, 0.0537, 0.0676, 0.0615, 0.0522, 0.0607, 0.0539, 0.0604, 0.0561, 0.0542,
    0.0634, 0.0579, 0.0551, 0.0575, 0.0629, 0.0613, 0.0600, 0.0921, 1.6134, 1.8732,
    2.4332, 2.9775, 3.1134, 3.0531, 3.4255, 3.3031, 3.6518, 3.7083, 3.4546, 3.1427,
    3.2462, 3.0787, 3.2577, 3.5145, 3.3307, 3.4027, 3.0377, 3.5221, 3.2461, 3.4846,
    3.3177, 3.4996, 3.2792, 3.0583, 3.5264, 3.2232, 3.5782, 3.1357, 2.5625, 3.1826,
    3.5173, 3.1419, 3.5446, 2.9956, 3.4236, 3.1533, 3.3040, 2.8929, 3.4925, 3.4844,
    2.8511, 3.3421, 3.5015, 3.2174, 3.4889, 3.2003, 3.4626, 3.4152, 3.1030, 3.3531,
    3.3680, 3.4075, 3.3063, 3.4366, 3.3138, 3.4503, 3.5234, 3.5026, 3.2332, 3.3489,
    3.4690, 3.7037, 3.2818, 3.5173, 3.6972, 3.3142, 3.6145, 3.7258, 3.5178, 3.7182,
    3.2713, 3.5773, 3.5320, 3.1492, 3.3915, 3.7455, 3.2946, 3.2946, 3.5505, 3.5861,
  ]
