================================================================================
W&B RUN DATA: Opus-1-TD3-Hockey-NORMAL-weak-lr0.0003-seed55
================================================================================

## RUN METADATA
Run ID: d56wo6i4
Created: 2026-01-11T23:16:03Z
State: running
Duration: 4437.306003851 seconds

## CONFIGURATION
  algorithm: TD3
  mode: NORMAL
  opponent: weak
  learning_rate_actor: 0.0003
  learning_rate_critic: 0.0003
  batch_size: 1024
  buffer_size: 1000000
  max_episodes: 15000
  random_seed: 55
  self_play_start: 0
  self_play_pool_size: 25
  gamma: 0.95
  tau: 0.005

## FINAL SUMMARY

## NOTE: Data discretized to fit 100000 char limit
  Showing ~100 points per metric (of 174 total)

## METRICS DATA

### behavior/action_magnitude_avg
  Total points: 100
  Min: 0.5711, Max: 1.2491, Mean: 0.9984
  Data: [
    0.7355, 0.8555, 0.8824, 0.8908, 0.8006, 0.7502, 0.8106, 0.7510, 0.8626, 0.8241,
    0.8848, 0.8424, 0.7150, 0.8269, 0.8494, 0.6932, 0.7126, 0.7972, 0.7481, 0.6720,
    0.7284, 0.7468, 0.7175, 0.6979, 0.8350, 0.7043, 0.7006, 0.7449, 0.6325, 0.7699,
    0.5717, 0.7801, 0.6261, 0.6600, 0.6583, 0.6183, 0.6305, 0.5711, 0.7122, 0.5889,
    1.1638, 1.0348, 1.1306, 1.1663, 1.0927, 0.9182, 1.0422, 1.1086, 1.0618, 1.1470,
    1.1319, 1.1424, 1.1694, 1.1750, 1.1319, 1.1149, 1.1984, 1.0554, 1.1638, 1.1545,
    1.1656, 1.1382, 1.1391, 1.1696, 1.1997, 1.2137, 1.1852, 1.1551, 1.1658, 1.1789,
    1.1682, 1.2039, 1.1419, 1.1803, 1.1973, 1.1861, 1.1623, 1.1863, 1.2077, 1.2088,
    1.1960, 1.2065, 1.1917, 1.2174, 1.1964, 1.1910, 1.2103, 1.2063, 1.2274, 1.2171,
    1.2438, 1.2229, 1.2100, 1.2491, 1.2180, 1.2404, 1.2417, 1.2430, 1.2232, 1.2337,
  ]

### behavior/action_magnitude_max
  Total points: 100
  Min: 1.1501, Max: 1.4142, Mean: 1.3523
  Data: [
    1.2918, 1.2856, 1.3609, 1.3460, 1.2939, 1.2798, 1.3571, 1.3151, 1.3406, 1.2620,
    1.3728, 1.3060, 1.2779, 1.2761, 1.2820, 1.2330, 1.2815, 1.3012, 1.2304, 1.2412,
    1.2479, 1.3205, 1.3061, 1.2023, 1.3750, 1.2225, 1.2694, 1.3085, 1.1918, 1.2879,
    1.2198, 1.2778, 1.1847, 1.1860, 1.1828, 1.1501, 1.1692, 1.1983, 1.2275, 1.1655,
    1.4090, 1.3855, 1.4035, 1.3990, 1.4142, 1.4022, 1.4080, 1.4115, 1.4142, 1.4115,
    1.4014, 1.4059, 1.4142, 1.4053, 1.4065, 1.3998, 1.4088, 1.4133, 1.4122, 1.4142,
    1.4128, 1.4108, 1.4115, 1.4098, 1.4129, 1.4142, 1.4128, 1.4099, 1.4076, 1.4142,
    1.4135, 1.4124, 1.4098, 1.4056, 1.4018, 1.4120, 1.4096, 1.4139, 1.4142, 1.4142,
    1.4141, 1.4084, 1.4139, 1.4107, 1.4108, 1.4101, 1.4056, 1.4142, 1.4141, 1.4039,
    1.4142, 1.4124, 1.4139, 1.4097, 1.4124, 1.4142, 1.4142, 1.4129, 1.4132, 1.4118,
  ]

### behavior/dist_to_puck_avg
  Total points: 100
  Min: 2.3568, Max: 3.9585, Mean: 3.0964
  Data: [
    3.4965, 3.4507, 3.4129, 3.2515, 3.2597, 3.4046, 3.6642, 3.4004, 3.5662, 3.8323,
    3.6941, 3.4878, 3.2994, 3.7325, 3.2977, 3.7713, 3.4766, 3.9585, 3.5118, 3.3596,
    3.7367, 3.5696, 3.3724, 3.7891, 3.8338, 3.4440, 3.6138, 3.8206, 3.3833, 3.7129,
    3.3951, 3.8117, 3.6046, 3.3654, 3.8040, 3.4860, 3.2863, 3.3435, 3.7432, 3.6808,
    3.4079, 3.7670, 2.6785, 2.4966, 2.5296, 2.3568, 2.5264, 2.5544, 2.5689, 2.5778,
    2.5582, 2.6891, 2.5867, 2.5454, 2.5098, 2.6821, 2.7921, 2.5174, 2.7933, 2.5892,
    2.8524, 2.8212, 2.4851, 2.7891, 2.9976, 2.9869, 2.6779, 2.6301, 2.8760, 2.7331,
    2.6303, 2.9515, 2.6661, 2.7654, 2.7962, 2.9661, 2.6754, 3.0248, 2.7709, 2.7760,
    2.8947, 3.1384, 2.8030, 2.9035, 2.7982, 2.9226, 2.9567, 2.9590, 2.8363, 2.7606,
    2.9340, 2.6675, 2.7131, 2.9414, 3.0278, 3.1520, 2.8882, 2.8459, 2.9045, 2.8635,
  ]

### behavior/dist_to_puck_min
  Total points: 100
  Min: 0.3001, Max: 2.2107, Mean: 0.9006
  Data: [
    0.8964, 1.4624, 1.0697, 1.3479, 1.0994, 1.4911, 1.8020, 1.2548, 1.5749, 1.7434,
    2.0075, 1.2990, 1.3252, 1.9765, 1.0831, 1.6507, 1.7198, 2.2107, 1.3749, 1.3750,
    1.2837, 0.9317, 1.4946, 1.6164, 1.6179, 1.5368, 1.2272, 1.2795, 1.5460, 1.7755,
    0.9863, 1.6167, 1.4151, 1.0440, 1.7033, 1.8539, 1.3976, 1.3509, 1.5166, 1.4285,
    1.8768, 1.7713, 1.3671, 0.9577, 0.8079, 0.6393, 0.7122, 0.5729, 0.3769, 0.6132,
    0.3076, 0.3371, 0.3259, 0.6706, 0.7484, 0.5157, 0.7486, 0.4800, 0.5115, 0.4355,
    0.3748, 0.5820, 0.5286, 0.4423, 0.4545, 0.3955, 0.4158, 0.3690, 0.3679, 0.4102,
    0.4291, 0.3001, 0.4187, 0.3601, 0.4832, 0.4848, 0.5374, 0.5097, 0.4009, 0.3805,
    0.3809, 0.4605, 0.6007, 0.4544, 0.3844, 0.4485, 0.4846, 0.4747, 0.3945, 0.3760,
    0.3808, 0.3380, 0.4307, 0.4644, 0.3507, 0.3859, 0.3593, 0.3107, 0.3464, 0.4233,
  ]

### behavior/distance_traveled
  Total points: 100
  Min: 5.3551, Max: 24.2174, Mean: 12.3640
  Data: [
    8.4634, 7.8651, 9.6804, 6.7225, 8.5396, 6.2001, 8.4997, 7.1582, 8.8806, 8.3071,
    6.9415, 6.6368, 7.4632, 7.8300, 6.7202, 6.1820, 6.5878, 6.7613, 8.1302, 7.6052,
    9.7313, 8.8341, 6.1777, 7.7573, 7.3641, 6.2034, 8.9335, 7.0626, 7.8994, 5.5205,
    8.4118, 5.4510, 9.3100, 7.2060, 7.1387, 5.3551, 6.7444, 6.2517, 7.6789, 7.4576,
    5.5701, 6.7406, 7.5439, 8.8275, 12.1493, 10.8478, 9.1108, 13.3374, 19.8830, 10.1516,
    14.2573, 18.5650, 20.7232, 12.3714, 12.1377, 18.5936, 16.0078, 17.1867, 17.6268, 17.5063,
    16.1031, 14.7107, 11.8419, 19.3810, 22.4608, 23.6828, 13.5340, 11.1171, 19.2574, 16.2255,
    16.3142, 16.5938, 15.9802, 11.9381, 15.5378, 20.4366, 8.0111, 19.8378, 17.5498, 20.4096,
    15.3030, 12.7978, 19.1945, 16.6660, 15.6261, 9.4584, 17.8196, 13.5602, 19.6369, 17.4733,
    14.1096, 15.1748, 17.3173, 10.4167, 17.8497, 24.2174, 18.0320, 20.9707, 21.6104, 21.4442,
  ]

### behavior/lazy_action_ratio
  Total points: 100
  Min: 0.0000, Max: 0.0790, Mean: 0.0104
  Data: [
    0.0348, 0.0199, 0.0131, 0.0164, 0.0375, 0.0284, 0.0138, 0.0208, 0.0066, 0.0190,
    0.0113, 0.0194, 0.0243, 0.0115, 0.0147, 0.0091, 0.0427, 0.0177, 0.0148, 0.0260,
    0.0290, 0.0180, 0.0148, 0.0336, 0.0118, 0.0160, 0.0404, 0.0294, 0.0354, 0.0113,
    0.0790, 0.0114, 0.0229, 0.0202, 0.0241, 0.0314, 0.0334, 0.0422, 0.0243, 0.0364,
    0.0020, 0.0104, 0.0000, 0.0000, 0.0030, 0.0220, 0.0031, 0.0015, 0.0069, 0.0000,
    0.0000, 0.0005, 0.0007, 0.0000, 0.0032, 0.0030, 0.0004, 0.0096, 0.0004, 0.0000,
    0.0004, 0.0005, 0.0000, 0.0000, 0.0000, 0.0000, 0.0004, 0.0013, 0.0004, 0.0011,
    0.0000, 0.0000, 0.0004, 0.0000, 0.0000, 0.0000, 0.0000, 0.0000, 0.0000, 0.0004,
    0.0000, 0.0000, 0.0004, 0.0000, 0.0000, 0.0000, 0.0004, 0.0011, 0.0000, 0.0000,
    0.0000, 0.0000, 0.0000, 0.0004, 0.0022, 0.0004, 0.0000, 0.0005, 0.0000, 0.0000,
  ]

### behavior/puck_touches
  Total points: 100
  Min: 0.0000, Max: 4.5000, Mean: 1.2670
  Data: [
    0.7000, 1.4000, 0.3000, 0.6000, 0.2000, 0.3000, 0.1000, 0.4000, 0.3000, 0.1000,
    0.0000, 0.0000, 0.1000, 0.0000, 0.4000, 0.2000, 0.1000, 0.0000, 0.0000, 0.2000,
    0.6000, 0.7000, 0.2000, 0.6000, 0.1000, 0.2000, 0.8000, 2.3000, 0.4000, 0.1000,
    0.4000, 0.5000, 0.8000, 0.8000, 0.4000, 0.0000, 0.3000, 0.2000, 0.3000, 0.5000,
    0.5000, 0.3000, 0.2000, 0.7000, 2.0000, 1.2000, 0.6000, 1.2000, 2.3000, 1.3000,
    1.9000, 1.8000, 2.0000, 1.7000, 0.8000, 1.1000, 2.5000, 2.1000, 1.4000, 2.5000,
    2.3000, 1.3000, 1.0000, 2.2000, 2.2000, 3.7000, 1.5000, 1.9000, 2.5000, 1.7000,
    2.3000, 4.5000, 1.7000, 1.4000, 1.5000, 2.1000, 0.7000, 2.3000, 1.5000, 1.2000,
    1.7000, 1.8000, 2.0000, 2.0000, 2.2000, 2.2000, 1.5000, 1.6000, 2.4000, 1.8000,
    1.5000, 4.4000, 1.2000, 1.0000, 2.5000, 3.5000, 2.8000, 2.2000, 2.4000, 2.8000,
  ]

### behavior/time_near_puck
  Total points: 100
  Min: 0.0000, Max: 23.4000, Mean: 4.8810
  Data: [
    7.3000, 4.7000, 2.8000, 5.6000, 1.5000, 1.6000, 1.4000, 4.0000, 4.0000, 1.4000,
    0.0000, 0.0000, 0.0000, 0.0000, 4.1000, 2.6000, 1.3000, 0.0000, 0.0000, 2.7000,
    3.6000, 5.6000, 2.7000, 5.7000, 1.3000, 2.8000, 6.9000, 5.5000, 4.4000, 1.3000,
    4.4000, 5.6000, 4.2000, 6.4000, 3.4000, 0.0000, 1.4000, 1.3000, 1.7000, 4.5000,
    0.5000, 0.1000, 0.0000, 3.4000, 13.7000, 11.6000, 8.3000, 13.0000, 23.4000, 12.6000,
    17.8000, 17.3000, 20.6000, 15.3000, 9.5000, 10.0000, 8.7000, 8.9000, 2.9000, 9.6000,
    4.1000, 2.1000, 4.2000, 3.4000, 5.4000, 7.6000, 4.8000, 4.8000, 9.9000, 4.8000,
    4.7000, 7.8000, 7.4000, 5.8000, 6.1000, 3.0000, 2.4000, 6.6000, 3.6000, 2.4000,
    2.7000, 1.8000, 1.8000, 3.2000, 4.7000, 3.7000, 0.9000, 0.8000, 4.9000, 2.0000,
    2.1000, 7.0000, 1.3000, 1.0000, 1.9000, 5.5000, 3.5000, 2.3000, 5.3000, 5.9000,
  ]

### behavior/velocity_avg
  Total points: 100
  Min: 0.0430, Max: 0.1428, Mean: 0.0992
  Data: [
    0.0780, 0.0522, 0.0507, 0.0584, 0.0578, 0.0623, 0.0599, 0.0510, 0.0566, 0.0516,
    0.0632, 0.0511, 0.0614, 0.0569, 0.0470, 0.0672, 0.0675, 0.0576, 0.0546, 0.0607,
    0.0636, 0.0499, 0.0549, 0.0563, 0.0575, 0.0633, 0.0524, 0.0543, 0.0613, 0.0491,
    0.0604, 0.0430, 0.0622, 0.0598, 0.0477, 0.0583, 0.0487, 0.0470, 0.0524, 0.0572,
    0.0749, 0.0570, 0.0749, 0.0790, 0.1044, 0.1037, 0.1188, 0.1097, 0.1120, 0.1138,
    0.1261, 0.1321, 0.1384, 0.1382, 0.1344, 0.1275, 0.1324, 0.1149, 0.1333, 0.1325,
    0.1352, 0.1324, 0.1407, 0.1328, 0.1347, 0.1319, 0.1334, 0.1280, 0.1330, 0.1343,
    0.1357, 0.1400, 0.1278, 0.1396, 0.1316, 0.1372, 0.1360, 0.1301, 0.1339, 0.1394,
    0.1328, 0.1428, 0.1344, 0.1420, 0.1428, 0.1351, 0.1331, 0.1332, 0.1399, 0.1364,
    0.1321, 0.1292, 0.1397, 0.1393, 0.1344, 0.1343, 0.1308, 0.1323, 0.1333, 0.1335,
  ]

### behavior/velocity_max
  Total points: 100
  Min: 0.1707, Max: 0.2466, Mean: 0.2191
  Data: [
    0.2138, 0.2070, 0.2042, 0.1961, 0.2095, 0.1963, 0.2014, 0.1964, 0.2105, 0.1996,
    0.2104, 0.1975, 0.1951, 0.1980, 0.2156, 0.1913, 0.2044, 0.2062, 0.1972, 0.2008,
    0.2033, 0.1977, 0.1982, 0.1999, 0.2034, 0.1876, 0.1988, 0.1871, 0.1945, 0.1948,
    0.1987, 0.1891, 0.1948, 0.1891, 0.1788, 0.1884, 0.1805, 0.1707, 0.1955, 0.1749,
    0.2275, 0.2263, 0.2252, 0.2226, 0.2321, 0.2227, 0.2287, 0.2301, 0.2277, 0.2306,
    0.2307, 0.2380, 0.2466, 0.2352, 0.2317, 0.2431, 0.2359, 0.2302, 0.2326, 0.2376,
    0.2323, 0.2306, 0.2270, 0.2372, 0.2379, 0.2358, 0.2300, 0.2307, 0.2294, 0.2308,
    0.2349, 0.2393, 0.2335, 0.2282, 0.2311, 0.2418, 0.2196, 0.2395, 0.2379, 0.2450,
    0.2349, 0.2342, 0.2362, 0.2330, 0.2361, 0.2252, 0.2320, 0.2362, 0.2458, 0.2400,
    0.2343, 0.2362, 0.2386, 0.2356, 0.2332, 0.2465, 0.2387, 0.2369, 0.2367, 0.2369,
  ]

### eval/strong/avg_reward
  Total points: 17
  Min: -28.4455, Max: -3.9239, Mean: -11.2328
  Data: [
    -26.3418, -24.5918, -27.5070, -28.4455, -8.7009, -5.0315, -7.0251, -6.6446, -6.5642, -7.6906,
    -9.3527, -8.0645, -6.7902, -4.5407, -3.9239, -5.0167, -4.7254,
  ]

### eval/strong/loss_rate
  Total points: 17
  Min: 0.3000, Max: 0.6200, Mean: 0.4576
  Data: [
    0.3000, 0.3200, 0.3400, 0.3000, 0.5800, 0.5000, 0.5600, 0.5800, 0.5000, 0.5200,
    0.6200, 0.5200, 0.5200, 0.4000, 0.4800, 0.3400, 0.4000,
  ]

### eval/strong/losses
  Total points: 17
  Min: 15.0000, Max: 31.0000, Mean: 22.8824
  Data: [
    15.0000, 16.0000, 17.0000, 15.0000, 29.0000, 25.0000, 28.0000, 29.0000, 25.0000, 26.0000,
    31.0000, 26.0000, 26.0000, 20.0000, 24.0000, 17.0000, 20.0000,
  ]

### eval/strong/tie_rate
  Total points: 17
  Min: 0.1400, Max: 0.6400, Mean: 0.3376
  Data: [
    0.6400, 0.5400, 0.6400, 0.6000, 0.2400, 0.1600, 0.1800, 0.1400, 0.2600, 0.2800,
    0.2200, 0.2600, 0.2800, 0.3600, 0.1600, 0.4600, 0.3200,
  ]

### eval/strong/ties
  Total points: 17
  Min: 7.0000, Max: 32.0000, Mean: 16.8824
  Data: [
    32.0000, 27.0000, 32.0000, 30.0000, 12.0000, 8.0000, 9.0000, 7.0000, 13.0000, 14.0000,
    11.0000, 13.0000, 14.0000, 18.0000, 8.0000, 23.0000, 16.0000,
  ]

### eval/strong/win_rate
  Total points: 17
  Min: 0.0200, Max: 0.3600, Mean: 0.2047
  Data: [
    0.0600, 0.1400, 0.0200, 0.1000, 0.1800, 0.3400, 0.2600, 0.2800, 0.2400, 0.2000,
    0.1600, 0.2200, 0.2000, 0.2400, 0.3600, 0.2000, 0.2800,
  ]

### eval/strong/win_rate_decisive
  Total points: 17
  Min: 0.0556, Max: 0.4286, Mean: 0.2958
  Data: [
    0.1667, 0.3043, 0.0556, 0.2500, 0.2368, 0.4048, 0.3171, 0.3256, 0.3243, 0.2778,
    0.2051, 0.2973, 0.2778, 0.3750, 0.4286, 0.3704, 0.4118,
  ]

### eval/strong/wins
  Total points: 17
  Min: 1.0000, Max: 18.0000, Mean: 10.2353
  Data: [
    3.0000, 7.0000, 1.0000, 5.0000, 9.0000, 17.0000, 13.0000, 14.0000, 12.0000, 10.0000,
    8.0000, 11.0000, 10.0000, 12.0000, 18.0000, 10.0000, 14.0000,
  ]

### eval/weak/avg_reward
  Total points: 17
  Min: -27.5259, Max: -5.2295, Mean: -11.2390
  Data: [
    -26.5835, -25.6645, -27.5259, -19.8431, -8.3802, -5.5148, -6.4123, -7.5779, -7.5783, -7.7228,
    -7.0734, -7.7565, -5.5475, -7.6923, -5.2295, -7.8480, -7.1132,
  ]

### eval/weak/loss_rate
  Total points: 17
  Min: 0.3200, Max: 0.7000, Mean: 0.5694
  Data: [
    0.4000, 0.4000, 0.4800, 0.3200, 0.6400, 0.5600, 0.6400, 0.6600, 0.6200, 0.6200,
    0.5600, 0.6600, 0.6200, 0.6400, 0.5400, 0.7000, 0.6200,
  ]

### eval/weak/losses
  Total points: 17
  Min: 16.0000, Max: 35.0000, Mean: 28.4706
  Data: [
    20.0000, 20.0000, 24.0000, 16.0000, 32.0000, 28.0000, 32.0000, 33.0000, 31.0000, 31.0000,
    28.0000, 33.0000, 31.0000, 32.0000, 27.0000, 35.0000, 31.0000,
  ]

### eval/weak/tie_rate
  Total points: 17
  Min: 0.1000, Max: 0.6400, Mean: 0.2765
  Data: [
    0.5800, 0.5600, 0.5200, 0.6400, 0.1600, 0.1600, 0.1000, 0.1600, 0.2200, 0.2000,
    0.2600, 0.1800, 0.1200, 0.2000, 0.2200, 0.1800, 0.2400,
  ]

### eval/weak/ties
  Total points: 17
  Min: 5.0000, Max: 32.0000, Mean: 13.8235
  Data: [
    29.0000, 28.0000, 26.0000, 32.0000, 8.0000, 8.0000, 5.0000, 8.0000, 11.0000, 10.0000,
    13.0000, 9.0000, 6.0000, 10.0000, 11.0000, 9.0000, 12.0000,
  ]

### eval/weak/win_rate
  Total points: 17
  Min: 0.0000, Max: 0.2800, Mean: 0.1541
  Data: [
    0.0200, 0.0400, 0.0000, 0.0400, 0.2000, 0.2800, 0.2600, 0.1800, 0.1600, 0.1800,
    0.1800, 0.1600, 0.2600, 0.1600, 0.2400, 0.1200, 0.1400,
  ]

### eval/weak/win_rate_decisive
  Total points: 17
  Min: 0.0000, Max: 0.3333, Mean: 0.1957
  Data: [
    0.0476, 0.0909, 0.0000, 0.1111, 0.2381, 0.3333, 0.2889, 0.2143, 0.2051, 0.2250,
    0.2432, 0.1951, 0.2955, 0.2000, 0.3077, 0.1463, 0.1842,
  ]

### eval/weak/wins
  Total points: 17
  Min: 0.0000, Max: 14.0000, Mean: 7.7059
  Data: [
    1.0000, 2.0000, 0.0000, 2.0000, 10.0000, 14.0000, 13.0000, 9.0000, 8.0000, 9.0000,
    9.0000, 8.0000, 13.0000, 8.0000, 12.0000, 6.0000, 7.0000,
  ]

### gradients/actor_grad_norm
  Total points: 100
  Min: 0.0000, Max: 0.0826, Mean: 0.0136
  Data: [
    0.0000, 0.0000, 0.0000, 0.0000, 0.0000, 0.0000, 0.0000, 0.0000, 0.0000, 0.0000,
    0.0000, 0.0000, 0.0000, 0.0000, 0.0000, 0.0000, 0.0000, 0.0000, 0.0000, 0.0000,
    0.0000, 0.0000, 0.0000, 0.0000, 0.0000, 0.0000, 0.0000, 0.0000, 0.0000, 0.0000,
    0.0000, 0.0000, 0.0000, 0.0000, 0.0000, 0.0000, 0.0000, 0.0000, 0.0000, 0.0826,
    0.0005, 0.0008, 0.0053, 0.0135, 0.0181, 0.0157, 0.0135, 0.0233, 0.0217, 0.0211,
    0.0183, 0.0200, 0.0187, 0.0241, 0.0276, 0.0229, 0.0251, 0.0257, 0.0202, 0.0258,
    0.0159, 0.0206, 0.0215, 0.0270, 0.0253, 0.0254, 0.0203, 0.0209, 0.0244, 0.0235,
    0.0172, 0.0232, 0.0192, 0.0182, 0.0216, 0.0300, 0.0199, 0.0260, 0.0169, 0.0229,
    0.0287, 0.0248, 0.0271, 0.0236, 0.0274, 0.0219, 0.0188, 0.0173, 0.0193, 0.0257,
    0.0227, 0.0227, 0.0182, 0.0306, 0.0307, 0.0195, 0.0294, 0.0228, 0.0248, 0.0200,
  ]

### gradients/critic_grad_norm
  Total points: 100
  Min: 0.0000, Max: 0.7052, Mean: 0.3164
  Data: [
    0.0000, 0.0000, 0.0000, 0.0000, 0.0000, 0.0000, 0.0000, 0.0000, 0.0000, 0.0000,
    0.0000, 0.0000, 0.0000, 0.0000, 0.0000, 0.0000, 0.0000, 0.0000, 0.0000, 0.0000,
    0.0000, 0.0000, 0.0000, 0.0000, 0.0000, 0.0000, 0.0000, 0.0000, 0.0000, 0.0000,
    0.0000, 0.0000, 0.0000, 0.0000, 0.0000, 0.0000, 0.0000, 0.0000, 0.0000, 0.4628,
    0.0379, 0.0690, 0.0681, 0.1004, 0.1647, 0.2264, 0.3431, 0.3422, 0.4166, 0.4952,
    0.4021, 0.5028, 0.4727, 0.5133, 0.5092, 0.4991, 0.5696, 0.5349, 0.5056, 0.5442,
    0.4515, 0.6108, 0.6899, 0.5238, 0.5107, 0.5887, 0.5568, 0.5329, 0.5344, 0.5497,
    0.5914, 0.5470, 0.5566, 0.6164, 0.6293, 0.5792, 0.7052, 0.6561, 0.6148, 0.5983,
    0.5127, 0.6668, 0.5759, 0.5585, 0.5440, 0.6475, 0.6565, 0.5680, 0.6553, 0.5823,
    0.6886, 0.5581, 0.5919, 0.6940, 0.6011, 0.5139, 0.6362, 0.6878, 0.5891, 0.6849,
  ]

### losses/actor_loss
  Total points: 100
  Min: -4.6589, Max: 0.6509, Mean: 0.0262
  Data: [
    0.0000, 0.0000, 0.0000, 0.0000, 0.0000, 0.0000, 0.0000, 0.0000, 0.0000, 0.0000,
    0.0000, 0.0000, 0.0000, 0.0000, 0.0000, 0.0000, 0.0000, 0.0000, 0.0000, 0.0000,
    0.0000, 0.0000, 0.0000, 0.0000, 0.0000, 0.0000, 0.0000, 0.0000, 0.0000, 0.0000,
    0.0000, 0.0000, 0.0000, 0.0000, 0.0000, 0.0000, 0.0000, 0.0000, 0.0000, -4.6589,
    -4.1567, -3.8600, -3.6069, -3.3762, -2.1308, -1.2716, -0.7546, -0.3150, 0.1240, 0.3623,
    0.5313, 0.5927, 0.5955, 0.5908, 0.4919, 0.4632, 0.4441, 0.4643, 0.4561, 0.4654,
    0.4448, 0.4451, 0.4364, 0.4305, 0.4745, 0.4454, 0.4690, 0.4336, 0.4776, 0.4651,
    0.4793, 0.4564, 0.4857, 0.4724, 0.5205, 0.4885, 0.4878, 0.4792, 0.4860, 0.5241,
    0.5190, 0.5379, 0.5715, 0.5445, 0.5219, 0.5495, 0.5608, 0.5681, 0.5836, 0.6086,
    0.6018, 0.5675, 0.5901, 0.6216, 0.6147, 0.6509, 0.6187, 0.6463, 0.6463, 0.6461,
  ]

### losses/critic_loss
  Total points: 100
  Min: 0.0000, Max: 0.1080, Mean: 0.0305
  Data: [
    0.0000, 0.0000, 0.0000, 0.0000, 0.0000, 0.0000, 0.0000, 0.0000, 0.0000, 0.0000,
    0.0000, 0.0000, 0.0000, 0.0000, 0.0000, 0.0000, 0.0000, 0.0000, 0.0000, 0.0000,
    0.0000, 0.0000, 0.0000, 0.0000, 0.0000, 0.0000, 0.0000, 0.0000, 0.0000, 0.0000,
    0.0000, 0.0000, 0.0000, 0.0000, 0.0000, 0.0000, 0.0000, 0.0000, 0.0000, 0.1080,
    0.0439, 0.0524, 0.0449, 0.0491, 0.0466, 0.0409, 0.0367, 0.0418, 0.0380, 0.0413,
    0.0396, 0.0425, 0.0457, 0.0484, 0.0509, 0.0585, 0.0522, 0.0525, 0.0538, 0.0513,
    0.0402, 0.0481, 0.0526, 0.0481, 0.0480, 0.0482, 0.0417, 0.0482, 0.0480, 0.0503,
    0.0552, 0.0478, 0.0478, 0.0476, 0.0461, 0.0472, 0.0568, 0.0474, 0.0550, 0.0539,
    0.0552, 0.0497, 0.0503, 0.0498, 0.0558, 0.0450, 0.0511, 0.0560, 0.0570, 0.0561,
    0.0513, 0.0473, 0.0526, 0.0627, 0.0480, 0.0479, 0.0459, 0.0430, 0.0561, 0.0554,
  ]

### pbrs/avg_per_episode
  Total points: 100
  Min: 0.6320, Max: 0.9399, Mean: 0.7786
  Data: [
    0.9399, 0.8037, 0.6904, 0.7443, 0.7165, 0.7472, 0.7101, 0.7287, 0.7030, 0.6914,
    0.6857, 0.6714, 0.6678, 0.6560, 0.6516, 0.6590, 0.6625, 0.6521, 0.6359, 0.6374,
    0.6351, 0.6320, 0.6414, 0.6424, 0.6477, 0.6586, 0.6590, 0.6576, 0.6581, 0.6652,
    0.6668, 0.6706, 0.6703, 0.6716, 0.6705, 0.6689, 0.6651, 0.6651, 0.6596, 0.6588,
    0.6622, 0.6672, 0.6737, 0.6798, 0.6961, 0.7381, 0.7718, 0.7873, 0.8117, 0.8341,
    0.8435, 0.8566, 0.8515, 0.8567, 0.8640, 0.8670, 0.8713, 0.8705, 0.8715, 0.8719,
    0.8713, 0.8717, 0.8746, 0.8730, 0.8723, 0.8715, 0.8702, 0.8702, 0.8678, 0.8688,
    0.8665, 0.8654, 0.8666, 0.8662, 0.8685, 0.8677, 0.8694, 0.8683, 0.8681, 0.8670,
    0.8668, 0.8646, 0.8637, 0.8648, 0.8642, 0.8649, 0.8650, 0.8638, 0.8651, 0.8651,
    0.8659, 0.8677, 0.8658, 0.8658, 0.8660, 0.8654, 0.8658, 0.8670, 0.8655, 0.8657,
  ]

### performance/cumulative_win_rate
  Total points: 100
  Min: 0.0200, Max: 0.1407, Mean: 0.0886
  Data: [
    0.0400, 0.0200, 0.0400, 0.0300, 0.0400, 0.0333, 0.0343, 0.0450, 0.0444, 0.0440,
    0.0436, 0.0467, 0.0431, 0.0457, 0.0427, 0.0450, 0.0471, 0.0489, 0.0547, 0.0540,
    0.0514, 0.0509, 0.0487, 0.0483, 0.0464, 0.0446, 0.0430, 0.0429, 0.0428, 0.0413,
    0.0426, 0.0413, 0.0400, 0.0400, 0.0389, 0.0389, 0.0389, 0.0389, 0.0390, 0.0390,
    0.0400, 0.0390, 0.0391, 0.0400, 0.0472, 0.0533, 0.0694, 0.0800, 0.0899, 0.0981,
    0.1071, 0.1130, 0.1204, 0.1218, 0.1210, 0.1223, 0.1258, 0.1264, 0.1260, 0.1260,
    0.1262, 0.1265, 0.1264, 0.1267, 0.1263, 0.1269, 0.1282, 0.1293, 0.1295, 0.1294,
    0.1305, 0.1312, 0.1317, 0.1327, 0.1326, 0.1325, 0.1325, 0.1324, 0.1323, 0.1327,
    0.1332, 0.1349, 0.1363, 0.1362, 0.1369, 0.1368, 0.1369, 0.1378, 0.1387, 0.1385,
    0.1384, 0.1386, 0.1389, 0.1393, 0.1392, 0.1395, 0.1399, 0.1400, 0.1406, 0.1407,
  ]

### performance/losses
  Total points: 100
  Min: 14.0000, Max: 2421.0000, Mean: 1170.8800
  Data: [
    14.0000, 24.0000, 32.0000, 46.0000, 55.0000, 69.0000, 77.0000, 91.0000, 99.0000, 108.0000,
    118.0000, 127.0000, 137.0000, 145.0000, 154.0000, 167.0000, 179.0000, 187.0000, 194.0000, 204.0000,
    213.0000, 222.0000, 235.0000, 245.0000, 257.0000, 271.0000, 281.0000, 291.0000, 301.0000, 314.0000,
    325.0000, 337.0000, 347.0000, 358.0000, 368.0000, 379.0000, 387.0000, 398.0000, 405.0000, 415.0000,
    427.0000, 440.0000, 453.0000, 467.0000, 543.0000, 656.0000, 769.0000, 860.0000, 975.0000, 1091.0000,
    1184.0000, 1301.0000, 1397.0000, 1493.0000, 1602.0000, 1707.0000, 1816.0000, 1829.0000, 1845.0000, 1860.0000,
    1874.0000, 1889.0000, 1909.0000, 1921.0000, 1935.0000, 1948.0000, 1959.0000, 1973.0000, 1982.0000, 1998.0000,
    2009.0000, 2020.0000, 2035.0000, 2049.0000, 2068.0000, 2080.0000, 2097.0000, 2108.0000, 2122.0000, 2134.0000,
    2149.0000, 2161.0000, 2173.0000, 2190.0000, 2203.0000, 2219.0000, 2234.0000, 2246.0000, 2261.0000, 2276.0000,
    2292.0000, 2310.0000, 2321.0000, 2336.0000, 2351.0000, 2364.0000, 2379.0000, 2395.0000, 2406.0000, 2421.0000,
  ]

### performance/ties
  Total points: 100
  Min: 10.0000, Max: 1317.0000, Mean: 753.8400
  Data: [
    10.0000, 25.0000, 40.0000, 51.0000, 65.0000, 76.0000, 92.0000, 100.0000, 116.0000, 131.0000,
    145.0000, 159.0000, 174.0000, 189.0000, 205.0000, 215.0000, 226.0000, 241.0000, 255.0000, 269.0000,
    285.0000, 300.0000, 312.0000, 326.0000, 339.0000, 350.0000, 365.0000, 379.0000, 393.0000, 405.0000,
    417.0000, 430.0000, 445.0000, 458.0000, 473.0000, 486.0000, 502.0000, 515.0000, 532.0000, 546.0000,
    557.0000, 569.0000, 580.0000, 589.0000, 648.0000, 693.0000, 720.0000, 750.0000, 777.0000, 803.0000,
    825.0000, 850.0000, 890.0000, 922.0000, 969.0000, 1014.0000, 1047.0000, 1054.0000, 1061.0000, 1068.0000,
    1075.0000, 1081.0000, 1083.0000, 1092.0000, 1101.0000, 1108.0000, 1114.0000, 1118.0000, 1130.0000, 1136.0000,
    1143.0000, 1151.0000, 1156.0000, 1160.0000, 1163.0000, 1173.0000, 1178.0000, 1189.0000, 1197.0000, 1205.0000,
    1210.0000, 1213.0000, 1217.0000, 1222.0000, 1228.0000, 1234.0000, 1240.0000, 1246.0000, 1249.0000, 1256.0000,
    1262.0000, 1265.0000, 1274.0000, 1279.0000, 1286.0000, 1293.0000, 1298.0000, 1303.0000, 1311.0000, 1317.0000,
  ]

### performance/wins
  Total points: 100
  Min: 1.0000, Max: 612.0000, Mean: 261.2800
  Data: [
    1.0000, 1.0000, 3.0000, 3.0000, 5.0000, 5.0000, 6.0000, 9.0000, 10.0000, 11.0000,
    12.0000, 14.0000, 14.0000, 16.0000, 16.0000, 18.0000, 20.0000, 22.0000, 26.0000, 27.0000,
    27.0000, 28.0000, 28.0000, 29.0000, 29.0000, 29.0000, 29.0000, 30.0000, 31.0000, 31.0000,
    33.0000, 33.0000, 33.0000, 34.0000, 34.0000, 35.0000, 36.0000, 37.0000, 38.0000, 39.0000,
    41.0000, 41.0000, 42.0000, 44.0000, 59.0000, 76.0000, 111.0000, 140.0000, 173.0000, 206.0000,
    241.0000, 274.0000, 313.0000, 335.0000, 354.0000, 379.0000, 412.0000, 417.0000, 419.0000, 422.0000,
    426.0000, 430.0000, 433.0000, 437.0000, 439.0000, 444.0000, 452.0000, 459.0000, 463.0000, 466.0000,
    473.0000, 479.0000, 484.0000, 491.0000, 494.0000, 497.0000, 500.0000, 503.0000, 506.0000, 511.0000,
    516.0000, 526.0000, 535.0000, 538.0000, 544.0000, 547.0000, 551.0000, 558.0000, 565.0000, 568.0000,
    571.0000, 575.0000, 580.0000, 585.0000, 588.0000, 593.0000, 598.0000, 602.0000, 608.0000, 612.0000,
  ]

### rewards/p1
  Total points: 100
  Min: -29.5281, Max: 3.6092, Mean: -12.8545
  Data: [
    -16.6482, -26.3973, -24.2562, -22.6732, -25.3522, -23.5271, -23.8069, -22.3807, -25.5693, -24.1377,
    -25.5794, -24.1786, -20.3632, -27.9818, -27.0560, -25.1959, -22.8065, -28.3120, -22.9317, -19.4273,
    -24.3850, -20.3320, -21.1736, -21.8383, -26.9143, -24.1630, -24.7316, -28.8470, -19.4228, -25.4218,
    -18.6236, -29.5281, -21.4514, -19.0936, -19.2830, -23.7431, -24.3146, -24.1147, -28.3384, -19.5975,
    -18.8944, -22.0105, -11.3694, -9.2292, -11.6326, -4.5395, -9.5993, -6.6708, -4.8645, -3.7404,
    -5.1311, -9.7066, -4.2780, -7.4507, -9.9731, -6.5563, -2.5769, -6.1348, -7.2451, -7.9227,
    -4.2608, -4.9506, -8.0821, -4.4001, -4.1804, -2.4429, -2.5324, -1.7395, -1.3342, -5.5408,
    -2.4514, -1.5765, -2.5496, -4.9058, -9.6064, -2.7936, -5.0431, -6.1206, -5.7158, -4.6559,
    -6.0073, 3.6092, -4.2140, -5.2240, -1.6513, -6.7058, -6.0780, -2.9413, -7.1933, -4.2648,
    -3.4941, -6.0674, -4.5154, -6.6025, -5.4399, -4.6202, -1.0536, -5.2324, -4.3448, -5.1024,
  ]

### rewards/p2
  Total points: 100
  Min: -2.5508, Max: 31.2750, Mean: 14.3411
  Data: [
    18.4229, 27.9667, 26.3135, 23.9366, 26.5856, 24.5604, 25.0369, 24.1924, 27.0520, 25.7421,
    27.1353, 24.8978, 21.7811, 29.6136, 28.5719, 26.5078, 23.6184, 29.4051, 24.2531, 20.6595,
    24.6903, 20.6555, 22.5235, 22.9379, 28.5327, 25.2589, 25.4650, 30.6129, 20.3534, 26.7628,
    19.0331, 31.2750, 21.8649, 20.2973, 19.9302, 24.8744, 25.5089, 25.0478, 30.3423, 20.0579,
    20.8865, 25.1639, 13.0551, 10.6694, 13.3983, 4.2366, 10.6480, 8.5676, 5.7746, 4.7340,
    6.8406, 10.6615, 5.2546, 8.4288, 10.5827, 8.1020, 2.9058, 6.7114, 8.9087, 9.5332,
    5.6478, 6.9369, 9.3390, 6.2273, 6.8278, 3.7137, 4.0657, 2.9313, 3.1835, 7.1422,
    3.6657, 2.2915, 4.6549, 6.5324, 11.3967, 4.2676, 5.8649, 8.3388, 8.0401, 6.9098,
    8.1922, -2.5508, 6.7775, 7.0210, 3.7388, 7.6505, 7.9036, 4.6134, 9.0189, 6.0112,
    5.2696, 8.2835, 7.1696, 8.3629, 7.7355, 7.4502, 3.5362, 8.3998, 6.1504, 8.0621,
  ]

### rewards/sparse_only
  Total points: 100
  Min: -31.2750, Max: 2.5508, Mean: -14.3411
  Data: [
    -18.4229, -27.9667, -26.3135, -23.9366, -26.5856, -24.5604, -25.0369, -24.1924, -27.0520, -25.7421,
    -27.1353, -24.8978, -21.7811, -29.6136, -28.5719, -26.5078, -23.6184, -29.4051, -24.2531, -20.6595,
    -24.6903, -20.6555, -22.5235, -22.9379, -28.5327, -25.2589, -25.4650, -30.6129, -20.3534, -26.7628,
    -19.0331, -31.2750, -21.8649, -20.2973, -19.9302, -24.8744, -25.5089, -25.0478, -30.3423, -20.0579,
    -20.8865, -25.1639, -13.0551, -10.6694, -13.3983, -4.2366, -10.6480, -8.5676, -5.7746, -4.7340,
    -6.8406, -10.6615, -5.2546, -8.4288, -10.5827, -8.1020, -2.9058, -6.7114, -8.9087, -9.5332,
    -5.6478, -6.9369, -9.3390, -6.2273, -6.8278, -3.7137, -4.0657, -2.9313, -3.1835, -7.1422,
    -3.6657, -2.2915, -4.6549, -6.5324, -11.3967, -4.2676, -5.8649, -8.3388, -8.0401, -6.9098,
    -8.1922, 2.5508, -6.7775, -7.0210, -3.7388, -7.6505, -7.9036, -4.6134, -9.0189, -6.0112,
    -5.2696, -8.2835, -7.1696, -8.3629, -7.7355, -7.4502, -3.5362, -8.3998, -6.1504, -8.0621,
  ]

### rewards/sparse_ratio
  Total points: 100
  Min: 0.7067, Max: 3.3564, Mean: 1.2560
  Data: [
    1.1066, 1.0595, 1.0848, 1.0557, 1.0486, 1.0439, 1.0517, 1.0809, 1.0580, 1.0665,
    1.0608, 1.0297, 1.0696, 1.0583, 1.0560, 1.0521, 1.0356, 1.0386, 1.0576, 1.0634,
    1.0125, 1.0159, 1.0638, 1.0504, 1.0601, 1.0454, 1.0297, 1.0612, 1.0479, 1.0527,
    1.0220, 1.0592, 1.0193, 1.0630, 1.0336, 1.0476, 1.0491, 1.0387, 1.0707, 1.0235,
    1.1054, 1.1433, 1.1483, 1.1560, 1.1518, 0.9333, 1.1092, 1.2844, 1.1871, 1.2657,
    1.3332, 1.0984, 1.2283, 1.1313, 1.0611, 1.2358, 1.1277, 1.0940, 1.2296, 1.2033,
    1.3255, 1.4012, 1.1555, 1.4153, 1.6333, 1.5202, 1.6055, 1.6851, 2.3861, 1.2890,
    1.4954, 1.4536, 1.8258, 1.3316, 1.1864, 1.5276, 1.1630, 1.3624, 1.4066, 1.4841,
    1.3637, 0.7067, 1.6083, 1.3440, 2.2642, 1.1409, 1.3004, 1.5685, 1.2538, 1.4095,
    1.5081, 1.3652, 1.5878, 1.2666, 1.4220, 1.6125, 3.3564, 1.6053, 1.4156, 1.5801,
  ]

### scoring/goals_conceded
  Total points: 100
  Min: 14.0000, Max: 2421.0000, Mean: 1170.8800
  Data: [
    14.0000, 24.0000, 32.0000, 46.0000, 55.0000, 69.0000, 77.0000, 91.0000, 99.0000, 108.0000,
    118.0000, 127.0000, 137.0000, 145.0000, 154.0000, 167.0000, 179.0000, 187.0000, 194.0000, 204.0000,
    213.0000, 222.0000, 235.0000, 245.0000, 257.0000, 271.0000, 281.0000, 291.0000, 301.0000, 314.0000,
    325.0000, 337.0000, 347.0000, 358.0000, 368.0000, 379.0000, 387.0000, 398.0000, 405.0000, 415.0000,
    427.0000, 440.0000, 453.0000, 467.0000, 543.0000, 656.0000, 769.0000, 860.0000, 975.0000, 1091.0000,
    1184.0000, 1301.0000, 1397.0000, 1493.0000, 1602.0000, 1707.0000, 1816.0000, 1829.0000, 1845.0000, 1860.0000,
    1874.0000, 1889.0000, 1909.0000, 1921.0000, 1935.0000, 1948.0000, 1959.0000, 1973.0000, 1982.0000, 1998.0000,
    2009.0000, 2020.0000, 2035.0000, 2049.0000, 2068.0000, 2080.0000, 2097.0000, 2108.0000, 2122.0000, 2134.0000,
    2149.0000, 2161.0000, 2173.0000, 2190.0000, 2203.0000, 2219.0000, 2234.0000, 2246.0000, 2261.0000, 2276.0000,
    2292.0000, 2310.0000, 2321.0000, 2336.0000, 2351.0000, 2364.0000, 2379.0000, 2395.0000, 2406.0000, 2421.0000,
  ]

### scoring/goals_scored
  Total points: 100
  Min: 1.0000, Max: 612.0000, Mean: 261.2800
  Data: [
    1.0000, 1.0000, 3.0000, 3.0000, 5.0000, 5.0000, 6.0000, 9.0000, 10.0000, 11.0000,
    12.0000, 14.0000, 14.0000, 16.0000, 16.0000, 18.0000, 20.0000, 22.0000, 26.0000, 27.0000,
    27.0000, 28.0000, 28.0000, 29.0000, 29.0000, 29.0000, 29.0000, 30.0000, 31.0000, 31.0000,
    33.0000, 33.0000, 33.0000, 34.0000, 34.0000, 35.0000, 36.0000, 37.0000, 38.0000, 39.0000,
    41.0000, 41.0000, 42.0000, 44.0000, 59.0000, 76.0000, 111.0000, 140.0000, 173.0000, 206.0000,
    241.0000, 274.0000, 313.0000, 335.0000, 354.0000, 379.0000, 412.0000, 417.0000, 419.0000, 422.0000,
    426.0000, 430.0000, 433.0000, 437.0000, 439.0000, 444.0000, 452.0000, 459.0000, 463.0000, 466.0000,
    473.0000, 479.0000, 484.0000, 491.0000, 494.0000, 497.0000, 500.0000, 503.0000, 506.0000, 511.0000,
    516.0000, 526.0000, 535.0000, 538.0000, 544.0000, 547.0000, 551.0000, 558.0000, 565.0000, 568.0000,
    571.0000, 575.0000, 580.0000, 585.0000, 588.0000, 593.0000, 598.0000, 602.0000, 608.0000, 612.0000,
  ]

### selfplay/active
  Total points: 100
  Min: 0.0000, Max: 0.0000, Mean: 0.0000
  Data: [
    0.0000, 0.0000, 0.0000, 0.0000, 0.0000, 0.0000, 0.0000, 0.0000, 0.0000, 0.0000,
    0.0000, 0.0000, 0.0000, 0.0000, 0.0000, 0.0000, 0.0000, 0.0000, 0.0000, 0.0000,
    0.0000, 0.0000, 0.0000, 0.0000, 0.0000, 0.0000, 0.0000, 0.0000, 0.0000, 0.0000,
    0.0000, 0.0000, 0.0000, 0.0000, 0.0000, 0.0000, 0.0000, 0.0000, 0.0000, 0.0000,
    0.0000, 0.0000, 0.0000, 0.0000, 0.0000, 0.0000, 0.0000, 0.0000, 0.0000, 0.0000,
    0.0000, 0.0000, 0.0000, 0.0000, 0.0000, 0.0000, 0.0000, 0.0000, 0.0000, 0.0000,
    0.0000, 0.0000, 0.0000, 0.0000, 0.0000, 0.0000, 0.0000, 0.0000, 0.0000, 0.0000,
    0.0000, 0.0000, 0.0000, 0.0000, 0.0000, 0.0000, 0.0000, 0.0000, 0.0000, 0.0000,
    0.0000, 0.0000, 0.0000, 0.0000, 0.0000, 0.0000, 0.0000, 0.0000, 0.0000, 0.0000,
    0.0000, 0.0000, 0.0000, 0.0000, 0.0000, 0.0000, 0.0000, 0.0000, 0.0000, 0.0000,
  ]

### selfplay/episode_opponent_type_selfplay
  Total points: 100
  Min: 0.0000, Max: 0.0000, Mean: 0.0000
  Data: [
    0.0000, 0.0000, 0.0000, 0.0000, 0.0000, 0.0000, 0.0000, 0.0000, 0.0000, 0.0000,
    0.0000, 0.0000, 0.0000, 0.0000, 0.0000, 0.0000, 0.0000, 0.0000, 0.0000, 0.0000,
    0.0000, 0.0000, 0.0000, 0.0000, 0.0000, 0.0000, 0.0000, 0.0000, 0.0000, 0.0000,
    0.0000, 0.0000, 0.0000, 0.0000, 0.0000, 0.0000, 0.0000, 0.0000, 0.0000, 0.0000,
    0.0000, 0.0000, 0.0000, 0.0000, 0.0000, 0.0000, 0.0000, 0.0000, 0.0000, 0.0000,
    0.0000, 0.0000, 0.0000, 0.0000, 0.0000, 0.0000, 0.0000, 0.0000, 0.0000, 0.0000,
    0.0000, 0.0000, 0.0000, 0.0000, 0.0000, 0.0000, 0.0000, 0.0000, 0.0000, 0.0000,
    0.0000, 0.0000, 0.0000, 0.0000, 0.0000, 0.0000, 0.0000, 0.0000, 0.0000, 0.0000,
    0.0000, 0.0000, 0.0000, 0.0000, 0.0000, 0.0000, 0.0000, 0.0000, 0.0000, 0.0000,
    0.0000, 0.0000, 0.0000, 0.0000, 0.0000, 0.0000, 0.0000, 0.0000, 0.0000, 0.0000,
  ]

### selfplay/episode_opponent_type_strong
  Total points: 100
  Min: 0.0000, Max: 0.0000, Mean: 0.0000
  Data: [
    0.0000, 0.0000, 0.0000, 0.0000, 0.0000, 0.0000, 0.0000, 0.0000, 0.0000, 0.0000,
    0.0000, 0.0000, 0.0000, 0.0000, 0.0000, 0.0000, 0.0000, 0.0000, 0.0000, 0.0000,
    0.0000, 0.0000, 0.0000, 0.0000, 0.0000, 0.0000, 0.0000, 0.0000, 0.0000, 0.0000,
    0.0000, 0.0000, 0.0000, 0.0000, 0.0000, 0.0000, 0.0000, 0.0000, 0.0000, 0.0000,
    0.0000, 0.0000, 0.0000, 0.0000, 0.0000, 0.0000, 0.0000, 0.0000, 0.0000, 0.0000,
    0.0000, 0.0000, 0.0000, 0.0000, 0.0000, 0.0000, 0.0000, 0.0000, 0.0000, 0.0000,
    0.0000, 0.0000, 0.0000, 0.0000, 0.0000, 0.0000, 0.0000, 0.0000, 0.0000, 0.0000,
    0.0000, 0.0000, 0.0000, 0.0000, 0.0000, 0.0000, 0.0000, 0.0000, 0.0000, 0.0000,
    0.0000, 0.0000, 0.0000, 0.0000, 0.0000, 0.0000, 0.0000, 0.0000, 0.0000, 0.0000,
    0.0000, 0.0000, 0.0000, 0.0000, 0.0000, 0.0000, 0.0000, 0.0000, 0.0000, 0.0000,
  ]

### selfplay/episode_opponent_type_weak
  Total points: 100
  Min: 1.0000, Max: 1.0000, Mean: 1.0000
  Data: [
    1.0000, 1.0000, 1.0000, 1.0000, 1.0000, 1.0000, 1.0000, 1.0000, 1.0000, 1.0000,
    1.0000, 1.0000, 1.0000, 1.0000, 1.0000, 1.0000, 1.0000, 1.0000, 1.0000, 1.0000,
    1.0000, 1.0000, 1.0000, 1.0000, 1.0000, 1.0000, 1.0000, 1.0000, 1.0000, 1.0000,
    1.0000, 1.0000, 1.0000, 1.0000, 1.0000, 1.0000, 1.0000, 1.0000, 1.0000, 1.0000,
    1.0000, 1.0000, 1.0000, 1.0000, 1.0000, 1.0000, 1.0000, 1.0000, 1.0000, 1.0000,
    1.0000, 1.0000, 1.0000, 1.0000, 1.0000, 1.0000, 1.0000, 1.0000, 1.0000, 1.0000,
    1.0000, 1.0000, 1.0000, 1.0000, 1.0000, 1.0000, 1.0000, 1.0000, 1.0000, 1.0000,
    1.0000, 1.0000, 1.0000, 1.0000, 1.0000, 1.0000, 1.0000, 1.0000, 1.0000, 1.0000,
    1.0000, 1.0000, 1.0000, 1.0000, 1.0000, 1.0000, 1.0000, 1.0000, 1.0000, 1.0000,
    1.0000, 1.0000, 1.0000, 1.0000, 1.0000, 1.0000, 1.0000, 1.0000, 1.0000, 1.0000,
  ]

### selfplay/pool_size
  Total points: 100
  Min: 0.0000, Max: 0.0000, Mean: 0.0000
  Data: [
    0.0000, 0.0000, 0.0000, 0.0000, 0.0000, 0.0000, 0.0000, 0.0000, 0.0000, 0.0000,
    0.0000, 0.0000, 0.0000, 0.0000, 0.0000, 0.0000, 0.0000, 0.0000, 0.0000, 0.0000,
    0.0000, 0.0000, 0.0000, 0.0000, 0.0000, 0.0000, 0.0000, 0.0000, 0.0000, 0.0000,
    0.0000, 0.0000, 0.0000, 0.0000, 0.0000, 0.0000, 0.0000, 0.0000, 0.0000, 0.0000,
    0.0000, 0.0000, 0.0000, 0.0000, 0.0000, 0.0000, 0.0000, 0.0000, 0.0000, 0.0000,
    0.0000, 0.0000, 0.0000, 0.0000, 0.0000, 0.0000, 0.0000, 0.0000, 0.0000, 0.0000,
    0.0000, 0.0000, 0.0000, 0.0000, 0.0000, 0.0000, 0.0000, 0.0000, 0.0000, 0.0000,
    0.0000, 0.0000, 0.0000, 0.0000, 0.0000, 0.0000, 0.0000, 0.0000, 0.0000, 0.0000,
    0.0000, 0.0000, 0.0000, 0.0000, 0.0000, 0.0000, 0.0000, 0.0000, 0.0000, 0.0000,
    0.0000, 0.0000, 0.0000, 0.0000, 0.0000, 0.0000, 0.0000, 0.0000, 0.0000, 0.0000,
  ]

### selfplay/weak_ratio_target
  Total points: 100
  Min: 0.5000, Max: 0.5000, Mean: 0.5000
  Data: [
    0.5000, 0.5000, 0.5000, 0.5000, 0.5000, 0.5000, 0.5000, 0.5000, 0.5000, 0.5000,
    0.5000, 0.5000, 0.5000, 0.5000, 0.5000, 0.5000, 0.5000, 0.5000, 0.5000, 0.5000,
    0.5000, 0.5000, 0.5000, 0.5000, 0.5000, 0.5000, 0.5000, 0.5000, 0.5000, 0.5000,
    0.5000, 0.5000, 0.5000, 0.5000, 0.5000, 0.5000, 0.5000, 0.5000, 0.5000, 0.5000,
    0.5000, 0.5000, 0.5000, 0.5000, 0.5000, 0.5000, 0.5000, 0.5000, 0.5000, 0.5000,
    0.5000, 0.5000, 0.5000, 0.5000, 0.5000, 0.5000, 0.5000, 0.5000, 0.5000, 0.5000,
    0.5000, 0.5000, 0.5000, 0.5000, 0.5000, 0.5000, 0.5000, 0.5000, 0.5000, 0.5000,
    0.5000, 0.5000, 0.5000, 0.5000, 0.5000, 0.5000, 0.5000, 0.5000, 0.5000, 0.5000,
    0.5000, 0.5000, 0.5000, 0.5000, 0.5000, 0.5000, 0.5000, 0.5000, 0.5000, 0.5000,
    0.5000, 0.5000, 0.5000, 0.5000, 0.5000, 0.5000, 0.5000, 0.5000, 0.5000, 0.5000,
  ]

### strategic/attack_diversity_bonus
  Total points: 100
  Min: 0.0000, Max: 0.0000, Mean: 0.0000
  Data: [
    0.0000, 0.0000, 0.0000, 0.0000, 0.0000, 0.0000, 0.0000, 0.0000, 0.0000, 0.0000,
    0.0000, 0.0000, 0.0000, 0.0000, 0.0000, 0.0000, 0.0000, 0.0000, 0.0000, 0.0000,
    0.0000, 0.0000, 0.0000, 0.0000, 0.0000, 0.0000, 0.0000, 0.0000, 0.0000, 0.0000,
    0.0000, 0.0000, 0.0000, 0.0000, 0.0000, 0.0000, 0.0000, 0.0000, 0.0000, 0.0000,
    0.0000, 0.0000, 0.0000, 0.0000, 0.0000, 0.0000, 0.0000, 0.0000, 0.0000, 0.0000,
    0.0000, 0.0000, 0.0000, 0.0000, 0.0000, 0.0000, 0.0000, 0.0000, 0.0000, 0.0000,
    0.0000, 0.0000, 0.0000, 0.0000, 0.0000, 0.0000, 0.0000, 0.0000, 0.0000, 0.0000,
    0.0000, 0.0000, 0.0000, 0.0000, 0.0000, 0.0000, 0.0000, 0.0000, 0.0000, 0.0000,
    0.0000, 0.0000, 0.0000, 0.0000, 0.0000, 0.0000, 0.0000, 0.0000, 0.0000, 0.0000,
    0.0000, 0.0000, 0.0000, 0.0000, 0.0000, 0.0000, 0.0000, 0.0000, 0.0000, 0.0000,
  ]

### strategic/attack_sides_unique
  Total points: 100
  Min: 0.0000, Max: 0.0000, Mean: 0.0000
  Data: [
    0.0000, 0.0000, 0.0000, 0.0000, 0.0000, 0.0000, 0.0000, 0.0000, 0.0000, 0.0000,
    0.0000, 0.0000, 0.0000, 0.0000, 0.0000, 0.0000, 0.0000, 0.0000, 0.0000, 0.0000,
    0.0000, 0.0000, 0.0000, 0.0000, 0.0000, 0.0000, 0.0000, 0.0000, 0.0000, 0.0000,
    0.0000, 0.0000, 0.0000, 0.0000, 0.0000, 0.0000, 0.0000, 0.0000, 0.0000, 0.0000,
    0.0000, 0.0000, 0.0000, 0.0000, 0.0000, 0.0000, 0.0000, 0.0000, 0.0000, 0.0000,
    0.0000, 0.0000, 0.0000, 0.0000, 0.0000, 0.0000, 0.0000, 0.0000, 0.0000, 0.0000,
    0.0000, 0.0000, 0.0000, 0.0000, 0.0000, 0.0000, 0.0000, 0.0000, 0.0000, 0.0000,
    0.0000, 0.0000, 0.0000, 0.0000, 0.0000, 0.0000, 0.0000, 0.0000, 0.0000, 0.0000,
    0.0000, 0.0000, 0.0000, 0.0000, 0.0000, 0.0000, 0.0000, 0.0000, 0.0000, 0.0000,
    0.0000, 0.0000, 0.0000, 0.0000, 0.0000, 0.0000, 0.0000, 0.0000, 0.0000, 0.0000,
  ]

### strategic/forcing_bonus
  Total points: 100
  Min: 0.0000, Max: 0.0000, Mean: 0.0000
  Data: [
    0.0000, 0.0000, 0.0000, 0.0000, 0.0000, 0.0000, 0.0000, 0.0000, 0.0000, 0.0000,
    0.0000, 0.0000, 0.0000, 0.0000, 0.0000, 0.0000, 0.0000, 0.0000, 0.0000, 0.0000,
    0.0000, 0.0000, 0.0000, 0.0000, 0.0000, 0.0000, 0.0000, 0.0000, 0.0000, 0.0000,
    0.0000, 0.0000, 0.0000, 0.0000, 0.0000, 0.0000, 0.0000, 0.0000, 0.0000, 0.0000,
    0.0000, 0.0000, 0.0000, 0.0000, 0.0000, 0.0000, 0.0000, 0.0000, 0.0000, 0.0000,
    0.0000, 0.0000, 0.0000, 0.0000, 0.0000, 0.0000, 0.0000, 0.0000, 0.0000, 0.0000,
    0.0000, 0.0000, 0.0000, 0.0000, 0.0000, 0.0000, 0.0000, 0.0000, 0.0000, 0.0000,
    0.0000, 0.0000, 0.0000, 0.0000, 0.0000, 0.0000, 0.0000, 0.0000, 0.0000, 0.0000,
    0.0000, 0.0000, 0.0000, 0.0000, 0.0000, 0.0000, 0.0000, 0.0000, 0.0000, 0.0000,
    0.0000, 0.0000, 0.0000, 0.0000, 0.0000, 0.0000, 0.0000, 0.0000, 0.0000, 0.0000,
  ]

### strategic/opponent_avg_movement
  Total points: 100
  Min: 0.0000, Max: 0.0000, Mean: 0.0000
  Data: [
    0.0000, 0.0000, 0.0000, 0.0000, 0.0000, 0.0000, 0.0000, 0.0000, 0.0000, 0.0000,
    0.0000, 0.0000, 0.0000, 0.0000, 0.0000, 0.0000, 0.0000, 0.0000, 0.0000, 0.0000,
    0.0000, 0.0000, 0.0000, 0.0000, 0.0000, 0.0000, 0.0000, 0.0000, 0.0000, 0.0000,
    0.0000, 0.0000, 0.0000, 0.0000, 0.0000, 0.0000, 0.0000, 0.0000, 0.0000, 0.0000,
    0.0000, 0.0000, 0.0000, 0.0000, 0.0000, 0.0000, 0.0000, 0.0000, 0.0000, 0.0000,
    0.0000, 0.0000, 0.0000, 0.0000, 0.0000, 0.0000, 0.0000, 0.0000, 0.0000, 0.0000,
    0.0000, 0.0000, 0.0000, 0.0000, 0.0000, 0.0000, 0.0000, 0.0000, 0.0000, 0.0000,
    0.0000, 0.0000, 0.0000, 0.0000, 0.0000, 0.0000, 0.0000, 0.0000, 0.0000, 0.0000,
    0.0000, 0.0000, 0.0000, 0.0000, 0.0000, 0.0000, 0.0000, 0.0000, 0.0000, 0.0000,
    0.0000, 0.0000, 0.0000, 0.0000, 0.0000, 0.0000, 0.0000, 0.0000, 0.0000, 0.0000,
  ]

### strategic/opponent_total_movement
  Total points: 100
  Min: 0.0000, Max: 0.0000, Mean: 0.0000
  Data: [
    0.0000, 0.0000, 0.0000, 0.0000, 0.0000, 0.0000, 0.0000, 0.0000, 0.0000, 0.0000,
    0.0000, 0.0000, 0.0000, 0.0000, 0.0000, 0.0000, 0.0000, 0.0000, 0.0000, 0.0000,
    0.0000, 0.0000, 0.0000, 0.0000, 0.0000, 0.0000, 0.0000, 0.0000, 0.0000, 0.0000,
    0.0000, 0.0000, 0.0000, 0.0000, 0.0000, 0.0000, 0.0000, 0.0000, 0.0000, 0.0000,
    0.0000, 0.0000, 0.0000, 0.0000, 0.0000, 0.0000, 0.0000, 0.0000, 0.0000, 0.0000,
    0.0000, 0.0000, 0.0000, 0.0000, 0.0000, 0.0000, 0.0000, 0.0000, 0.0000, 0.0000,
    0.0000, 0.0000, 0.0000, 0.0000, 0.0000, 0.0000, 0.0000, 0.0000, 0.0000, 0.0000,
    0.0000, 0.0000, 0.0000, 0.0000, 0.0000, 0.0000, 0.0000, 0.0000, 0.0000, 0.0000,
    0.0000, 0.0000, 0.0000, 0.0000, 0.0000, 0.0000, 0.0000, 0.0000, 0.0000, 0.0000,
    0.0000, 0.0000, 0.0000, 0.0000, 0.0000, 0.0000, 0.0000, 0.0000, 0.0000, 0.0000,
  ]

### strategic/shot_quality_ratio
  Total points: 100
  Min: 0.0000, Max: 0.0000, Mean: 0.0000
  Data: [
    0.0000, 0.0000, 0.0000, 0.0000, 0.0000, 0.0000, 0.0000, 0.0000, 0.0000, 0.0000,
    0.0000, 0.0000, 0.0000, 0.0000, 0.0000, 0.0000, 0.0000, 0.0000, 0.0000, 0.0000,
    0.0000, 0.0000, 0.0000, 0.0000, 0.0000, 0.0000, 0.0000, 0.0000, 0.0000, 0.0000,
    0.0000, 0.0000, 0.0000, 0.0000, 0.0000, 0.0000, 0.0000, 0.0000, 0.0000, 0.0000,
    0.0000, 0.0000, 0.0000, 0.0000, 0.0000, 0.0000, 0.0000, 0.0000, 0.0000, 0.0000,
    0.0000, 0.0000, 0.0000, 0.0000, 0.0000, 0.0000, 0.0000, 0.0000, 0.0000, 0.0000,
    0.0000, 0.0000, 0.0000, 0.0000, 0.0000, 0.0000, 0.0000, 0.0000, 0.0000, 0.0000,
    0.0000, 0.0000, 0.0000, 0.0000, 0.0000, 0.0000, 0.0000, 0.0000, 0.0000, 0.0000,
    0.0000, 0.0000, 0.0000, 0.0000, 0.0000, 0.0000, 0.0000, 0.0000, 0.0000, 0.0000,
    0.0000, 0.0000, 0.0000, 0.0000, 0.0000, 0.0000, 0.0000, 0.0000, 0.0000, 0.0000,
  ]

### strategic/shots_blocked
  Total points: 100
  Min: 0.0000, Max: 0.0000, Mean: 0.0000
  Data: [
    0.0000, 0.0000, 0.0000, 0.0000, 0.0000, 0.0000, 0.0000, 0.0000, 0.0000, 0.0000,
    0.0000, 0.0000, 0.0000, 0.0000, 0.0000, 0.0000, 0.0000, 0.0000, 0.0000, 0.0000,
    0.0000, 0.0000, 0.0000, 0.0000, 0.0000, 0.0000, 0.0000, 0.0000, 0.0000, 0.0000,
    0.0000, 0.0000, 0.0000, 0.0000, 0.0000, 0.0000, 0.0000, 0.0000, 0.0000, 0.0000,
    0.0000, 0.0000, 0.0000, 0.0000, 0.0000, 0.0000, 0.0000, 0.0000, 0.0000, 0.0000,
    0.0000, 0.0000, 0.0000, 0.0000, 0.0000, 0.0000, 0.0000, 0.0000, 0.0000, 0.0000,
    0.0000, 0.0000, 0.0000, 0.0000, 0.0000, 0.0000, 0.0000, 0.0000, 0.0000, 0.0000,
    0.0000, 0.0000, 0.0000, 0.0000, 0.0000, 0.0000, 0.0000, 0.0000, 0.0000, 0.0000,
    0.0000, 0.0000, 0.0000, 0.0000, 0.0000, 0.0000, 0.0000, 0.0000, 0.0000, 0.0000,
    0.0000, 0.0000, 0.0000, 0.0000, 0.0000, 0.0000, 0.0000, 0.0000, 0.0000, 0.0000,
  ]

### strategic/shots_clear
  Total points: 100
  Min: 0.0000, Max: 0.0000, Mean: 0.0000
  Data: [
    0.0000, 0.0000, 0.0000, 0.0000, 0.0000, 0.0000, 0.0000, 0.0000, 0.0000, 0.0000,
    0.0000, 0.0000, 0.0000, 0.0000, 0.0000, 0.0000, 0.0000, 0.0000, 0.0000, 0.0000,
    0.0000, 0.0000, 0.0000, 0.0000, 0.0000, 0.0000, 0.0000, 0.0000, 0.0000, 0.0000,
    0.0000, 0.0000, 0.0000, 0.0000, 0.0000, 0.0000, 0.0000, 0.0000, 0.0000, 0.0000,
    0.0000, 0.0000, 0.0000, 0.0000, 0.0000, 0.0000, 0.0000, 0.0000, 0.0000, 0.0000,
    0.0000, 0.0000, 0.0000, 0.0000, 0.0000, 0.0000, 0.0000, 0.0000, 0.0000, 0.0000,
    0.0000, 0.0000, 0.0000, 0.0000, 0.0000, 0.0000, 0.0000, 0.0000, 0.0000, 0.0000,
    0.0000, 0.0000, 0.0000, 0.0000, 0.0000, 0.0000, 0.0000, 0.0000, 0.0000, 0.0000,
    0.0000, 0.0000, 0.0000, 0.0000, 0.0000, 0.0000, 0.0000, 0.0000, 0.0000, 0.0000,
    0.0000, 0.0000, 0.0000, 0.0000, 0.0000, 0.0000, 0.0000, 0.0000, 0.0000, 0.0000,
  ]

### training/avg_episode_length
  Total points: 100
  Min: 59.4000, Max: 202.4000, Mean: 142.5510
  Data: [
    129.4000, 173.6000, 202.4000, 151.9000, 172.3000, 143.9000, 169.4000, 162.9000, 189.6000, 188.8000,
    150.2000, 164.8000, 158.1000, 185.4000, 189.2000, 128.3000, 133.6000, 166.4000, 190.1000, 158.2000,
    173.9000, 188.2000, 139.0000, 158.9000, 159.8000, 137.9000, 195.7000, 169.9000, 158.1000, 165.1000,
    153.3000, 171.3000, 172.1000, 145.6000, 188.3000, 142.7000, 168.7000, 150.2000, 174.7000, 169.1000,
    128.5000, 174.5000, 140.2000, 139.7000, 114.1000, 122.8000, 80.0000, 120.4000, 171.4000, 87.5000,
    112.2000, 139.4000, 152.8000, 92.2000, 100.9000, 152.9000, 117.6000, 162.2000, 131.0000, 139.1000,
    120.6000, 108.0000, 85.7000, 143.0000, 171.6000, 181.0000, 106.8000, 88.0000, 147.4000, 122.8000,
    122.3000, 123.4000, 131.2000, 85.6000, 119.6000, 150.8000, 59.4000, 152.8000, 133.6000, 150.6000,
    118.1000, 90.3000, 143.5000, 125.6000, 113.7000, 72.8000, 141.9000, 106.0000, 144.4000, 136.0000,
    112.2000, 118.2000, 127.6000, 81.3000, 137.6000, 181.7000, 142.3000, 161.7000, 163.4000, 162.2000,
  ]

### training/calls_per_episode
  Total points: 100
  Min: 0.0000, Max: 0.0000, Mean: 0.0000
  Data: [
    0.0000, 0.0000, 0.0000, 0.0000, 0.0000, 0.0000, 0.0000, 0.0000, 0.0000, 0.0000,
    0.0000, 0.0000, 0.0000, 0.0000, 0.0000, 0.0000, 0.0000, 0.0000, 0.0000, 0.0000,
    0.0000, 0.0000, 0.0000, 0.0000, 0.0000, 0.0000, 0.0000, 0.0000, 0.0000, 0.0000,
    0.0000, 0.0000, 0.0000, 0.0000, 0.0000, 0.0000, 0.0000, 0.0000, 0.0000, 0.0000,
    0.0000, 0.0000, 0.0000, 0.0000, 0.0000, 0.0000, 0.0000, 0.0000, 0.0000, 0.0000,
    0.0000, 0.0000, 0.0000, 0.0000, 0.0000, 0.0000, 0.0000, 0.0000, 0.0000, 0.0000,
    0.0000, 0.0000, 0.0000, 0.0000, 0.0000, 0.0000, 0.0000, 0.0000, 0.0000, 0.0000,
    0.0000, 0.0000, 0.0000, 0.0000, 0.0000, 0.0000, 0.0000, 0.0000, 0.0000, 0.0000,
    0.0000, 0.0000, 0.0000, 0.0000, 0.0000, 0.0000, 0.0000, 0.0000, 0.0000, 0.0000,
    0.0000, 0.0000, 0.0000, 0.0000, 0.0000, 0.0000, 0.0000, 0.0000, 0.0000, 0.0000,
  ]

### training/episode
  Total points: 100
  Min: 25.0000, Max: 4350.0000, Mean: 2186.0000
  Data: [
    25.0000, 50.0000, 75.0000, 100.0000, 125.0000, 150.0000, 175.0000, 200.0000, 225.0000, 250.0000,
    275.0000, 300.0000, 325.0000, 350.0000, 375.0000, 400.0000, 425.0000, 450.0000, 475.0000, 500.0000,
    525.0000, 550.0000, 575.0000, 600.0000, 625.0000, 650.0000, 675.0000, 700.0000, 725.0000, 750.0000,
    775.0000, 800.0000, 825.0000, 850.0000, 875.0000, 900.0000, 925.0000, 950.0000, 975.0000, 1000.0000,
    1025.0000, 1050.0000, 1075.0000, 1100.0000, 1250.0000, 1425.0000, 1600.0000, 1750.0000, 1925.0000, 2100.0000,
    2250.0000, 2425.0000, 2600.0000, 2750.0000, 2925.0000, 3100.0000, 3275.0000, 3300.0000, 3325.0000, 3350.0000,
    3375.0000, 3400.0000, 3425.0000, 3450.0000, 3475.0000, 3500.0000, 3525.0000, 3550.0000, 3575.0000, 3600.0000,
    3625.0000, 3650.0000, 3675.0000, 3700.0000, 3725.0000, 3750.0000, 3775.0000, 3800.0000, 3825.0000, 3850.0000,
    3875.0000, 3900.0000, 3925.0000, 3950.0000, 3975.0000, 4000.0000, 4025.0000, 4050.0000, 4075.0000, 4100.0000,
    4125.0000, 4150.0000, 4175.0000, 4200.0000, 4225.0000, 4250.0000, 4275.0000, 4300.0000, 4325.0000, 4350.0000,
  ]

### training/eps_per_sec
  Total points: 100
  Min: 0.2407, Max: 6.3210, Mean: 2.4773
  Data: [
    3.9165, 5.0759, 4.9851, 5.8329, 4.7025, 6.1914, 4.7973, 6.0124, 4.7107, 4.8818,
    0.3100, 5.4053, 5.0240, 5.0346, 4.9211, 6.3210, 5.8234, 5.2089, 5.1446, 4.8707,
    0.3131, 5.1043, 5.7246, 4.8878, 5.0069, 5.6978, 4.7108, 4.8757, 5.1430, 5.7265,
    0.3203, 4.8972, 5.0403, 5.2125, 5.2457, 5.8799, 4.8172, 5.3753, 4.5410, 2.1256,
    0.2407, 0.8563, 0.9557, 0.9889, 1.0048, 0.9770, 1.1596, 0.9972, 1.0252, 1.4188,
    1.1276, 1.1554, 0.9628, 1.3925, 1.3610, 0.8514, 0.2653, 0.9487, 1.0194, 0.9244,
    1.0351, 1.1036, 1.3632, 0.9162, 0.9240, 0.9099, 0.3265, 1.3052, 0.8351, 1.1900,
    0.9709, 0.9512, 1.0243, 1.2222, 1.3581, 0.8726, 0.3556, 0.8109, 0.8898, 0.9647,
    1.0491, 1.1302, 1.0726, 1.0393, 0.9556, 1.0290, 0.2660, 1.0259, 1.1550, 0.9743,
    1.0590, 1.1848, 0.9744, 1.0740, 0.9578, 0.9086, 0.2753, 0.9737, 0.9221, 0.9290,
  ]

### training/epsilon
  Total points: 100
  Min: 0.1135, Max: 0.9876, Mean: 0.4446
  Data: [
    0.9876, 0.9753, 0.9632, 0.9512, 0.9394, 0.9277, 0.9162, 0.9048, 0.8936, 0.8825,
    0.8715, 0.8607, 0.8500, 0.8394, 0.8290, 0.8187, 0.8085, 0.7985, 0.7886, 0.7788,
    0.7691, 0.7595, 0.7501, 0.7408, 0.7316, 0.7225, 0.7135, 0.7046, 0.6959, 0.6872,
    0.6787, 0.6703, 0.6619, 0.6537, 0.6456, 0.6376, 0.6296, 0.6218, 0.6141, 0.6065,
    0.5989, 0.5915, 0.5841, 0.5769, 0.5352, 0.4903, 0.4492, 0.4168, 0.3818, 0.3498,
    0.3246, 0.2974, 0.2724, 0.2528, 0.2316, 0.2122, 0.1944, 0.1920, 0.1896, 0.1872,
    0.1849, 0.1826, 0.1803, 0.1781, 0.1759, 0.1737, 0.1715, 0.1694, 0.1673, 0.1652,
    0.1632, 0.1611, 0.1591, 0.1572, 0.1552, 0.1533, 0.1514, 0.1495, 0.1476, 0.1458,
    0.1440, 0.1422, 0.1404, 0.1387, 0.1370, 0.1353, 0.1336, 0.1319, 0.1303, 0.1287,
    0.1271, 0.1255, 0.1239, 0.1224, 0.1209, 0.1194, 0.1179, 0.1164, 0.1150, 0.1135,
  ]

### training/pbrs_enabled
  Total points: 100
  Min: 1.0000, Max: 1.0000, Mean: 1.0000
  Data: [
    1.0000, 1.0000, 1.0000, 1.0000, 1.0000, 1.0000, 1.0000, 1.0000, 1.0000, 1.0000,
    1.0000, 1.0000, 1.0000, 1.0000, 1.0000, 1.0000, 1.0000, 1.0000, 1.0000, 1.0000,
    1.0000, 1.0000, 1.0000, 1.0000, 1.0000, 1.0000, 1.0000, 1.0000, 1.0000, 1.0000,
    1.0000, 1.0000, 1.0000, 1.0000, 1.0000, 1.0000, 1.0000, 1.0000, 1.0000, 1.0000,
    1.0000, 1.0000, 1.0000, 1.0000, 1.0000, 1.0000, 1.0000, 1.0000, 1.0000, 1.0000,
    1.0000, 1.0000, 1.0000, 1.0000, 1.0000, 1.0000, 1.0000, 1.0000, 1.0000, 1.0000,
    1.0000, 1.0000, 1.0000, 1.0000, 1.0000, 1.0000, 1.0000, 1.0000, 1.0000, 1.0000,
    1.0000, 1.0000, 1.0000, 1.0000, 1.0000, 1.0000, 1.0000, 1.0000, 1.0000, 1.0000,
    1.0000, 1.0000, 1.0000, 1.0000, 1.0000, 1.0000, 1.0000, 1.0000, 1.0000, 1.0000,
    1.0000, 1.0000, 1.0000, 1.0000, 1.0000, 1.0000, 1.0000, 1.0000, 1.0000, 1.0000,
  ]

### training/tie_penalty
  Total points: 100
  Min: -3.0000, Max: 0.0000, Mean: -1.0200
  Data: [
    0.0000, -3.0000, -3.0000, 0.0000, -3.0000, 0.0000, -3.0000, 0.0000, -3.0000, 0.0000,
    -3.0000, 0.0000, -3.0000, 0.0000, -3.0000, 0.0000, 0.0000, 0.0000, -3.0000, 0.0000,
    -3.0000, -3.0000, -3.0000, 0.0000, -3.0000, 0.0000, -3.0000, 0.0000, -3.0000, 0.0000,
    0.0000, 0.0000, -3.0000, 0.0000, -3.0000, 0.0000, -3.0000, 0.0000, -3.0000, 0.0000,
    -3.0000, -3.0000, -3.0000, 0.0000, 0.0000, -3.0000, 0.0000, 0.0000, 0.0000, 0.0000,
    0.0000, 0.0000, 0.0000, 0.0000, 0.0000, -3.0000, -3.0000, 0.0000, -3.0000, 0.0000,
    -3.0000, 0.0000, 0.0000, -3.0000, 0.0000, -3.0000, 0.0000, 0.0000, -3.0000, 0.0000,
    0.0000, 0.0000, 0.0000, 0.0000, 0.0000, -3.0000, 0.0000, 0.0000, -3.0000, 0.0000,
    0.0000, 0.0000, 0.0000, 0.0000, 0.0000, 0.0000, 0.0000, 0.0000, 0.0000, 0.0000,
    0.0000, 0.0000, -3.0000, 0.0000, 0.0000, -3.0000, 0.0000, 0.0000, 0.0000, 0.0000,
  ]

### values/Q_avg
  Total points: 43
  Min: -1.6714, Max: 4.9639, Mean: 0.9196
  Data: [
    4.9583, 4.9475, 4.9448, 4.9506, 4.9639, 4.9456, 4.9515, 4.9464, 4.9591, 4.6488,
    3.5530, 2.8145, 2.0920, 1.7878, 1.4506, 0.9866, 0.8052, 0.0990, -0.0887, 0.0103,
    -0.3305, -0.7285, -0.4052, -0.6387, -0.5386, -0.9898, -1.2141, -1.3574, -0.9591, -1.6714,
    -1.3830, -1.2421, -1.2420, -1.0943, -1.0538, -0.9345, -0.9566, -0.8856, -0.9157, -0.8948,
    -1.1235, -1.5002, -1.1256,
  ]

### values/Q_max
  Total points: 43
  Min: 3.0354, Max: 11.7051, Mean: 7.3000
  Data: [
    5.1980, 5.1453, 5.1520, 5.1827, 5.1384, 5.1308, 5.1716, 5.1833, 5.1664, 5.0392,
    5.3931, 6.9471, 5.4128, 5.6348, 9.4245, 7.0576, 8.3459, 6.2536, 9.8516, 11.7051,
    11.3583, 9.8859, 11.3154, 7.5109, 9.2322, 3.0354, 5.2810, 5.1044, 9.3681, 5.6079,
    4.8622, 8.6724, 9.7108, 8.4587, 7.7933, 9.6408, 8.0111, 10.1934, 10.3678, 9.2064,
    8.7217, 8.9710, 4.0570,
  ]

### values/Q_min
  Total points: 43
  Min: -9.3508, Max: 4.7886, Mean: -2.9966
  Data: [
    4.7886, 4.7462, 4.6855, 4.7622, 4.7125, 4.7439, 4.6695, 4.6689, 4.6785, 4.4026,
    2.6297, 1.4946, 1.0113, -0.3438, -0.3035, -1.1068, -2.7661, -4.1575, -7.6503, -8.2595,
    -8.9799, -8.1462, -8.1138, -4.9123, -6.0130, -6.9761, -7.2243, -7.4432, -6.9520, -5.8678,
    -6.3124, -7.2377, -7.0201, -7.4548, -5.4281, -5.2373, -4.8670, -6.4764, -5.1503, -5.6017,
    -9.3508, -8.3126, -7.1841,
  ]

### values/Q_std
  Total points: 43
  Min: 0.0801, Max: 3.3381, Mean: 1.7177
  Data: [
    0.0801, 0.0880, 0.1056, 0.0942, 0.0856, 0.0861, 0.0959, 0.0934, 0.1055, 0.1492,
    0.4910, 0.9449, 1.0071, 1.2876, 1.7169, 1.6024, 2.0759, 1.9323, 3.0168, 3.3381,
    2.7412, 3.0273, 2.5977, 2.1870, 2.2594, 1.8118, 1.8774, 1.8406, 2.5819, 1.8809,
    1.6691, 2.4491, 2.7588, 2.6042, 2.3179, 2.6760, 2.3199, 2.8306, 2.7216, 2.6620,
    2.5957, 2.8359, 2.2200,
  ]
