================================================================================
W&B RUN DATA: DreamerV3-mixed-selfplay-seed42_weak_seed42_20260124_144054
================================================================================

## RUN METADATA
Run ID: 3pdl09qd
Created: 2026-01-24T13:40:56Z
State: running
Duration: 10722.836255242 seconds

## CONFIGURATION
  [Environment]
    opponent: weak
  [Training]
    batch_size: 32
    batch_length: 32
    imagination_horizon: 15
    discount: 0.997
  [Entropy]
    entropy_scale: 0.0003
  [Self-Play]
    self_play_start: 3000
    self_play_pool_size: 15
    self_play_save_interval: 300
    self_play_weak_ratio: 0.3
    use_pfsp: True
    pfsp_mode: variance
  [Architecture]
    recurrent_size: 256
    latent_length: 16
    latent_classes: 16
  [Meta]
    seed: 42
    algorithm: DreamerV3

## FINAL SUMMARY
  runtime: 2.98 hours (10723 seconds)

## NOTE: Data reduced (fraction=0.3, max_points=200)

## METRICS DATA

### STATS
#### buffer_size
  Points: 24
  Min: 37019.0000, Max: 145143.0000, Mean: 92002.7917
  Data: [
    37019.0000, 41815.0000, 46083.0000, 51860.0000, 56435.0000, 61964.0000, 65760.0000, 71271.0000, 74960.0000, 78744.0000,
    85470.0000, 89673.0000, 95715.0000, 100044.0000, 106122.0000, 109594.0000, 113536.0000, 118752.0000, 122667.0000, 128108.0000,
    131431.0000, 135904.0000, 139997.0000, 145143.0000,
  ]

#### draws
  Points: 24
  Min: 1.0000, Max: 243.0000, Mean: 132.9583
  Data: [
    1.0000, 15.0000, 27.0000, 43.0000, 57.0000, 68.0000, 76.0000, 88.0000, 96.0000, 105.0000,
    121.0000, 129.0000, 146.0000, 155.0000, 170.0000, 178.0000, 188.0000, 193.0000, 200.0000, 212.0000,
    220.0000, 227.0000, 233.0000, 243.0000,
  ]

#### env_steps
  Points: 24
  Min: 251.0000, Max: 108375.0000, Mean: 55234.7917
  Data: [
    251.0000, 5047.0000, 9315.0000, 15092.0000, 19667.0000, 25196.0000, 28992.0000, 34503.0000, 38192.0000, 41976.0000,
    48702.0000, 52905.0000, 58947.0000, 63276.0000, 69354.0000, 72826.0000, 76768.0000, 81984.0000, 85899.0000, 91340.0000,
    94663.0000, 99136.0000, 103229.0000, 108375.0000,
  ]

#### episodes
  Points: 24
  Min: 201.0000, Max: 991.0000, Mean: 591.4167
  Data: [
    201.0000, 231.0000, 261.0000, 301.0000, 331.0000, 371.0000, 401.0000, 441.0000, 471.0000, 501.0000,
    541.0000, 571.0000, 611.0000, 641.0000, 681.0000, 711.0000, 741.0000, 781.0000, 811.0000, 851.0000,
    881.0000, 921.0000, 951.0000, 991.0000,
  ]

#### gradient_steps
  Points: 24
  Min: 32.0000, Max: 25312.0000, Mean: 12525.3333
  Data: [
    32.0000, 992.0000, 1952.0000, 3232.0000, 4192.0000, 5472.0000, 6432.0000, 7712.0000, 8672.0000, 9632.0000,
    10912.0000, 11872.0000, 13152.0000, 14112.0000, 15392.0000, 16352.0000, 17312.0000, 18592.0000, 19552.0000, 20832.0000,
    21792.0000, 23072.0000, 24032.0000, 25312.0000,
  ]

#### losses
  Points: 24
  Min: 0.0000, Max: 392.0000, Mean: 194.8750
  Data: [
    0.0000, 16.0000, 32.0000, 52.0000, 61.0000, 82.0000, 99.0000, 120.0000, 137.0000, 152.0000,
    172.0000, 188.0000, 204.0000, 219.0000, 240.0000, 255.0000, 266.0000, 291.0000, 306.0000, 327.0000,
    338.0000, 355.0000, 373.0000, 392.0000,
  ]

#### mean_reward
  Points: 24
  Min: -22.4790, Max: -4.8688, Mean: -10.6131
  Data: [
    -9.5801, -22.4790, -20.6045, -18.4118, -14.1773, -11.5823, -10.4464, -10.4481, -10.1932, -9.8475,
    -11.5331, -11.8080, -12.1376, -10.0899, -10.1053, -9.8923, -8.3818, -6.9632, -6.3808, -7.7251,
    -6.5048, -5.3559, -4.8688, -5.1985,
  ]

#### opponent_selfplay_count
  Points: 24
  Min: 0.0000, Max: 0.0000, Mean: 0.0000
  Data: [
    0.0000, 0.0000, 0.0000, 0.0000, 0.0000, 0.0000, 0.0000, 0.0000, 0.0000, 0.0000,
    0.0000, 0.0000, 0.0000, 0.0000, 0.0000, 0.0000, 0.0000, 0.0000, 0.0000, 0.0000,
    0.0000, 0.0000, 0.0000, 0.0000,
  ]

#### opponent_strong_count
  Points: 24
  Min: 1.0000, Max: 378.0000, Mean: 189.0417
  Data: [
    1.0000, 17.0000, 29.0000, 51.0000, 68.0000, 87.0000, 101.0000, 117.0000, 128.0000, 147.0000,
    168.0000, 177.0000, 199.0000, 213.0000, 228.0000, 246.0000, 263.0000, 280.0000, 295.0000, 314.0000,
    326.0000, 344.0000, 360.0000, 378.0000,
  ]

#### opponent_weak_count
  Points: 24
  Min: 0.0000, Max: 413.0000, Mean: 202.3750
  Data: [
    0.0000, 14.0000, 32.0000, 50.0000, 63.0000, 84.0000, 100.0000, 124.0000, 143.0000, 154.0000,
    173.0000, 194.0000, 212.0000, 228.0000, 253.0000, 265.0000, 278.0000, 301.0000, 316.0000, 337.0000,
    355.0000, 377.0000, 391.0000, 413.0000,
  ]

#### win_rate
  Points: 24
  Min: 0.0000, Max: 0.3300, Mean: 0.1793
  Data: [
    0.0000, 0.0000, 0.0328, 0.0600, 0.1300, 0.1800, 0.2000, 0.1900, 0.1700, 0.1800,
    0.1500, 0.1600, 0.1500, 0.1900, 0.1600, 0.1700, 0.2000, 0.2600, 0.2700, 0.2300,
    0.2600, 0.3200, 0.3300, 0.3100,
  ]

#### wins
  Points: 24
  Min: 0.0000, Max: 156.0000, Mean: 63.5833
  Data: [
    0.0000, 0.0000, 2.0000, 6.0000, 13.0000, 21.0000, 26.0000, 33.0000, 38.0000, 44.0000,
    48.0000, 54.0000, 61.0000, 67.0000, 71.0000, 78.0000, 87.0000, 97.0000, 105.0000, 112.0000,
    123.0000, 139.0000, 145.0000, 156.0000,
  ]


### EPISODE
#### draw_rate_100
  Points: 24
  Min: 0.0000, Max: 0.0000, Mean: 0.0000
  Data: [
    0.0000, 0.0000, 0.0000, 0.0000, 0.0000, 0.0000, 0.0000, 0.0000, 0.0000, 0.0000,
    0.0000, 0.0000, 0.0000, 0.0000, 0.0000, 0.0000, 0.0000, 0.0000, 0.0000, 0.0000,
    0.0000, 0.0000, 0.0000, 0.0000,
  ]

#### length_max
  Points: 24
  Min: 251.0000, Max: 251.0000, Mean: 251.0000
  Data: [
    251.0000, 251.0000, 251.0000, 251.0000, 251.0000, 251.0000, 251.0000, 251.0000, 251.0000, 251.0000,
    251.0000, 251.0000, 251.0000, 251.0000, 251.0000, 251.0000, 251.0000, 251.0000, 251.0000, 251.0000,
    251.0000, 251.0000, 251.0000, 251.0000,
  ]

#### length_mean
  Points: 24
  Min: 118.8900, Max: 251.0000, Mean: 142.7967
  Data: [
    251.0000, 162.8065, 152.7049, 148.4100, 146.2000, 143.1500, 139.0000, 127.6100, 129.9600, 129.8400,
    141.9900, 147.1300, 158.4300, 145.7400, 149.1300, 138.7900, 134.9200, 126.3000, 130.7300, 131.0700,
    126.7900, 120.5300, 118.8900, 126.0000,
  ]

#### length_min
  Points: 24
  Min: 17.0000, Max: 251.0000, Mean: 32.7500
  Data: [
    251.0000, 31.0000, 26.0000, 26.0000, 26.0000, 28.0000, 24.0000, 24.0000, 24.0000, 17.0000,
    17.0000, 17.0000, 26.0000, 26.0000, 26.0000, 28.0000, 25.0000, 22.0000, 22.0000, 22.0000,
    19.0000, 19.0000, 19.0000, 21.0000,
  ]

#### length_std
  Points: 24
  Min: 0.0000, Max: 95.4578, Mean: 86.8195
  Data: [
    0.0000, 93.5964, 93.9259, 93.5481, 95.4578, 94.3232, 92.9430, 86.5288, 88.2689, 88.9909,
    92.2486, 89.7751, 90.9483, 89.1781, 91.1829, 90.1988, 92.1086, 86.5798, 85.6504, 89.1527,
    93.3183, 92.5207, 88.2815, 84.9404,
  ]

#### reward_mean
  Points: 24
  Min: -22.4790, Max: -4.8688, Mean: -10.6131
  Data: [
    -9.5801, -22.4790, -20.6045, -18.4118, -14.1773, -11.5823, -10.4464, -10.4481, -10.1932, -9.8475,
    -11.5331, -11.8080, -12.1376, -10.0899, -10.1053, -9.8923, -8.3818, -6.9632, -6.3808, -7.7251,
    -6.5048, -5.3559, -4.8688, -5.1985,
  ]

#### reward_std
  Points: 24
  Min: 0.0000, Max: 14.1650, Mean: 10.4928
  Data: [
    0.0000, 14.0935, 14.1650, 13.4271, 12.7840, 11.9774, 11.8651, 11.7219, 10.4286, 9.8663,
    9.5951, 10.4407, 10.9116, 10.7315, 9.6116, 9.8846, 10.0042, 10.1638, 9.7579, 9.9685,
    10.1681, 10.4863, 9.9968, 9.7782,
  ]

#### win_rate_100
  Points: 24
  Min: 0.0000, Max: 0.3300, Mean: 0.1793
  Data: [
    0.0000, 0.0000, 0.0328, 0.0600, 0.1300, 0.1800, 0.2000, 0.1900, 0.1700, 0.1800,
    0.1500, 0.1600, 0.1500, 0.1900, 0.1600, 0.1700, 0.2000, 0.2600, 0.2700, 0.2300,
    0.2600, 0.3200, 0.3300, 0.3100,
  ]


### TIME
#### elapsed_hours
  Points: 24
  Min: 0.0035, Max: 2.9106, Mean: 1.4371
  Data: [
    0.0035, 0.1120, 0.2211, 0.3737, 0.4801, 0.6198, 0.7387, 0.8800, 0.9885, 1.1070,
    1.2452, 1.3539, 1.5062, 1.6111, 1.7677, 1.8735, 1.9841, 2.1366, 2.2482, 2.4005,
    2.5096, 2.6487, 2.7700, 2.9106,
  ]

#### episodes_per_hour
  Points: 24
  Min: 340.4853, Max: 57248.5789, Mean: 2909.1664
  Data: [
    57248.5789, 2063.3085, 1180.2356, 805.5028, 689.4450, 598.6207, 542.8361, 501.1329, 476.4642, 452.5769,
    434.4617, 421.7363, 405.6513, 397.8556, 385.2559, 379.5050, 373.4706, 365.5395, 360.7264, 354.5104,
    351.0466, 347.7224, 343.3250, 340.4853,
  ]

#### gradient_steps_per_second
  Points: 24
  Min: 2.4025, Max: 2.5317, Mean: 2.4304
  Data: [
    2.5317, 2.4613, 2.4519, 2.4025, 2.4254, 2.4526, 2.4186, 2.4343, 2.4368, 2.4170,
    2.4342, 2.4357, 2.4255, 2.4331, 2.4188, 2.4245, 2.4237, 2.4172, 2.4157, 2.4106,
    2.4120, 2.4197, 2.4100, 2.4157,
  ]

#### steps_per_second
  Points: 24
  Min: 10.3431, Max: 19.8582, Mean: 11.2660
  Data: [
    19.8582, 12.5223, 11.7006, 11.2188, 11.3791, 11.2929, 10.9018, 10.8910, 10.7320, 10.5330,
    10.8642, 10.8542, 10.8710, 10.9095, 10.8986, 10.7977, 10.7477, 10.6588, 10.6131, 10.5696,
    10.4777, 10.3969, 10.3520, 10.3431,
  ]


### EVAL
#### combined_win_rate
  Points: 9
  Min: 0.0500, Max: 0.2500, Mean: 0.1444
  Data: [
    0.0500, 0.2000, 0.1000, 0.2500, 0.0500, 0.1500, 0.1500, 0.2500, 0.1000,
  ]

#### gif_strong
  Points: 9
  Error: float() argument must be a string or a real number, not 'dict'

#### gif_weak
  Points: 9
  Error: float() argument must be a string or a real number, not 'dict'

#### strong_draws
  Points: 9
  Min: 1.0000, Max: 7.0000, Mean: 3.6667
  Data: [
    7.0000, 5.0000, 4.0000, 1.0000, 3.0000, 4.0000, 4.0000, 2.0000, 3.0000,
  ]

#### strong_losses
  Points: 9
  Min: 2.0000, Max: 7.0000, Mean: 4.6667
  Data: [
    2.0000, 2.0000, 6.0000, 5.0000, 6.0000, 4.0000, 4.0000, 7.0000, 6.0000,
  ]

#### strong_mean_reward
  Points: 9
  Min: -23.6929, Max: -6.1448, Mean: -11.3927
  Data: [
    -23.6929, -11.0478, -13.6394, -6.9321, -11.6485, -8.8271, -6.1448, -10.7504, -9.8511,
  ]

#### strong_win_rate
  Points: 9
  Min: 0.0000, Max: 0.4000, Mean: 0.1667
  Data: [
    0.1000, 0.3000, 0.0000, 0.4000, 0.1000, 0.2000, 0.2000, 0.1000, 0.1000,
  ]

#### strong_wins
  Points: 9
  Min: 0.0000, Max: 4.0000, Mean: 1.6667
  Data: [
    1.0000, 3.0000, 0.0000, 4.0000, 1.0000, 2.0000, 2.0000, 1.0000, 1.0000,
  ]

#### weak_draws
  Points: 9
  Min: 2.0000, Max: 5.0000, Mean: 3.4444
  Data: [
    3.0000, 4.0000, 3.0000, 2.0000, 5.0000, 5.0000, 3.0000, 2.0000, 4.0000,
  ]

#### weak_losses
  Points: 9
  Min: 4.0000, Max: 7.0000, Mean: 5.3333
  Data: [
    7.0000, 5.0000, 5.0000, 7.0000, 5.0000, 4.0000, 6.0000, 4.0000, 5.0000,
  ]

#### weak_mean_reward
  Points: 9
  Min: -22.4051, Max: -3.7735, Mean: -10.8912
  Data: [
    -22.4051, -11.8655, -10.1501, -9.9256, -13.4743, -10.1108, -8.1358, -3.7735, -8.1801,
  ]

#### weak_win_rate
  Points: 9
  Min: 0.0000, Max: 0.4000, Mean: 0.1222
  Data: [
    0.0000, 0.1000, 0.2000, 0.1000, 0.0000, 0.1000, 0.1000, 0.4000, 0.1000,
  ]

#### weak_wins
  Points: 9
  Min: 0.0000, Max: 4.0000, Mean: 1.2222
  Data: [
    0.0000, 1.0000, 2.0000, 1.0000, 0.0000, 1.0000, 1.0000, 4.0000, 1.0000,
  ]


### SELFPLAY
#### active
  Points: 24
  Min: 0.0000, Max: 0.0000, Mean: 0.0000
  Data: [
    0.0000, 0.0000, 0.0000, 0.0000, 0.0000, 0.0000, 0.0000, 0.0000, 0.0000, 0.0000,
    0.0000, 0.0000, 0.0000, 0.0000, 0.0000, 0.0000, 0.0000, 0.0000, 0.0000, 0.0000,
    0.0000, 0.0000, 0.0000, 0.0000,
  ]

#### episodes_since_activation
  Points: 24
  Min: 0.0000, Max: 0.0000, Mean: 0.0000
  Data: [
    0.0000, 0.0000, 0.0000, 0.0000, 0.0000, 0.0000, 0.0000, 0.0000, 0.0000, 0.0000,
    0.0000, 0.0000, 0.0000, 0.0000, 0.0000, 0.0000, 0.0000, 0.0000, 0.0000, 0.0000,
    0.0000, 0.0000, 0.0000, 0.0000,
  ]

#### pool_size
  Points: 24
  Min: 0.0000, Max: 0.0000, Mean: 0.0000
  Data: [
    0.0000, 0.0000, 0.0000, 0.0000, 0.0000, 0.0000, 0.0000, 0.0000, 0.0000, 0.0000,
    0.0000, 0.0000, 0.0000, 0.0000, 0.0000, 0.0000, 0.0000, 0.0000, 0.0000, 0.0000,
    0.0000, 0.0000, 0.0000, 0.0000,
  ]

#### weak_ratio_target
  Points: 24
  Min: 0.3000, Max: 0.3000, Mean: 0.3000
  Data: [
    0.3000, 0.3000, 0.3000, 0.3000, 0.3000, 0.3000, 0.3000, 0.3000, 0.3000, 0.3000,
    0.3000, 0.3000, 0.3000, 0.3000, 0.3000, 0.3000, 0.3000, 0.3000, 0.3000, 0.3000,
    0.3000, 0.3000, 0.3000, 0.3000,
  ]


### WORLD
#### continue_actual_mean
  Points: 24
  Min: 0.9879, Max: 0.9990, Mean: 0.9942
  Data: [
    0.9960, 0.9950, 0.9919, 0.9899, 0.9970, 0.9990, 0.9940, 0.9960, 0.9960, 0.9960,
    0.9940, 0.9980, 0.9929, 0.9950, 0.9879, 0.9929, 0.9950, 0.9940, 0.9940, 0.9909,
    0.9950, 0.9960, 0.9929, 0.9919,
  ]

#### continue_loss
  Points: 24
  Min: 0.0030, Max: 0.0459, Mean: 0.0150
  Data: [
    0.0331, 0.0207, 0.0449, 0.0459, 0.0149, 0.0031, 0.0143, 0.0215, 0.0123, 0.0091,
    0.0118, 0.0053, 0.0179, 0.0130, 0.0193, 0.0136, 0.0125, 0.0146, 0.0054, 0.0056,
    0.0048, 0.0030, 0.0102, 0.0041,
  ]

#### continue_pred_mean
  Points: 24
  Min: 0.9871, Max: 0.9988, Mean: 0.9947
  Data: [
    0.9977, 0.9956, 0.9962, 0.9952, 0.9973, 0.9975, 0.9953, 0.9988, 0.9964, 0.9961,
    0.9922, 0.9935, 0.9947, 0.9935, 0.9919, 0.9895, 0.9966, 0.9958, 0.9950, 0.9871,
    0.9961, 0.9940, 0.9944, 0.9935,
  ]

#### kl_loss
  Points: 24
  Min: 0.4977, Max: 3.2520, Mean: 2.7740
  Data: [
    0.4977, 3.0133, 3.2455, 3.2244, 2.9197, 2.8090, 2.7110, 3.0229, 2.6339, 2.5048,
    3.2520, 2.4379, 2.9770, 2.5102, 3.0479, 2.8948, 2.9824, 2.9301, 2.9467, 2.9055,
    3.0386, 2.4908, 2.7456, 2.8349,
  ]

#### latent_entropy
  Points: 24
  Min: 1.0241, Max: 2.6897, Mean: 1.1510
  Data: [
    2.6897, 1.0464, 1.0450, 1.0241, 1.0313, 1.0564, 1.0636, 1.0392, 1.0669, 1.0775,
    1.0511, 1.0841, 1.0655, 1.0953, 1.0823, 1.0970, 1.0955, 1.1177, 1.1252, 1.1059,
    1.1162, 1.1589, 1.1394, 1.1503,
  ]

#### loss
  Points: 24
  Min: 19.9088, Max: 30.2571, Mean: 21.0685
  Data: [
    30.2571, 22.2339, 22.0198, 21.3762, 20.8229, 20.5677, 20.5266, 20.6373, 20.2803, 20.0593,
    21.0145, 19.9088, 20.7873, 20.3756, 20.8475, 20.4267, 20.7251, 20.5064, 20.7649, 20.5107,
    20.5301, 19.9497, 20.1661, 20.3502,
  ]

#### prior_posterior_kl
  Points: 24
  Min: 0.0878, Max: 0.2455, Mean: 0.2177
  Data: [
    0.0878, 0.2323, 0.2455, 0.2441, 0.2269, 0.2196, 0.2135, 0.2315, 0.2078, 0.2016,
    0.2454, 0.1972, 0.2291, 0.2021, 0.2331, 0.2253, 0.2294, 0.2267, 0.2282, 0.2250,
    0.2326, 0.2021, 0.2160, 0.2210,
  ]

#### recon_error_max
  Points: 24
  Min: 0.5607, Max: 2.3703, Mean: 0.9124
  Data: [
    2.3703, 1.2655, 1.1168, 0.7795, 0.7067, 1.1863, 0.5607, 0.7656, 0.8026, 0.6363,
    1.0620, 0.8336, 1.0585, 0.7595, 0.6478, 1.1546, 0.6569, 0.9466, 0.9417, 0.6405,
    0.6493, 0.8431, 0.8824, 0.6307,
  ]

#### recon_error_mean
  Points: 24
  Min: 0.0395, Max: 0.9602, Mean: 0.0982
  Data: [
    0.9602, 0.1823, 0.1184, 0.0867, 0.0668, 0.0664, 0.0574, 0.0608, 0.0522, 0.0462,
    0.0657, 0.0395, 0.0499, 0.0429, 0.0499, 0.0528, 0.0463, 0.0486, 0.0448, 0.0456,
    0.0480, 0.0408, 0.0424, 0.0418,
  ]

#### recon_error_std
  Points: 24
  Min: 0.0585, Max: 0.4991, Mean: 0.0940
  Data: [
    0.4991, 0.1382, 0.1175, 0.0966, 0.0768, 0.0892, 0.0697, 0.0806, 0.0692, 0.0628,
    0.0891, 0.0585, 0.0673, 0.0670, 0.0625, 0.0810, 0.0639, 0.0808, 0.0644, 0.0602,
    0.0674, 0.0667, 0.0659, 0.0607,
  ]

#### recon_loss
  Points: 24
  Min: 16.8967, Max: 25.1823, Mean: 17.4245
  Data: [
    25.1823, 18.1812, 17.6064, 17.3208, 17.1421, 17.1388, 17.0577, 17.0878, 17.0107, 16.9571,
    17.1325, 16.8967, 16.9898, 16.9267, 16.9900, 17.0159, 16.9578, 16.9786, 16.9437, 16.9513,
    16.9728, 16.9077, 16.9221, 16.9171,
  ]

#### reward_actual_mean
  Points: 24
  Min: -0.0910, Max: -0.0514, Mean: -0.0727
  Data: [
    -0.0826, -0.0905, -0.0836, -0.0792, -0.0774, -0.0666, -0.0859, -0.0605, -0.0738, -0.0679,
    -0.0774, -0.0910, -0.0749, -0.0694, -0.0638, -0.0658, -0.0590, -0.0564, -0.0770, -0.0785,
    -0.0593, -0.0825, -0.0514, -0.0714,
  ]

#### reward_loss
  Points: 24
  Min: 0.3966, Max: 2.1747, Mean: 0.6359
  Data: [
    2.1747, 0.8315, 0.9177, 0.6145, 0.6447, 0.5376, 0.6147, 0.4271, 0.5411, 0.5006,
    0.4954, 0.4830, 0.6206, 0.7527, 0.6672, 0.4016, 0.6099, 0.4835, 0.7292, 0.5038,
    0.3969, 0.4704, 0.3966, 0.4463,
  ]

#### reward_pred_error_mean
  Points: 24
  Min: 0.0136, Max: 0.1549, Mean: 0.0318
  Data: [
    0.1549, 0.0557, 0.0489, 0.0425, 0.0176, 0.0234, 0.0268, 0.0182, 0.0167, 0.0157,
    0.0379, 0.0253, 0.0292, 0.0237, 0.0312, 0.0247, 0.0136, 0.0272, 0.0263, 0.0321,
    0.0183, 0.0138, 0.0163, 0.0242,
  ]

#### reward_pred_error_std
  Points: 24
  Min: 0.0308, Max: 0.1586, Mean: 0.1011
  Data: [
    0.1510, 0.1495, 0.1554, 0.1380, 0.0414, 0.0867, 0.1088, 0.0670, 0.0308, 0.0499,
    0.1586, 0.1212, 0.1177, 0.0917, 0.1196, 0.1505, 0.0464, 0.1279, 0.0997, 0.1447,
    0.0728, 0.0327, 0.0630, 0.1016,
  ]

#### reward_pred_mean
  Points: 24
  Min: -0.2063, Max: -0.0473, Mean: -0.0766
  Data: [
    -0.2063, -0.0933, -0.0819, -0.0946, -0.0724, -0.0693, -0.0760, -0.0612, -0.0733, -0.0624,
    -0.0727, -0.0989, -0.0892, -0.0805, -0.0563, -0.0549, -0.0550, -0.0473, -0.0684, -0.0657,
    -0.0653, -0.0834, -0.0504, -0.0610,
  ]


### BEHAVIOR
#### actor_loss
  Points: 24
  Min: -17.2536, Max: 0.0060, Mean: -0.7418
  Data: [
    -17.2536, -0.1187, -0.1504, -0.0369, -0.0168, -0.0187, -0.0256, -0.0388, -0.0217, -0.0008,
    -0.0212, 0.0015, -0.0104, -0.0121, -0.0110, -0.0116, -0.0143, -0.0057, 0.0060, -0.0034,
    -0.0297, -0.0051, 0.0003, -0.0043,
  ]

#### actor_mean_abs
  Points: 24
  Min: 0.1170, Max: 0.4359, Mean: 0.3149
  Data: [
    0.1170, 0.3513, 0.2537, 0.2722, 0.2449, 0.2418, 0.2651, 0.2939, 0.3451, 0.3934,
    0.3293, 0.4359, 0.3105, 0.3223, 0.3167, 0.3015, 0.3527, 0.3322, 0.3636, 0.3690,
    0.3154, 0.3180, 0.3627, 0.3491,
  ]

#### advantages_abs_mean
  Points: 24
  Min: 0.0576, Max: 6.4688, Mean: 0.3489
  Data: [
    6.4688, 0.0931, 0.1254, 0.0744, 0.0908, 0.0593, 0.0589, 0.0576, 0.0714, 0.0957,
    0.1023, 0.0755, 0.0667, 0.0984, 0.0770, 0.0825, 0.0856, 0.0911, 0.1036, 0.0848,
    0.0877, 0.0691, 0.0835, 0.0713,
  ]

#### advantages_max
  Points: 24
  Min: -1.0610, Max: 2.0840, Mean: 1.1413
  Data: [
    -1.0610, 0.7772, 0.8372, 2.0840, 1.5273, 0.9505, 1.1059, 1.0467, 1.9049, 1.7682,
    1.1035, 1.2679, 1.2437, 1.1647, 1.1036, 1.0442, 1.4734, 1.3571, 1.2474, 1.1874,
    1.0290, 0.8384, 1.2732, 1.1178,
  ]

#### advantages_mean
  Points: 24
  Min: -6.4688, Max: 0.0328, Mean: -0.2859
  Data: [
    -6.4688, -0.0645, -0.0759, -0.0241, -0.0145, -0.0129, -0.0179, -0.0281, -0.0144, -0.0005,
    -0.0155, 0.0328, -0.0059, 0.0172, -0.0179, -0.0209, -0.0157, -0.0140, -0.0151, 0.0039,
    -0.0224, -0.0301, -0.0167, -0.0195,
  ]

#### advantages_min
  Points: 24
  Min: -10.8800, Max: -0.6864, Mean: -1.4882
  Data: [
    -10.8800, -0.7936, -2.2818, -1.2808, -1.1809, -0.6864, -1.1773, -1.0419, -1.0632, -1.0973,
    -1.2413, -0.6919, -0.9256, -1.2209, -0.9792, -0.8814, -1.2244, -1.1577, -1.1747, -0.9123,
    -1.0714, -0.9720, -0.9443, -0.8371,
  ]

#### advantages_std
  Points: 24
  Min: 0.1008, Max: 3.0336, Mean: 0.2601
  Data: [
    3.0336, 0.1075, 0.1932, 0.1612, 0.1766, 0.1066, 0.1137, 0.1008, 0.1307, 0.1669,
    0.1649, 0.1187, 0.1136, 0.1642, 0.1236, 0.1380, 0.1408, 0.1526, 0.1812, 0.1377,
    0.1342, 0.1096, 0.1499, 0.1221,
  ]

#### critic_loss
  Points: 24
  Min: 0.7369, Max: 5.2504, Mean: 1.3268
  Data: [
    5.2504, 1.7005, 0.7369, 0.7544, 1.0182, 0.8648, 0.8837, 1.0593, 0.8875, 1.1135,
    1.3350, 1.1679, 0.9875, 1.1950, 1.0881, 1.3589, 1.2530, 1.2248, 1.4474, 1.3323,
    1.3529, 1.2511, 1.2625, 1.3175,
  ]

#### entropy_max
  Points: 24
  Min: 3.8590, Max: 7.6496, Mean: 6.4183
  Data: [
    5.3853, 5.3861, 5.4857, 4.9380, 3.8590, 4.3880, 6.2182, 7.1938, 7.4410, 7.1970,
    7.6049, 7.6155, 7.6496, 7.6336, 7.5837, 6.9995, 7.3118, 6.7187, 6.6238, 6.5702,
    6.3265, 6.0272, 5.8430, 6.0383,
  ]

#### entropy_mean
  Points: 24
  Min: 3.3934, Max: 5.2164, Mean: 4.0670
  Data: [
    5.2164, 4.1719, 4.6470, 4.1121, 3.3934, 3.6708, 4.5415, 4.5619, 4.0370, 4.0961,
    4.6768, 4.3351, 4.0965, 4.1553, 4.3939, 4.0271, 3.8717, 3.8394, 3.5725, 4.0187,
    3.6764, 3.5172, 3.4051, 3.5741,
  ]

#### entropy_min
  Points: 24
  Min: 1.6830, Max: 4.8589, Mean: 2.2864
  Data: [
    4.8589, 3.4364, 3.4815, 3.5393, 3.2221, 3.3918, 2.9263, 2.2024, 1.8757, 1.8694,
    1.7418, 1.7543, 1.7436, 1.7419, 1.7497, 1.7921, 1.7332, 1.6935, 1.6840, 1.6830,
    1.6862, 1.6892, 1.6875, 1.6907,
  ]

#### entropy_std
  Points: 24
  Min: 0.0487, Max: 1.4897, Mean: 0.8783
  Data: [
    0.0487, 0.3327, 0.4398, 0.2042, 0.0715, 0.1160, 0.4862, 0.9621, 1.0488, 1.1621,
    1.4568, 1.3033, 1.3464, 1.4398, 1.4897, 1.1658, 1.0919, 1.1964, 1.1264, 1.3082,
    1.0462, 0.8018, 0.6391, 0.7945,
  ]

#### logprobs_mean
  Points: 24
  Min: -2.6677, Max: -0.6610, Mean: -1.1455
  Data: [
    -2.6677, -1.8112, -2.0381, -1.6287, -1.1836, -1.3286, -1.7348, -1.4087, -0.9900, -0.7404,
    -1.0955, -0.6693, -1.0383, -0.9562, -1.0110, -0.9465, -0.7932, -0.8418, -0.7154, -0.7214,
    -0.9151, -0.8562, -0.6610, -0.7389,
  ]

#### logprobs_std
  Points: 24
  Min: 0.4876, Max: 1.7633, Mean: 1.4591
  Data: [
    0.4876, 1.0399, 1.0796, 1.1868, 1.3034, 1.3021, 1.2700, 1.4487, 1.5198, 1.6737,
    1.6456, 1.7633, 1.5555, 1.5943, 1.6469, 1.5830, 1.6796, 1.5621, 1.6120, 1.7010,
    1.5495, 1.5507, 1.6489, 1.6145,
  ]

#### mean_reg_loss
  Points: 24
  Min: 0.0002, Max: 0.0032, Mean: 0.0019
  Data: [
    0.0002, 0.0021, 0.0012, 0.0012, 0.0010, 0.0011, 0.0013, 0.0016, 0.0021, 0.0029,
    0.0020, 0.0032, 0.0017, 0.0019, 0.0019, 0.0017, 0.0022, 0.0019, 0.0024, 0.0025,
    0.0019, 0.0019, 0.0025, 0.0023,
  ]


### VALUES
#### critic_slow_diff
  Points: 24
  Min: 0.0066, Max: 1.3161, Mean: 0.4134
  Data: [
    0.0066, 0.9454, 1.3161, 0.2267, 1.2059, 0.4979, 0.5492, 0.7894, 0.1391, 0.3607,
    0.2873, 0.2383, 0.1874, 0.4587, 0.1907, 0.2895, 0.4703, 0.1510, 0.3290, 0.2357,
    0.3386, 0.1179, 0.2119, 0.3778,
  ]

#### lambda_returns_max
  Points: 24
  Min: -0.2202, Max: 8.4469, Mean: 5.4612
  Data: [
    -0.2202, 5.9429, 3.4297, 3.3645, 6.7751, 5.9823, 2.8621, 7.3025, 6.1251, 8.4469,
    7.0855, 6.5288, 3.6058, 2.7485, 5.6237, 6.9515, 7.0503, 7.0823, 7.0753, 5.3679,
    5.5254, 3.4443, 6.9463, 6.0224,
  ]

#### lambda_returns_mean
  Points: 24
  Min: -17.2032, Max: -1.3078, Mean: -6.3349
  Data: [
    -1.3078, -5.1690, -14.3901, -17.2032, -11.6896, -13.1713, -11.1129, -7.9476, -5.9515, -4.8004,
    -5.9327, -6.5854, -6.5550, -6.1441, -5.0546, -4.1176, -3.4678, -3.5146, -3.1128, -3.1786,
    -3.0046, -3.5072, -2.6974, -2.4212,
  ]

#### lambda_returns_min
  Points: 24
  Min: -22.8979, Max: -2.1951, Mean: -11.8781
  Data: [
    -2.1951, -11.4480, -22.2598, -22.8979, -18.3930, -19.3376, -17.5478, -16.9284, -10.9152, -9.6789,
    -14.2704, -11.3027, -10.9085, -12.4110, -11.5965, -9.4783, -8.4710, -8.4757, -7.6995, -7.8342,
    -9.1829, -8.4169, -6.2287, -7.1959,
  ]

#### lambda_returns_std
  Points: 24
  Min: 0.6101, Max: 5.2404, Mean: 2.2052
  Data: [
    0.6101, 1.8291, 1.8079, 2.9411, 5.2404, 3.8418, 4.2211, 3.2905, 1.1592, 1.5991,
    2.7470, 1.9090, 2.0054, 1.5933, 1.8275, 2.3692, 1.3199, 1.6362, 1.9751, 1.6360,
    1.8239, 2.1702, 1.8806, 1.4916,
  ]

#### max
  Points: 24
  Min: -0.7052, Max: 4.4024, Mean: 2.0980
  Data: [
    -0.0031, 1.4287, 0.5675, -0.7052, -0.0432, 0.1055, 0.1193, 1.6954, 2.7670, 2.4756,
    2.2710, 1.5267, 2.0754, 1.1497, 3.0172, 3.3412, 3.1169, 3.5348, 3.4991, 3.8119,
    3.9155, 2.9921, 4.4024, 3.2896,
  ]

#### mean
  Points: 24
  Min: -17.0416, Max: -0.0068, Mean: -6.1723
  Data: [
    -0.0068, -4.6957, -14.0355, -17.0416, -11.5735, -13.0540, -10.9474, -7.6757, -5.8760, -4.7941,
    -5.8335, -6.8219, -6.5178, -6.2297, -4.9482, -3.9751, -3.3788, -3.4320, -3.0288, -3.1760,
    -2.8791, -3.3055, -2.6093, -2.2999,
  ]

#### min
  Points: 24
  Min: -21.0036, Max: -0.0071, Mean: -9.9653
  Data: [
    -0.0071, -5.5850, -15.4036, -21.0036, -16.3780, -18.3883, -16.8054, -13.9397, -8.5232, -8.9986,
    -9.8979, -10.2369, -9.3870, -9.4920, -8.7419, -9.1136, -6.8805, -7.3565, -7.8682, -7.6481,
    -7.5013, -7.3865, -6.1313, -6.4935,
  ]

#### norm_high
  Points: 24
  Min: -12.6924, Max: 0.6379, Mean: -2.6748
  Data: [
    -0.0225, 0.6379, -9.5225, -12.6924, -4.4859, -7.6352, -5.8287, -3.4015, -2.9872, -1.8781,
    -2.0415, -2.2600, -2.5127, -2.3183, -1.6388, -1.3353, -1.2037, -0.9184, -0.6209, -0.5253,
    -0.3427, -0.3084, -0.2707, -0.0824,
  ]

#### norm_low
  Points: 24
  Min: -19.3057, Max: -0.2236, Mean: -8.7813
  Data: [
    -0.2236, -6.7869, -14.1251, -19.3057, -12.7498, -17.3489, -15.2068, -13.3025, -7.6488, -6.3408,
    -8.9461, -9.4934, -9.0910, -7.6908, -7.3676, -8.2324, -6.3419, -5.7705, -5.8628, -5.6742,
    -5.4018, -6.6471, -5.5614, -5.6313,
  ]

#### norm_scale
  Points: 24
  Min: 0.2011, Max: 9.9010, Mean: 6.1065
  Data: [
    0.2011, 7.4248, 4.6026, 6.6133, 8.2639, 9.7137, 9.3781, 9.9010, 4.6616, 4.4627,
    6.9046, 7.2334, 6.5782, 5.3724, 5.7288, 6.8970, 5.1382, 4.8521, 5.2419, 5.1489,
    5.0591, 6.3387, 5.2907, 5.5489,
  ]

#### std
  Points: 24
  Min: 0.0003, Max: 5.0100, Mean: 2.0099
  Data: [
    0.0003, 1.6357, 1.7222, 2.7173, 5.0100, 3.7072, 4.1067, 3.1525, 1.0054, 1.4048,
    2.4776, 1.7940, 1.8689, 1.4719, 1.6804, 2.0749, 1.1629, 1.4434, 1.7893, 1.4759,
    1.6022, 1.9935, 1.6118, 1.3284,
  ]


### IMAGINATION
#### continue_mean
  Points: 24
  Min: 0.9865, Max: 0.9995, Mean: 0.9932
  Data: [
    0.9995, 0.9967, 0.9959, 0.9967, 0.9972, 0.9967, 0.9949, 0.9966, 0.9939, 0.9906,
    0.9924, 0.9865, 0.9908, 0.9886, 0.9908, 0.9877, 0.9919, 0.9946, 0.9916, 0.9904,
    0.9934, 0.9949, 0.9896, 0.9945,
  ]

#### continue_min
  Points: 24
  Min: 0.0004, Max: 0.9948, Mean: 0.1321
  Data: [
    0.9948, 0.6400, 0.6872, 0.1223, 0.5457, 0.0884, 0.0266, 0.0273, 0.0067, 0.0059,
    0.0051, 0.0048, 0.0025, 0.0039, 0.0017, 0.0012, 0.0009, 0.0004, 0.0012, 0.0004,
    0.0007, 0.0009, 0.0006, 0.0019,
  ]

#### reward_abs_mean
  Points: 24
  Min: 0.0674, Max: 0.2137, Mean: 0.0905
  Data: [
    0.2137, 0.1089, 0.1296, 0.0960, 0.0791, 0.0798, 0.0886, 0.0860, 0.0759, 0.0777,
    0.0917, 0.0843, 0.0794, 0.0858, 0.0824, 0.0828, 0.0674, 0.0838, 0.0873, 0.0839,
    0.0783, 0.0746, 0.0798, 0.0751,
  ]

#### reward_max
  Points: 24
  Min: -0.1656, Max: 2.4805, Mean: 2.0999
  Data: [
    -0.1656, 1.4433, 1.7055, 1.7633, 1.9308, 1.8606, 2.0548, 2.1949, 2.1894, 2.3953,
    2.1724, 2.3528, 2.4377, 2.1616, 2.4392, 2.4495, 2.4716, 2.4479, 2.4692, 2.4768,
    2.4805, 1.7250, 2.4734, 2.4689,
  ]

#### reward_mean
  Points: 24
  Min: -0.2137, Max: -0.0374, Mean: -0.0710
  Data: [
    -0.2137, -0.0866, -0.1186, -0.0843, -0.0486, -0.0539, -0.0807, -0.0659, -0.0671, -0.0531,
    -0.0563, -0.0719, -0.0725, -0.0760, -0.0635, -0.0551, -0.0535, -0.0504, -0.0502, -0.0592,
    -0.0612, -0.0725, -0.0374, -0.0519,
  ]

#### reward_min
  Points: 24
  Min: -2.6246, Max: -0.2144, Mean: -2.4113
  Data: [
    -0.2144, -1.8777, -1.9634, -2.4046, -2.1793, -2.5222, -2.5473, -2.5503, -2.5951, -2.5858,
    -2.6143, -2.5981, -2.5841, -2.6024, -2.6218, -2.5928, -2.6005, -2.6178, -2.5867, -2.6246,
    -2.6111, -2.6055, -2.5795, -2.5920,
  ]

#### reward_nonzero_frac
  Points: 24
  Min: 0.1222, Max: 1.0000, Mean: 0.2800
  Data: [
    1.0000, 0.6519, 0.5782, 0.2892, 0.1630, 0.2307, 0.3191, 0.2791, 0.1956, 0.1892,
    0.2597, 0.2388, 0.1928, 0.2410, 0.1586, 0.2107, 0.1222, 0.2681, 0.1871, 0.1897,
    0.2074, 0.2586, 0.1527, 0.1372,
  ]

#### reward_significant_frac
  Points: 24
  Min: 0.0000, Max: 0.0268, Mean: 0.0133
  Data: [
    0.0000, 0.0097, 0.0268, 0.0174, 0.0125, 0.0094, 0.0101, 0.0110, 0.0055, 0.0099,
    0.0168, 0.0089, 0.0120, 0.0133, 0.0170, 0.0172, 0.0114, 0.0143, 0.0202, 0.0180,
    0.0143, 0.0068, 0.0194, 0.0174,
  ]

#### reward_std
  Points: 24
  Min: 0.0021, Max: 0.2644, Mean: 0.2040
  Data: [
    0.0021, 0.1664, 0.2472, 0.2095, 0.1803, 0.1698, 0.1890, 0.1919, 0.1478, 0.1959,
    0.2337, 0.1770, 0.2075, 0.2091, 0.2462, 0.2447, 0.2105, 0.2373, 0.2630, 0.2621,
    0.2280, 0.1616, 0.2644, 0.2507,
  ]


### ACTIONS
#### abs_mean
  Points: 24
  Min: 0.4337, Max: 0.5726, Mean: 0.5134
  Data: [
    0.5233, 0.5195, 0.5117, 0.4701, 0.4337, 0.4578, 0.5182, 0.5388, 0.5112, 0.5505,
    0.5399, 0.5726, 0.5148, 0.5207, 0.5620, 0.4970, 0.5447, 0.5292, 0.5048, 0.5250,
    0.4980, 0.4845, 0.5060, 0.4879,
  ]

#### dim0_mean
  Points: 24
  Min: -0.1728, Max: 0.6021, Mean: 0.1123
  Data: [
    -0.0364, 0.6021, 0.2447, 0.2159, 0.2259, 0.1311, 0.0205, -0.1156, 0.2007, 0.0619,
    0.0908, 0.2834, 0.1937, 0.0308, 0.0481, 0.2188, -0.1728, -0.1160, 0.1962, 0.0636,
    -0.0029, 0.0725, 0.1515, 0.0865,
  ]

#### dim1_mean
  Points: 24
  Min: -0.1699, Max: 0.2429, Mean: 0.0502
  Data: [
    -0.0290, 0.1579, -0.1699, -0.0890, 0.1113, -0.0825, -0.1093, -0.0123, 0.1936, 0.1792,
    0.2113, 0.2429, 0.1586, 0.1541, 0.0325, 0.1205, -0.0344, 0.0048, 0.0582, 0.0648,
    -0.0253, -0.0239, 0.0807, 0.0091,
  ]

#### dim2_mean
  Points: 24
  Min: -0.2878, Max: 0.2442, Mean: 0.0411
  Data: [
    -0.1521, 0.0111, 0.0402, 0.0948, 0.2234, 0.1372, 0.1896, 0.1092, -0.2878, -0.1748,
    -0.0530, -0.2156, -0.1185, 0.0216, 0.0779, 0.1874, 0.1558, 0.1544, 0.1148, 0.2395,
    0.0198, -0.1502, 0.2442, 0.1174,
  ]

#### dim3_mean
  Points: 24
  Min: -0.1005, Max: 0.1655, Mean: -0.0003
  Data: [
    -0.1005, 0.1655, 0.0404, 0.0448, 0.0137, 0.0169, -0.0084, 0.0460, -0.0021, 0.0036,
    0.0201, -0.0165, -0.0082, -0.0376, 0.0082, -0.0045, -0.0658, -0.0509, 0.0558, -0.0223,
    -0.0618, 0.0163, -0.0527, -0.0078,
  ]

#### max
  Points: 24
  Min: 0.9938, Max: 1.0000, Mean: 0.9996
  Data: [
    0.9938, 0.9978, 0.9994, 0.9999, 0.9999, 1.0000, 0.9997, 1.0000, 0.9999, 1.0000,
    0.9999, 1.0000, 1.0000, 0.9999, 1.0000, 1.0000, 1.0000, 1.0000, 1.0000, 0.9999,
    0.9999, 0.9999, 1.0000, 0.9999,
  ]

#### mean
  Points: 24
  Min: -0.0795, Max: 0.2341, Mean: 0.0508
  Data: [
    -0.0795, 0.2341, 0.0389, 0.0666, 0.1436, 0.0507, 0.0231, 0.0068, 0.0261, 0.0175,
    0.0673, 0.0736, 0.0564, 0.0422, 0.0417, 0.1305, -0.0293, -0.0019, 0.1063, 0.0864,
    -0.0175, -0.0213, 0.1059, 0.0513,
  ]

#### min
  Points: 24
  Min: -1.0000, Max: -0.9822, Mean: -0.9990
  Data: [
    -0.9956, -0.9822, -0.9995, -0.9995, -0.9997, -1.0000, -0.9999, -0.9998, -0.9999, -0.9999,
    -1.0000, -1.0000, -1.0000, -1.0000, -1.0000, -0.9999, -1.0000, -1.0000, -0.9999, -0.9999,
    -1.0000, -0.9999, -0.9998, -0.9999,
  ]

#### std
  Points: 24
  Min: 0.4977, Max: 0.6412, Mean: 0.5864
  Data: [
    0.5912, 0.5411, 0.5869, 0.5460, 0.4977, 0.5387, 0.5959, 0.6171, 0.5905, 0.6281,
    0.6153, 0.6400, 0.5925, 0.5982, 0.6412, 0.5616, 0.6218, 0.6059, 0.5727, 0.5985,
    0.5815, 0.5653, 0.5748, 0.5701,
  ]


### GRADIENTS
#### actor_norm
  Points: 24
  Min: 0.0204, Max: 1.1085, Mean: 0.0932
  Data: [
    1.1085, 0.0266, 0.0381, 0.0284, 0.0651, 0.0304, 0.0245, 0.0204, 0.0323, 0.0490,
    0.0450, 0.0282, 0.0454, 0.0664, 0.0523, 0.0516, 0.0612, 0.0692, 0.0669, 0.0678,
    0.0876, 0.0403, 0.0891, 0.0434,
  ]

#### critic_norm
  Points: 24
  Min: 0.3789, Max: 3.9460, Mean: 0.9171
  Data: [
    3.6626, 3.9460, 0.5912, 0.5311, 0.6201, 0.3789, 0.6091, 0.7263, 0.5989, 0.6322,
    0.6482, 1.4596, 0.5965, 0.9069, 0.6347, 0.4960, 0.5605, 0.6333, 0.5768, 0.6143,
    0.7691, 0.7500, 0.5444, 0.5233,
  ]

#### world_model_norm
  Points: 24
  Min: 3.6112, Max: 26.2040, Mean: 9.5338
  Data: [
    7.5589, 3.6510, 7.8082, 4.7311, 9.0349, 5.7247, 8.0004, 3.6112, 5.3988, 6.2915,
    9.1735, 5.9027, 11.5215, 23.0304, 18.7116, 6.4314, 20.1510, 6.3178, 26.2040, 13.2076,
    5.6155, 6.8468, 5.7060, 8.1811,
  ]


### SPARSE_SIGNAL
#### advantage_nonzero_frac
  Points: 24
  Min: 0.7769, Max: 1.0000, Mean: 0.8547
  Data: [
    1.0000, 0.9489, 0.9477, 0.8230, 0.8117, 0.7992, 0.7769, 0.7928, 0.8391, 0.8726,
    0.8830, 0.8358, 0.8464, 0.8711, 0.8517, 0.8445, 0.8687, 0.8682, 0.8780, 0.8594,
    0.8808, 0.8217, 0.8000, 0.7920,
  ]

#### advantage_significant_frac
  Points: 24
  Min: 0.1476, Max: 1.0000, Mean: 0.2791
  Data: [
    1.0000, 0.3726, 0.4086, 0.1647, 0.2208, 0.1476, 0.1478, 0.1501, 0.1935, 0.2954,
    0.3252, 0.2395, 0.1779, 0.2964, 0.2407, 0.2488, 0.2666, 0.2913, 0.2807, 0.2660,
    0.2956, 0.2139, 0.2392, 0.2152,
  ]

#### event_rate_in_batch
  Points: 24
  Min: 0.0000, Max: 0.0181, Mean: 0.0071
  Data: [
    0.0060, 0.0060, 0.0060, 0.0060, 0.0020, 0.0020, 0.0081, 0.0000, 0.0040, 0.0040,
    0.0081, 0.0040, 0.0081, 0.0081, 0.0181, 0.0060, 0.0040, 0.0081, 0.0121, 0.0161,
    0.0020, 0.0060, 0.0101, 0.0141,
  ]

#### lambda_return_abs_mean
  Points: 24
  Min: 1.3078, Max: 17.2078, Mean: 6.3971
  Data: [
    1.3078, 5.2172, 14.3911, 17.2078, 11.7442, 13.1955, 11.1148, 7.9827, 5.9738, 4.8855,
    6.0559, 6.6068, 6.5698, 6.1481, 5.0858, 4.2384, 3.5299, 3.6284, 3.2902, 3.2856,
    3.1119, 3.5419, 2.9058, 2.5108,
  ]

#### lambda_return_nonzero_frac
  Points: 24
  Min: 0.9863, Max: 1.0000, Mean: 0.9975
  Data: [
    1.0000, 0.9907, 0.9999, 0.9999, 0.9994, 0.9999, 0.9999, 0.9993, 0.9999, 0.9997,
    0.9973, 0.9997, 0.9991, 0.9997, 0.9999, 0.9986, 0.9988, 0.9982, 0.9911, 0.9976,
    0.9954, 0.9947, 0.9952, 0.9863,
  ]

#### lambda_return_significant_frac
  Points: 24
  Min: 0.6429, Max: 0.9997, Mean: 0.9447
  Data: [
    0.6429, 0.9443, 0.9997, 0.9985, 0.9909, 0.9984, 0.9993, 0.9919, 0.9989, 0.9916,
    0.9723, 0.9963, 0.9929, 0.9961, 0.9947, 0.9589, 0.9853, 0.9464, 0.8715, 0.9470,
    0.8925, 0.8823, 0.8569, 0.8229,
  ]

#### nonsparse_pred_error
  Points: 24
  Min: 0.0120, Max: 0.1451, Mean: 0.0299
  Data: [
    0.1451, 0.0527, 0.0450, 0.0407, 0.0166, 0.0226, 0.0239, 0.0182, 0.0163, 0.0149,
    0.0372, 0.0253, 0.0271, 0.0203, 0.0256, 0.0245, 0.0120, 0.0256, 0.0235, 0.0309,
    0.0183, 0.0132, 0.0159, 0.0234,
  ]

#### num_sparse_events
  Points: 24
  Min: 0.0000, Max: 18.0000, Mean: 7.0000
  Data: [
    6.0000, 6.0000, 6.0000, 6.0000, 2.0000, 2.0000, 8.0000, 0.0000, 4.0000, 4.0000,
    8.0000, 4.0000, 8.0000, 8.0000, 18.0000, 6.0000, 4.0000, 8.0000, 12.0000, 16.0000,
    2.0000, 6.0000, 10.0000, 14.0000,
  ]

#### reward_max
  Points: 24
  Min: 0.0000, Max: 2.5000, Mean: 1.2500
  Data: [
    0.0000, 0.0000, 0.0000, 2.5000, 0.0000, 0.0000, 2.5000, 0.0000, 2.5000, 2.5000,
    0.0000, 0.0000, 2.5000, 2.5000, 2.5000, 0.0000, 0.0000, 2.5000, 2.5000, 2.5000,
    0.0000, 0.0000, 2.5000, 2.5000,
  ]

#### reward_min
  Points: 24
  Min: -2.6397, Max: -0.2878, Mean: -2.5041
  Data: [
    -2.6397, -2.5913, -2.5747, -2.5444, -2.5508, -2.6082, -2.5815, -0.2878, -2.6142, -2.6053,
    -2.6320, -2.5742, -2.5872, -2.6335, -2.6140, -2.5898, -2.6335, -2.5975, -2.6167, -2.6144,
    -2.6002, -2.6046, -2.6000, -2.6022,
  ]

#### reward_range
  Points: 24
  Min: 0.2878, Max: 5.1335, Mean: 3.7541
  Data: [
    2.6397, 2.5913, 2.5747, 5.0443, 2.5508, 2.6082, 5.0815, 0.2878, 5.1142, 5.1053,
    2.6320, 2.5742, 5.0872, 5.1335, 5.1140, 2.5898, 2.6335, 5.0975, 5.1167, 5.1144,
    2.6002, 2.6046, 5.1000, 5.1022,
  ]

#### reward_variance
  Points: 24
  Min: 0.0034, Max: 0.0837, Mean: 0.0345
  Data: [
    0.0311, 0.0290, 0.0285, 0.0303, 0.0115, 0.0128, 0.0394, 0.0034, 0.0212, 0.0220,
    0.0382, 0.0196, 0.0378, 0.0392, 0.0837, 0.0304, 0.0222, 0.0402, 0.0568, 0.0752,
    0.0139, 0.0301, 0.0476, 0.0647,
  ]

#### sparse_actual_mean
  Points: 24
  Min: -2.0120, Max: 0.0000, Mean: -1.2064
  Data: [
    -1.9734, -1.9627, -1.9330, -0.6541, -1.9352, -2.0027, -0.9832, 0.0000, -0.0682, -0.0632,
    -1.9635, -1.9304, -0.9975, -0.0482, -0.2734, -1.9583, -2.0120, -0.0398, -1.3408, -1.0021,
    -1.9954, -1.9701, -0.4294, -1.4170,
  ]

#### sparse_pred_error
  Points: 24
  Min: 0.0000, Max: 1.7600, Mean: 0.3153
  Data: [
    1.7600, 0.5568, 0.6803, 0.3356, 0.5344, 0.4419, 0.3790, 0.0000, 0.1269, 0.2113,
    0.1305, 0.0235, 0.2910, 0.4483, 0.3359, 0.0600, 0.4071, 0.2175, 0.2532, 0.1070,
    0.0201, 0.1146, 0.0543, 0.0787,
  ]

#### sparse_pred_mean
  Points: 24
  Min: -2.0351, Max: 0.0857, Mean: -1.0647
  Data: [
    -0.2134, -1.7227, -1.3727, -0.7225, -1.4008, -1.6680, -0.8415, 0.0000, -0.0956, 0.0857,
    -2.0351, -1.9362, -1.2139, -0.4775, -0.2411, -1.9275, -1.6049, -0.1538, -1.0937, -1.0999,
    -1.9752, -1.9915, -0.4285, -1.4217,
  ]

#### sparse_sign_accuracy
  Points: 24
  Min: 0.0000, Max: 1.0000, Mean: 0.9583
  Data: [
    1.0000, 1.0000, 1.0000, 1.0000, 1.0000, 1.0000, 1.0000, 0.0000, 1.0000, 1.0000,
    1.0000, 1.0000, 1.0000, 1.0000, 1.0000, 1.0000, 1.0000, 1.0000, 1.0000, 1.0000,
    1.0000, 1.0000, 1.0000, 1.0000,
  ]

#### sparse_vs_nonsparse_error_ratio
  Points: 24
  Min: 0.0000, Max: 33.8676, Mean: 10.9031
  Data: [
    12.1268, 10.5660, 15.1146, 8.2485, 32.1826, 19.5771, 15.8563, 0.0000, 7.7998, 14.1743,
    3.5116, 0.9276, 10.7488, 22.1251, 13.1363, 2.4504, 33.8676, 8.4854, 10.7645, 3.4607,
    1.0981, 8.6717, 3.4175, 3.3633,
  ]

#### sparse_weight_applied
  Points: 24
  Min: 0.0000, Max: 100.0000, Mean: 90.2015
  Data: [
    100.0000, 100.0000, 100.0000, 100.0000, 100.0000, 100.0000, 100.0000, 0.0000, 100.0000, 100.0000,
    100.0000, 100.0000, 100.0000, 100.0000, 54.1111, 100.0000, 100.0000, 100.0000, 81.6667, 61.0000,
    100.0000, 100.0000, 98.2000, 69.8571,
  ]

#### unweighted_reward_loss
  Points: 24
  Min: 0.3405, Max: 1.8887, Mean: 0.5057
  Data: [
    1.8887, 0.5884, 0.5687, 0.5490, 0.4786, 0.4208, 0.4120, 0.4271, 0.5238, 0.4381,
    0.4199, 0.4940, 0.5333, 0.5000, 0.4827, 0.3405, 0.3629, 0.3657, 0.4387, 0.4318,
    0.3644, 0.3805, 0.3469, 0.3798,
  ]

#### value_lambda_gap_abs_mean
  Points: 24
  Min: 0.3329, Max: 1.3010, Mean: 0.5450
  Data: [
    1.3010, 0.6912, 0.5773, 0.4919, 0.7502, 0.5759, 0.5523, 0.5706, 0.3329, 0.4270,
    0.7062, 0.5462, 0.4387, 0.5285, 0.4411, 0.5687, 0.4399, 0.4421, 0.5432, 0.4365,
    0.4436, 0.4379, 0.4416, 0.3955,
  ]

#### value_lambda_gap_mean
  Points: 24
  Min: -1.3010, Max: 0.2375, Mean: -0.1592
  Data: [
    -1.3010, -0.4791, -0.3492, -0.1591, -0.1201, -0.1256, -0.1679, -0.2787, -0.0671, -0.0023,
    -0.1068, 0.2375, -0.0390, 0.0922, -0.1026, -0.1444, -0.0806, -0.0677, -0.0791, 0.0199,
    -0.1133, -0.1905, -0.0882, -0.1080,
  ]

#### weighted_reward_loss
  Points: 24
  Min: 0.3966, Max: 2.1747, Mean: 0.6359
  Data: [
    2.1747, 0.8315, 0.9177, 0.6145, 0.6447, 0.5376, 0.6147, 0.4271, 0.5411, 0.5006,
    0.4954, 0.4830, 0.6206, 0.7527, 0.6672, 0.4016, 0.6099, 0.4835, 0.7292, 0.5038,
    0.3969, 0.4704, 0.3966, 0.4463,
  ]


### AUX
#### goal_accuracy
  Points: 24
  Min: 0.9516, Max: 1.0000, Mean: 0.9749
  Data: [
    0.9597, 0.9899, 0.9688, 0.9637, 0.9940, 0.9970, 0.9738, 1.0000, 0.9829, 0.9879,
    0.9647, 0.9879, 0.9577, 0.9536, 0.9688, 0.9808, 0.9688, 0.9798, 0.9657, 0.9526,
    0.9768, 0.9889, 0.9829, 0.9516,
  ]

#### goal_loss
  Points: 24
  Min: 0.0155, Max: 0.2161, Mean: 0.0710
  Data: [
    0.2161, 0.0359, 0.0681, 0.0852, 0.0217, 0.0155, 0.0654, 0.0177, 0.0429, 0.0391,
    0.0780, 0.0384, 0.1234, 0.1300, 0.0766, 0.0514, 0.0982, 0.0514, 0.0955, 0.0906,
    0.0713, 0.0323, 0.0543, 0.1053,
  ]

#### goal_positive_rate
  Points: 24
  Min: 0.0000, Max: 0.1159, Mean: 0.0427
  Data: [
    0.0403, 0.0101, 0.0484, 0.0484, 0.0101, 0.0040, 0.0423, 0.0000, 0.0252, 0.0323,
    0.0565, 0.0202, 0.0444, 0.0635, 0.0827, 0.0343, 0.0323, 0.0544, 0.0645, 0.1159,
    0.0161, 0.0333, 0.0615, 0.0847,
  ]

#### goal_pred_positive_rate
  Points: 24
  Min: 0.0000, Max: 0.0827, Mean: 0.0261
  Data: [
    0.0000, 0.0000, 0.0232, 0.0262, 0.0040, 0.0050, 0.0262, 0.0000, 0.0161, 0.0202,
    0.0474, 0.0282, 0.0302, 0.0373, 0.0514, 0.0252, 0.0111, 0.0383, 0.0323, 0.0827,
    0.0111, 0.0242, 0.0504, 0.0363,
  ]

#### puck_goal_dist_actual_mean
  Points: 24
  Min: 3.1472, Max: 3.7628, Mean: 3.5133
  Data: [
    3.6097, 3.7628, 3.4977, 3.5691, 3.4870, 3.7364, 3.5114, 3.5280, 3.6952, 3.6938,
    3.4133, 3.6051, 3.7608, 3.7207, 3.4572, 3.3719, 3.4759, 3.3652, 3.4331, 3.1472,
    3.3553, 3.4738, 3.3998, 3.2485,
  ]

#### puck_goal_dist_error
  Points: 24
  Min: 0.1331, Max: 1.0781, Mean: 0.2099
  Data: [
    1.0781, 0.2856, 0.2758, 0.2042, 0.2160, 0.1791, 0.1713, 0.1652, 0.1371, 0.1640,
    0.1486, 0.1659, 0.1955, 0.1426, 0.1481, 0.1588, 0.1634, 0.1527, 0.1483, 0.1651,
    0.1473, 0.1471, 0.1331, 0.1454,
  ]

#### puck_goal_dist_loss
  Points: 24
  Min: 0.0363, Max: 2.1265, Mean: 0.1455
  Data: [
    2.1265, 0.1482, 0.1334, 0.0834, 0.0786, 0.0615, 0.0615, 0.0587, 0.0389, 0.0479,
    0.0432, 0.0470, 0.0579, 0.0417, 0.0457, 0.0482, 0.0618, 0.0470, 0.0432, 0.0525,
    0.0442, 0.0441, 0.0363, 0.0410,
  ]

#### puck_goal_dist_pred_mean
  Points: 24
  Min: 3.1708, Max: 3.9069, Mean: 3.5159
  Data: [
    3.5548, 3.7515, 3.4232, 3.6333, 3.6222, 3.7367, 3.5210, 3.4694, 3.6816, 3.6311,
    3.3647, 3.7277, 3.9069, 3.6573, 3.4154, 3.3027, 3.4989, 3.3909, 3.4437, 3.1708,
    3.3871, 3.4808, 3.4038, 3.2051,
  ]

#### shot_quality_actual_mean
  Points: 24
  Min: 0.0220, Max: 0.0875, Mean: 0.0586
  Data: [
    0.0585, 0.0220, 0.0581, 0.0560, 0.0619, 0.0300, 0.0608, 0.0561, 0.0311, 0.0446,
    0.0796, 0.0322, 0.0305, 0.0445, 0.0675, 0.0769, 0.0670, 0.0667, 0.0875, 0.0820,
    0.0740, 0.0632, 0.0751, 0.0802,
  ]

#### shot_quality_loss
  Points: 24
  Min: 0.0004, Max: 0.0267, Mean: 0.0026
  Data: [
    0.0267, 0.0030, 0.0037, 0.0020, 0.0012, 0.0021, 0.0019, 0.0016, 0.0006, 0.0007,
    0.0017, 0.0004, 0.0007, 0.0012, 0.0009, 0.0012, 0.0026, 0.0013, 0.0013, 0.0014,
    0.0015, 0.0013, 0.0011, 0.0016,
  ]

#### shot_quality_pred_mean
  Points: 24
  Min: 0.0233, Max: 0.0868, Mean: 0.0582
  Data: [
    0.0562, 0.0393, 0.0515, 0.0544, 0.0612, 0.0233, 0.0663, 0.0595, 0.0311, 0.0412,
    0.0777, 0.0323, 0.0278, 0.0463, 0.0658, 0.0810, 0.0593, 0.0682, 0.0835, 0.0868,
    0.0737, 0.0616, 0.0709, 0.0782,
  ]

#### total_loss
  Points: 24
  Min: 0.0777, Max: 2.3693, Mean: 0.2191
  Data: [
    2.3693, 0.1872, 0.2052, 0.1706, 0.1015, 0.0791, 0.1288, 0.0780, 0.0824, 0.0878,
    0.1228, 0.0858, 0.1820, 0.1729, 0.1232, 0.1008, 0.1625, 0.0997, 0.1399, 0.1445,
    0.1170, 0.0777, 0.0917, 0.1479,
  ]


### DIAGNOSTICS
#### advantage_contribution
  Points: 24
  Min: 0.0881, Max: 17.2522, Mean: 0.8407
  Data: [
    17.2522, 0.1685, 0.2350, 0.1289, 0.1255, 0.0881, 0.1001, 0.0932, 0.1095, 0.1483,
    0.1619, 0.1155, 0.1007, 0.1427, 0.1144, 0.1203, 0.1269, 0.1280, 0.1451, 0.1283,
    0.1287, 0.0975, 0.1162, 0.1015,
  ]

#### entropy_advantage_ratio
  Points: 24
  Min: 0.0001, Max: 0.0147, Mean: 0.0095
  Data: [
    0.0001, 0.0074, 0.0059, 0.0096, 0.0081, 0.0125, 0.0136, 0.0147, 0.0111, 0.0083,
    0.0087, 0.0113, 0.0122, 0.0087, 0.0115, 0.0100, 0.0092, 0.0090, 0.0074, 0.0094,
    0.0086, 0.0108, 0.0088, 0.0106,
  ]

#### entropy_contribution
  Points: 24
  Min: 0.0010, Max: 0.0016, Mean: 0.0012
  Data: [
    0.0016, 0.0013, 0.0014, 0.0012, 0.0010, 0.0011, 0.0014, 0.0014, 0.0012, 0.0012,
    0.0014, 0.0013, 0.0012, 0.0012, 0.0013, 0.0012, 0.0012, 0.0012, 0.0011, 0.0012,
    0.0011, 0.0011, 0.0010, 0.0011,
  ]

#### return_range_S
  Points: 24
  Min: 0.2011, Max: 9.9010, Mean: 6.1065
  Data: [
    0.2011, 7.4248, 4.6026, 6.6133, 8.2639, 9.7137, 9.3781, 9.9010, 4.6616, 4.4627,
    6.9046, 7.2334, 6.5782, 5.3724, 5.7288, 6.8970, 5.1382, 4.8521, 5.2419, 5.1489,
    5.0591, 6.3387, 5.2907, 5.5489,
  ]

#### return_range_at_floor
  Points: 24
  Min: 0.0000, Max: 1.0000, Mean: 0.0417
  Data: [
    1.0000, 0.0000, 0.0000, 0.0000, 0.0000, 0.0000, 0.0000, 0.0000, 0.0000, 0.0000,
    0.0000, 0.0000, 0.0000, 0.0000, 0.0000, 0.0000, 0.0000, 0.0000, 0.0000, 0.0000,
    0.0000, 0.0000, 0.0000, 0.0000,
  ]

