================================================================================
W&B RUN DATA: stable-4replay-DreamerV3-dreamsmooth-seed42_weak_seed42_20260121_183320
================================================================================

## RUN METADATA
Run ID: hma5o565
Created: 2026-01-21T17:33:22Z
State: running
Duration: 86335.38159626 seconds

## CONFIGURATION
  [Environment]
    opponent: weak
  [Training]
    batch_size: 32
    batch_length: 32
    imagination_horizon: 15
    discount: 0.997
  [Entropy]
    entropy_scale: 0.0003
  [Self-Play]
    self_play_pool_size: 10
    self_play_save_interval: 500
    self_play_weak_ratio: 0.3
    use_pfsp: False
    pfsp_mode: variance
  [Architecture]
    recurrent_size: 256
    latent_length: 16
    latent_classes: 16
  [Meta]
    seed: 42
    algorithm: DreamerV3

## FINAL SUMMARY
  runtime: 23.98 hours (86335 seconds)

## NOTE: Data reduced (fraction=0.1, max_points=200)

## METRICS DATA

### STATS
#### buffer_size
  Points: 35
  Min: 84072.0000, Max: 500000.0000, Mean: 453869.9429
  Data: [
    84072.0000, 138659.0000, 187529.0000, 265996.0000, 330703.0000, 403572.0000, 474917.0000, 500000.0000, 500000.0000, 500000.0000,
    500000.0000, 500000.0000, 500000.0000, 500000.0000, 500000.0000, 500000.0000, 500000.0000, 500000.0000, 500000.0000, 500000.0000,
    500000.0000, 500000.0000, 500000.0000, 500000.0000, 500000.0000, 500000.0000, 500000.0000, 500000.0000, 500000.0000, 500000.0000,
    500000.0000, 500000.0000, 500000.0000, 500000.0000, 500000.0000,
  ]

#### draws
  Points: 35
  Min: 0.0000, Max: 5196.0000, Mean: 2698.5429
  Data: [
    0.0000, 158.0000, 321.0000, 534.0000, 699.0000, 872.0000, 1045.0000, 1252.0000, 1379.0000, 1439.0000,
    1703.0000, 1797.0000, 1971.0000, 2137.0000, 2325.0000, 2428.0000, 2537.0000, 2645.0000, 2815.0000, 2990.0000,
    3167.0000, 3266.0000, 3373.0000, 3547.0000, 3660.0000, 3782.0000, 4037.0000, 4389.0000, 4532.0000, 4677.0000,
    4744.0000, 4921.0000, 5006.0000, 5105.0000, 5196.0000,
  ]

#### env_steps
  Points: 35
  Min: 32.0000, Max: 2330082.0000, Mean: 1160658.4000
  Data: [
    32.0000, 54619.0000, 103489.0000, 181956.0000, 246663.0000, 319532.0000, 390877.0000, 485583.0000, 546316.0000, 574628.0000,
    691011.0000, 735561.0000, 822748.0000, 895892.0000, 983696.0000, 1037037.0000, 1088720.0000, 1136361.0000, 1212053.0000, 1289326.0000,
    1365253.0000, 1416223.0000, 1465234.0000, 1543980.0000, 1595727.0000, 1654045.0000, 1768392.0000, 1912648.0000, 1978567.0000, 2046255.0000,
    2082626.0000, 2170557.0000, 2220498.0000, 2276857.0000, 2330082.0000,
  ]

#### episodes
  Points: 35
  Min: 501.0000, Max: 17211.0000, Mean: 8761.2857
  Data: [
    501.0000, 841.0000, 1131.0000, 1661.0000, 2111.0000, 2661.0000, 3181.0000, 3871.0000, 4321.0000, 4561.0000,
    5391.0000, 5721.0000, 6381.0000, 6881.0000, 7481.0000, 7921.0000, 8311.0000, 8641.0000, 9181.0000, 9731.0000,
    10251.0000, 10631.0000, 10991.0000, 11541.0000, 11911.0000, 12331.0000, 13131.0000, 14091.0000, 14551.0000, 15031.0000,
    15331.0000, 15981.0000, 16381.0000, 16801.0000, 17211.0000,
  ]

#### gradient_steps
  Points: 35
  Min: 4.0000, Max: 66844.0000, Mean: 33045.1429
  Data: [
    4.0000, 1364.0000, 2524.0000, 4644.0000, 6444.0000, 8644.0000, 10724.0000, 13484.0000, 15284.0000, 16244.0000,
    19564.0000, 20884.0000, 23524.0000, 25524.0000, 27924.0000, 29684.0000, 31244.0000, 32564.0000, 34724.0000, 36924.0000,
    39004.0000, 40524.0000, 41964.0000, 44164.0000, 45644.0000, 47324.0000, 50524.0000, 54364.0000, 56204.0000, 58124.0000,
    59324.0000, 61924.0000, 63524.0000, 65204.0000, 66844.0000,
  ]

#### losses
  Points: 35
  Min: 1.0000, Max: 6304.0000, Mean: 3586.1143
  Data: [
    1.0000, 163.0000, 281.0000, 538.0000, 773.0000, 1082.0000, 1336.0000, 1679.0000, 1902.0000, 2034.0000,
    2436.0000, 2604.0000, 2944.0000, 3175.0000, 3415.0000, 3635.0000, 3797.0000, 3917.0000, 4109.0000, 4266.0000,
    4431.0000, 4585.0000, 4700.0000, 4868.0000, 4984.0000, 5097.0000, 5292.0000, 5542.0000, 5644.0000, 5771.0000,
    5855.0000, 6020.0000, 6120.0000, 6214.0000, 6304.0000,
  ]

#### mean_reward
  Points: 35
  Min: -28.7845, Max: 2.8849, Mean: -5.1567
  Data: [
    -11.1874, -28.7845, -24.8639, -14.2697, -10.2352, -8.8105, -7.5986, -7.7827, -10.3039, -9.3352,
    -7.7032, -5.4721, -5.5738, -6.6061, -4.3976, -3.1814, -4.0121, -1.7974, -2.3270, -0.7301,
    -4.5569, -1.5028, -1.5389, -1.6524, -2.4394, -0.0385, -0.6530, -0.4382, 1.6193, -0.0891,
    0.4873, 0.6925, -0.4290, 2.8849, 2.1403,
  ]

#### win_rate
  Points: 35
  Min: 0.0000, Max: 0.6000, Mean: 0.3089
  Data: [
    0.0000, 0.0100, 0.0300, 0.1400, 0.1100, 0.2100, 0.2200, 0.2000, 0.1300, 0.1700,
    0.2100, 0.2500, 0.2300, 0.1600, 0.2500, 0.3400, 0.3400, 0.3800, 0.3700, 0.4400,
    0.2800, 0.3900, 0.3700, 0.3700, 0.3400, 0.4400, 0.4300, 0.4400, 0.5200, 0.4500,
    0.4900, 0.4500, 0.4700, 0.5800, 0.6000,
  ]

#### wins
  Points: 35
  Min: 0.0000, Max: 5211.0000, Mean: 1976.6286
  Data: [
    0.0000, 20.0000, 29.0000, 89.0000, 139.0000, 207.0000, 300.0000, 440.0000, 540.0000, 588.0000,
    752.0000, 820.0000, 966.0000, 1069.0000, 1241.0000, 1358.0000, 1477.0000, 1579.0000, 1757.0000, 1975.0000,
    2153.0000, 2280.0000, 2418.0000, 2626.0000, 2767.0000, 2952.0000, 3302.0000, 3660.0000, 3875.0000, 4083.0000,
    4232.0000, 4540.0000, 4755.0000, 4982.0000, 5211.0000,
  ]


### EPISODE
#### draw_rate_100
  Points: 35
  Min: 0.0000, Max: 0.0100, Mean: 0.0011
  Data: [
    0.0000, 0.0100, 0.0000, 0.0000, 0.0000, 0.0000, 0.0000, 0.0000, 0.0000, 0.0000,
    0.0000, 0.0000, 0.0000, 0.0100, 0.0000, 0.0000, 0.0000, 0.0000, 0.0000, 0.0100,
    0.0000, 0.0000, 0.0000, 0.0000, 0.0000, 0.0000, 0.0100, 0.0000, 0.0000, 0.0000,
    0.0000, 0.0000, 0.0000, 0.0000, 0.0000,
  ]

#### length_max
  Points: 35
  Min: 32.0000, Max: 251.0000, Mean: 244.7429
  Data: [
    32.0000, 251.0000, 251.0000, 251.0000, 251.0000, 251.0000, 251.0000, 251.0000, 251.0000, 251.0000,
    251.0000, 251.0000, 251.0000, 251.0000, 251.0000, 251.0000, 251.0000, 251.0000, 251.0000, 251.0000,
    251.0000, 251.0000, 251.0000, 251.0000, 251.0000, 251.0000, 251.0000, 251.0000, 251.0000, 251.0000,
    251.0000, 251.0000, 251.0000, 251.0000, 251.0000,
  ]

#### length_mean
  Points: 35
  Min: 32.0000, Max: 173.3600, Mean: 135.2449
  Data: [
    32.0000, 173.3600, 172.5400, 132.7200, 155.7300, 134.5400, 121.8600, 130.7100, 133.5200, 123.7400,
    154.4100, 127.5500, 135.4400, 138.5900, 169.0100, 136.4600, 104.2600, 147.2700, 132.3000, 141.0600,
    126.9300, 131.2200, 141.9600, 153.1100, 133.7800, 146.8700, 143.0500, 129.0500, 136.1300, 131.2600,
    119.4700, 146.6900, 130.4500, 138.0100, 128.5200,
  ]

#### length_min
  Points: 35
  Min: 13.0000, Max: 32.0000, Mean: 23.6857
  Data: [
    32.0000, 30.0000, 15.0000, 24.0000, 25.0000, 21.0000, 24.0000, 17.0000, 24.0000, 18.0000,
    25.0000, 21.0000, 27.0000, 14.0000, 25.0000, 22.0000, 21.0000, 28.0000, 28.0000, 22.0000,
    21.0000, 20.0000, 28.0000, 27.0000, 13.0000, 28.0000, 27.0000, 27.0000, 27.0000, 27.0000,
    27.0000, 22.0000, 28.0000, 28.0000, 16.0000,
  ]

#### length_std
  Points: 35
  Min: 0.0000, Max: 96.4724, Mean: 86.5861
  Data: [
    0.0000, 96.4724, 93.6725, 89.6397, 89.2010, 92.3224, 89.1100, 91.0313, 92.1092, 89.2239,
    84.1205, 90.3229, 87.7035, 90.4308, 86.1094, 90.1181, 80.4289, 93.0234, 89.2816, 92.3674,
    88.9845, 90.5146, 89.4641, 88.5512, 93.0212, 90.5494, 92.2506, 85.3000, 88.3688, 87.8233,
    83.5585, 90.1049, 82.9211, 90.3502, 82.0603,
  ]

#### reward_mean
  Points: 35
  Min: -28.7845, Max: 2.8849, Mean: -5.1567
  Data: [
    -11.1874, -28.7845, -24.8639, -14.2697, -10.2352, -8.8105, -7.5986, -7.7827, -10.3039, -9.3352,
    -7.7032, -5.4721, -5.5738, -6.6061, -4.3976, -3.1814, -4.0121, -1.7974, -2.3270, -0.7301,
    -4.5569, -1.5028, -1.5389, -1.6524, -2.4394, -0.0385, -0.6530, -0.4382, 1.6193, -0.0891,
    0.4873, 0.6925, -0.4290, 2.8849, 2.1403,
  ]

#### reward_std
  Points: 35
  Min: 0.0000, Max: 17.6346, Mean: 9.3662
  Data: [
    0.0000, 17.6346, 15.6509, 13.3149, 8.4136, 10.5876, 9.5580, 9.4610, 9.0890, 8.9787,
    9.1817, 9.1696, 8.8284, 8.1314, 8.7780, 9.0933, 9.6580, 9.4389, 9.5327, 9.1916,
    9.0960, 9.1364, 9.3799, 8.9127, 9.2011, 8.7187, 9.1385, 9.0399, 8.4625, 9.2744,
    9.1533, 8.2560, 9.4659, 7.9071, 8.9816,
  ]

#### win_rate_100
  Points: 35
  Min: 0.0000, Max: 0.6000, Mean: 0.3089
  Data: [
    0.0000, 0.0100, 0.0300, 0.1400, 0.1100, 0.2100, 0.2200, 0.2000, 0.1300, 0.1700,
    0.2100, 0.2500, 0.2300, 0.1600, 0.2500, 0.3400, 0.3400, 0.3800, 0.3700, 0.4400,
    0.2800, 0.3900, 0.3700, 0.3700, 0.3400, 0.4400, 0.4300, 0.4400, 0.5200, 0.4500,
    0.4900, 0.4500, 0.4700, 0.5800, 0.6000,
  ]


### TIME
#### elapsed_hours
  Points: 35
  Min: 0.0018, Max: 23.8673, Mean: 11.9817
  Data: [
    0.0018, 0.5475, 1.0548, 1.9183, 2.6420, 3.4782, 4.2039, 5.1356, 5.7638, 6.1159,
    7.3198, 7.7687, 8.6545, 9.3561, 10.2221, 10.8097, 11.3641, 11.8351, 12.5776, 13.3536,
    14.1331, 14.6444, 15.1431, 15.8863, 16.4075, 16.9817, 18.0909, 19.4108, 20.1332, 20.8454,
    21.2969, 22.2697, 22.7857, 23.3416, 23.8673,
  ]

#### episodes_per_hour
  Points: 35
  Min: 717.6109, Max: 276706.3809, Mean: 8655.1243
  Data: [
    276706.3809, 1536.0636, 1072.1974, 865.8675, 799.0039, 765.0508, 756.6854, 753.7604, 749.6770, 745.7572,
    736.4915, 736.4208, 737.3044, 735.4533, 731.8422, 732.7671, 731.3404, 730.1190, 729.9475, 728.7190,
    725.3175, 725.9429, 725.8094, 726.4757, 725.9487, 726.1347, 725.8340, 725.9349, 722.7366, 721.0708,
    719.8711, 717.6109, 718.9146, 719.7871, 721.1134,
  ]

#### gradient_steps_per_second
  Points: 35
  Min: 0.6137, Max: 0.7780, Mean: 0.7461
  Data: [
    0.6137, 0.6920, 0.6647, 0.6725, 0.6775, 0.6903, 0.7086, 0.7293, 0.7366, 0.7378,
    0.7424, 0.7467, 0.7550, 0.7578, 0.7588, 0.7628, 0.7637, 0.7643, 0.7669, 0.7681,
    0.7666, 0.7687, 0.7698, 0.7722, 0.7727, 0.7741, 0.7758, 0.7780, 0.7754, 0.7745,
    0.7738, 0.7724, 0.7744, 0.7760, 0.7780,
  ]

#### steps_per_second
  Points: 35
  Min: 4.9094, Max: 27.7111, Mean: 26.1208
  Data: [
    4.9094, 27.7111, 27.2523, 26.3479, 25.9336, 25.5186, 25.8279, 26.2646, 26.3288, 26.0989,
    26.2229, 26.3009, 26.4072, 26.5985, 26.7311, 26.6488, 26.6121, 26.6713, 26.7683, 26.8203,
    26.8332, 26.8632, 26.8776, 26.9971, 27.0155, 27.0560, 27.1529, 27.3709, 27.2983, 27.2676,
    27.1640, 27.0741, 27.0698, 27.0958, 27.1185,
  ]


### EVAL
#### combined_win_rate
  Points: 14
  Min: 0.0500, Max: 0.5500, Mean: 0.3107
  Data: [
    0.0500, 0.1500, 0.2000, 0.2000, 0.3500, 0.3000, 0.3500, 0.1500, 0.4000, 0.3000,
    0.4500, 0.4500, 0.4500, 0.5500,
  ]

#### gif_strong
  Points: 14
  Error: float() argument must be a string or a real number, not 'dict'

#### gif_weak
  Points: 14
  Error: float() argument must be a string or a real number, not 'dict'

#### strong_draws
  Points: 14
  Min: 1.0000, Max: 6.0000, Mean: 3.2143
  Data: [
    6.0000, 4.0000, 5.0000, 5.0000, 2.0000, 3.0000, 3.0000, 4.0000, 1.0000, 3.0000,
    1.0000, 5.0000, 2.0000, 1.0000,
  ]

#### strong_losses
  Points: 14
  Min: 3.0000, Max: 6.0000, Mean: 4.1429
  Data: [
    3.0000, 3.0000, 3.0000, 5.0000, 5.0000, 5.0000, 4.0000, 4.0000, 5.0000, 4.0000,
    5.0000, 3.0000, 3.0000, 6.0000,
  ]

#### strong_mean_reward
  Points: 14
  Min: -20.6872, Max: -0.8138, Mean: -7.6274
  Data: [
    -20.6872, -11.2464, -9.7406, -14.5862, -8.8495, -6.9400, -5.4517, -5.2978, -4.1885, -3.9599,
    -4.2635, -4.7624, -0.8138, -5.9967,
  ]

#### strong_win_rate
  Points: 14
  Min: 0.0000, Max: 0.5000, Mean: 0.2643
  Data: [
    0.1000, 0.3000, 0.2000, 0.0000, 0.3000, 0.2000, 0.3000, 0.2000, 0.4000, 0.3000,
    0.4000, 0.2000, 0.5000, 0.3000,
  ]

#### strong_wins
  Points: 14
  Min: 0.0000, Max: 5.0000, Mean: 2.6429
  Data: [
    1.0000, 3.0000, 2.0000, 0.0000, 3.0000, 2.0000, 3.0000, 2.0000, 4.0000, 3.0000,
    4.0000, 2.0000, 5.0000, 3.0000,
  ]

#### weak_draws
  Points: 14
  Min: 0.0000, Max: 5.0000, Mean: 3.0000
  Data: [
    5.0000, 2.0000, 4.0000, 2.0000, 0.0000, 3.0000, 4.0000, 4.0000, 2.0000, 5.0000,
    3.0000, 2.0000, 4.0000, 2.0000,
  ]

#### weak_losses
  Points: 14
  Min: 0.0000, Max: 8.0000, Mean: 3.4286
  Data: [
    5.0000, 8.0000, 4.0000, 4.0000, 6.0000, 3.0000, 2.0000, 5.0000, 4.0000, 2.0000,
    2.0000, 1.0000, 2.0000, 0.0000,
  ]

#### weak_mean_reward
  Points: 14
  Min: -20.4799, Max: 7.1844, Mean: -3.5885
  Data: [
    -20.4799, -12.0717, -7.8237, -4.6620, -5.3010, -1.8990, -0.1115, -7.1204, -2.3948, -1.8136,
    1.3806, 5.0820, -0.2086, 7.1844,
  ]

#### weak_win_rate
  Points: 14
  Min: 0.0000, Max: 0.8000, Mean: 0.3571
  Data: [
    0.0000, 0.0000, 0.2000, 0.4000, 0.4000, 0.4000, 0.4000, 0.1000, 0.4000, 0.3000,
    0.5000, 0.7000, 0.4000, 0.8000,
  ]

#### weak_wins
  Points: 14
  Min: 0.0000, Max: 8.0000, Mean: 3.5714
  Data: [
    0.0000, 0.0000, 2.0000, 4.0000, 4.0000, 4.0000, 4.0000, 1.0000, 4.0000, 3.0000,
    5.0000, 7.0000, 4.0000, 8.0000,
  ]


### WORLD
#### continue_actual_mean
  Points: 35
  Min: 0.9869, Max: 0.9990, Mean: 0.9928
  Data: [
    0.9940, 0.9960, 0.9919, 0.9929, 0.9960, 0.9869, 0.9960, 0.9929, 0.9909, 0.9929,
    0.9919, 0.9970, 0.9889, 0.9899, 0.9940, 0.9929, 0.9919, 0.9909, 0.9919, 0.9960,
    0.9919, 0.9970, 0.9940, 0.9919, 0.9990, 0.9879, 0.9950, 0.9940, 0.9899, 0.9919,
    0.9909, 0.9919, 0.9909, 0.9940, 0.9929,
  ]

#### continue_loss
  Points: 35
  Min: 0.0043, Max: 0.6076, Mean: 0.0362
  Data: [
    0.6076, 0.0226, 0.0320, 0.0299, 0.0254, 0.0356, 0.0113, 0.0242, 0.0222, 0.0221,
    0.0068, 0.0043, 0.0328, 0.0164, 0.0125, 0.0121, 0.0170, 0.0277, 0.0270, 0.0044,
    0.0249, 0.0067, 0.0157, 0.0109, 0.0048, 0.0331, 0.0237, 0.0154, 0.0292, 0.0075,
    0.0282, 0.0244, 0.0152, 0.0161, 0.0155,
  ]

#### continue_pred_mean
  Points: 35
  Min: 0.5453, Max: 0.9966, Mean: 0.9801
  Data: [
    0.5453, 0.9966, 0.9954, 0.9960, 0.9947, 0.9894, 0.9941, 0.9933, 0.9943, 0.9945,
    0.9883, 0.9934, 0.9927, 0.9906, 0.9922, 0.9920, 0.9906, 0.9955, 0.9930, 0.9931,
    0.9938, 0.9939, 0.9917, 0.9914, 0.9953, 0.9882, 0.9951, 0.9930, 0.9919, 0.9913,
    0.9915, 0.9932, 0.9913, 0.9920, 0.9934,
  ]

#### kl_loss
  Points: 35
  Min: -0.0000, Max: 3.2817, Mean: 2.7149
  Data: [
    -0.0000, 3.2817, 3.2432, 2.7933, 2.6614, 2.8136, 2.9391, 3.1154, 3.0063, 2.9700,
    2.9850, 2.5324, 2.8459, 2.8210, 2.6494, 2.4488, 2.7705, 2.8515, 2.6863, 2.5896,
    2.4393, 2.4385, 2.3810, 2.5729, 2.5296, 2.9480, 3.0489, 2.6302, 2.9827, 2.7034,
    2.8679, 2.8283, 2.8100, 2.8768, 2.9601,
  ]

#### latent_entropy
  Points: 35
  Min: 1.1166, Max: 2.7711, Mean: 1.3148
  Data: [
    2.7711, 1.2119, 1.1842, 1.1961, 1.2003, 1.1494, 1.1429, 1.1166, 1.1583, 1.1178,
    1.1514, 1.1698, 1.1813, 1.2056, 1.2390, 1.2259, 1.2507, 1.2343, 1.2580, 1.2992,
    1.3280, 1.3254, 1.3558, 1.3533, 1.3829, 1.3616, 1.3609, 1.3924, 1.3854, 1.3876,
    1.3846, 1.3855, 1.3844, 1.3855, 1.3811,
  ]

#### loss
  Points: 35
  Min: 19.7141, Max: 43.4062, Mean: 20.9119
  Data: [
    43.4062, 21.9617, 21.7136, 20.5296, 20.3051, 20.4861, 20.4607, 20.7434, 20.6269, 20.3837,
    20.4254, 19.8850, 20.3143, 20.2649, 20.1509, 19.7481, 20.1987, 20.1818, 20.0561, 19.8332,
    19.7153, 19.7267, 19.7141, 19.8438, 19.8175, 20.4018, 20.4037, 19.8324, 20.2288, 19.8614,
    20.0946, 20.0562, 20.0558, 20.2139, 20.2759,
  ]

#### prior_posterior_kl
  Points: 35
  Min: 0.0026, Max: 0.2475, Mean: 0.2126
  Data: [
    0.0026, 0.2475, 0.2435, 0.2170, 0.2088, 0.2180, 0.2263, 0.2377, 0.2312, 0.2286,
    0.2295, 0.2024, 0.2203, 0.2199, 0.2112, 0.1985, 0.2174, 0.2223, 0.2131, 0.2080,
    0.1979, 0.1986, 0.1954, 0.2063, 0.2041, 0.2278, 0.2347, 0.2092, 0.2305, 0.2142,
    0.2233, 0.2214, 0.2200, 0.2243, 0.2291,
  ]

#### recon_error_max
  Points: 35
  Min: 0.3629, Max: 2.4002, Mean: 0.7376
  Data: [
    2.4002, 1.3886, 0.8692, 0.6818, 0.7971, 0.7649, 0.4884, 0.7307, 0.6070, 0.5677,
    0.6185, 0.6270, 1.0999, 0.5169, 0.5309, 0.5437, 0.7770, 0.4915, 1.0412, 0.6226,
    0.6460, 0.7245, 0.3629, 0.6779, 0.4819, 0.7985, 0.4276, 0.5873, 0.8311, 0.5767,
    0.7202, 0.4257, 0.4222, 1.1150, 0.8529,
  ]

#### recon_error_mean
  Points: 35
  Min: 0.0246, Max: 0.8439, Mean: 0.0617
  Data: [
    0.8439, 0.1617, 0.1025, 0.0670, 0.0524, 0.0515, 0.0453, 0.0385, 0.0365, 0.0342,
    0.0326, 0.0269, 0.0332, 0.0320, 0.0277, 0.0265, 0.0319, 0.0296, 0.0293, 0.0308,
    0.0283, 0.0278, 0.0279, 0.0287, 0.0301, 0.0320, 0.0320, 0.0259, 0.0320, 0.0285,
    0.0258, 0.0257, 0.0246, 0.0274, 0.0285,
  ]

#### recon_error_std
  Points: 35
  Min: 0.0368, Max: 0.4205, Mean: 0.0639
  Data: [
    0.4205, 0.1389, 0.1053, 0.0761, 0.0695, 0.0604, 0.0492, 0.0548, 0.0469, 0.0501,
    0.0465, 0.0439, 0.0618, 0.0452, 0.0419, 0.0415, 0.0534, 0.0443, 0.0550, 0.0415,
    0.0476, 0.0438, 0.0368, 0.0441, 0.0426, 0.0582, 0.0443, 0.0450, 0.0623, 0.0440,
    0.0427, 0.0375, 0.0374, 0.0547, 0.0495,
  ]

#### recon_loss
  Points: 35
  Min: 16.7624, Max: 24.1357, Mean: 17.0961
  Data: [
    24.1357, 17.9963, 17.4636, 17.1443, 17.0122, 17.0046, 16.9487, 16.8870, 16.8692, 16.8483,
    16.8344, 16.7833, 16.8397, 16.8289, 16.7899, 16.7791, 16.8278, 16.8074, 16.8050, 16.8180,
    16.7955, 16.7907, 16.7916, 16.7992, 16.8118, 16.8292, 16.8291, 16.7739, 16.8289, 16.7972,
    16.7728, 16.7724, 16.7624, 16.7873, 16.7970,
  ]

#### reward_actual_mean
  Points: 35
  Min: -0.1022, Max: 0.0076, Mean: -0.0424
  Data: [
    -0.0750, -0.0763, -0.0721, -0.1022, -0.0800, -0.1021, -0.0739, -0.0795, -0.0614, -0.0607,
    -0.0621, -0.0413, -0.0396, -0.0851, -0.0491, -0.0439, -0.0471, 0.0024, -0.0319, -0.0240,
    -0.0308, -0.0213, -0.0360, -0.0261, -0.0305, -0.0319, -0.0165, -0.0134, -0.0245, -0.0012,
    0.0076, -0.0121, -0.0256, -0.0017, -0.0158,
  ]

#### reward_loss
  Points: 35
  Min: 0.3266, Max: 5.5214, Mean: 0.6475
  Data: [
    5.5214, 0.5593, 0.8419, 0.5028, 0.5610, 0.5711, 0.5214, 0.6665, 0.6857, 0.5070,
    0.5673, 0.5298, 0.5637, 0.5562, 0.6488, 0.4756, 0.5385, 0.4492, 0.4930, 0.3836,
    0.4116, 0.4550, 0.4865, 0.4187, 0.4393, 0.5606, 0.4721, 0.3810, 0.3540, 0.3266,
    0.3950, 0.3994, 0.4437, 0.5019, 0.4724,
  ]

#### reward_pred_error_mean
  Points: 35
  Min: 0.0095, Max: 0.0750, Mean: 0.0252
  Data: [
    0.0750, 0.0491, 0.0600, 0.0221, 0.0362, 0.0347, 0.0267, 0.0250, 0.0265, 0.0276,
    0.0357, 0.0164, 0.0227, 0.0221, 0.0202, 0.0193, 0.0186, 0.0185, 0.0168, 0.0247,
    0.0215, 0.0130, 0.0244, 0.0175, 0.0210, 0.0351, 0.0235, 0.0125, 0.0095, 0.0200,
    0.0323, 0.0117, 0.0107, 0.0162, 0.0168,
  ]

#### reward_pred_error_std
  Points: 35
  Min: 0.0418, Max: 0.1894, Mean: 0.1076
  Data: [
    0.1468, 0.1229, 0.1894, 0.0620, 0.1486, 0.1290, 0.1117, 0.1058, 0.1096, 0.1361,
    0.1556, 0.0859, 0.1050, 0.0942, 0.0957, 0.0845, 0.0889, 0.0808, 0.0973, 0.1357,
    0.1159, 0.0796, 0.0755, 0.0817, 0.1077, 0.1453, 0.1149, 0.0651, 0.0418, 0.1253,
    0.1839, 0.0763, 0.0602, 0.0993, 0.1093,
  ]

#### reward_pred_mean
  Points: 35
  Min: -0.1023, Max: 0.0276, Mean: -0.0386
  Data: [
    -0.0000, -0.0846, -0.0607, -0.1023, -0.0840, -0.0990, -0.0740, -0.0803, -0.0658, -0.0601,
    -0.0461, -0.0367, -0.0459, -0.0796, -0.0530, -0.0394, -0.0528, -0.0071, -0.0365, -0.0090,
    -0.0285, -0.0261, -0.0275, -0.0271, -0.0285, -0.0264, -0.0157, -0.0172, -0.0233, 0.0039,
    0.0276, -0.0163, -0.0282, 0.0059, -0.0066,
  ]


### BEHAVIOR
#### actor_loss
  Points: 35
  Min: -0.8616, Max: 1.4464, Mean: 0.2027
  Data: [
    -0.0526, 1.1282, 0.4737, 1.4464, 0.0564, 0.4696, 0.4074, 0.1890, 0.6417, 1.1230,
    0.3132, 0.0997, 0.5546, 0.3612, 0.4794, 0.0277, 0.3332, 0.3983, 0.5374, 0.0057,
    0.4319, 0.1166, 0.5550, 0.3600, 0.3371, 0.2104, -0.2722, -0.1204, 0.3607, -0.8616,
    -0.3368, -0.7473, -0.7330, -0.7766, -0.4218,
  ]

#### advantages_abs_mean
  Points: 35
  Min: 0.0221, Max: 0.1039, Mean: 0.0685
  Data: [
    0.0221, 0.0864, 0.0781, 0.0886, 0.0330, 0.0435, 0.0351, 0.0438, 0.0524, 0.0656,
    0.0796, 0.0387, 0.0556, 0.0461, 0.0747, 0.0844, 0.0776, 0.0743, 0.0680, 0.0649,
    0.0782, 0.0708, 0.0728, 0.0720, 0.0698, 0.0674, 0.0908, 0.0908, 0.0738, 0.1039,
    0.1035, 0.0740, 0.0698, 0.0821, 0.0655,
  ]

#### advantages_max
  Points: 35
  Min: -0.0046, Max: 1.5365, Mean: 1.0059
  Data: [
    -0.0046, 0.7572, 1.1936, 1.3505, 0.8595, 0.9960, 0.4816, 0.6638, 0.8116, 0.7751,
    1.3321, 0.5213, 0.8193, 0.7231, 1.1563, 1.4272, 0.9394, 0.9876, 0.9174, 0.9875,
    1.2444, 0.7993, 1.0728, 1.1313, 0.9457, 1.2041, 1.1430, 1.2546, 1.4709, 1.5277,
    1.0803, 1.0709, 1.0566, 1.5365, 0.9734,
  ]

#### advantages_mean
  Points: 35
  Min: -0.0760, Max: 0.0235, Mean: -0.0082
  Data: [
    -0.0221, -0.0760, -0.0294, -0.0552, -0.0016, -0.0145, -0.0119, -0.0071, -0.0171, -0.0306,
    -0.0082, -0.0028, -0.0149, -0.0094, -0.0112, -0.0006, -0.0087, -0.0106, -0.0141, -0.0006,
    -0.0115, -0.0034, -0.0156, -0.0097, -0.0102, -0.0051, 0.0077, 0.0049, -0.0106, 0.0235,
    0.0110, 0.0216, 0.0210, 0.0228, 0.0118,
  ]

#### advantages_min
  Points: 35
  Min: -2.0544, Max: -0.0338, Mean: -1.1548
  Data: [
    -0.0338, -1.1223, -0.9218, -1.3124, -1.0141, -0.8798, -0.7580, -0.9160, -0.9714, -1.0369,
    -0.7604, -1.0140, -1.0182, -1.1099, -0.8673, -2.0544, -0.7770, -0.8943, -1.2803, -0.8397,
    -1.0030, -0.9698, -0.9264, -1.0959, -1.0911, -1.0300, -1.0615, -1.5272, -1.8110, -1.6504,
    -1.9361, -1.5978, -1.6266, -1.6180, -1.8915,
  ]

#### advantages_std
  Points: 35
  Min: 0.0045, Max: 0.2105, Mean: 0.1324
  Data: [
    0.0045, 0.1447, 0.1449, 0.1450, 0.0781, 0.1018, 0.0749, 0.0861, 0.1209, 0.1328,
    0.1413, 0.0760, 0.1022, 0.0965, 0.1448, 0.1777, 0.1338, 0.1416, 0.1369, 0.1260,
    0.1377, 0.1290, 0.1329, 0.1373, 0.1304, 0.1447, 0.1670, 0.1942, 0.1965, 0.2105,
    0.1861, 0.1400, 0.1297, 0.1491, 0.1393,
  ]

#### critic_loss
  Points: 35
  Min: 0.8085, Max: 5.5344, Mean: 1.4388
  Data: [
    5.5344, 1.2112, 0.8524, 1.1073, 0.8085, 0.9131, 0.9921, 1.0555, 1.0361, 1.1443,
    1.3917, 1.0774, 1.1697, 1.2490, 1.4768, 1.4714, 1.5366, 1.5519, 1.6327, 1.6725,
    1.7228, 1.6790, 1.5036, 1.6367, 1.5540, 1.4302, 1.7626, 1.5478, 1.1991, 1.4908,
    1.4499, 1.2005, 1.0271, 1.2814, 0.9893,
  ]

#### entropy_max
  Points: 35
  Min: 7.0293, Max: 13.6758, Mean: 13.4693
  Data: [
    7.0293, 13.1549, 13.6320, 13.6666, 13.6728, 13.6753, 13.6755, 13.6754, 13.6756, 13.6757,
    13.6757, 13.6757, 13.6758, 13.6758, 13.6758, 13.6758, 13.6758, 13.6758, 13.6758, 13.6758,
    13.6758, 13.6758, 13.6758, 13.6758, 13.6758, 13.6758, 13.6758, 13.6758, 13.6758, 13.6758,
    13.6758, 13.6758, 13.6758, 13.6758, 13.6758,
  ]

#### entropy_mean
  Points: 35
  Min: 6.5421, Max: 13.6757, Mean: 13.2074
  Data: [
    6.5421, 11.9881, 12.6162, 13.6106, 13.6604, 13.0715, 13.4531, 13.6519, 13.0131, 13.6684,
    13.6718, 13.6725, 13.5135, 13.3923, 12.4434, 13.6665, 13.6300, 13.6464, 13.6645, 12.9337,
    12.6746, 13.3643, 13.5870, 13.2350, 13.4311, 13.4929, 13.6219, 13.6161, 13.6739, 13.6750,
    13.6753, 13.6747, 13.6755, 13.6757, 13.6754,
  ]

#### entropy_min
  Points: 35
  Min: -2.3242, Max: 13.6693, Mean: 6.0481
  Data: [
    5.9715, 6.4907, -1.4446, 11.2852, 12.4422, -0.8883, -0.5789, 12.3434, 9.6686, 13.5457,
    13.3794, 12.1963, -2.3241, -2.3242, -2.3238, 10.0263, 3.7041, 3.3879, 9.0248, -1.8523,
    -2.2469, -2.3086, 1.2566, -2.3240, -2.3188, 1.1410, 9.5071, 5.0073, 13.2686, 13.5943,
    13.6391, 11.2334, 13.6215, 13.6693, 13.2131,
  ]

#### entropy_std
  Points: 35
  Min: 0.0002, Max: 2.8386, Mean: 0.7372
  Data: [
    0.1364, 1.0047, 2.5512, 0.1504, 0.0489, 2.2507, 0.7262, 0.0702, 1.4605, 0.0151,
    0.0081, 0.0303, 1.3133, 1.8114, 2.8386, 0.1121, 0.2476, 0.2627, 0.1495, 1.6756,
    2.2884, 1.2459, 0.6322, 1.8653, 1.2028, 0.8957, 0.4144, 0.3457, 0.0117, 0.0025,
    0.0015, 0.0274, 0.0012, 0.0002, 0.0050,
  ]

#### logprobs_mean
  Points: 35
  Min: -2.2900, Max: 38.5334, Mean: 33.0550
  Data: [
    -2.2900, 15.5585, 17.4149, 26.1184, 30.3691, 33.7905, 34.4766, 35.3814, 37.5818, 37.0678,
    36.7172, 38.0056, 38.0676, 38.1723, 38.5334, 36.9189, 37.5257, 37.3991, 37.8643, 37.7505,
    37.3246, 37.0478, 35.2550, 34.4046, 33.0469, 33.4912, 32.0992, 33.0669, 32.4466, 34.2768,
    33.9203, 33.6337, 34.9586, 34.4003, 35.1274,
  ]

#### logprobs_std
  Points: 35
  Min: 1.0621, Max: 9.2875, Mean: 7.3888
  Data: [
    1.0621, 8.7265, 9.2875, 8.8979, 8.4498, 7.7254, 7.5577, 7.3852, 6.3974, 6.5620,
    6.7567, 6.0153, 5.8295, 6.0992, 6.8843, 6.3051, 6.2627, 6.3580, 6.1383, 7.3813,
    7.9146, 7.1326, 7.8618, 8.4596, 8.7375, 8.6461, 8.7186, 8.5023, 8.6815, 8.1399,
    8.0040, 8.4074, 7.8986, 7.6833, 7.7385,
  ]


### VALUES
#### critic_slow_diff
  Points: 35
  Min: 0.0000, Max: 2.1272, Mean: 0.2854
  Data: [
    0.0000, 0.5022, 2.1272, 1.5499, 0.4045, 0.2952, 0.1816, 0.4697, 0.1271, 0.3239,
    0.2418, 0.2167, 0.2541, 0.2136, 0.1436, 0.2081, 0.1437, 0.1567, 0.1054, 0.1942,
    0.2581, 0.1986, 0.2031, 0.1319, 0.0615, 0.0948, 0.1150, 0.1295, 0.0717, 0.1203,
    0.2330, 0.0565, 0.0776, 0.2773, 0.0991,
  ]

#### lambda_returns_max
  Points: 35
  Min: -1.1246, Max: 9.1831, Mean: 5.6299
  Data: [
    -0.0000, -0.6189, 1.1557, -1.1246, 5.7267, 7.9335, 6.0010, 5.7495, 5.1007, 2.3940,
    6.6349, 4.8989, 5.5344, 6.4833, 6.7058, 9.1831, 4.8960, 5.8856, 5.0572, 5.9603,
    6.6893, 5.1697, 6.0602, 5.2851, 4.7870, 7.2234, 8.0043, 6.1080, 5.8986, 5.9639,
    7.0571, 8.6210, 8.8007, 8.7097, 9.1122,
  ]

#### lambda_returns_mean
  Points: 35
  Min: -28.9443, Max: 4.3071, Mean: -4.0715
  Data: [
    -0.0002, -15.3533, -28.9443, -13.3286, -19.3387, -12.8159, -9.9597, -9.0567, -7.9108, -7.8329,
    -4.9961, -6.9466, -6.1530, -4.9115, -2.0911, -1.1474, -1.4799, -0.8761, -0.7513, -0.4625,
    -0.8464, -0.5255, -1.0597, -0.4777, -0.8460, -0.2828, 0.0960, 0.4300, 0.2667, 0.9514,
    1.6667, 2.2391, 3.3229, 2.6117, 4.3071,
  ]

#### lambda_returns_min
  Points: 35
  Min: -37.2477, Max: -0.0003, Mean: -11.7471
  Data: [
    -0.0003, -27.5110, -37.2477, -20.1045, -28.2705, -19.7744, -17.6314, -16.9941, -18.9039, -15.9975,
    -11.1996, -15.3682, -13.0560, -15.6840, -7.8065, -14.3298, -6.4428, -7.4416, -7.2288, -6.6599,
    -7.4615, -6.7490, -6.1873, -6.9446, -6.6935, -6.5076, -10.1106, -6.4706, -9.2974, -7.0742,
    -6.0139, -6.3811, -5.5944, -6.0508, -5.9596,
  ]

#### lambda_returns_std
  Points: 35
  Min: 0.0000, Max: 7.3492, Mean: 2.7536
  Data: [
    0.0000, 5.9303, 7.3492, 5.5777, 5.8053, 4.9606, 5.0321, 5.0077, 4.2670, 4.1568,
    3.1512, 4.7650, 3.8186, 4.0658, 1.9045, 1.5916, 1.5007, 1.4023, 1.3848, 1.3638,
    1.4395, 1.6945, 1.7786, 1.4684, 1.2386, 1.6811, 1.5489, 1.5088, 1.6035, 1.5693,
    1.1848, 1.3903, 1.4300, 1.8317, 1.9729,
  ]

#### max
  Points: 35
  Min: -15.8240, Max: 6.2106, Mean: 2.8966
  Data: [
    0.0000, -3.8574, -15.8240, -2.8937, 0.0691, 1.7335, 0.7880, 0.9039, 2.1237, 1.4951,
    3.5496, 2.8293, 3.5257, 3.0787, 3.8761, 4.4093, 3.7801, 4.1940, 4.6079, 4.6133,
    4.8592, 5.1737, 4.9559, 4.7968, 4.7567, 4.9750, 5.1459, 5.1230, 5.2719, 5.2061,
    5.2405, 5.3420, 5.6009, 5.7211, 6.2106,
  ]

#### mean
  Points: 35
  Min: -28.4949, Max: 4.2596, Mean: -3.9684
  Data: [
    -0.0000, -14.2456, -28.4949, -12.8382, -19.3226, -12.6309, -9.8010, -8.9628, -7.7161, -7.4593,
    -4.9256, -6.9129, -5.9949, -4.7932, -2.0114, -1.1419, -1.4281, -0.8146, -0.6678, -0.4551,
    -0.7761, -0.5012, -0.9757, -0.4267, -0.7866, -0.2479, 0.0586, 0.4183, 0.3189, 0.8703,
    1.6247, 2.1529, 3.2291, 2.5057, 4.2596,
  ]

#### min
  Points: 35
  Min: -35.7064, Max: -0.0000, Mean: -10.1912
  Data: [
    -0.0000, -18.7793, -35.7064, -23.2686, -25.3413, -18.7591, -16.4630, -16.6993, -14.9330, -15.7774,
    -10.8478, -14.9168, -12.4650, -15.5291, -6.8546, -5.9057, -5.8526, -5.6025, -5.6602, -5.4362,
    -5.3875, -5.9674, -5.4767, -5.5217, -5.3492, -6.0312, -6.5941, -5.4471, -6.1254, -5.2411,
    -4.8767, -5.0372, -5.0544, -4.6463, -5.1380,
  ]

#### norm_high
  Points: 35
  Min: -16.6807, Max: 5.6745, Mean: 0.2633
  Data: [
    0.0000, -3.7017, -16.6807, -5.1373, -7.1271, -3.5642, -1.9909, -1.1327, -1.8156, -1.1408,
    -0.8115, -1.2588, -0.7712, -0.4510, 0.0995, 0.3954, 0.4140, 1.2305, 1.6316, 2.0142,
    1.6534, 2.2287, 2.0342, 1.8932, 2.0719, 2.8860, 2.7470, 3.0165, 3.0264, 3.3960,
    3.8121, 4.4551, 4.9966, 5.1208, 5.6745,
  ]

#### norm_low
  Points: 35
  Min: -33.6111, Max: 0.1509, Mean: -7.6946
  Data: [
    -0.0000, -18.8090, -33.6111, -14.2781, -24.3882, -17.6432, -16.4382, -15.4360, -13.3948, -13.9372,
    -10.3573, -13.9440, -11.6928, -12.8883, -6.6699, -4.9932, -5.0812, -4.2451, -3.8708, -3.9323,
    -3.9484, -3.8450, -3.1678, -3.3697, -2.9629, -2.6030, -1.9485, -1.0455, -0.7660, -0.4101,
    -0.0123, 0.0564, 0.1188, 0.0544, 0.1509,
  ]

#### norm_scale
  Points: 35
  Min: 0.0000, Max: 17.2611, Mean: 7.9578
  Data: [
    0.0000, 15.1073, 16.9304, 9.1408, 17.2611, 14.0789, 14.4473, 14.3033, 11.5792, 12.7964,
    9.5457, 12.6853, 10.9216, 12.4373, 6.7694, 5.3887, 5.4952, 5.4756, 5.5025, 5.9465,
    5.6017, 6.0737, 5.2019, 5.2629, 5.0348, 5.4890, 4.6955, 4.0620, 3.7924, 3.8060,
    3.8244, 4.3986, 4.8778, 5.0664, 5.5236,
  ]

#### std
  Points: 35
  Min: 0.0000, Max: 7.0064, Mean: 2.5425
  Data: [
    0.0000, 5.8715, 7.0064, 5.4135, 5.8226, 5.0435, 4.9897, 4.9729, 4.1123, 4.1246,
    2.8473, 4.7661, 3.6116, 3.9468, 1.5481, 1.1097, 1.2741, 1.0282, 1.0922, 1.0291,
    1.1814, 1.4265, 1.4915, 1.1933, 0.9753, 1.3212, 1.2680, 1.1971, 1.2561, 1.2518,
    0.9196, 1.1947, 1.2487, 1.6231, 1.8287,
  ]


### IMAGINATION
#### continue_mean
  Points: 35
  Min: 0.5645, Max: 0.9968, Mean: 0.9812
  Data: [
    0.5645, 0.9968, 0.9964, 0.9953, 0.9944, 0.9925, 0.9933, 0.9923, 0.9940, 0.9921,
    0.9893, 0.9927, 0.9940, 0.9904, 0.9941, 0.9925, 0.9940, 0.9944, 0.9950, 0.9934,
    0.9953, 0.9945, 0.9920, 0.9936, 0.9956, 0.9922, 0.9937, 0.9910, 0.9907, 0.9920,
    0.9962, 0.9942, 0.9950, 0.9919, 0.9927,
  ]

#### continue_min
  Points: 35
  Min: 0.0005, Max: 0.7044, Mean: 0.0476
  Data: [
    0.5327, 0.7044, 0.2581, 0.0248, 0.0249, 0.0105, 0.0064, 0.0029, 0.0017, 0.0019,
    0.0013, 0.0016, 0.0031, 0.0031, 0.0119, 0.0007, 0.0019, 0.0024, 0.0090, 0.0007,
    0.0008, 0.0005, 0.0005, 0.0023, 0.0270, 0.0011, 0.0095, 0.0008, 0.0010, 0.0028,
    0.0061, 0.0017, 0.0011, 0.0040, 0.0016,
  ]

#### reward_abs_mean
  Points: 35
  Min: 0.0001, Max: 0.1329, Mean: 0.0624
  Data: [
    0.0001, 0.1329, 0.1130, 0.1143, 0.1041, 0.1034, 0.0904, 0.0861, 0.0792, 0.0830,
    0.0907, 0.0646, 0.0668, 0.0736, 0.0660, 0.0534, 0.0457, 0.0512, 0.0388, 0.0437,
    0.0461, 0.0389, 0.0541, 0.0501, 0.0368, 0.0604, 0.0511, 0.0510, 0.0509, 0.0517,
    0.0334, 0.0358, 0.0351, 0.0411, 0.0468,
  ]

#### reward_max
  Points: 35
  Min: -0.0000, Max: 2.4982, Mean: 2.2157
  Data: [
    -0.0000, 1.3296, 1.8190, 1.1039, 1.7932, 1.9199, 2.0814, 1.8664, 2.3547, 1.9891,
    2.3858, 2.3540, 2.4078, 2.4345, 2.4227, 2.4325, 2.3529, 2.3724, 2.4702, 2.4667,
    2.4225, 2.4617, 2.4530, 2.4805, 2.4604, 2.4760, 2.4855, 2.4910, 2.4953, 2.4972,
    2.4908, 2.4957, 2.4895, 2.4967, 2.4982,
  ]

#### reward_mean
  Points: 35
  Min: -0.1197, Max: 0.0126, Mean: -0.0334
  Data: [
    -0.0001, -0.1197, -0.0700, -0.1092, -0.0874, -0.0885, -0.0728, -0.0716, -0.0685, -0.0697,
    -0.0337, -0.0420, -0.0402, -0.0552, -0.0300, -0.0149, -0.0258, -0.0115, -0.0271, -0.0088,
    -0.0257, -0.0138, -0.0239, -0.0100, -0.0285, -0.0188, 0.0058, -0.0110, -0.0266, 0.0016,
    0.0126, -0.0002, 0.0043, 0.0121, -0.0012,
  ]

#### reward_min
  Points: 35
  Min: -2.6313, Max: -0.0002, Mean: -2.5033
  Data: [
    -0.0002, -2.1867, -2.3562, -2.5216, -2.5931, -2.6062, -2.6187, -2.6223, -2.6011, -2.6134,
    -2.6313, -2.6095, -2.6061, -2.6146, -2.5840, -2.6045, -2.6138, -2.6050, -2.5956, -2.6059,
    -2.6045, -2.5986, -2.5978, -2.6088, -2.5579, -2.5972, -2.5376, -2.6198, -2.6080, -2.5955,
    -2.5276, -2.5918, -2.6077, -2.5671, -2.6073,
  ]

#### reward_nonzero_frac
  Points: 35
  Min: 0.0000, Max: 0.6852, Mean: 0.1381
  Data: [
    0.0000, 0.6852, 0.4691, 0.4520, 0.3535, 0.3031, 0.2755, 0.1838, 0.2006, 0.1771,
    0.1207, 0.0733, 0.0918, 0.1058, 0.0842, 0.0628, 0.0460, 0.0703, 0.0740, 0.0646,
    0.1000, 0.0643, 0.1204, 0.0646, 0.0835, 0.0804, 0.0800, 0.0655, 0.0463, 0.0574,
    0.0299, 0.0332, 0.0305, 0.0388, 0.0445,
  ]

#### reward_significant_frac
  Points: 35
  Min: 0.0000, Max: 0.0279, Mean: 0.0154
  Data: [
    0.0000, 0.0197, 0.0187, 0.0124, 0.0134, 0.0174, 0.0153, 0.0171, 0.0163, 0.0172,
    0.0279, 0.0143, 0.0156, 0.0197, 0.0211, 0.0171, 0.0122, 0.0144, 0.0101, 0.0140,
    0.0107, 0.0109, 0.0138, 0.0166, 0.0063, 0.0193, 0.0164, 0.0182, 0.0194, 0.0191,
    0.0138, 0.0129, 0.0131, 0.0156, 0.0182,
  ]

#### reward_std
  Points: 35
  Min: 0.0000, Max: 0.3152, Mean: 0.2204
  Data: [
    0.0000, 0.2155, 0.2364, 0.2055, 0.2033, 0.2409, 0.2288, 0.2336, 0.2367, 0.2465,
    0.3152, 0.2240, 0.2284, 0.2675, 0.2639, 0.2342, 0.2073, 0.2145, 0.1804, 0.2103,
    0.1852, 0.1951, 0.2151, 0.2395, 0.1543, 0.2555, 0.2260, 0.2413, 0.2605, 0.2570,
    0.2025, 0.2086, 0.2108, 0.2176, 0.2506,
  ]


### ACTIONS
#### abs_mean
  Points: 35
  Min: 0.6359, Max: 0.9917, Mean: 0.9661
  Data: [
    0.6359, 0.9143, 0.9088, 0.9523, 0.9662, 0.9774, 0.9740, 0.9811, 0.9869, 0.9917,
    0.9854, 0.9902, 0.9888, 0.9898, 0.9863, 0.9848, 0.9875, 0.9889, 0.9900, 0.9858,
    0.9843, 0.9844, 0.9765, 0.9738, 0.9749, 0.9741, 0.9672, 0.9760, 0.9718, 0.9795,
    0.9762, 0.9736, 0.9776, 0.9803, 0.9768,
  ]

#### dim0_mean
  Points: 35
  Min: -0.4403, Max: 0.9658, Mean: 0.2812
  Data: [
    -0.0212, -0.4403, -0.0562, 0.9023, 0.9658, 0.8710, 0.5114, 0.7154, 0.5681, 0.9485,
    0.3666, 0.5123, 0.6862, 0.1977, 0.0344, 0.0354, 0.1673, 0.2847, 0.1743, -0.2438,
    0.0732, 0.2807, 0.3483, 0.1792, 0.0668, 0.2068, 0.2197, 0.2910, 0.1968, 0.2337,
    0.1103, 0.1450, 0.1202, 0.1104, 0.0783,
  ]

#### dim1_mean
  Points: 35
  Min: -0.4062, Max: 0.6040, Mean: -0.0123
  Data: [
    -0.0055, 0.6040, -0.0519, 0.1323, 0.0893, -0.1395, -0.1589, 0.0051, -0.1208, -0.4062,
    0.0286, -0.2452, 0.0763, 0.0762, 0.0052, -0.1456, 0.0962, 0.1654, 0.0517, -0.0325,
    0.0387, -0.0289, 0.0397, -0.1716, -0.2094, 0.0050, -0.1264, 0.0703, 0.1080, 0.0173,
    0.0269, -0.0266, -0.0691, -0.1048, -0.0231,
  ]

#### dim2_mean
  Points: 35
  Min: -0.2399, Max: 0.9390, Mean: 0.2461
  Data: [
    0.0053, -0.1106, 0.0649, 0.7824, 0.8492, 0.9159, 0.5385, 0.7283, 0.5792, 0.9390,
    0.3402, 0.4716, 0.6542, 0.1713, 0.0081, -0.0093, 0.1460, 0.2714, 0.1769, -0.2111,
    0.0735, 0.2799, 0.2504, 0.0685, -0.1304, 0.0322, -0.2399, 0.1647, 0.0239, 0.2115,
    -0.1654, 0.1717, 0.1180, 0.2157, 0.2278,
  ]

#### dim3_mean
  Points: 35
  Min: -0.5114, Max: 0.9902, Mean: 0.4215
  Data: [
    0.0032, 0.0498, -0.0145, 0.3057, 0.7919, 0.9081, 0.8074, 0.9501, 0.9854, 0.9902,
    0.9783, 0.9889, 0.9102, 0.8377, 0.4898, 0.7539, 0.8143, 0.7201, 0.6078, 0.4147,
    0.1899, 0.3895, 0.1951, 0.1045, -0.0924, 0.2197, -0.3125, -0.1415, -0.2123, -0.0168,
    -0.5114, -0.0732, 0.4047, 0.8733, 0.4443,
  ]

#### max
  Points: 35
  Min: 0.9999, Max: 1.0000, Mean: 1.0000
  Data: [
    0.9999, 1.0000, 1.0000, 1.0000, 1.0000, 1.0000, 1.0000, 1.0000, 1.0000, 1.0000,
    1.0000, 1.0000, 1.0000, 1.0000, 1.0000, 1.0000, 1.0000, 1.0000, 1.0000, 1.0000,
    1.0000, 1.0000, 1.0000, 1.0000, 1.0000, 1.0000, 1.0000, 1.0000, 1.0000, 1.0000,
    1.0000, 1.0000, 1.0000, 1.0000, 1.0000,
  ]

#### mean
  Points: 35
  Min: -0.1349, Max: 0.6741, Mean: 0.2341
  Data: [
    -0.0045, 0.0257, -0.0144, 0.5307, 0.6741, 0.6389, 0.4246, 0.5997, 0.5030, 0.6179,
    0.4285, 0.4319, 0.5817, 0.3207, 0.1344, 0.1586, 0.3060, 0.3604, 0.2527, -0.0182,
    0.0938, 0.2303, 0.2084, 0.0451, -0.0914, 0.1159, -0.1148, 0.0961, 0.0291, 0.1114,
    -0.1349, 0.0542, 0.1434, 0.2736, 0.1818,
  ]

#### min
  Points: 35
  Min: -1.0000, Max: -0.9998, Mean: -1.0000
  Data: [
    -0.9998, -1.0000, -1.0000, -1.0000, -1.0000, -1.0000, -1.0000, -1.0000, -1.0000, -1.0000,
    -1.0000, -1.0000, -1.0000, -1.0000, -1.0000, -1.0000, -1.0000, -1.0000, -1.0000, -1.0000,
    -1.0000, -1.0000, -1.0000, -1.0000, -1.0000, -1.0000, -1.0000, -1.0000, -1.0000, -1.0000,
    -1.0000, -1.0000, -1.0000, -1.0000, -1.0000,
  ]

#### std
  Points: 35
  Min: 0.7025, Max: 0.9895, Mean: 0.9147
  Data: [
    0.7025, 0.9363, 0.9322, 0.8056, 0.7047, 0.7474, 0.8844, 0.7831, 0.8536, 0.7789,
    0.8918, 0.8941, 0.8034, 0.9396, 0.9810, 0.9763, 0.9427, 0.9245, 0.9600, 0.9895,
    0.9841, 0.9616, 0.9604, 0.9800, 0.9773, 0.9744, 0.9698, 0.9780, 0.9790, 0.9784,
    0.9735, 0.9796, 0.9731, 0.9469, 0.9666,
  ]


### GRADIENTS
#### actor_norm
  Points: 35
  Min: 0.0033, Max: 0.2045, Mean: 0.0345
  Data: [
    0.0033, 0.0167, 0.0464, 0.0203, 0.0036, 0.0554, 0.0090, 0.0045, 0.0216, 0.0133,
    0.0092, 0.0047, 0.0206, 0.0228, 0.0805, 0.0133, 0.0152, 0.0184, 0.0155, 0.0839,
    0.2039, 0.0454, 0.0120, 0.2045, 0.0341, 0.0419, 0.0290, 0.0199, 0.0174, 0.0276,
    0.0184, 0.0159, 0.0157, 0.0229, 0.0210,
  ]

#### critic_norm
  Points: 35
  Min: 0.2775, Max: 2.4588, Mean: 0.5946
  Data: [
    1.2614, 0.8877, 0.5439, 2.4588, 0.4583, 0.3746, 0.3375, 0.4429, 0.2813, 0.4010,
    0.4272, 0.6839, 0.4974, 0.3118, 0.6033, 0.5127, 0.5007, 0.6144, 0.8340, 0.6808,
    0.6132, 0.5374, 0.6636, 0.3530, 0.5168, 0.5300, 0.6005, 0.4800, 0.3426, 0.3865,
    0.8919, 0.4617, 0.4281, 0.6139, 0.2775,
  ]

#### world_model_norm
  Points: 35
  Min: 3.4213, Max: 30.5232, Mean: 13.0687
  Data: [
    9.1712, 4.2201, 5.7621, 4.1865, 3.4213, 7.2767, 5.7340, 13.7183, 9.1455, 13.1902,
    10.0735, 13.9015, 9.0457, 13.7976, 14.7233, 6.4901, 15.7379, 14.5409, 20.8044, 8.3317,
    7.1416, 22.3639, 9.7047, 15.4104, 10.7001, 19.5959, 30.5232, 15.1107, 8.9980, 7.1353,
    20.1194, 24.0175, 11.1298, 25.2328, 26.9491,
  ]


### SPARSE_SIGNAL
#### advantage_nonzero_frac
  Points: 35
  Min: 0.5490, Max: 0.9746, Mean: 0.7046
  Data: [
    0.9746, 0.8827, 0.7733, 0.8953, 0.5909, 0.6066, 0.5844, 0.6518, 0.6104, 0.6507,
    0.7679, 0.6439, 0.6917, 0.6481, 0.6930, 0.6716, 0.7659, 0.7092, 0.6752, 0.6433,
    0.7148, 0.6789, 0.6900, 0.6987, 0.7180, 0.6125, 0.7458, 0.6960, 0.5490, 0.7314,
    0.7828, 0.7590, 0.7015, 0.7303, 0.7227,
  ]

#### advantage_significant_frac
  Points: 35
  Min: 0.0000, Max: 0.3080, Mean: 0.1899
  Data: [
    0.0000, 0.1777, 0.2145, 0.2620, 0.0663, 0.1026, 0.0846, 0.1155, 0.1290, 0.1880,
    0.2498, 0.0979, 0.1686, 0.1213, 0.2095, 0.2241, 0.2470, 0.2122, 0.1872, 0.1990,
    0.2516, 0.2253, 0.2343, 0.2110, 0.2036, 0.1874, 0.2687, 0.2306, 0.1559, 0.2742,
    0.3080, 0.2060, 0.2109, 0.2514, 0.1699,
  ]

#### event_rate_in_batch
  Points: 35
  Min: 0.0020, Max: 0.0161, Mean: 0.0088
  Data: [
    0.0040, 0.0020, 0.0091, 0.0040, 0.0020, 0.0151, 0.0060, 0.0060, 0.0141, 0.0060,
    0.0151, 0.0060, 0.0101, 0.0161, 0.0101, 0.0101, 0.0121, 0.0101, 0.0060, 0.0081,
    0.0081, 0.0060, 0.0081, 0.0141, 0.0020, 0.0141, 0.0040, 0.0081, 0.0091, 0.0131,
    0.0091, 0.0081, 0.0141, 0.0081, 0.0101,
  ]

#### lambda_return_abs_mean
  Points: 35
  Min: 0.0002, Max: 28.9445, Mean: 5.1932
  Data: [
    0.0002, 15.3533, 28.9445, 13.3286, 19.3484, 12.8755, 9.9806, 9.1130, 7.9306, 7.8438,
    5.1848, 7.0211, 6.2825, 5.0524, 2.2469, 1.5119, 1.6881, 1.1501, 0.9711, 0.8656,
    1.1265, 1.0985, 1.3701, 0.9321, 1.0404, 0.9542, 0.8803, 0.9576, 0.8573, 1.2316,
    1.7507, 2.3359, 3.3871, 2.6777, 4.4677,
  ]

#### lambda_return_nonzero_frac
  Points: 35
  Min: 0.0000, Max: 1.0000, Mean: 0.9038
  Data: [
    0.0000, 1.0000, 1.0000, 1.0000, 1.0000, 0.9989, 0.9993, 0.9996, 0.9993, 0.9997,
    0.9980, 0.9994, 0.9970, 0.9953, 0.9939, 0.9870, 0.9927, 0.9835, 0.9574, 0.7870,
    0.8109, 0.9014, 0.8022, 0.8775, 0.8720, 0.6444, 0.7500, 0.8774, 0.7726, 0.9135,
    0.9986, 0.9706, 0.9540, 0.8490, 0.9523,
  ]

#### lambda_return_significant_frac
  Points: 35
  Min: 0.0000, Max: 1.0000, Mean: 0.6589
  Data: [
    0.0000, 0.9995, 0.9999, 1.0000, 0.9988, 0.9950, 0.9928, 0.9803, 0.9934, 0.9875,
    0.9702, 0.9893, 0.9729, 0.8881, 0.7007, 0.6256, 0.6609, 0.3807, 0.2705, 0.2937,
    0.3918, 0.3250, 0.4121, 0.2912, 0.3646, 0.2851, 0.2680, 0.2187, 0.1609, 0.4109,
    0.8138, 0.8647, 0.9104, 0.7357, 0.9078,
  ]

#### nonsparse_pred_error
  Points: 35
  Min: 0.0081, Max: 0.0672, Mean: 0.0231
  Data: [
    0.0672, 0.0484, 0.0551, 0.0215, 0.0352, 0.0323, 0.0252, 0.0230, 0.0215, 0.0268,
    0.0336, 0.0145, 0.0197, 0.0198, 0.0175, 0.0180, 0.0166, 0.0154, 0.0143, 0.0237,
    0.0204, 0.0112, 0.0227, 0.0158, 0.0202, 0.0319, 0.0216, 0.0113, 0.0084, 0.0189,
    0.0303, 0.0102, 0.0081, 0.0140, 0.0142,
  ]

#### num_sparse_events
  Points: 35
  Min: 2.0000, Max: 16.0000, Mean: 8.7429
  Data: [
    4.0000, 2.0000, 9.0000, 4.0000, 2.0000, 15.0000, 6.0000, 6.0000, 14.0000, 6.0000,
    15.0000, 6.0000, 10.0000, 16.0000, 10.0000, 10.0000, 12.0000, 10.0000, 6.0000, 8.0000,
    8.0000, 6.0000, 8.0000, 14.0000, 2.0000, 14.0000, 4.0000, 8.0000, 9.0000, 13.0000,
    9.0000, 8.0000, 14.0000, 8.0000, 10.0000,
  ]

#### reward_max
  Points: 35
  Min: 0.0000, Max: 2.5000, Mean: 1.9286
  Data: [
    0.0000, 0.0000, 2.5000, 0.0000, 2.5000, 2.5000, 2.5000, 0.0000, 2.5000, 0.0000,
    2.5000, 2.5000, 2.5000, 0.0000, 0.0000, 2.5000, 2.5000, 2.5000, 2.5000, 2.5000,
    2.5000, 2.5000, 2.5000, 2.5000, 0.0000, 2.5000, 2.5000, 2.5000, 2.5000, 2.5000,
    2.5000, 2.5000, 2.5000, 2.5000, 2.5000,
  ]

#### reward_min
  Points: 35
  Min: -2.6371, Max: -0.1494, Mean: -2.4642
  Data: [
    -2.6207, -2.5657, -2.5787, -2.5877, -0.2132, -2.6281, -2.6117, -2.6246, -2.6142, -2.6104,
    -2.6170, -2.5896, -2.6208, -2.6234, -2.6371, -2.6153, -2.6255, -0.1494, -2.6110, -2.6033,
    -2.6051, -2.6004, -2.5927, -2.6012, -2.6056, -2.6064, -2.5747, -2.6090, -2.5867, -2.6012,
    -2.5633, -2.5745, -2.6071, -2.5806, -2.5896,
  ]

#### reward_range
  Points: 35
  Min: 2.5657, Max: 5.1281, Mean: 4.3927
  Data: [
    2.6207, 2.5657, 5.0787, 2.5877, 2.7132, 5.1281, 5.1117, 2.6246, 5.1142, 2.6104,
    5.1170, 5.0896, 5.1208, 2.6234, 2.6371, 5.1153, 5.1255, 2.6494, 5.1110, 5.1033,
    5.1051, 5.1004, 5.0927, 5.1012, 2.6056, 5.1064, 5.0747, 5.1090, 5.0867, 5.1012,
    5.0633, 5.0745, 5.1071, 5.0806, 5.0896,
  ]

#### reward_variance
  Points: 35
  Min: 0.0116, Max: 0.0739, Mean: 0.0420
  Data: [
    0.0216, 0.0124, 0.0472, 0.0236, 0.0136, 0.0724, 0.0331, 0.0318, 0.0659, 0.0306,
    0.0737, 0.0278, 0.0497, 0.0739, 0.0486, 0.0479, 0.0568, 0.0438, 0.0332, 0.0380,
    0.0377, 0.0281, 0.0391, 0.0642, 0.0116, 0.0644, 0.0191, 0.0371, 0.0434, 0.0595,
    0.0409, 0.0361, 0.0624, 0.0355, 0.0449,
  ]

#### sparse_actual_mean
  Points: 35
  Min: -2.0044, Max: 1.8750, Mean: -0.7278
  Data: [
    -1.9855, -1.9552, -0.3111, -1.9550, 1.8750, -1.5125, -0.7132, -2.0031, -0.3362, -2.0038,
    -1.1869, -0.6851, -0.8034, -1.9968, -2.0044, -1.2219, -1.3577, 1.8750, -1.3292, -1.0300,
    -1.0157, -0.6897, -0.0526, -0.3259, -2.0024, -0.8759, -0.0452, -0.0617, -1.1817, 0.7404,
    1.0940, -0.0414, -0.8621, 0.9129, -0.4261,
  ]

#### sparse_pred_error
  Points: 35
  Min: 0.1011, Max: 1.9854, Mean: 0.3165
  Data: [
    1.9854, 0.4011, 0.5933, 0.1769, 0.5330, 0.1881, 0.2774, 0.3617, 0.3741, 0.1553,
    0.1714, 0.3125, 0.3160, 0.1587, 0.2849, 0.1397, 0.1871, 0.3249, 0.4273, 0.1457,
    0.1593, 0.3099, 0.2314, 0.1321, 0.4107, 0.2604, 0.4759, 0.1671, 0.1262, 0.1011,
    0.2524, 0.1921, 0.1954, 0.2795, 0.2689,
  ]

#### sparse_pred_mean
  Points: 35
  Min: -2.3888, Max: 1.6872, Mean: -0.7215
  Data: [
    -0.0000, -1.9077, -0.3420, -1.7923, 1.6872, -1.5389, -0.7513, -1.8881, -0.3896, -1.9706,
    -1.2030, -0.7436, -0.6785, -1.8686, -2.1513, -1.3081, -1.4717, 1.6502, -1.6920, -0.9234,
    -1.0360, -0.9629, -0.1288, -0.2928, -2.3888, -0.8904, -0.5201, -0.2264, -1.1679, 0.6987,
    1.0105, -0.0740, -0.9934, 1.1803, -0.1771,
  ]

#### sparse_sign_accuracy
  Points: 35
  Min: 1.0000, Max: 1.0000, Mean: 1.0000
  Data: [
    1.0000, 1.0000, 1.0000, 1.0000, 1.0000, 1.0000, 1.0000, 1.0000, 1.0000, 1.0000,
    1.0000, 1.0000, 1.0000, 1.0000, 1.0000, 1.0000, 1.0000, 1.0000, 1.0000, 1.0000,
    1.0000, 1.0000, 1.0000, 1.0000, 1.0000, 1.0000, 1.0000, 1.0000, 1.0000, 1.0000,
    1.0000, 1.0000, 1.0000, 1.0000, 1.0000,
  ]

#### sparse_vs_nonsparse_error_ratio
  Points: 35
  Min: 5.0995, Max: 29.9252, Mean: 14.3116
  Data: [
    29.5330, 8.2913, 10.7642, 8.2429, 15.1538, 5.8257, 11.0072, 15.7256, 17.4158, 5.7849,
    5.0995, 21.4815, 16.0443, 8.0111, 16.2852, 7.7510, 11.2848, 21.1319, 29.9252, 6.1333,
    7.8088, 27.7094, 10.1983, 8.3442, 20.3673, 8.1616, 21.9994, 14.8496, 15.0494, 5.3563,
    8.3320, 18.7950, 24.1902, 19.9255, 18.9261,
  ]

#### sparse_weight_applied
  Points: 35
  Min: 61.0000, Max: 100.0000, Mean: 91.9620
  Data: [
    100.0000, 100.0000, 100.0000, 100.0000, 100.0000, 65.1333, 100.0000, 100.0000, 69.8571, 100.0000,
    65.1333, 100.0000, 98.2000, 61.0000, 98.2000, 98.2000, 81.6667, 98.2000, 100.0000, 100.0000,
    100.0000, 100.0000, 100.0000, 69.8571, 100.0000, 69.8571, 100.0000, 100.0000, 100.0000, 75.3077,
    100.0000, 100.0000, 69.8571, 100.0000, 98.2000,
  ]

#### unweighted_reward_loss
  Points: 35
  Min: 0.1647, Max: 5.5181, Mean: 0.4570
  Data: [
    5.5181, 0.4827, 0.5167, 0.4421, 0.4912, 0.4582, 0.3707, 0.4402, 0.3979, 0.3886,
    0.3933, 0.3709, 0.3582, 0.3941, 0.2615, 0.3140, 0.3141, 0.3086, 0.1958, 0.1792,
    0.2515, 0.1988, 0.3381, 0.2747, 0.2903, 0.3207, 0.2088, 0.1840, 0.1647, 0.2238,
    0.1686, 0.1920, 0.1854, 0.1954, 0.2035,
  ]

#### value_lambda_gap_abs_mean
  Points: 35
  Min: 0.0002, Max: 1.3226, Mean: 0.5098
  Data: [
    0.0002, 1.3054, 1.3226, 0.8100, 0.5696, 0.6121, 0.5077, 0.6263, 0.6064, 0.8398,
    0.7595, 0.4906, 0.6067, 0.5739, 0.5059, 0.4548, 0.4266, 0.4067, 0.3743, 0.3857,
    0.4381, 0.4301, 0.3787, 0.3789, 0.3514, 0.3701, 0.4263, 0.3690, 0.2798, 0.3954,
    0.3957, 0.3255, 0.3407, 0.4160, 0.3616,
  ]

#### value_lambda_gap_mean
  Points: 35
  Min: -1.1475, Max: 0.1154, Mean: -0.1050
  Data: [
    -0.0002, -1.1475, -0.4970, -0.5042, -0.0277, -0.2043, -0.1715, -0.1012, -0.1978, -0.3922,
    -0.0787, -0.0349, -0.1629, -0.1164, -0.0758, -0.0035, -0.0480, -0.0582, -0.0774, -0.0037,
    -0.0642, -0.0205, -0.0812, -0.0512, -0.0512, -0.0278, 0.0360, 0.0199, -0.0401, 0.0893,
    0.0420, 0.0951, 0.1023, 0.1154, 0.0654,
  ]

#### weighted_reward_loss
  Points: 35
  Min: 0.3266, Max: 5.5214, Mean: 0.6475
  Data: [
    5.5214, 0.5593, 0.8419, 0.5028, 0.5610, 0.5711, 0.5214, 0.6665, 0.6857, 0.5070,
    0.5673, 0.5298, 0.5637, 0.5562, 0.6488, 0.4756, 0.5385, 0.4492, 0.4930, 0.3836,
    0.4116, 0.4550, 0.4865, 0.4187, 0.4393, 0.5606, 0.4721, 0.3810, 0.3540, 0.3266,
    0.3950, 0.3994, 0.4437, 0.5019, 0.4724,
  ]


### AUX
#### goal_accuracy
  Points: 35
  Min: 0.0000, Max: 1.0000, Mean: 0.9714
  Data: [
    0.0000, 1.0000, 1.0000, 1.0000, 1.0000, 1.0000, 1.0000, 1.0000, 1.0000, 1.0000,
    1.0000, 1.0000, 1.0000, 1.0000, 1.0000, 1.0000, 1.0000, 1.0000, 1.0000, 1.0000,
    1.0000, 1.0000, 1.0000, 1.0000, 1.0000, 1.0000, 1.0000, 1.0000, 1.0000, 1.0000,
    1.0000, 1.0000, 1.0000, 1.0000, 1.0000,
  ]

#### goal_loss
  Points: 35
  Min: 0.0000, Max: 0.7580, Mean: 0.0217
  Data: [
    0.7580, 0.0000, 0.0000, 0.0000, 0.0000, 0.0000, 0.0000, 0.0000, 0.0000, 0.0000,
    0.0000, 0.0000, 0.0000, 0.0000, 0.0000, 0.0000, 0.0000, 0.0000, 0.0000, 0.0000,
    0.0000, 0.0000, 0.0000, 0.0000, 0.0000, 0.0000, 0.0000, 0.0000, 0.0000, 0.0000,
    0.0000, 0.0000, 0.0000, 0.0000, 0.0000,
  ]

#### goal_positive_rate
  Points: 35
  Min: 0.0000, Max: 0.0000, Mean: 0.0000
  Data: [
    0.0000, 0.0000, 0.0000, 0.0000, 0.0000, 0.0000, 0.0000, 0.0000, 0.0000, 0.0000,
    0.0000, 0.0000, 0.0000, 0.0000, 0.0000, 0.0000, 0.0000, 0.0000, 0.0000, 0.0000,
    0.0000, 0.0000, 0.0000, 0.0000, 0.0000, 0.0000, 0.0000, 0.0000, 0.0000, 0.0000,
    0.0000, 0.0000, 0.0000, 0.0000, 0.0000,
  ]

#### goal_pred_positive_rate
  Points: 35
  Min: 0.0000, Max: 1.0000, Mean: 0.0286
  Data: [
    1.0000, 0.0000, 0.0000, 0.0000, 0.0000, 0.0000, 0.0000, 0.0000, 0.0000, 0.0000,
    0.0000, 0.0000, 0.0000, 0.0000, 0.0000, 0.0000, 0.0000, 0.0000, 0.0000, 0.0000,
    0.0000, 0.0000, 0.0000, 0.0000, 0.0000, 0.0000, 0.0000, 0.0000, 0.0000, 0.0000,
    0.0000, 0.0000, 0.0000, 0.0000, 0.0000,
  ]

#### puck_goal_dist_actual_mean
  Points: 35
  Min: 2.1958, Max: 3.7902, Mean: 2.8896
  Data: [
    3.4402, 3.4593, 3.5275, 3.4284, 3.7902, 3.3587, 3.4739, 3.5582, 3.2993, 2.9996,
    3.1231, 3.1149, 3.1678, 3.4377, 2.6776, 2.8609, 2.9839, 2.7924, 2.5336, 2.3568,
    2.8731, 2.6689, 2.7769, 2.7263, 2.7377, 2.5081, 2.3846, 2.3638, 2.4139, 2.3337,
    2.1958, 2.5913, 2.4159, 2.3770, 2.3856,
  ]

#### puck_goal_dist_error
  Points: 35
  Min: 0.1070, Max: 3.2512, Mean: 0.2280
  Data: [
    3.2512, 0.2332, 0.2490, 0.1650, 0.1373, 0.1581, 0.1476, 0.1621, 0.1490, 0.1245,
    0.1288, 0.1232, 0.1154, 0.1375, 0.1546, 0.1203, 0.1411, 0.1440, 0.1396, 0.1315,
    0.1400, 0.1326, 0.1480, 0.1325, 0.1173, 0.1241, 0.1186, 0.1183, 0.1314, 0.1070,
    0.1228, 0.1164, 0.1117, 0.1260, 0.1192,
  ]

#### puck_goal_dist_loss
  Points: 35
  Min: 0.0233, Max: 12.1730, Mean: 0.3882
  Data: [
    12.1730, 0.0992, 0.1305, 0.0580, 0.0444, 0.0595, 0.0394, 0.0492, 0.0424, 0.0355,
    0.0304, 0.0338, 0.0315, 0.0411, 0.0480, 0.0309, 0.0435, 0.0445, 0.0431, 0.0359,
    0.0433, 0.0342, 0.0378, 0.0411, 0.0303, 0.0292, 0.0279, 0.0306, 0.0320, 0.0254,
    0.0289, 0.0299, 0.0233, 0.0303, 0.0290,
  ]

#### puck_goal_dist_pred_mean
  Points: 35
  Min: 0.1890, Max: 3.7518, Mean: 2.7943
  Data: [
    0.1890, 3.3887, 3.5233, 3.3615, 3.7518, 3.3811, 3.4535, 3.6570, 3.3824, 3.0247,
    3.1529, 3.1126, 3.1917, 3.4781, 2.6941, 2.8800, 2.9797, 2.8345, 2.5298, 2.3733,
    2.8108, 2.6571, 2.6786, 2.6968, 2.7121, 2.5245, 2.3519, 2.3902, 2.4342, 2.3252,
    2.1542, 2.5904, 2.3736, 2.4004, 2.3625,
  ]

#### shot_quality_actual_mean
  Points: 35
  Min: 0.0339, Max: 0.2111, Mean: 0.1113
  Data: [
    0.0556, 0.0506, 0.0611, 0.0736, 0.0339, 0.0690, 0.0648, 0.0619, 0.0780, 0.1022,
    0.0925, 0.0820, 0.0966, 0.0584, 0.1391, 0.1225, 0.0995, 0.1327, 0.1443, 0.1558,
    0.0959, 0.1321, 0.1164, 0.1258, 0.1028, 0.1413, 0.1473, 0.1531, 0.1335, 0.1410,
    0.2111, 0.1546, 0.1551, 0.1298, 0.1818,
  ]

#### shot_quality_loss
  Points: 35
  Min: 0.0007, Max: 0.2105, Mean: 0.0075
  Data: [
    0.2105, 0.0025, 0.0024, 0.0013, 0.0008, 0.0017, 0.0007, 0.0011, 0.0012, 0.0009,
    0.0015, 0.0013, 0.0008, 0.0013, 0.0022, 0.0016, 0.0014, 0.0016, 0.0017, 0.0017,
    0.0008, 0.0015, 0.0015, 0.0010, 0.0018, 0.0017, 0.0021, 0.0014, 0.0019, 0.0013,
    0.0018, 0.0017, 0.0012, 0.0016, 0.0019,
  ]

#### shot_quality_pred_mean
  Points: 35
  Min: 0.0379, Max: 0.4939, Mean: 0.1257
  Data: [
    0.4939, 0.0602, 0.0618, 0.0737, 0.0379, 0.0717, 0.0688, 0.0579, 0.0798, 0.1041,
    0.0951, 0.0806, 0.0973, 0.0612, 0.1409, 0.1148, 0.1024, 0.1280, 0.1484, 0.1579,
    0.0997, 0.1337, 0.1213, 0.1306, 0.1105, 0.1413, 0.1518, 0.1534, 0.1339, 0.1440,
    0.2166, 0.1554, 0.1586, 0.1280, 0.1843,
  ]

#### total_loss
  Points: 35
  Min: 0.0245, Max: 13.1416, Mean: 0.4173
  Data: [
    13.1416, 0.1017, 0.1329, 0.0594, 0.0452, 0.0612, 0.0401, 0.0503, 0.0436, 0.0364,
    0.0318, 0.0351, 0.0323, 0.0424, 0.0502, 0.0325, 0.0449, 0.0461, 0.0448, 0.0376,
    0.0441, 0.0357, 0.0393, 0.0420, 0.0321, 0.0309, 0.0300, 0.0320, 0.0340, 0.0267,
    0.0307, 0.0317, 0.0245, 0.0319, 0.0309,
  ]


### DIAGNOSTICS
#### advantage_contribution
  Points: 35
  Min: 0.0512, Max: 3.6943, Mean: 2.3140
  Data: [
    0.0512, 1.3106, 1.3088, 2.2825, 0.9955, 1.4667, 1.1969, 1.5028, 1.9960, 2.4138,
    2.9657, 1.4800, 2.1129, 1.7707, 2.9293, 3.1265, 2.9379, 2.7852, 2.5920, 2.4714,
    2.9350, 2.6551, 2.6059, 2.4844, 2.3508, 2.2975, 2.9668, 3.1005, 2.5219, 3.6943,
    3.5717, 2.5137, 2.4432, 2.8288, 2.3257,
  ]

#### entropy_advantage_ratio
  Points: 35
  Min: 0.0011, Max: 0.0383, Mean: 0.0029
  Data: [
    0.0383, 0.0027, 0.0029, 0.0018, 0.0041, 0.0027, 0.0034, 0.0027, 0.0020, 0.0017,
    0.0014, 0.0028, 0.0019, 0.0023, 0.0013, 0.0013, 0.0014, 0.0015, 0.0016, 0.0016,
    0.0013, 0.0015, 0.0016, 0.0016, 0.0017, 0.0018, 0.0014, 0.0013, 0.0016, 0.0011,
    0.0011, 0.0016, 0.0017, 0.0015, 0.0018,
  ]

#### entropy_contribution
  Points: 35
  Min: 0.0020, Max: 0.0041, Mean: 0.0040
  Data: [
    0.0020, 0.0036, 0.0038, 0.0041, 0.0041, 0.0039, 0.0040, 0.0041, 0.0039, 0.0041,
    0.0041, 0.0041, 0.0041, 0.0040, 0.0037, 0.0041, 0.0041, 0.0041, 0.0041, 0.0039,
    0.0038, 0.0040, 0.0041, 0.0040, 0.0040, 0.0040, 0.0041, 0.0041, 0.0041, 0.0041,
    0.0041, 0.0041, 0.0041, 0.0041, 0.0041,
  ]

#### return_range_S
  Points: 35
  Min: 0.0100, Max: 17.2611, Mean: 7.9581
  Data: [
    0.0100, 15.1073, 16.9304, 9.1408, 17.2611, 14.0789, 14.4473, 14.3033, 11.5792, 12.7964,
    9.5457, 12.6853, 10.9216, 12.4373, 6.7694, 5.3887, 5.4952, 5.4756, 5.5025, 5.9465,
    5.6017, 6.0737, 5.2019, 5.2629, 5.0348, 5.4890, 4.6955, 4.0620, 3.7924, 3.8060,
    3.8244, 4.3986, 4.8778, 5.0664, 5.5236,
  ]

