================================================================================
W&B RUN DATA: DreamerV3-small-weak-seed43_weak_seed43_20260119_234513
================================================================================

## RUN METADATA
Run ID: 3u8hkxna
Created: 2026-01-19T22:45:15Z
State: running
Duration: 2401.195244294 seconds

## CONFIGURATION
  [Environment]
    opponent: weak
  [Training]
    batch_size: 16
    batch_length: 64
    imagination_horizon: 50
    discount: 0.997
  [Entropy]
    entropy_scale: 0.003
  [Architecture]
    recurrent_size: 256
    latent_length: 16
    latent_classes: 16
  [Meta]
    seed: 43
    algorithm: DreamerV3

## FINAL SUMMARY
  runtime: 0.67 hours (2401 seconds)

## NOTE: Data discretized to ~100 points per metric

## METRICS DATA

### STATS
#### buffer_size
  Points: 59
  Min: 20463.0000, Max: 107759.0000, Mean: 65159.1695
  Data: [
    20463.0000, 22461.0000, 24202.0000, 26099.0000, 27727.0000, 29195.0000, 30607.0000, 32518.0000, 34043.0000, 35707.0000,
    37239.0000, 38822.0000, 40441.0000, 42483.0000, 43500.0000, 44944.0000, 46636.0000, 48014.0000, 49294.0000, 50626.0000,
    52433.0000, 53913.0000, 55172.0000, 56786.0000, 58238.0000, 59112.0000, 60466.0000, 61809.0000, 63297.0000, 65213.0000,
    66770.0000, 67905.0000, 69601.0000, 71178.0000, 72314.0000, 73604.0000, 75144.0000, 76622.0000, 78087.0000, 79869.0000,
    81149.0000, 82513.0000, 83853.0000, 85595.0000, 87242.0000, 89000.0000, 90513.0000, 92108.0000, 93517.0000, 95168.0000,
    96634.0000, 98263.0000, 99624.0000, 101009.0000, 102330.0000, 103864.0000, 105211.0000, 106485.0000, 107759.0000,
  ]

#### draws
  Points: 59
  Min: 0.0000, Max: 238.0000, Mean: 117.9492
  Data: [
    0.0000, 7.0000, 12.0000, 18.0000, 23.0000, 26.0000, 29.0000, 34.0000, 36.0000, 41.0000,
    44.0000, 49.0000, 54.0000, 59.0000, 60.0000, 64.0000, 69.0000, 73.0000, 77.0000, 80.0000,
    85.0000, 88.0000, 90.0000, 94.0000, 97.0000, 99.0000, 102.0000, 106.0000, 108.0000, 112.0000,
    116.0000, 119.0000, 123.0000, 128.0000, 131.0000, 134.0000, 139.0000, 144.0000, 148.0000, 154.0000,
    158.0000, 162.0000, 166.0000, 171.0000, 176.0000, 181.0000, 185.0000, 190.0000, 194.0000, 200.0000,
    205.0000, 211.0000, 215.0000, 219.0000, 223.0000, 227.0000, 231.0000, 235.0000, 238.0000,
  ]

#### env_steps
  Points: 59
  Min: 135.0000, Max: 87431.0000, Mean: 44831.1695
  Data: [
    135.0000, 2133.0000, 3874.0000, 5771.0000, 7399.0000, 8867.0000, 10279.0000, 12190.0000, 13715.0000, 15379.0000,
    16911.0000, 18494.0000, 20113.0000, 22155.0000, 23172.0000, 24616.0000, 26308.0000, 27686.0000, 28966.0000, 30298.0000,
    32105.0000, 33585.0000, 34844.0000, 36458.0000, 37910.0000, 38784.0000, 40138.0000, 41481.0000, 42969.0000, 44885.0000,
    46442.0000, 47577.0000, 49273.0000, 50850.0000, 51986.0000, 53276.0000, 54816.0000, 56294.0000, 57759.0000, 59541.0000,
    60821.0000, 62185.0000, 63525.0000, 65267.0000, 66914.0000, 68672.0000, 70185.0000, 71780.0000, 73189.0000, 74840.0000,
    76306.0000, 77935.0000, 79296.0000, 80681.0000, 82002.0000, 83536.0000, 84883.0000, 86157.0000, 87431.0000,
  ]

#### episodes
  Points: 59
  Min: 101.0000, Max: 681.0000, Mean: 391.0000
  Data: [
    101.0000, 111.0000, 121.0000, 131.0000, 141.0000, 151.0000, 161.0000, 171.0000, 181.0000, 191.0000,
    201.0000, 211.0000, 221.0000, 231.0000, 241.0000, 251.0000, 261.0000, 271.0000, 281.0000, 291.0000,
    301.0000, 311.0000, 321.0000, 331.0000, 341.0000, 351.0000, 361.0000, 371.0000, 381.0000, 391.0000,
    401.0000, 411.0000, 421.0000, 431.0000, 441.0000, 451.0000, 461.0000, 471.0000, 481.0000, 491.0000,
    501.0000, 511.0000, 521.0000, 531.0000, 541.0000, 551.0000, 561.0000, 571.0000, 581.0000, 591.0000,
    601.0000, 611.0000, 621.0000, 631.0000, 641.0000, 651.0000, 661.0000, 671.0000, 681.0000,
  ]

#### gradient_steps
  Points: 59
  Min: 4.0000, Max: 2324.0000, Mean: 1164.0000
  Data: [
    4.0000, 44.0000, 84.0000, 124.0000, 164.0000, 204.0000, 244.0000, 284.0000, 324.0000, 364.0000,
    404.0000, 444.0000, 484.0000, 524.0000, 564.0000, 604.0000, 644.0000, 684.0000, 724.0000, 764.0000,
    804.0000, 844.0000, 884.0000, 924.0000, 964.0000, 1004.0000, 1044.0000, 1084.0000, 1124.0000, 1164.0000,
    1204.0000, 1244.0000, 1284.0000, 1324.0000, 1364.0000, 1404.0000, 1444.0000, 1484.0000, 1524.0000, 1564.0000,
    1604.0000, 1644.0000, 1684.0000, 1724.0000, 1764.0000, 1804.0000, 1844.0000, 1884.0000, 1924.0000, 1964.0000,
    2004.0000, 2044.0000, 2084.0000, 2124.0000, 2164.0000, 2204.0000, 2244.0000, 2284.0000, 2324.0000,
  ]

#### losses
  Points: 59
  Min: 1.0000, Max: 306.0000, Mean: 152.0000
  Data: [
    1.0000, 2.0000, 7.0000, 10.0000, 14.0000, 20.0000, 25.0000, 30.0000, 37.0000, 41.0000,
    47.0000, 51.0000, 55.0000, 59.0000, 68.0000, 73.0000, 77.0000, 83.0000, 89.0000, 95.0000,
    99.0000, 106.0000, 114.0000, 118.0000, 123.0000, 130.0000, 136.0000, 142.0000, 150.0000, 156.0000,
    162.0000, 168.0000, 173.0000, 178.0000, 184.0000, 191.0000, 196.0000, 201.0000, 207.0000, 211.0000,
    217.0000, 222.0000, 227.0000, 232.0000, 237.0000, 242.0000, 245.0000, 250.0000, 255.0000, 259.0000,
    264.0000, 267.0000, 272.0000, 277.0000, 283.0000, 289.0000, 295.0000, 300.0000, 306.0000,
  ]

#### mean_reward
  Points: 59
  Min: -23.9139, Max: -14.5681, Mean: -19.4917
  Data: [
    -14.5681, -14.8951, -18.6850, -18.8946, -17.4661, -17.3347, -17.2266, -17.0799, -16.8005, -17.2980,
    -17.1224, -17.6873, -17.1791, -17.7952, -17.7879, -17.5634, -17.7090, -18.1086, -18.9693, -18.5770,
    -18.7686, -18.6168, -18.3823, -17.4220, -17.8461, -17.7238, -17.8299, -18.0672, -17.7423, -18.5160,
    -19.1648, -19.2548, -19.4426, -20.0155, -20.2487, -20.8980, -21.1687, -21.4451, -21.8413, -22.1549,
    -22.2386, -22.2863, -22.7893, -22.9638, -23.8223, -23.9139, -23.6377, -23.7499, -23.2661, -22.8159,
    -22.7043, -22.3295, -21.7578, -21.1416, -20.0411, -19.2783, -19.3054, -18.5200, -18.1505,
  ]

#### win_rate
  Points: 59
  Min: 0.0000, Max: 0.1818, Mean: 0.0670
  Data: [
    0.0000, 0.1818, 0.0952, 0.0968, 0.0976, 0.0980, 0.1148, 0.0986, 0.0988, 0.0989,
    0.1000, 0.0900, 0.1000, 0.1000, 0.0900, 0.0900, 0.0800, 0.0800, 0.0700, 0.0700,
    0.0700, 0.0600, 0.0500, 0.0600, 0.0800, 0.0800, 0.0800, 0.0800, 0.0800, 0.0700,
    0.0600, 0.0700, 0.0800, 0.0600, 0.0500, 0.0400, 0.0300, 0.0300, 0.0300, 0.0300,
    0.0300, 0.0300, 0.0300, 0.0300, 0.0200, 0.0200, 0.0500, 0.0500, 0.0600, 0.0600,
    0.0600, 0.0600, 0.0600, 0.0700, 0.0700, 0.0700, 0.0400, 0.0500, 0.0500,
  ]

#### wins
  Points: 59
  Min: 0.0000, Max: 37.0000, Mean: 21.0508
  Data: [
    0.0000, 2.0000, 2.0000, 3.0000, 4.0000, 5.0000, 7.0000, 7.0000, 8.0000, 9.0000,
    10.0000, 11.0000, 12.0000, 13.0000, 13.0000, 14.0000, 15.0000, 15.0000, 15.0000, 16.0000,
    17.0000, 17.0000, 17.0000, 19.0000, 21.0000, 22.0000, 23.0000, 23.0000, 23.0000, 23.0000,
    23.0000, 24.0000, 25.0000, 25.0000, 26.0000, 26.0000, 26.0000, 26.0000, 26.0000, 26.0000,
    26.0000, 27.0000, 28.0000, 28.0000, 28.0000, 28.0000, 31.0000, 31.0000, 32.0000, 32.0000,
    32.0000, 33.0000, 34.0000, 35.0000, 35.0000, 35.0000, 35.0000, 36.0000, 37.0000,
  ]


### EPISODE
#### draw_rate_100
  Points: 59
  Min: 0.0000, Max: 0.0100, Mean: 0.0034
  Data: [
    0.0000, 0.0000, 0.0000, 0.0000, 0.0000, 0.0000, 0.0000, 0.0000, 0.0000, 0.0000,
    0.0000, 0.0000, 0.0000, 0.0000, 0.0000, 0.0000, 0.0000, 0.0000, 0.0000, 0.0000,
    0.0000, 0.0000, 0.0000, 0.0000, 0.0000, 0.0000, 0.0000, 0.0000, 0.0100, 0.0100,
    0.0100, 0.0100, 0.0100, 0.0100, 0.0100, 0.0100, 0.0100, 0.0100, 0.0000, 0.0000,
    0.0000, 0.0000, 0.0000, 0.0000, 0.0100, 0.0100, 0.0100, 0.0100, 0.0100, 0.0100,
    0.0100, 0.0100, 0.0100, 0.0100, 0.0000, 0.0000, 0.0000, 0.0000, 0.0000,
  ]

#### length_max
  Points: 59
  Min: 135.0000, Max: 251.0000, Mean: 249.0339
  Data: [
    135.0000, 251.0000, 251.0000, 251.0000, 251.0000, 251.0000, 251.0000, 251.0000, 251.0000, 251.0000,
    251.0000, 251.0000, 251.0000, 251.0000, 251.0000, 251.0000, 251.0000, 251.0000, 251.0000, 251.0000,
    251.0000, 251.0000, 251.0000, 251.0000, 251.0000, 251.0000, 251.0000, 251.0000, 251.0000, 251.0000,
    251.0000, 251.0000, 251.0000, 251.0000, 251.0000, 251.0000, 251.0000, 251.0000, 251.0000, 251.0000,
    251.0000, 251.0000, 251.0000, 251.0000, 251.0000, 251.0000, 251.0000, 251.0000, 251.0000, 251.0000,
    251.0000, 251.0000, 251.0000, 251.0000, 251.0000, 251.0000, 251.0000, 251.0000, 251.0000,
  ]

#### length_mean
  Points: 59
  Min: 135.0000, Max: 193.9091, Mean: 153.6550
  Data: [
    135.0000, 193.9091, 184.4762, 186.1613, 180.4634, 173.8627, 168.5082, 171.6901, 169.3210, 169.0000,
    167.7600, 163.6100, 162.3900, 163.8400, 157.7300, 157.4900, 160.2900, 154.9600, 152.5100, 149.1900,
    151.9400, 150.9100, 147.3100, 143.0300, 147.3800, 141.6800, 138.3000, 137.9500, 140.0300, 145.8700,
    143.3700, 139.9200, 144.2900, 143.9200, 140.7600, 144.9200, 146.7800, 148.1300, 147.9000, 146.5600,
    143.7900, 146.0800, 142.5200, 144.1700, 149.2800, 153.9600, 153.6900, 154.8600, 154.3000, 152.9900,
    154.8500, 157.5000, 157.7100, 154.1400, 150.8800, 148.6400, 146.9800, 143.7700, 142.4200,
  ]

#### length_min
  Points: 59
  Min: 15.0000, Max: 135.0000, Mean: 26.4915
  Data: [
    135.0000, 56.0000, 41.0000, 33.0000, 33.0000, 32.0000, 32.0000, 32.0000, 32.0000, 31.0000,
    31.0000, 17.0000, 17.0000, 17.0000, 17.0000, 17.0000, 17.0000, 17.0000, 17.0000, 17.0000,
    17.0000, 15.0000, 15.0000, 15.0000, 15.0000, 15.0000, 15.0000, 15.0000, 15.0000, 15.0000,
    15.0000, 31.0000, 31.0000, 31.0000, 31.0000, 31.0000, 23.0000, 23.0000, 23.0000, 23.0000,
    23.0000, 23.0000, 23.0000, 23.0000, 23.0000, 23.0000, 28.0000, 28.0000, 28.0000, 28.0000,
    28.0000, 28.0000, 28.0000, 28.0000, 28.0000, 28.0000, 30.0000, 30.0000, 30.0000,
  ]

#### length_std
  Points: 59
  Min: 0.0000, Max: 99.3748, Mean: 91.5192
  Data: [
    0.0000, 78.0867, 84.9048, 87.3868, 89.6895, 89.9660, 91.0893, 90.0932, 89.5269, 90.7043,
    90.6193, 91.7923, 91.8678, 90.4021, 89.7832, 90.4667, 91.1415, 91.9220, 93.9934, 92.8076,
    92.9842, 92.6727, 90.9592, 90.4473, 90.6775, 91.6831, 89.6883, 90.3446, 90.1271, 89.5993,
    89.7491, 89.7484, 91.4935, 92.4535, 94.2080, 93.1004, 94.5333, 94.8702, 93.9561, 95.4490,
    96.6604, 96.5618, 97.3176, 96.8111, 97.4862, 98.1554, 96.8864, 95.7836, 96.0872, 97.2956,
    97.3833, 98.5537, 98.1962, 98.8842, 98.2598, 97.2262, 98.3676, 99.3748, 99.3527,
  ]

#### reward_mean
  Points: 59
  Min: -23.9139, Max: -14.5681, Mean: -19.4917
  Data: [
    -14.5681, -14.8951, -18.6850, -18.8946, -17.4661, -17.3347, -17.2266, -17.0799, -16.8005, -17.2980,
    -17.1224, -17.6873, -17.1791, -17.7952, -17.7879, -17.5634, -17.7090, -18.1086, -18.9693, -18.5770,
    -18.7686, -18.6168, -18.3823, -17.4220, -17.8461, -17.7238, -17.8299, -18.0672, -17.7423, -18.5160,
    -19.1648, -19.2548, -19.4426, -20.0155, -20.2487, -20.8980, -21.1687, -21.4451, -21.8413, -22.1549,
    -22.2386, -22.2863, -22.7893, -22.9638, -23.8223, -23.9139, -23.6377, -23.7499, -23.2661, -22.8159,
    -22.7043, -22.3295, -21.7578, -21.1416, -20.0411, -19.2783, -19.3054, -18.5200, -18.1505,
  ]

#### reward_std
  Points: 59
  Min: 0.0000, Max: 16.6605, Mean: 13.6923
  Data: [
    0.0000, 14.1954, 13.4317, 13.2737, 12.7635, 12.0380, 12.1714, 11.6508, 11.6307, 12.1884,
    11.8131, 12.0536, 12.5412, 13.0529, 12.7137, 13.2344, 13.2003, 13.4126, 13.8662, 13.5079,
    13.9761, 13.2971, 12.4659, 11.7496, 12.7510, 12.3898, 12.6845, 12.9666, 12.3842, 12.7970,
    12.8396, 13.6361, 14.0212, 14.1478, 14.1586, 14.1145, 14.1940, 14.4081, 14.7237, 14.8780,
    15.1659, 15.0545, 15.4479, 15.4086, 15.3660, 15.3869, 16.0726, 16.2312, 16.6605, 16.6605,
    16.4253, 16.4755, 16.1510, 16.3922, 15.6597, 15.5646, 14.5730, 14.3719, 13.4553,
  ]

#### win_rate_100
  Points: 59
  Min: 0.0000, Max: 0.1818, Mean: 0.0670
  Data: [
    0.0000, 0.1818, 0.0952, 0.0968, 0.0976, 0.0980, 0.1148, 0.0986, 0.0988, 0.0989,
    0.1000, 0.0900, 0.1000, 0.1000, 0.0900, 0.0900, 0.0800, 0.0800, 0.0700, 0.0700,
    0.0700, 0.0600, 0.0500, 0.0600, 0.0800, 0.0800, 0.0800, 0.0800, 0.0800, 0.0700,
    0.0600, 0.0700, 0.0800, 0.0600, 0.0500, 0.0400, 0.0300, 0.0300, 0.0300, 0.0300,
    0.0300, 0.0300, 0.0300, 0.0300, 0.0200, 0.0200, 0.0500, 0.0500, 0.0600, 0.0600,
    0.0600, 0.0600, 0.0600, 0.0700, 0.0700, 0.0700, 0.0400, 0.0500, 0.0500,
  ]


### TIME
#### elapsed_hours
  Points: 59
  Min: 0.0012, Max: 0.6417, Mean: 0.3196
  Data: [
    0.0012, 0.0091, 0.0168, 0.0342, 0.0418, 0.0586, 0.0661, 0.0739, 0.0865, 0.0941,
    0.1113, 0.1189, 0.1265, 0.1442, 0.1513, 0.1691, 0.1768, 0.1842, 0.2010, 0.2084,
    0.2220, 0.2295, 0.2368, 0.2541, 0.2616, 0.2780, 0.2854, 0.2926, 0.3092, 0.3169,
    0.3339, 0.3410, 0.3486, 0.3659, 0.3731, 0.3901, 0.3977, 0.4052, 0.4221, 0.4299,
    0.4467, 0.4541, 0.4615, 0.4787, 0.4863, 0.5031, 0.5106, 0.5182, 0.5300, 0.5377,
    0.5550, 0.5626, 0.5698, 0.5867, 0.5940, 0.6110, 0.6182, 0.6254, 0.6417,
  ]

#### episodes_per_hour
  Points: 59
  Min: 1061.2124, Max: 84394.5362, Mean: 3111.3236
  Data: [
    84394.5362, 12155.2311, 7185.7369, 3830.3929, 3370.1388, 2575.5789, 2436.1302, 2312.5273, 2092.8775, 2029.4713,
    1805.1640, 1774.3186, 1746.8583, 1601.7975, 1592.3827, 1484.3754, 1476.3233, 1471.2348, 1398.0638, 1396.6618,
    1355.8077, 1355.1622, 1355.6903, 1302.7311, 1303.5969, 1262.5446, 1265.0531, 1267.9167, 1232.1792, 1233.7625,
    1200.9999, 1205.4252, 1207.5602, 1177.8325, 1181.8706, 1156.0763, 1159.2842, 1162.5309, 1139.4473, 1142.1947,
    1121.5378, 1125.2899, 1128.9702, 1109.3364, 1112.4429, 1095.1549, 1098.6004, 1101.7915, 1096.1782, 1099.1993,
    1082.9292, 1086.0501, 1089.7765, 1075.4608, 1079.2097, 1065.4842, 1069.1541, 1072.8454, 1061.2124,
  ]

#### gradient_steps_per_second
  Points: 59
  Min: 0.9284, Max: 1.3857, Mean: 1.0261
  Data: [
    0.9284, 1.3384, 1.3857, 1.0071, 1.0889, 0.9666, 1.0256, 1.0669, 1.0407, 1.0744,
    1.0079, 1.0371, 1.0627, 1.0093, 1.0352, 0.9922, 1.0119, 1.0315, 1.0006, 1.0186,
    1.0060, 1.0216, 1.0371, 1.0102, 1.0237, 1.0032, 1.0162, 1.0291, 1.0097, 1.0202,
    1.0017, 1.0135, 1.0230, 1.0051, 1.0154, 0.9997, 1.0087, 1.0175, 1.0028, 1.0106,
    0.9974, 1.0056, 1.0136, 1.0005, 1.0076, 0.9960, 1.0031, 1.0098, 1.0083, 1.0147,
    1.0030, 1.0092, 1.0159, 1.0056, 1.0121, 1.0020, 1.0082, 1.0144, 1.0060,
  ]

#### steps_per_second
  Points: 59
  Min: 31.3346, Max: 64.8827, Mean: 40.7352
  Data: [
    31.3346, 64.8827, 63.9062, 46.8728, 49.1246, 42.0119, 43.2039, 45.7922, 44.0513, 45.3916,
    42.1878, 43.1994, 44.1611, 42.6742, 42.5296, 40.4376, 41.3358, 41.7513, 40.0319, 40.3933,
    40.1700, 40.6512, 40.8772, 39.8581, 40.2569, 38.7516, 39.0710, 39.3789, 38.6013, 39.3417,
    38.6373, 38.7608, 39.2585, 38.6007, 38.7004, 37.9349, 38.2907, 38.5961, 38.0072, 38.4744,
    37.8205, 38.0388, 38.2373, 37.8756, 38.2204, 37.9141, 38.1785, 38.4737, 38.3573, 38.6652,
    38.1928, 38.4803, 38.6540, 38.1974, 38.3504, 37.9784, 38.1379, 38.2651, 37.8458,
  ]


### EVAL
#### draws
  Points: 23
  Min: 2.0000, Max: 7.0000, Mean: 4.6957
  Data: [
    4.0000, 5.0000, 2.0000, 5.0000, 6.0000, 6.0000, 4.0000, 4.0000, 3.0000, 3.0000,
    4.0000, 6.0000, 4.0000, 5.0000, 5.0000, 5.0000, 5.0000, 5.0000, 6.0000, 7.0000,
    4.0000, 6.0000, 4.0000,
  ]

#### gif_weak
  Points: 23
  Error: float() argument must be a string or a real number, not 'dict'

#### losses
  Points: 23
  Min: 3.0000, Max: 7.0000, Mean: 4.9565
  Data: [
    6.0000, 4.0000, 7.0000, 5.0000, 4.0000, 4.0000, 5.0000, 5.0000, 7.0000, 5.0000,
    6.0000, 4.0000, 6.0000, 4.0000, 5.0000, 5.0000, 5.0000, 5.0000, 4.0000, 3.0000,
    6.0000, 4.0000, 5.0000,
  ]

#### mean_reward
  Points: 23
  Min: -26.9190, Max: -13.4246, Mean: -21.5429
  Data: [
    -20.6180, -20.1336, -17.1802, -23.2061, -20.5540, -23.1871, -17.8120, -21.2913, -18.7833, -13.4246,
    -22.0803, -25.4130, -19.8146, -25.1830, -21.4934, -26.6417, -26.9190, -22.9520, -25.6624, -26.6165,
    -20.5111, -21.4838, -14.5261,
  ]

#### win_rate
  Points: 23
  Min: 0.0000, Max: 0.2000, Mean: 0.0348
  Data: [
    0.0000, 0.1000, 0.1000, 0.0000, 0.0000, 0.0000, 0.1000, 0.1000, 0.0000, 0.2000,
    0.0000, 0.0000, 0.0000, 0.1000, 0.0000, 0.0000, 0.0000, 0.0000, 0.0000, 0.0000,
    0.0000, 0.0000, 0.1000,
  ]

#### wins
  Points: 23
  Min: 0.0000, Max: 2.0000, Mean: 0.3478
  Data: [
    0.0000, 1.0000, 1.0000, 0.0000, 0.0000, 0.0000, 1.0000, 1.0000, 0.0000, 2.0000,
    0.0000, 0.0000, 0.0000, 1.0000, 0.0000, 0.0000, 0.0000, 0.0000, 0.0000, 0.0000,
    0.0000, 0.0000, 1.0000,
  ]


### WORLD
#### continue_actual_mean
  Points: 59
  Min: 0.9881, Max: 0.9980, Mean: 0.9941
  Data: [
    0.9950, 0.9970, 0.9950, 0.9931, 0.9931, 0.9960, 0.9960, 0.9980, 0.9970, 0.9960,
    0.9931, 0.9960, 0.9921, 0.9960, 0.9960, 0.9940, 0.9970, 0.9970, 0.9911, 0.9950,
    0.9980, 0.9950, 0.9950, 0.9950, 0.9931, 0.9960, 0.9911, 0.9881, 0.9940, 0.9921,
    0.9891, 0.9911, 0.9921, 0.9931, 0.9960, 0.9901, 0.9950, 0.9940, 0.9911, 0.9931,
    0.9950, 0.9940, 0.9970, 0.9950, 0.9921, 0.9970, 0.9970, 0.9911, 0.9940, 0.9940,
    0.9960, 0.9970, 0.9921, 0.9931, 0.9960, 0.9881, 0.9940, 0.9901, 0.9960,
  ]

#### continue_loss
  Points: 59
  Min: 0.0104, Max: 0.6293, Mean: 0.0374
  Data: [
    0.6293, 0.0234, 0.0285, 0.0449, 0.0438, 0.0260, 0.0249, 0.0164, 0.0204, 0.0263,
    0.0383, 0.0212, 0.0456, 0.0207, 0.0227, 0.0237, 0.0104, 0.0191, 0.0414, 0.0266,
    0.0106, 0.0220, 0.0207, 0.0262, 0.0299, 0.0181, 0.0309, 0.0474, 0.0211, 0.0320,
    0.0527, 0.0373, 0.0289, 0.0285, 0.0287, 0.0265, 0.0204, 0.0264, 0.0350, 0.0260,
    0.0238, 0.0328, 0.0206, 0.0202, 0.0377, 0.0162, 0.0115, 0.0265, 0.0320, 0.0212,
    0.0156, 0.0124, 0.0312, 0.0236, 0.0198, 0.0484, 0.0228, 0.0439, 0.0234,
  ]

#### continue_pred_mean
  Points: 59
  Min: 0.5334, Max: 0.9984, Mean: 0.9865
  Data: [
    0.5334, 0.9984, 0.9951, 0.9941, 0.9946, 0.9953, 0.9936, 0.9948, 0.9946, 0.9922,
    0.9948, 0.9950, 0.9950, 0.9951, 0.9941, 0.9942, 0.9961, 0.9969, 0.9948, 0.9954,
    0.9956, 0.9912, 0.9968, 0.9959, 0.9956, 0.9960, 0.9915, 0.9948, 0.9950, 0.9962,
    0.9928, 0.9896, 0.9957, 0.9933, 0.9901, 0.9901, 0.9954, 0.9960, 0.9950, 0.9932,
    0.9956, 0.9959, 0.9950, 0.9949, 0.9932, 0.9951, 0.9930, 0.9887, 0.9963, 0.9935,
    0.9953, 0.9948, 0.9912, 0.9917, 0.9936, 0.9924, 0.9958, 0.9963, 0.9950,
  ]

#### kl_loss
  Points: 59
  Min: 0.0000, Max: 3.1222, Mean: 2.1445
  Data: [
    0.0000, 0.1782, 1.6524, 0.4451, 1.7298, 1.4225, 1.2623, 0.9815, 1.2932, 1.5488,
    1.3220, 1.3642, 2.0898, 1.6375, 1.7165, 2.0043, 1.4316, 1.6736, 1.8637, 2.7465,
    1.9142, 1.9709, 2.1378, 1.9659, 1.8965, 2.3591, 3.0625, 2.4988, 2.8213, 3.1222,
    2.7053, 2.8117, 2.2258, 2.3471, 2.0279, 2.6762, 2.5747, 2.8153, 2.5832, 2.5484,
    2.4931, 2.6730, 2.7664, 2.8407, 2.9510, 2.2990, 2.8311, 2.6725, 2.4898, 2.2280,
    2.7746, 2.3360, 2.7526, 2.3821, 2.2239, 2.5590, 2.5295, 2.4609, 2.8359,
  ]

#### latent_entropy
  Points: 59
  Min: 0.9168, Max: 2.7709, Mean: 1.2372
  Data: [
    2.7709, 2.6179, 2.6193, 2.5196, 2.2828, 2.0201, 1.8252, 1.7345, 1.5452, 1.4100,
    1.5275, 1.4790, 1.4919, 1.3589, 1.3403, 1.2462, 1.2394, 1.1835, 1.1384, 1.0676,
    1.1258, 1.0904, 1.0749, 1.0740, 1.0421, 1.0435, 0.9799, 1.0140, 1.0097, 0.9998,
    0.9910, 1.0036, 1.0206, 1.0113, 1.0220, 0.9904, 1.0147, 0.9869, 0.9979, 0.9942,
    1.0147, 0.9840, 0.9662, 0.9593, 0.9529, 0.9639, 0.9302, 0.9518, 0.9551, 0.9494,
    0.9514, 0.9577, 0.9168, 0.9235, 0.9427, 0.9459, 0.9377, 0.9342, 0.9533,
  ]

#### loss
  Points: 59
  Min: 20.4063, Max: 42.0314, Mean: 22.0671
  Data: [
    42.0314, 24.0786, 24.7531, 22.4536, 22.6457, 22.2767, 22.6918, 22.4706, 22.7831, 23.1193,
    22.9516, 22.8538, 23.2687, 22.3283, 22.0200, 22.3688, 20.7398, 20.8535, 21.8987, 22.7321,
    21.2617, 21.5729, 21.6156, 21.7862, 21.4102, 21.6587, 23.3426, 21.7079, 22.4803, 22.9073,
    21.8954, 21.9136, 21.1908, 21.2357, 20.6090, 21.6558, 21.3057, 21.5886, 21.5610, 21.0166,
    20.7288, 21.0948, 21.1895, 21.3515, 21.3540, 20.4063, 21.1210, 21.1362, 20.6456, 20.4307,
    21.1042, 20.4737, 21.3401, 20.4697, 20.4568, 21.0302, 20.7600, 20.6912, 21.1408,
  ]

#### prior_posterior_kl
  Points: 59
  Min: 0.0029, Max: 0.2380, Mean: 0.1771
  Data: [
    0.0029, 0.0705, 0.1474, 0.0700, 0.1514, 0.1316, 0.1191, 0.0997, 0.1191, 0.1348,
    0.1202, 0.1280, 0.1735, 0.1475, 0.1518, 0.1698, 0.1345, 0.1481, 0.1631, 0.2132,
    0.1670, 0.1681, 0.1796, 0.1689, 0.1650, 0.1912, 0.2336, 0.2013, 0.2194, 0.2380,
    0.2129, 0.2167, 0.1850, 0.1928, 0.1736, 0.2116, 0.2043, 0.2202, 0.2060, 0.2045,
    0.2025, 0.2131, 0.2180, 0.2201, 0.2263, 0.1873, 0.2189, 0.2110, 0.1997, 0.1842,
    0.2146, 0.1896, 0.2150, 0.1926, 0.1825, 0.2028, 0.2008, 0.1975, 0.2197,
  ]

#### recon_error_max
  Points: 59
  Min: 0.7710, Max: 2.1199, Mean: 1.3873
  Data: [
    1.6257, 1.9991, 1.9769, 1.9780, 1.7573, 1.2794, 1.4532, 1.6028, 1.5278, 1.4276,
    2.1199, 1.6177, 2.0808, 1.4939, 1.9080, 1.4391, 1.1976, 1.0329, 1.3399, 1.2549,
    1.0972, 1.2838, 1.2719, 1.2885, 1.0817, 1.1699, 1.6380, 1.3530, 1.4954, 2.1113,
    1.6881, 1.3677, 1.5185, 1.4195, 1.4143, 1.2906, 1.7244, 1.4369, 1.4740, 1.0242,
    0.8747, 0.9120, 0.8102, 1.4743, 0.8810, 1.0609, 1.1884, 1.5625, 1.3714, 1.0543,
    1.4945, 0.9776, 2.0257, 1.1474, 0.7947, 1.1514, 1.1808, 0.7710, 0.8558,
  ]

#### recon_error_mean
  Points: 59
  Min: 0.0912, Max: 0.4913, Mean: 0.2299
  Data: [
    0.4835, 0.4743, 0.4913, 0.3864, 0.3152, 0.3262, 0.4030, 0.4344, 0.4346, 0.4366,
    0.4288, 0.4219, 0.3848, 0.3422, 0.3062, 0.3095, 0.1962, 0.2092, 0.2634, 0.2769,
    0.2182, 0.2382, 0.2341, 0.2616, 0.2260, 0.2190, 0.2939, 0.1971, 0.2494, 0.2151,
    0.1986, 0.1915, 0.1548, 0.1663, 0.1424, 0.1752, 0.1514, 0.1561, 0.1519, 0.1282,
    0.1166, 0.1305, 0.1252, 0.1357, 0.1364, 0.1063, 0.1247, 0.1320, 0.1154, 0.1129,
    0.1153, 0.1052, 0.1434, 0.1041, 0.1062, 0.1309, 0.1138, 0.0912, 0.1246,
  ]

#### recon_error_std
  Points: 59
  Min: 0.0813, Max: 0.4024, Mean: 0.1849
  Data: [
    0.3093, 0.4024, 0.3443, 0.3382, 0.2348, 0.2273, 0.2860, 0.3468, 0.2742, 0.2954,
    0.3211, 0.2843, 0.2479, 0.2585, 0.2122, 0.2182, 0.1807, 0.1473, 0.2064, 0.1991,
    0.2059, 0.2225, 0.2024, 0.2257, 0.1708, 0.1923, 0.2275, 0.1559, 0.1923, 0.1715,
    0.1661, 0.1594, 0.1374, 0.1325, 0.1302, 0.1557, 0.1536, 0.1340, 0.1416, 0.1151,
    0.1017, 0.0988, 0.1051, 0.1335, 0.1215, 0.1011, 0.1247, 0.1249, 0.1104, 0.1109,
    0.1217, 0.0991, 0.1579, 0.1123, 0.1085, 0.1473, 0.1154, 0.0813, 0.1065,
  ]

#### recon_loss
  Points: 59
  Min: 17.3616, Max: 20.9628, Mean: 18.6099
  Data: [
    20.8926, 20.8092, 20.9628, 20.0188, 19.3777, 19.4764, 20.1675, 20.4503, 20.4521, 20.4706,
    20.3999, 20.3379, 20.0041, 19.6207, 19.2968, 19.3260, 18.3068, 18.4240, 18.9113, 19.0330,
    18.5047, 18.6843, 18.6476, 18.8957, 18.5749, 18.5115, 19.1861, 18.3150, 18.7851, 18.4770,
    18.3279, 18.2646, 17.9344, 18.0373, 17.8227, 18.1175, 17.9032, 17.9458, 17.9080, 17.6943,
    17.5900, 17.7154, 17.6677, 17.7618, 17.7687, 17.4979, 17.6635, 17.7287, 17.5797, 17.5566,
    17.5782, 17.4878, 17.8319, 17.4775, 17.4964, 17.7190, 17.5647, 17.3616, 17.6624,
  ]

#### reward_actual_mean
  Points: 59
  Min: -0.1479, Max: -0.0737, Mean: -0.1128
  Data: [
    -0.1067, -0.0745, -0.1048, -0.1092, -0.1151, -0.1084, -0.0878, -0.0955, -0.0870, -0.0737,
    -0.1105, -0.1217, -0.0954, -0.0769, -0.1039, -0.1097, -0.1476, -0.1132, -0.0769, -0.1083,
    -0.1090, -0.1086, -0.1185, -0.1142, -0.1327, -0.1178, -0.1168, -0.1318, -0.1239, -0.1000,
    -0.0812, -0.1282, -0.1479, -0.1458, -0.1007, -0.1416, -0.1223, -0.0902, -0.1046, -0.1382,
    -0.1207, -0.1093, -0.1337, -0.1058, -0.1121, -0.1030, -0.1170, -0.1366, -0.1162, -0.1218,
    -0.1158, -0.1137, -0.1218, -0.1322, -0.1366, -0.1162, -0.1295, -0.1378, -0.0771,
  ]

#### reward_loss
  Points: 59
  Min: 0.4416, Max: 5.4233, Mean: 0.7354
  Data: [
    5.4233, 1.3389, 1.2154, 1.3455, 0.9478, 0.9133, 0.8591, 0.7665, 0.7273, 0.6836,
    0.8019, 0.7571, 0.7457, 0.7026, 0.6228, 0.6818, 0.7227, 0.5716, 0.7627, 0.6359,
    0.6885, 0.6445, 0.6019, 0.5733, 0.5988, 0.5769, 0.6146, 0.5755, 0.6140, 0.7565,
    0.5280, 0.5907, 0.7422, 0.6494, 0.5290, 0.5950, 0.6009, 0.5535, 0.6779, 0.5798,
    0.5180, 0.5020, 0.6439, 0.5325, 0.4662, 0.4446, 0.4828, 0.5320, 0.4416, 0.4643,
    0.5492, 0.5202, 0.5452, 0.4815, 0.6295, 0.5131, 0.4675, 0.6783, 0.4610,
  ]

#### reward_pred_error_mean
  Points: 59
  Min: 0.0480, Max: 0.6454, Mean: 0.2030
  Data: [
    0.0932, 0.3248, 0.2129, 0.1869, 0.3162, 0.2157, 0.4492, 0.2881, 0.3996, 0.5833,
    0.3930, 0.3836, 0.2365, 0.2539, 0.2444, 0.3179, 0.1033, 0.0793, 0.1906, 0.1881,
    0.1159, 0.3965, 0.1221, 0.2343, 0.2084, 0.1601, 0.6454, 0.1485, 0.1477, 0.1742,
    0.1564, 0.2611, 0.1187, 0.1302, 0.2695, 0.1615, 0.2011, 0.1841, 0.1578, 0.1430,
    0.0881, 0.0480, 0.0761, 0.1602, 0.1541, 0.1335, 0.1486, 0.1865, 0.0573, 0.1102,
    0.1170, 0.1984, 0.1688, 0.0880, 0.2121, 0.0906, 0.0512, 0.0957, 0.1978,
  ]

#### reward_pred_error_std
  Points: 59
  Min: 0.0544, Max: 1.8809, Mean: 0.8010
  Data: [
    0.0544, 0.3253, 0.4344, 0.4406, 0.3197, 0.3149, 0.4164, 0.4592, 0.8344, 1.2271,
    1.1175, 1.0831, 0.9145, 0.9546, 0.9984, 1.2180, 0.5616, 0.3415, 0.8143, 0.8869,
    0.6402, 1.3867, 0.6509, 1.0730, 0.8746, 0.7677, 1.8809, 0.7489, 0.7064, 0.8157,
    0.9630, 1.2854, 0.7577, 0.8053, 1.2570, 0.9411, 0.9918, 0.8391, 0.7761, 0.8298,
    0.6407, 0.2679, 0.4682, 0.9164, 0.9236, 0.7722, 0.8603, 1.0343, 0.4450, 0.7771,
    0.8158, 1.1088, 0.9323, 0.6821, 1.1367, 0.6365, 0.3763, 0.6767, 1.0776,
  ]

#### reward_pred_mean
  Points: 59
  Min: -0.4457, Max: 0.0196, Mean: -0.2049
  Data: [
    -0.0268, -0.3993, -0.2784, -0.2765, -0.4071, -0.2782, -0.3631, -0.3479, -0.3428, -0.4457,
    -0.3153, -0.2709, -0.2448, -0.1951, -0.1874, -0.2894, -0.1443, -0.1339, -0.1216, -0.2034,
    -0.1831, -0.1441, -0.1481, -0.1686, -0.1547, -0.1006, -0.0742, -0.1500, -0.1519, -0.1490,
    -0.2119, -0.3415, -0.2190, -0.2134, -0.2221, -0.2594, -0.1859, 0.0196, -0.1724, -0.2403,
    -0.1897, -0.1062, -0.1471, -0.2280, -0.2091, -0.0911, -0.1532, -0.2751, -0.1502, -0.1766,
    -0.1862, -0.2704, -0.1770, -0.1832, -0.2062, -0.1414, -0.1519, -0.0751, -0.2313,
  ]


### BEHAVIOR
#### actor_loss
  Points: 59
  Min: -4.8966, Max: 15.9828, Mean: 2.0975
  Data: [
    0.0324, -4.8966, 4.1921, 4.8222, 6.3696, 4.4022, 4.3037, 5.1840, 1.7843, 0.8506,
    2.3077, -1.0922, 4.7701, 3.2246, 3.5827, 3.9590, 3.3802, 3.5797, 3.2306, -1.7486,
    0.0326, 1.4196, 1.8814, 4.0001, 3.0315, -1.2370, -1.4843, 1.6635, 1.2003, 2.7149,
    3.4474, 1.7925, 3.1344, 1.4967, 2.6932, 1.3985, 1.6354, 4.2179, 1.2008, 1.3096,
    2.4305, 0.9839, 0.2972, 3.0616, 0.3110, 2.1594, 1.4041, 3.5509, 1.7760, 2.0886,
    0.4194, 2.7117, -0.6811, -1.2248, 0.6240, -1.2239, 1.3928, -0.0985, 15.9828,
  ]

#### advantages_abs_mean
  Points: 59
  Min: 0.0609, Max: 4.0355, Mean: 0.3058
  Data: [
    0.0609, 4.0355, 1.0793, 0.7059, 0.5518, 0.3552, 0.4131, 0.3512, 0.2522, 0.3123,
    0.2479, 0.2532, 0.2798, 0.1928, 0.2165, 0.2764, 0.2462, 0.2461, 0.2295, 0.3250,
    0.3383, 0.2124, 0.1687, 0.2986, 0.2238, 0.2375, 0.3558, 0.1136, 0.1286, 0.1834,
    0.2065, 0.1582, 0.1844, 0.1050, 0.1884, 0.1516, 0.1341, 0.2424, 0.1430, 0.1091,
    0.1381, 0.0744, 0.0721, 0.2137, 0.1066, 0.1619, 0.1171, 0.2408, 0.1333, 0.1586,
    0.1097, 0.1848, 0.1633, 0.1360, 0.1457, 0.2030, 0.1627, 0.1460, 0.8628,
  ]

#### advantages_max
  Points: 59
  Min: -0.1858, Max: 7.7120, Mean: 1.8076
  Data: [
    0.0784, -0.1858, -0.0374, 0.0316, 0.4993, 0.3241, 0.5581, 0.2210, 0.8463, 1.2952,
    1.4178, 1.2648, 0.2763, 0.5895, 0.9416, 2.2058, 3.5192, 2.3672, 1.2578, 2.8619,
    4.1311, 4.0892, 0.9771, 1.7955, 2.5997, 4.1663, 4.6668, 1.2454, 1.4002, 1.4029,
    1.4506, 1.6243, 1.4943, 0.8343, 3.0202, 2.2537, 1.3914, 1.3562, 0.9929, 0.7337,
    0.8115, 1.8342, 0.9769, 0.9500, 3.0879, 2.6003, 1.8723, 1.2210, 1.1171, 4.0228,
    0.9909, 1.5184, 3.8312, 3.9121, 7.7120, 1.9072, 1.5796, 3.5703, 1.1730,
  ]

#### advantages_mean
  Points: 59
  Min: -4.0355, Max: 0.0915, Mean: -0.2156
  Data: [
    -0.0603, -4.0355, -1.0793, -0.7059, -0.4699, -0.3123, -0.3374, -0.3415, -0.1233, -0.0499,
    -0.1388, 0.0532, -0.2794, -0.1836, -0.2030, -0.2246, -0.1878, -0.1970, -0.1818, 0.0915,
    -0.0036, -0.0832, -0.1028, -0.2200, -0.1602, 0.0561, 0.0661, -0.0827, -0.0603, -0.1357,
    -0.1726, -0.0903, -0.1562, -0.0746, -0.1314, -0.0697, -0.0812, -0.2072, -0.0619, -0.0662,
    -0.1212, -0.0511, -0.0177, -0.1675, -0.0170, -0.1133, -0.0708, -0.1953, -0.0955, -0.1115,
    -0.0283, -0.1528, 0.0311, 0.0637, -0.0344, 0.0708, -0.0736, 0.0033, -0.8358,
  ]

#### advantages_min
  Points: 59
  Min: -7.6138, Max: -0.1821, Mean: -2.6417
  Data: [
    -0.1821, -7.3379, -2.1138, -1.5688, -2.3270, -1.3070, -1.9118, -1.8906, -1.8755, -2.7340,
    -2.1188, -1.6414, -2.1701, -3.1410, -2.4923, -4.9726, -3.4291, -3.2815, -2.4341, -2.4132,
    -4.2251, -2.5182, -1.9006, -2.9808, -3.1583, -2.0350, -3.1267, -1.4457, -1.4891, -3.5351,
    -1.8593, -1.8338, -2.7165, -1.8894, -2.2730, -1.5752, -2.3214, -2.8075, -1.7925, -1.4716,
    -1.6036, -1.1250, -1.4041, -4.3812, -0.8394, -4.0166, -1.3612, -5.4641, -5.2904, -3.8551,
    -3.6817, -6.2013, -2.3163, -1.7334, -1.4362, -1.6582, -1.5980, -1.9824, -7.6138,
  ]

#### advantages_std
  Points: 59
  Min: 0.0314, Max: 2.0874, Mean: 0.3537
  Data: [
    0.0314, 2.0874, 0.5536, 0.3868, 0.7092, 0.3572, 0.4316, 0.3180, 0.3377, 0.4633,
    0.3133, 0.3163, 0.2828, 0.1574, 0.1925, 0.4018, 0.2550, 0.2830, 0.2687, 0.4490,
    0.6371, 0.3496, 0.2080, 0.4698, 0.3676, 0.4612, 0.6368, 0.1810, 0.1700, 0.2850,
    0.2662, 0.2147, 0.2715, 0.1536, 0.2748, 0.2124, 0.1941, 0.3435, 0.2305, 0.1497,
    0.1841, 0.1329, 0.1536, 0.3775, 0.1983, 0.3184, 0.1676, 0.4942, 0.2485, 0.2205,
    0.2136, 0.3549, 0.3129, 0.2093, 0.3387, 0.3471, 0.2245, 0.2896, 1.4064,
  ]

#### critic_loss
  Points: 59
  Min: 0.7260, Max: 5.5344, Mean: 1.9252
  Data: [
    5.5344, 4.9235, 2.9140, 2.3419, 3.0939, 2.4589, 2.6844, 2.2382, 2.3082, 2.8469,
    2.0469, 3.6596, 1.9688, 1.6132, 1.4397, 1.7871, 1.5277, 1.5431, 1.4956, 2.9496,
    2.4123, 2.0622, 1.7554, 2.9103, 2.4162, 2.8346, 3.5814, 2.3551, 2.0975, 2.2742,
    2.1037, 2.0026, 1.6238, 1.1561, 1.8692, 1.8176, 1.5731, 1.9154, 1.7172, 1.5677,
    1.2027, 0.8698, 0.8618, 1.4794, 1.2114, 1.2061, 0.9111, 1.2013, 0.8510, 1.0566,
    0.9071, 0.9284, 0.9387, 0.8942, 0.7260, 1.0920, 0.9459, 0.9858, 1.8973,
  ]

#### entropy_max
  Points: 59
  Min: 0.6878, Max: 13.6705, Mean: 13.1889
  Data: [
    0.6878, 7.5470, 10.6363, 11.9570, 12.5992, 12.9372, 13.1948, 13.3227, 13.4108, 13.4743,
    13.5005, 13.5184, 13.5419, 13.5575, 13.5738, 13.5771, 13.5901, 13.6082, 13.6086, 13.6163,
    13.6148, 13.6214, 13.6348, 13.6430, 13.6469, 13.6466, 13.6503, 13.6526, 13.6524, 13.6540,
    13.6563, 13.6574, 13.6590, 13.6599, 13.6608, 13.6619, 13.6620, 13.6634, 13.6642, 13.6633,
    13.6636, 13.6635, 13.6640, 13.6645, 13.6655, 13.6666, 13.6675, 13.6667, 13.6675, 13.6673,
    13.6664, 13.6663, 13.6656, 13.6672, 13.6660, 13.6669, 13.6671, 13.6685, 13.6705,
  ]

#### entropy_mean
  Points: 59
  Min: -0.3013, Max: 13.6421, Mean: 12.9475
  Data: [
    -0.3013, 6.7777, 9.7542, 10.4718, 11.0084, 12.2858, 12.4187, 12.9223, 12.8932, 13.0769,
    13.2942, 13.2657, 13.3386, 13.3978, 13.4302, 13.4367, 13.5182, 13.5335, 13.5322, 13.5328,
    13.5157, 13.5172, 13.5885, 13.5605, 13.5996, 13.5893, 13.5934, 13.6221, 13.6206, 13.6155,
    13.6088, 13.6226, 13.6302, 13.6421, 13.6391, 13.6364, 13.6384, 13.6298, 13.6360, 13.6326,
    13.6306, 13.6342, 13.6290, 13.5272, 13.6258, 13.6175, 13.6232, 13.5339, 13.5336, 13.4805,
    13.4605, 13.4588, 13.3635, 13.4663, 13.5210, 13.3238, 13.3912, 13.2952, 13.0623,
  ]

#### entropy_min
  Points: 59
  Min: -4.4756, Max: 12.9373, Mean: 7.7829
  Data: [
    -1.2427, 2.6133, 1.9807, 5.6127, 5.3838, 6.9668, 5.3789, 8.0293, 9.5257, 10.7143,
    10.9656, 11.6950, 10.4710, 11.3827, 11.3192, 12.3742, 12.0531, 12.1715, 11.2979, 11.8144,
    12.3702, 10.5406, 11.9704, 12.2843, 12.5779, 12.4086, 12.6597, 12.6354, 12.1195, 12.6094,
    11.6820, 12.4396, 12.3691, 12.9373, 12.7118, 12.5912, 12.6432, 12.3577, 11.7573, 10.3053,
    11.4332, 9.9097, 6.8963, 1.3304, 8.0330, 5.9091, 3.0308, 4.2966, -0.9947, -4.4756,
    -4.4052, -0.2182, -0.9134, 1.2129, -0.1852, 1.5601, 3.0763, 0.6014, -1.3834,
  ]

#### entropy_std
  Points: 59
  Min: 0.0383, Max: 1.5366, Mean: 0.3835
  Data: [
    0.2362, 0.2059, 0.4580, 1.0438, 1.3815, 0.6031, 0.8241, 0.4275, 0.5343, 0.3709,
    0.2126, 0.2009, 0.1321, 0.0954, 0.1006, 0.1068, 0.0718, 0.0815, 0.0861, 0.0716,
    0.0892, 0.1731, 0.0653, 0.1194, 0.0682, 0.0995, 0.0762, 0.0550, 0.0553, 0.0648,
    0.0890, 0.0730, 0.0662, 0.0383, 0.0388, 0.0486, 0.0484, 0.0662, 0.0809, 0.0887,
    0.0940, 0.1404, 0.1752, 0.6156, 0.1824, 0.2014, 0.2785, 0.5073, 0.7350, 1.0381,
    0.9669, 0.8827, 1.2218, 0.9285, 0.6727, 1.2457, 1.0091, 1.4443, 1.5366,
  ]

#### logprobs_mean
  Points: 59
  Min: -1.1999, Max: 21.0364, Mean: 17.7737
  Data: [
    0.5216, -1.1999, 3.9820, 6.3233, 8.3628, 13.1833, 13.6993, 15.7828, 15.6437, 16.4797,
    17.2883, 17.2395, 17.6113, 17.8601, 17.9514, 18.0116, 18.2392, 18.3699, 18.3010, 18.3443,
    18.2621, 18.4391, 18.9551, 19.0270, 19.6297, 19.9001, 20.2720, 20.8156, 20.6802, 20.6281,
    20.5442, 20.7235, 20.8833, 20.9628, 21.0364, 20.8623, 20.9047, 20.8225, 20.9006, 20.7672,
    20.5305, 20.4166, 20.3148, 19.8109, 20.2570, 20.1706, 20.2385, 19.4310, 19.5013, 19.2644,
    19.0472, 18.8613, 18.8873, 19.0536, 19.0901, 19.0558, 19.1242, 19.2549, 19.3235,
  ]

#### logprobs_std
  Points: 59
  Min: 1.2868, Max: 9.6165, Mean: 8.8986
  Data: [
    1.2868, 2.2003, 5.3623, 7.0472, 8.4581, 8.6384, 9.0125, 8.9977, 9.0279, 9.0533,
    9.0494, 9.0617, 9.0674, 9.1566, 9.1332, 9.1463, 9.0887, 9.1360, 9.1142, 9.1167,
    9.1458, 9.1231, 9.2365, 9.2764, 9.3468, 9.2983, 9.3473, 9.3289, 9.3551, 9.3582,
    9.3763, 9.3914, 9.3870, 9.4229, 9.4183, 9.4646, 9.4378, 9.4480, 9.4858, 9.4302,
    9.4300, 9.4025, 9.4296, 9.6165, 9.3908, 9.3753, 9.4022, 9.4484, 9.4732, 9.4243,
    9.4376, 9.3429, 9.2910, 9.2847, 9.2768, 9.2599, 9.1635, 9.2110, 9.1219,
  ]


### VALUES
#### lambda_returns_max
  Points: 59
  Min: -18.6461, Max: 88.2628, Mean: 15.3594
  Data: [
    0.0784, -0.5706, -2.3036, -4.0607, -1.7335, -2.4687, 0.1011, -6.6238, 1.7958, 8.7596,
    10.4255, 9.9879, -2.7819, 0.5112, 0.4272, 12.7197, 31.5001, 15.0913, 3.5773, 30.1579,
    54.5039, 57.9611, 4.7449, 26.6196, 37.0654, 73.9509, 88.2628, 26.0645, 23.7347, 28.1176,
    25.5687, 23.2274, 19.6789, 7.7835, 61.1324, 40.2486, 13.7269, 25.2672, 19.5724, 2.1136,
    -4.0094, 20.8791, -3.6645, 0.7323, 36.2957, 24.3844, 8.7402, -8.1427, -8.2220, 25.6248,
    -18.6461, -9.9585, 13.9829, 14.0732, 54.0730, -7.8690, -8.8923, 22.0858, -9.1999,
  ]

#### lambda_returns_mean
  Points: 59
  Min: -45.9294, Max: -0.0603, Mean: -18.2830
  Data: [
    -0.0603, -8.9861, -7.8402, -9.6875, -10.2533, -10.1540, -12.9368, -14.7320, -12.6796, -11.6709,
    -13.0887, -6.6159, -11.9009, -10.6578, -12.0858, -13.0258, -12.6788, -13.3791, -14.0431, -9.6418,
    -10.5920, -12.0341, -12.7358, -10.4802, -8.6939, -5.9530, -1.5952, -7.3623, -10.4438, -12.4172,
    -13.8048, -12.9155, -16.3390, -16.9731, -15.3613, -16.4743, -18.5397, -19.3042, -20.0922, -20.4332,
    -25.3029, -26.0804, -25.2019, -25.8286, -25.3073, -28.2006, -29.1482, -32.3748, -30.6138, -32.0706,
    -33.6891, -35.2494, -34.0891, -33.5839, -36.0632, -32.6554, -33.9283, -34.7185, -45.9294,
  ]

#### lambda_returns_min
  Points: 59
  Min: -148.0857, Max: -0.1821, Mean: -53.6488
  Data: [
    -0.1821, -16.1278, -12.3968, -15.8384, -25.9463, -22.2038, -36.0618, -37.1398, -39.0032, -52.3384,
    -40.8110, -35.5220, -39.4040, -47.7342, -35.7474, -60.2549, -43.1358, -45.0916, -37.5243, -41.7087,
    -70.4860, -46.4761, -39.0291, -54.4738, -59.0251, -46.6265, -65.1057, -41.4328, -40.5793, -85.3058,
    -47.8591, -43.9200, -63.8012, -50.1707, -58.5190, -42.4623, -61.2509, -81.9529, -53.1009, -43.2000,
    -55.2093, -47.0453, -47.8472, -108.8246, -39.2943, -95.2261, -46.4181, -112.6277, -98.2874, -81.0682,
    -81.3642, -103.4175, -58.9482, -43.8299, -52.2513, -53.6996, -52.8019, -60.0840, -148.0857,
  ]

#### lambda_returns_std
  Points: 59
  Min: 0.0314, Max: 20.6513, Mean: 5.4377
  Data: [
    0.0314, 4.5647, 2.9242, 2.7863, 6.0397, 4.3429, 6.3100, 4.5837, 5.0565, 7.0738,
    4.5053, 4.7362, 3.8309, 2.1043, 2.0649, 4.0980, 2.6402, 3.1766, 2.9725, 5.8944,
    10.2032, 5.7948, 3.5602, 7.8135, 6.1876, 9.2103, 12.9237, 4.9974, 4.7391, 7.0724,
    6.0998, 5.4941, 5.0566, 3.9614, 7.7159, 6.5380, 6.0338, 8.0603, 7.8152, 5.9887,
    4.4296, 3.3516, 3.3698, 8.2254, 5.2953, 6.2408, 4.1478, 7.6997, 4.0280, 3.5672,
    3.0881, 4.1652, 4.3421, 2.9707, 4.4287, 5.3015, 4.8628, 5.6580, 20.6513,
  ]

#### max
  Points: 59
  Min: -18.4225, Max: 0.5744, Mean: -3.6348
  Data: [
    -0.0000, -0.0705, -0.5084, -3.1621, -4.8173, -4.4836, -4.4509, -7.8005, -8.0971, -7.7122,
    -1.7906, 0.1000, -0.1442, -0.6335, -0.4499, -0.0795, -0.0087, -0.1951, -0.1365, 0.0593,
    0.0866, 0.0264, -0.4317, -0.0456, -3.2941, 0.2606, -0.4020, 0.5045, 0.5744, 0.4570,
    0.1881, 0.2053, -0.7131, -0.7977, -0.1371, -0.6115, -0.8232, -0.2026, -0.5134, -0.8602,
    -2.1689, -5.3191, -1.5200, -1.9578, -4.6124, -1.7823, -3.4474, -11.1482, -13.7807, -14.2394,
    -13.3329, -18.4225, -12.0212, -12.2221, -18.1971, -4.0601, -10.0464, -11.1813, -4.0836,
  ]

#### mean
  Points: 59
  Min: -35.6958, Max: -0.0000, Mean: -16.2236
  Data: [
    -0.0000, -0.1611, -2.1243, -4.6648, -6.3126, -6.3896, -7.9897, -9.7863, -10.8323, -10.9172,
    -11.1479, -7.4047, -7.9187, -8.3854, -10.0069, -10.8081, -10.9299, -11.3879, -12.0914, -10.6763,
    -10.5253, -10.8448, -11.2651, -7.1552, -6.1602, -6.9377, -2.8564, -5.5476, -9.2397, -9.5997,
    -10.3859, -11.1983, -13.5252, -15.6532, -12.7131, -15.0675, -16.8030, -14.7233, -18.6613, -18.8960,
    -22.7334, -25.0665, -24.8468, -22.5597, -25.0132, -26.2656, -28.0308, -29.3992, -29.2978, -30.6413,
    -33.3246, -33.5537, -34.4334, -34.2816, -35.6958, -33.5349, -33.0151, -34.7660, -33.0415,
  ]

#### min
  Points: 59
  Min: -38.4148, Max: -0.0000, Mean: -18.4749
  Data: [
    -0.0000, -0.1671, -2.1710, -4.7973, -6.4471, -6.4693, -8.1559, -9.8436, -10.9535, -11.1453,
    -11.5089, -10.8963, -8.6229, -8.8313, -10.2322, -11.2017, -11.2930, -11.9363, -12.6253, -13.5891,
    -12.9199, -12.7220, -12.7113, -12.0152, -10.0591, -10.3334, -9.8111, -10.1381, -11.0707, -12.3392,
    -13.1453, -14.0686, -15.2959, -17.3914, -17.5146, -19.0812, -20.5202, -21.6166, -23.5473, -23.5085,
    -25.4401, -26.7197, -27.0449, -27.1176, -27.9148, -29.0739, -31.3079, -31.7775, -31.9245, -33.2831,
    -34.9186, -34.7330, -36.1548, -36.0370, -37.6347, -36.6382, -36.2258, -38.4148, -36.9639,
  ]

#### norm_high
  Points: 59
  Min: -27.1437, Max: 4.5696, Mean: -8.2963
  Data: [
    -0.0001, -0.2160, -0.8164, -2.0644, -3.1821, -3.2463, -3.5874, -4.8111, -5.8096, -5.9356,
    -5.8322, -4.0009, -3.3258, -3.5580, -4.9528, -5.4152, -5.9904, -6.1369, -6.8107, -6.8137,
    -6.1065, -5.0716, -4.8105, -3.5370, -2.7413, 0.7061, 2.5886, 4.5696, 3.2622, 2.1255,
    1.2135, -0.1100, -1.3420, -1.9268, -1.0640, -2.1177, -3.7952, -3.6460, -4.7600, -5.2493,
    -7.3644, -10.0751, -11.0412, -11.7880, -13.3607, -14.1701, -15.8499, -18.1040, -19.9907, -21.2198,
    -23.0809, -24.9604, -26.0641, -26.7878, -27.1437, -26.3622, -26.0122, -25.7247, -26.0617,
  ]

#### norm_low
  Points: 59
  Min: -41.4941, Max: -0.0041, Mean: -23.0915
  Data: [
    -0.0041, -2.4029, -6.1123, -9.1793, -11.5648, -15.2983, -18.2490, -19.2915, -20.7908, -21.0185,
    -19.8274, -19.0750, -17.5959, -15.9521, -15.2007, -15.2980, -15.2917, -16.2463, -17.5387, -18.5211,
    -19.7705, -19.2699, -19.0281, -18.5888, -18.5008, -17.3043, -16.6139, -17.1350, -16.5580, -18.5427,
    -18.5662, -19.0247, -19.3761, -19.6485, -21.3559, -22.2853, -25.2065, -25.8537, -27.7748, -28.4746,
    -28.6334, -29.9618, -31.3503, -31.3226, -31.1055, -31.3040, -31.7972, -33.3532, -33.7905, -34.0461,
    -36.0783, -36.0827, -37.0303, -37.6932, -37.9019, -38.7694, -38.4811, -38.8680, -41.4941,
  ]

#### norm_scale
  Points: 59
  Min: 0.0040, Max: 23.2253, Mean: 14.7953
  Data: [
    0.0040, 2.1868, 5.2959, 7.1149, 8.3827, 12.0520, 14.6616, 14.4804, 14.9812, 15.0828,
    13.9952, 15.0740, 14.2701, 12.3941, 10.2478, 9.8828, 9.3014, 10.1094, 10.7280, 11.7075,
    13.6640, 14.1982, 14.2176, 15.0518, 15.7595, 18.0104, 19.2026, 21.7045, 19.8202, 20.6682,
    19.7797, 18.9146, 18.0340, 17.7217, 20.2918, 20.1675, 21.4114, 22.2078, 23.0149, 23.2253,
    21.2690, 19.8868, 20.3091, 19.5346, 17.7448, 17.1339, 15.9474, 15.2491, 13.7998, 12.8263,
    12.9974, 11.1222, 10.9662, 10.9054, 10.7583, 12.4071, 12.4689, 13.1433, 15.4324,
  ]

#### std
  Points: 59
  Min: 0.0000, Max: 6.8523, Mean: 2.5892
  Data: [
    0.0000, 0.0026, 0.0534, 0.1486, 0.1651, 0.1088, 0.2532, 0.1033, 0.1894, 0.3496,
    0.9317, 3.8074, 0.9107, 0.8596, 0.5330, 0.8982, 0.9879, 1.3131, 1.3719, 3.7989,
    3.0766, 2.5068, 2.1613, 2.8088, 0.7734, 2.5141, 1.3917, 2.2058, 3.4147, 4.0951,
    3.9718, 3.9729, 3.1003, 3.7747, 5.9694, 5.1566, 5.2585, 6.8523, 6.6677, 5.8541,
    4.4214, 3.0543, 3.9065, 4.7255, 3.5889, 4.0101, 3.9144, 2.3872, 2.1859, 2.3740,
    1.7338, 1.7985, 2.2742, 2.2385, 1.7822, 3.9688, 4.1215, 3.8964, 4.0694,
  ]


### IMAGINATION
#### continue_mean
  Points: 59
  Min: 0.5510, Max: 0.9993, Mean: 0.9881
  Data: [
    0.5510, 0.9993, 0.9981, 0.9957, 0.9940, 0.9961, 0.9943, 0.9953, 0.9954, 0.9941,
    0.9963, 0.9967, 0.9948, 0.9959, 0.9959, 0.9964, 0.9971, 0.9971, 0.9961, 0.9957,
    0.9959, 0.9954, 0.9976, 0.9972, 0.9956, 0.9962, 0.9934, 0.9955, 0.9953, 0.9961,
    0.9963, 0.9961, 0.9962, 0.9944, 0.9949, 0.9957, 0.9968, 0.9953, 0.9960, 0.9950,
    0.9965, 0.9952, 0.9940, 0.9944, 0.9954, 0.9958, 0.9967, 0.9947, 0.9958, 0.9972,
    0.9959, 0.9974, 0.9943, 0.9946, 0.9971, 0.9939, 0.9968, 0.9950, 0.9892,
  ]

#### continue_min
  Points: 59
  Min: 0.1301, Max: 0.9945, Mean: 0.6141
  Data: [
    0.5133, 0.9945, 0.9322, 0.9697, 0.9666, 0.9831, 0.9643, 0.9816, 0.9865, 0.9684,
    0.9632, 0.9477, 0.9308, 0.9375, 0.8490, 0.8539, 0.8352, 0.8501, 0.6826, 0.8182,
    0.7287, 0.5921, 0.6944, 0.8033, 0.7020, 0.7129, 0.7661, 0.6963, 0.3769, 0.5319,
    0.4650, 0.3407, 0.5496, 0.3204, 0.2891, 0.3052, 0.7135, 0.4186, 0.7597, 0.3902,
    0.5263, 0.3171, 0.6221, 0.4229, 0.3715, 0.4877, 0.4878, 0.2603, 0.2670, 0.3288,
    0.3855, 0.5408, 0.3353, 0.2512, 0.6065, 0.1577, 0.3134, 0.1301, 0.3371,
  ]

#### reward_abs_mean
  Points: 59
  Min: 0.0316, Max: 1.0507, Mean: 0.2272
  Data: [
    0.0316, 0.4160, 0.2780, 0.2716, 0.2832, 0.2496, 0.4081, 0.3096, 0.2649, 0.3390,
    0.2178, 0.1317, 0.2451, 0.1563, 0.1546, 0.1871, 0.1431, 0.1447, 0.1574, 0.1481,
    0.2397, 0.2151, 0.1359, 0.2412, 0.2393, 0.2415, 0.4783, 0.1988, 0.1613, 0.2497,
    0.2282, 0.1813, 0.1990, 0.1612, 0.2377, 0.1828, 0.1745, 0.2992, 0.1924, 0.1800,
    0.1869, 0.1730, 0.1612, 0.3225, 0.1821, 0.2299, 0.1363, 0.3062, 0.1913, 0.1620,
    0.1579, 0.1730, 0.1902, 0.1508, 0.1664, 0.1453, 0.1423, 0.2008, 1.0507,
  ]

#### reward_max
  Points: 59
  Min: -0.4116, Max: 9.6101, Mean: 5.4884
  Data: [
    0.0965, -0.4116, -0.2752, -0.1152, 0.1126, 0.2633, 1.2073, 0.5780, 1.3614, 1.8634,
    1.8399, 2.4035, 1.8090, 3.6982, 5.3629, 6.0981, 7.8353, 4.1579, 3.7356, 5.7660,
    8.1273, 8.3206, 3.3007, 7.2577, 7.4586, 8.7418, 8.7964, 7.2253, 7.0176, 8.2474,
    6.2205, 6.6133, 7.0182, 3.7661, 9.0543, 8.7154, 8.2097, 9.2364, 8.1525, 5.0943,
    1.2030, 8.1385, 5.1397, 7.0571, 8.1288, 8.8019, 6.9877, 6.4690, 3.6149, 8.3112,
    4.8274, 4.8770, 9.1394, 9.2216, 9.6101, 6.8284, 6.2927, 8.8931, 6.3114,
  ]

#### reward_mean
  Points: 59
  Min: -1.0410, Max: -0.0110, Mean: -0.1813
  Data: [
    -0.0281, -0.4160, -0.2780, -0.2716, -0.2743, -0.2184, -0.2984, -0.2943, -0.1540, -0.1502,
    -0.1356, -0.0371, -0.2395, -0.1361, -0.1396, -0.1547, -0.1218, -0.1285, -0.1400, -0.0836,
    -0.0888, -0.1167, -0.1215, -0.1958, -0.1845, -0.0654, -0.0110, -0.1716, -0.1215, -0.2060,
    -0.2092, -0.1533, -0.1875, -0.1498, -0.1402, -0.1296, -0.1398, -0.2405, -0.1654, -0.1729,
    -0.1857, -0.1631, -0.1582, -0.3012, -0.1104, -0.1920, -0.1254, -0.2925, -0.1851, -0.1416,
    -0.1522, -0.1649, -0.1521, -0.1386, -0.1039, -0.1326, -0.1344, -0.1521, -1.0410,
  ]

#### reward_min
  Points: 59
  Min: -10.1099, Max: -0.1301, Mean: -7.9338
  Data: [
    -0.1301, -0.4805, -0.3437, -0.3235, -0.5842, -0.5207, -1.7434, -2.5051, -3.6964, -5.0920,
    -5.8423, -6.3795, -6.4472, -6.8468, -7.9248, -8.3640, -7.9758, -8.0352, -8.9197, -8.4677,
    -9.2084, -9.4115, -9.1668, -9.4906, -9.2274, -9.4050, -9.7209, -9.3218, -9.5959, -9.6745,
    -9.6717, -9.7103, -9.7449, -9.7497, -9.7380, -9.7558, -9.4060, -9.8489, -9.6494, -9.6963,
    -9.8526, -9.8023, -9.3821, -9.7778, -9.7453, -9.8705, -9.6825, -9.9104, -9.8894, -9.9883,
    -9.7444, -9.8763, -9.8434, -9.7866, -9.4982, -9.6035, -9.9130, -10.1099, -10.0008,
  ]

#### reward_nonzero_frac
  Points: 59
  Min: 0.0027, Max: 1.0000, Mean: 0.7101
  Data: [
    0.0027, 1.0000, 1.0000, 1.0000, 0.5916, 0.6604, 0.7982, 0.8010, 0.7495, 0.8162,
    0.8376, 0.5556, 0.8864, 0.8425, 0.8318, 0.7429, 0.8387, 0.8147, 0.7815, 0.6039,
    0.8509, 0.7569, 0.7233, 0.6147, 0.6847, 0.6467, 0.5442, 0.6970, 0.7195, 0.6805,
    0.6768, 0.6742, 0.7479, 0.8255, 0.7380, 0.6703, 0.6907, 0.5785, 0.7092, 0.6324,
    0.7540, 0.8169, 0.8230, 0.6123, 0.7149, 0.6963, 0.6789, 0.5687, 0.6852, 0.6404,
    0.5511, 0.6566, 0.6301, 0.6168, 0.8117, 0.6205, 0.6213, 0.6522, 0.7257,
  ]

#### reward_significant_frac
  Points: 59
  Min: 0.0000, Max: 0.1609, Mean: 0.0229
  Data: [
    0.0000, 0.0000, 0.0000, 0.0000, 0.0000, 0.0000, 0.0771, 0.0581, 0.0440, 0.0502,
    0.0219, 0.0073, 0.0332, 0.0067, 0.0082, 0.0178, 0.0053, 0.0078, 0.0113, 0.0150,
    0.0316, 0.0243, 0.0080, 0.0301, 0.0327, 0.0365, 0.0905, 0.0212, 0.0147, 0.0331,
    0.0271, 0.0171, 0.0185, 0.0089, 0.0303, 0.0193, 0.0167, 0.0420, 0.0160, 0.0168,
    0.0141, 0.0078, 0.0068, 0.0408, 0.0153, 0.0267, 0.0059, 0.0417, 0.0161, 0.0119,
    0.0150, 0.0155, 0.0205, 0.0096, 0.0086, 0.0100, 0.0080, 0.0181, 0.1609,
  ]

#### reward_std
  Points: 59
  Min: 0.0017, Max: 2.3910, Mean: 0.5970
  Data: [
    0.0257, 0.0017, 0.0020, 0.0454, 0.2440, 0.2069, 0.4396, 0.3673, 0.4883, 0.6988,
    0.4290, 0.2744, 0.5014, 0.2624, 0.3071, 0.5496, 0.2737, 0.2983, 0.4002, 0.4400,
    0.7180, 0.6943, 0.3902, 0.9297, 0.8222, 0.8625, 1.4996, 0.7212, 0.5178, 0.9150,
    0.8546, 0.6779, 0.7331, 0.4990, 0.7988, 0.6351, 0.5846, 1.1352, 0.6729, 0.6920,
    0.6364, 0.5080, 0.3930, 1.1701, 0.5368, 0.8056, 0.3848, 1.1265, 0.6628, 0.5959,
    0.5227, 0.6078, 0.6863, 0.5001, 0.4719, 0.4435, 0.4430, 0.7303, 2.3910,
  ]


### ACTIONS
#### abs_mean
  Points: 59
  Min: 0.1858, Max: 0.9366, Mean: 0.9026
  Data: [
    0.1858, 0.6360, 0.8089, 0.8225, 0.8160, 0.8943, 0.8961, 0.9147, 0.9082, 0.9040,
    0.9198, 0.9157, 0.9171, 0.9212, 0.9231, 0.9275, 0.9218, 0.9256, 0.9205, 0.9212,
    0.9222, 0.9222, 0.9280, 0.9259, 0.9277, 0.9282, 0.9308, 0.9366, 0.9333, 0.9327,
    0.9308, 0.9343, 0.9361, 0.9296, 0.9354, 0.9321, 0.9346, 0.9289, 0.9262, 0.9316,
    0.9335, 0.9333, 0.9321, 0.9335, 0.9283, 0.9297, 0.9358, 0.9285, 0.9280, 0.9312,
    0.9239, 0.9225, 0.9206, 0.9306, 0.9243, 0.9286, 0.9283, 0.9266, 0.9252,
  ]

#### dim0_mean
  Points: 59
  Min: -0.0425, Max: 0.3932, Mean: 0.2025
  Data: [
    -0.0425, 0.0303, -0.0116, -0.0336, -0.0313, 0.0153, 0.0392, -0.0012, 0.0020, -0.0213,
    0.0333, 0.0290, 0.0463, 0.0851, 0.0485, 0.0689, 0.0450, 0.0290, 0.1307, 0.0580,
    0.0697, 0.1098, 0.1703, 0.2154, 0.2230, 0.2520, 0.2799, 0.3296, 0.3059, 0.3212,
    0.3006, 0.3317, 0.3257, 0.3401, 0.3484, 0.3382, 0.3592, 0.3860, 0.3932, 0.3761,
    0.3712, 0.3616, 0.3544, 0.3141, 0.3022, 0.3197, 0.3469, 0.3404, 0.2686, 0.3044,
    0.2835, 0.2950, 0.2669, 0.2189, 0.2646, 0.2842, 0.3149, 0.2137, 0.2256,
  ]

#### dim1_mean
  Points: 59
  Min: -0.1870, Max: 0.5383, Mean: 0.1612
  Data: [
    0.0351, -0.0904, -0.0420, -0.0812, -0.0365, -0.1011, -0.0439, -0.1174, -0.0796, -0.0373,
    -0.0945, -0.1536, -0.1281, -0.1371, -0.1713, -0.1136, -0.1323, -0.1440, -0.0886, -0.0994,
    -0.0438, -0.0362, 0.0314, 0.1148, 0.0966, 0.1466, 0.1912, 0.2112, 0.2566, 0.2427,
    0.2493, 0.2998, 0.3177, 0.3276, 0.3393, 0.4102, 0.4529, 0.5030, 0.5164, 0.4991,
    0.5039, 0.4558, 0.5303, 0.5189, 0.5293, 0.5383, 0.4713, 0.3892, 0.3873, 0.3780,
    0.3155, 0.2230, 0.2170, 0.1764, 0.2223, 0.2059, 0.1584, 0.2074, -0.1870,
  ]

#### dim2_mean
  Points: 59
  Min: -0.6246, Max: 0.4409, Mean: -0.1633
  Data: [
    0.0171, -0.0260, 0.0205, -0.0307, -0.0103, 0.0646, 0.0204, -0.0526, 0.0019, 0.0503,
    0.0123, 0.0637, 0.0837, 0.1432, 0.1657, 0.0927, -0.0167, -0.0157, -0.0669, -0.0480,
    -0.1710, -0.1766, -0.3135, -0.3462, -0.4807, -0.5180, -0.5758, -0.6056, -0.6246, -0.6093,
    -0.6058, -0.6038, -0.5963, -0.5667, -0.5062, -0.5278, -0.4912, -0.4220, -0.4024, -0.3288,
    -0.3241, -0.3147, -0.2551, -0.2733, -0.2277, -0.2272, -0.2241, -0.1671, -0.0905, -0.0751,
    0.0371, 0.0502, 0.0995, 0.1559, 0.1756, 0.1292, 0.2932, 0.1641, 0.4409,
  ]

#### dim3_mean
  Points: 59
  Min: -0.1099, Max: 0.2438, Mean: 0.1001
  Data: [
    0.0520, -0.1099, -0.0098, -0.0089, -0.0062, -0.0271, -0.0170, 0.0562, 0.0256, 0.0450,
    0.0385, 0.0374, 0.0482, 0.0263, 0.0618, 0.0633, 0.0436, 0.0674, 0.0529, 0.0502,
    0.0392, 0.1000, 0.1416, 0.1594, 0.0792, 0.1430, 0.0728, 0.1496, 0.1586, 0.1617,
    0.2438, 0.1843, 0.2173, 0.1734, 0.1674, 0.1826, 0.1700, 0.1969, 0.1763, 0.1405,
    0.1741, 0.0859, 0.1783, 0.1238, 0.1467, 0.1152, 0.1419, 0.1376, 0.1568, 0.1249,
    0.0914, 0.1390, 0.1294, 0.1154, 0.1218, 0.1093, 0.0933, 0.1023, 0.0699,
  ]

#### max
  Points: 59
  Min: 0.8505, Max: 1.0000, Mean: 0.9975
  Data: [
    0.8505, 1.0000, 1.0000, 1.0000, 1.0000, 1.0000, 1.0000, 1.0000, 1.0000, 1.0000,
    1.0000, 1.0000, 1.0000, 1.0000, 1.0000, 1.0000, 1.0000, 1.0000, 1.0000, 1.0000,
    1.0000, 1.0000, 1.0000, 1.0000, 1.0000, 1.0000, 1.0000, 1.0000, 1.0000, 1.0000,
    1.0000, 1.0000, 1.0000, 1.0000, 1.0000, 1.0000, 1.0000, 1.0000, 1.0000, 1.0000,
    1.0000, 1.0000, 1.0000, 1.0000, 1.0000, 1.0000, 1.0000, 1.0000, 1.0000, 1.0000,
    1.0000, 1.0000, 1.0000, 1.0000, 1.0000, 1.0000, 1.0000, 1.0000, 1.0000,
  ]

#### mean
  Points: 59
  Min: -0.0490, Max: 0.2149, Mean: 0.0751
  Data: [
    0.0154, -0.0490, -0.0107, -0.0386, -0.0211, -0.0121, -0.0003, -0.0287, -0.0125, 0.0092,
    -0.0026, -0.0059, 0.0125, 0.0294, 0.0262, 0.0278, -0.0151, -0.0158, 0.0070, -0.0098,
    -0.0265, -0.0008, 0.0074, 0.0358, -0.0205, 0.0059, -0.0080, 0.0212, 0.0241, 0.0291,
    0.0469, 0.0530, 0.0661, 0.0686, 0.0872, 0.1008, 0.1227, 0.1660, 0.1709, 0.1717,
    0.1813, 0.1471, 0.2020, 0.1708, 0.1876, 0.1865, 0.1840, 0.1750, 0.1806, 0.1831,
    0.1819, 0.1768, 0.1782, 0.1667, 0.1961, 0.1821, 0.2149, 0.1719, 0.1373,
  ]

#### min
  Points: 59
  Min: -1.0000, Max: -0.7374, Mean: -0.9955
  Data: [
    -0.7374, -1.0000, -1.0000, -1.0000, -1.0000, -1.0000, -1.0000, -1.0000, -1.0000, -1.0000,
    -1.0000, -1.0000, -1.0000, -1.0000, -1.0000, -1.0000, -1.0000, -1.0000, -1.0000, -1.0000,
    -1.0000, -1.0000, -1.0000, -1.0000, -1.0000, -1.0000, -1.0000, -1.0000, -1.0000, -1.0000,
    -1.0000, -1.0000, -1.0000, -1.0000, -1.0000, -1.0000, -1.0000, -1.0000, -1.0000, -1.0000,
    -1.0000, -1.0000, -1.0000, -1.0000, -1.0000, -1.0000, -1.0000, -1.0000, -1.0000, -1.0000,
    -1.0000, -1.0000, -1.0000, -1.0000, -1.0000, -1.0000, -1.0000, -1.0000, -1.0000,
  ]

#### std
  Points: 59
  Min: 0.2311, Max: 0.9526, Mean: 0.9176
  Data: [
    0.2311, 0.7050, 0.8527, 0.8633, 0.8599, 0.9205, 0.9224, 0.9360, 0.9319, 0.9292,
    0.9403, 0.9372, 0.9382, 0.9410, 0.9432, 0.9456, 0.9420, 0.9449, 0.9413, 0.9415,
    0.9419, 0.9422, 0.9468, 0.9449, 0.9465, 0.9473, 0.9487, 0.9526, 0.9501, 0.9495,
    0.9482, 0.9502, 0.9500, 0.9453, 0.9479, 0.9445, 0.9435, 0.9335, 0.9303, 0.9336,
    0.9340, 0.9395, 0.9279, 0.9348, 0.9288, 0.9290, 0.9347, 0.9312, 0.9300, 0.9312,
    0.9265, 0.9260, 0.9241, 0.9334, 0.9238, 0.9299, 0.9224, 0.9299, 0.9347,
  ]


### GRADIENTS
#### actor_norm
  Points: 59
  Min: 0.0034, Max: 0.5747, Mean: 0.0336
  Data: [
    0.0348, 0.5747, 0.1074, 0.0974, 0.0905, 0.0328, 0.0383, 0.0364, 0.0277, 0.0238,
    0.0133, 0.0215, 0.0160, 0.0087, 0.0111, 0.0144, 0.0091, 0.0071, 0.0128, 0.0156,
    0.0264, 0.0174, 0.0089, 0.0177, 0.0166, 0.0165, 0.0186, 0.0042, 0.0034, 0.0079,
    0.0064, 0.0074, 0.0072, 0.0042, 0.0042, 0.0061, 0.0035, 0.0059, 0.0062, 0.0043,
    0.0049, 0.0039, 0.0051, 0.0148, 0.0061, 0.0083, 0.0048, 0.0273, 0.0174, 0.0190,
    0.0270, 0.0428, 0.0174, 0.0277, 0.0092, 0.0748, 0.0216, 0.0465, 0.2166,
  ]

#### critic_norm
  Points: 59
  Min: 0.5114, Max: 3.5967, Mean: 1.6031
  Data: [
    0.9163, 3.4531, 3.5967, 2.4742, 3.2303, 1.3448, 1.1555, 2.3780, 0.5979, 1.7269,
    2.0958, 3.1512, 2.2205, 2.5450, 2.7176, 1.4886, 1.8353, 1.4013, 1.9395, 3.3186,
    0.7916, 1.0103, 0.8179, 2.4154, 1.6710, 1.0683, 1.3382, 1.6899, 3.3541, 1.4511,
    1.3966, 1.6952, 1.8268, 0.9423, 0.8221, 0.7875, 1.5255, 0.8320, 0.8641, 1.6181,
    1.2859, 0.6349, 2.5702, 0.5114, 0.7488, 0.5334, 0.9266, 1.2914, 1.1758, 1.4091,
    1.1797, 1.5660, 1.5228, 2.2185, 0.7837, 0.9743, 1.2307, 0.7577, 1.7573,
  ]

#### world_model_norm
  Points: 59
  Min: 2.9621, Max: 17.9466, Mean: 4.9602
  Data: [
    10.0000, 8.6201, 7.6842, 3.3629, 3.5290, 4.5391, 3.8077, 3.1454, 3.0858, 3.7717,
    4.3629, 6.1174, 7.5155, 4.2333, 4.7665, 3.6517, 5.3430, 4.8502, 4.3098, 7.3694,
    4.4857, 3.3493, 2.9621, 4.4943, 5.0366, 3.9660, 4.8541, 5.3135, 5.1353, 6.4926,
    4.0945, 4.2121, 5.1106, 4.3556, 4.6553, 3.7796, 4.3196, 4.9369, 5.3330, 3.6394,
    5.4836, 5.9727, 6.7894, 5.4659, 4.3182, 3.3216, 4.3696, 4.0074, 3.0050, 3.6716,
    4.1366, 5.2519, 4.2295, 3.8556, 4.1903, 3.5267, 3.5127, 17.9466, 5.0080,
  ]


### SPARSE_SIGNAL
#### advantage_nonzero_frac
  Points: 59
  Min: 0.7208, Max: 1.0000, Mean: 0.9381
  Data: [
    0.9594, 1.0000, 1.0000, 0.9990, 0.9526, 0.9668, 0.9755, 0.9686, 0.9615, 0.9709,
    0.9728, 0.9720, 0.9834, 0.9784, 0.9838, 0.9735, 0.9820, 0.9795, 0.9763, 0.9696,
    0.9690, 0.9604, 0.9632, 0.9587, 0.9366, 0.9416, 0.9216, 0.9259, 0.9473, 0.9385,
    0.9582, 0.9581, 0.9636, 0.9449, 0.9566, 0.9582, 0.9532, 0.9383, 0.9365, 0.9382,
    0.9497, 0.7936, 0.7208, 0.8818, 0.8911, 0.8777, 0.9163, 0.8648, 0.8989, 0.9555,
    0.8794, 0.9365, 0.8844, 0.9113, 0.9132, 0.8880, 0.9429, 0.8622, 0.8829,
  ]

#### advantage_significant_frac
  Points: 59
  Min: 0.1045, Max: 1.0000, Mean: 0.5519
  Data: [
    0.1045, 1.0000, 0.9748, 0.9453, 0.6706, 0.7312, 0.7915, 0.7603, 0.6948, 0.7497,
    0.7391, 0.7375, 0.7752, 0.7400, 0.7613, 0.7257, 0.7744, 0.7648, 0.7373, 0.7322,
    0.7179, 0.6383, 0.6407, 0.6338, 0.5645, 0.5104, 0.5286, 0.3512, 0.4944, 0.5310,
    0.6078, 0.5747, 0.5735, 0.2706, 0.5584, 0.5180, 0.4214, 0.4777, 0.3312, 0.3175,
    0.3870, 0.1741, 0.1563, 0.4180, 0.2788, 0.3458, 0.3395, 0.4373, 0.3876, 0.5412,
    0.3187, 0.4812, 0.4216, 0.4655, 0.4267, 0.4460, 0.5047, 0.3471, 0.5158,
  ]

#### event_rate_in_batch
  Points: 59
  Min: 0.0000, Max: 0.0079, Mean: 0.0029
  Data: [
    0.0000, 0.0010, 0.0020, 0.0020, 0.0010, 0.0010, 0.0010, 0.0000, 0.0010, 0.0010,
    0.0040, 0.0020, 0.0030, 0.0030, 0.0020, 0.0050, 0.0030, 0.0010, 0.0050, 0.0020,
    0.0010, 0.0040, 0.0030, 0.0020, 0.0050, 0.0020, 0.0069, 0.0060, 0.0040, 0.0069,
    0.0040, 0.0050, 0.0060, 0.0040, 0.0010, 0.0079, 0.0030, 0.0040, 0.0060, 0.0040,
    0.0020, 0.0010, 0.0000, 0.0030, 0.0020, 0.0010, 0.0020, 0.0060, 0.0010, 0.0030,
    0.0030, 0.0020, 0.0040, 0.0040, 0.0020, 0.0050, 0.0030, 0.0040, 0.0010,
  ]

#### lambda_return_abs_mean
  Points: 59
  Min: 0.0609, Max: 45.9294, Mean: 18.5563
  Data: [
    0.0609, 8.9861, 7.8402, 9.6875, 10.2533, 10.1540, 12.9368, 14.7320, 12.6809, 11.8427,
    13.1577, 6.8819, 11.9009, 10.6578, 12.0859, 13.0486, 12.7244, 13.4126, 14.0550, 10.0603,
    13.1140, 12.4721, 12.7428, 10.6454, 9.0956, 8.9877, 8.3656, 7.5426, 10.6876, 12.5220,
    13.8912, 12.9890, 16.3514, 16.9845, 15.8269, 16.6111, 18.5893, 19.3744, 20.1170, 20.4358,
    25.3029, 26.0901, 25.2019, 25.8288, 25.3843, 28.2223, 29.1490, 32.3748, 30.6138, 32.0871,
    33.6891, 35.2494, 34.1010, 33.5929, 36.1551, 32.6554, 33.9283, 34.7608, 45.9294,
  ]

#### lambda_return_nonzero_frac
  Points: 59
  Min: 0.1045, Max: 1.0000, Mean: 0.9838
  Data: [
    0.1045, 1.0000, 1.0000, 1.0000, 1.0000, 1.0000, 0.9997, 1.0000, 0.9998, 0.9975,
    0.9991, 0.9908, 1.0000, 1.0000, 0.9999, 0.9999, 0.9998, 0.9999, 0.9999, 0.9952,
    0.9986, 0.9988, 0.9999, 0.9987, 0.9989, 0.9956, 0.9950, 0.9951, 0.9924, 0.9914,
    0.9985, 0.9998, 1.0000, 0.9999, 0.9988, 0.9995, 0.9998, 0.9999, 0.9996, 1.0000,
    1.0000, 1.0000, 1.0000, 0.9999, 0.9998, 1.0000, 1.0000, 1.0000, 1.0000, 1.0000,
    1.0000, 1.0000, 1.0000, 1.0000, 0.9999, 1.0000, 1.0000, 0.9998, 1.0000,
  ]

#### lambda_return_significant_frac
  Points: 59
  Min: 0.0000, Max: 1.0000, Mean: 0.9729
  Data: [
    0.0000, 0.9592, 1.0000, 1.0000, 1.0000, 1.0000, 0.9979, 1.0000, 0.9982, 0.9749,
    0.9899, 0.9151, 1.0000, 0.9995, 0.9992, 0.9981, 0.9984, 0.9984, 0.9985, 0.9540,
    0.9840, 0.9887, 0.9989, 0.9831, 0.9893, 0.9652, 0.9348, 0.9530, 0.9565, 0.9434,
    0.9772, 0.9912, 0.9994, 0.9988, 0.9763, 0.9949, 0.9973, 0.9974, 0.9961, 0.9996,
    1.0000, 1.0000, 1.0000, 0.9997, 0.9984, 0.9999, 1.0000, 1.0000, 1.0000, 1.0000,
    1.0000, 1.0000, 0.9998, 1.0000, 0.9994, 1.0000, 1.0000, 0.9989, 1.0000,
  ]

#### nonsparse_pred_error
  Points: 59
  Min: 0.0469, Max: 0.6454, Mean: 0.1968
  Data: [
    0.0932, 0.3148, 0.1938, 0.1675, 0.3071, 0.2063, 0.4410, 0.2881, 0.3935, 0.5788,
    0.3728, 0.3736, 0.2205, 0.2376, 0.2383, 0.3094, 0.0973, 0.0754, 0.1688, 0.1851,
    0.1151, 0.3917, 0.1191, 0.2329, 0.1998, 0.1579, 0.6454, 0.1413, 0.1421, 0.1441,
    0.1522, 0.2605, 0.1051, 0.1243, 0.2695, 0.1504, 0.1993, 0.1781, 0.1425, 0.1397,
    0.0869, 0.0469, 0.0761, 0.1517, 0.1536, 0.1334, 0.1485, 0.1862, 0.0571, 0.1100,
    0.1141, 0.1982, 0.1676, 0.0869, 0.2118, 0.0864, 0.0502, 0.0762, 0.1977,
  ]

#### num_sparse_events
  Points: 59
  Min: 0.0000, Max: 8.0000, Mean: 2.9661
  Data: [
    0.0000, 1.0000, 2.0000, 2.0000, 1.0000, 1.0000, 1.0000, 0.0000, 1.0000, 1.0000,
    4.0000, 2.0000, 3.0000, 3.0000, 2.0000, 5.0000, 3.0000, 1.0000, 5.0000, 2.0000,
    1.0000, 4.0000, 3.0000, 2.0000, 5.0000, 2.0000, 7.0000, 6.0000, 4.0000, 7.0000,
    4.0000, 5.0000, 6.0000, 4.0000, 1.0000, 8.0000, 3.0000, 4.0000, 6.0000, 4.0000,
    2.0000, 1.0000, 0.0000, 3.0000, 2.0000, 1.0000, 2.0000, 6.0000, 1.0000, 3.0000,
    3.0000, 2.0000, 4.0000, 4.0000, 2.0000, 5.0000, 3.0000, 4.0000, 1.0000,
  ]

#### reward_max
  Points: 59
  Min: 0.0000, Max: 10.0000, Mean: 3.3898
  Data: [
    0.0000, 10.0000, 0.0000, 10.0000, 0.0000, 0.0000, 0.0000, 0.0000, 0.0000, 0.0000,
    10.0000, 0.0000, 10.0000, 10.0000, 0.0000, 10.0000, 10.0000, 0.0000, 10.0000, 0.0000,
    0.0000, 10.0000, 0.0000, 0.0000, 0.0000, 0.0000, 10.0000, 10.0000, 0.0000, 10.0000,
    10.0000, 0.0000, 10.0000, 10.0000, 0.0000, 10.0000, 0.0000, 10.0000, 10.0000, 0.0000,
    0.0000, 10.0000, 0.0000, 0.0000, 0.0000, 0.0000, 0.0000, 0.0000, 0.0000, 0.0000,
    0.0000, 0.0000, 0.0000, 0.0000, 0.0000, 10.0000, 0.0000, 0.0000, 0.0000,
  ]

#### reward_min
  Points: 59
  Min: -10.3064, Max: -0.2581, Mean: -9.3815
  Data: [
    -0.3336, -0.2581, -10.1007, -10.0930, -10.0745, -10.1920, -10.2484, -0.3417, -10.1196, -10.1795,
    -10.2471, -10.2330, -10.1669, -10.1115, -10.1682, -10.1647, -10.1965, -10.0930, -10.2360, -10.1048,
    -10.2054, -10.2897, -10.2173, -10.2947, -10.2484, -10.1013, -10.2421, -10.2050, -10.2872, -10.2510,
    -10.2536, -10.2484, -10.2610, -10.2610, -10.2114, -10.2484, -10.2560, -10.2774, -10.2610, -10.2835,
    -10.2379, -0.3237, -0.3428, -10.2325, -10.2484, -10.2384, -10.2226, -10.2693, -10.2541, -10.2362,
    -10.2703, -10.2151, -10.2786, -10.2838, -10.2320, -10.2944, -10.3064, -10.2390, -10.2151,
  ]

#### reward_range
  Points: 59
  Min: 0.3336, Max: 20.2944, Mean: 12.7713
  Data: [
    0.3336, 10.2581, 10.1007, 20.0930, 10.0745, 10.1920, 10.2484, 0.3417, 10.1196, 10.1795,
    20.2471, 10.2330, 20.1669, 20.1115, 10.1682, 20.1647, 20.1965, 10.0930, 20.2360, 10.1048,
    10.2054, 20.2897, 10.2173, 10.2947, 10.2484, 10.1013, 20.2421, 20.2050, 10.2872, 20.2510,
    20.2536, 10.2484, 20.2610, 20.2610, 10.2114, 20.2484, 10.2560, 20.2774, 20.2610, 10.2835,
    10.2379, 10.3237, 0.3428, 10.2325, 10.2484, 10.2384, 10.2226, 10.2693, 10.2541, 10.2362,
    10.2703, 10.2151, 10.2786, 10.2838, 10.2320, 20.2944, 10.3064, 10.2390, 10.2151,
  ]

#### reward_variance
  Points: 59
  Min: 0.0045, Max: 0.8058, Mean: 0.3055
  Data: [
    0.0045, 0.1058, 0.2039, 0.2075, 0.1038, 0.1071, 0.1087, 0.0051, 0.1053, 0.1068,
    0.4092, 0.2078, 0.3081, 0.3071, 0.2056, 0.5082, 0.3048, 0.1042, 0.5102, 0.2041,
    0.1060, 0.4086, 0.3086, 0.2100, 0.5078, 0.2039, 0.7136, 0.6081, 0.4072, 0.7162,
    0.4120, 0.5073, 0.6154, 0.4133, 0.1084, 0.8058, 0.3109, 0.4139, 0.6113, 0.4145,
    0.2093, 0.1074, 0.0065, 0.3112, 0.2108, 0.1093, 0.2086, 0.6142, 0.1105, 0.3094,
    0.3127, 0.2081, 0.4135, 0.4099, 0.2066, 0.5145, 0.3147, 0.4085, 0.1071,
  ]

#### sparse_actual_mean
  Points: 59
  Min: -10.2677, Max: 10.0000, Mean: -7.1210
  Data: [
    0.0000, 10.0000, -10.0980, -0.0465, -10.0745, -10.1920, -10.2484, 0.0000, -10.1196, -10.1795,
    -5.1242, -10.1893, -3.4200, 3.2962, -10.1452, -6.1114, -3.4237, -10.0930, 1.9318, -10.0989,
    -10.2054, -5.1384, -10.2006, -10.2350, -10.1711, -10.0852, -7.2905, -6.7877, -10.1554, -1.5375,
    -5.1657, -10.1689, -6.8653, -5.1899, -10.2114, -7.6184, -10.2303, -5.1571, -3.4495, -10.2409,
    -10.2350, 10.0000, 0.0000, -10.1884, -10.2434, -10.2384, -10.2082, -10.1971, -10.2541, -10.1993,
    -10.2561, -10.1875, -10.2358, -10.2103, -10.2047, -6.1785, -10.2677, -10.1798, -10.2151,
  ]

#### sparse_pred_error
  Points: 59
  Min: 0.0000, Max: 10.3983, Mean: 2.6199
  Data: [
    0.0000, 10.3983, 9.7947, 9.9592, 9.5130, 9.6464, 8.6888, 0.0000, 6.5607, 5.1686,
    5.4564, 5.3938, 5.6116, 5.7165, 3.3192, 2.0366, 2.1124, 3.9304, 4.5609, 1.7258,
    0.9544, 1.6139, 1.1230, 0.9280, 1.9368, 1.2435, 0.6527, 1.3464, 1.5531, 4.4799,
    1.2148, 0.3848, 2.3809, 1.6215, 0.2897, 1.5498, 0.8243, 1.7031, 2.7162, 0.9882,
    0.7023, 1.1268, 0.0000, 3.0318, 0.4062, 0.1800, 0.1801, 0.2496, 0.2666, 0.1857,
    1.0793, 0.3286, 0.4749, 0.3803, 0.3642, 0.9163, 0.3677, 4.9999, 0.2331,
  ]

#### sparse_pred_mean
  Points: 59
  Min: -10.0584, Max: 8.8732, Mean: -5.9972
  Data: [
    0.0000, -0.3983, -0.3033, -0.2362, -0.5615, -0.5456, -1.5596, 0.0000, -3.5589, -5.0109,
    -3.8603, -4.7955, -4.2433, -0.2856, -6.8259, -5.2542, -3.2342, -6.1625, -1.3689, -8.3730,
    -9.2510, -4.6080, -9.0776, -9.3071, -8.2343, -8.8417, -6.9485, -6.7812, -8.6023, -3.8558,
    -5.7533, -9.7840, -7.7609, -5.7733, -9.9217, -8.2281, -9.4059, -3.8853, -4.6032, -9.2527,
    -9.5327, 8.8732, 0.0000, -7.1566, -9.8371, -10.0584, -10.0281, -9.9475, -9.9875, -10.0137,
    -9.1768, -9.8588, -9.7609, -9.8300, -9.8405, -6.1660, -9.9000, -5.1800, -9.9821,
  ]

#### sparse_sign_accuracy
  Points: 59
  Min: 0.0000, Max: 1.0000, Mean: 0.9237
  Data: [
    0.0000, 0.0000, 1.0000, 0.5000, 1.0000, 1.0000, 1.0000, 0.0000, 1.0000, 1.0000,
    1.0000, 1.0000, 1.0000, 1.0000, 1.0000, 1.0000, 1.0000, 1.0000, 1.0000, 1.0000,
    1.0000, 1.0000, 1.0000, 1.0000, 1.0000, 1.0000, 1.0000, 1.0000, 1.0000, 1.0000,
    1.0000, 1.0000, 1.0000, 1.0000, 1.0000, 1.0000, 1.0000, 1.0000, 1.0000, 1.0000,
    1.0000, 1.0000, 0.0000, 1.0000, 1.0000, 1.0000, 1.0000, 1.0000, 1.0000, 1.0000,
    1.0000, 1.0000, 1.0000, 1.0000, 1.0000, 1.0000, 1.0000, 1.0000, 1.0000,
  ]

#### sparse_vs_nonsparse_error_ratio
  Points: 59
  Min: 0.0000, Max: 65.6476, Mean: 14.1938
  Data: [
    0.0000, 33.0304, 50.5272, 59.4530, 30.9820, 46.7567, 19.7036, 0.0000, 16.6742, 8.9302,
    14.6351, 14.4358, 25.4541, 24.0629, 13.9301, 6.5834, 21.7180, 52.0954, 27.0222, 9.3251,
    8.2928, 4.1206, 9.4299, 3.9846, 9.6924, 7.8742, 1.0113, 9.5280, 10.9265, 31.0805,
    7.9815, 1.4773, 22.6514, 13.0481, 1.0751, 10.3028, 4.1368, 9.5637, 19.0585, 7.0755,
    8.0820, 24.0315, 0.0000, 19.9887, 2.6455, 1.3492, 1.2128, 1.3407, 4.6715, 1.6885,
    9.4571, 1.6582, 2.8337, 4.3783, 1.7198, 10.6002, 7.3200, 65.6476, 1.1787,
  ]

#### sparse_weight_applied
  Points: 59
  Min: 0.0000, Max: 100.0000, Mean: 94.9153
  Data: [
    0.0000, 100.0000, 100.0000, 100.0000, 100.0000, 100.0000, 100.0000, 0.0000, 100.0000, 100.0000,
    100.0000, 100.0000, 100.0000, 100.0000, 100.0000, 100.0000, 100.0000, 100.0000, 100.0000, 100.0000,
    100.0000, 100.0000, 100.0000, 100.0000, 100.0000, 100.0000, 100.0000, 100.0000, 100.0000, 100.0000,
    100.0000, 100.0000, 100.0000, 100.0000, 100.0000, 100.0000, 100.0000, 100.0000, 100.0000, 100.0000,
    100.0000, 100.0000, 0.0000, 100.0000, 100.0000, 100.0000, 100.0000, 100.0000, 100.0000, 100.0000,
    100.0000, 100.0000, 100.0000, 100.0000, 100.0000, 100.0000, 100.0000, 100.0000, 100.0000,
  ]

#### unweighted_reward_loss
  Points: 59
  Min: 0.4056, Max: 5.4233, Mean: 0.6605
  Data: [
    5.4233, 0.9223, 0.8850, 0.8921, 0.8007, 0.7470, 0.7767, 0.7665, 0.6905, 0.6572,
    0.7163, 0.7140, 0.5529, 0.6049, 0.5876, 0.6769, 0.7340, 0.5481, 0.6401, 0.6285,
    0.6890, 0.6297, 0.5763, 0.5497, 0.5404, 0.5628, 0.5951, 0.5215, 0.5812, 0.5506,
    0.4684, 0.5641, 0.5199, 0.6257, 0.5163, 0.4686, 0.5757, 0.4980, 0.5656, 0.5343,
    0.4852, 0.4943, 0.6439, 0.4174, 0.4251, 0.4228, 0.4489, 0.4632, 0.4190, 0.4104,
    0.5027, 0.4943, 0.4941, 0.4110, 0.6240, 0.4385, 0.4056, 0.4307, 0.4413,
  ]

#### value_lambda_gap_abs_mean
  Points: 59
  Min: 0.0609, Max: 13.3148, Mean: 3.4112
  Data: [
    0.0609, 8.8250, 5.7160, 5.0224, 4.6255, 4.2804, 6.0573, 5.0854, 3.7780, 4.7102,
    3.4699, 3.8166, 3.9933, 2.3894, 2.2187, 2.7318, 2.2897, 2.4884, 2.4620, 3.8045,
    4.6223, 3.0163, 2.3980, 4.4941, 3.5277, 4.2769, 6.8326, 2.4657, 2.5498, 3.7914,
    4.0836, 2.9930, 3.3254, 1.8608, 3.8239, 3.0575, 2.8709, 5.3836, 3.2905, 2.5335,
    2.9364, 1.4802, 1.4644, 4.1755, 1.8908, 2.7744, 1.8674, 3.6717, 1.8392, 2.0348,
    1.4257, 2.0553, 1.7905, 1.4826, 1.5674, 2.5187, 2.0281, 1.9191, 13.3148,
  ]

#### value_lambda_gap_mean
  Points: 59
  Min: -12.8986, Max: 1.2701, Mean: -2.0583
  Data: [
    -0.0603, -8.8250, -5.7160, -5.0224, -3.9393, -3.7644, -4.9475, -4.9457, -1.8467, -0.7531,
    -1.9428, 0.8012, -3.9864, -2.2751, -2.0803, -2.2193, -1.7472, -1.9916, -1.9503, 1.0709,
    -0.0491, -1.1811, -1.4620, -3.3114, -2.5254, 1.0111, 1.2701, -1.7945, -1.1958, -2.8051,
    -3.4148, -1.7077, -2.8166, -1.3218, -2.6655, -1.4063, -1.7376, -4.6005, -1.4237, -1.5374,
    -2.5784, -1.0165, -0.3603, -3.2725, -0.3010, -1.9416, -1.1284, -2.9780, -1.3173, -1.4306,
    -0.3683, -1.6990, 0.3415, 0.6949, -0.3696, 0.8779, -0.9172, 0.0427, -12.8986,
  ]

#### weighted_reward_loss
  Points: 59
  Min: 0.4416, Max: 5.4233, Mean: 0.7354
  Data: [
    5.4233, 1.3389, 1.2154, 1.3455, 0.9478, 0.9133, 0.8591, 0.7665, 0.7273, 0.6836,
    0.8019, 0.7571, 0.7457, 0.7026, 0.6228, 0.6818, 0.7227, 0.5716, 0.7627, 0.6359,
    0.6885, 0.6445, 0.6019, 0.5733, 0.5988, 0.5769, 0.6146, 0.5755, 0.6140, 0.7565,
    0.5280, 0.5907, 0.7422, 0.6494, 0.5290, 0.5950, 0.6009, 0.5535, 0.6779, 0.5798,
    0.5180, 0.5020, 0.6439, 0.5325, 0.4662, 0.4446, 0.4828, 0.5320, 0.4416, 0.4643,
    0.5492, 0.5202, 0.5452, 0.4815, 0.6295, 0.5131, 0.4675, 0.6783, 0.4610,
  ]


### AUX
#### goal_accuracy
  Points: 59
  Min: 0.8919, Max: 1.0000, Mean: 0.9645
  Data: [
    0.8919, 0.9851, 0.9841, 0.9702, 0.9851, 0.9921, 0.9851, 1.0000, 0.9851, 0.9851,
    0.9484, 0.9702, 0.9554, 0.9603, 0.9821, 0.9444, 0.9554, 0.9911, 0.9315, 0.9702,
    0.9851, 0.9405, 0.9752, 0.9752, 0.9425, 0.9673, 0.9127, 0.9216, 0.9782, 0.9058,
    0.9534, 0.9464, 0.9375, 0.9603, 0.9841, 0.9335, 0.9663, 0.9425, 0.9167, 0.9623,
    0.9881, 0.9831, 0.9921, 0.9742, 0.9802, 0.9921, 0.9782, 0.9554, 0.9802, 0.9702,
    0.9663, 0.9752, 0.9692, 0.9782, 0.9851, 0.9593, 0.9673, 0.9534, 0.9752,
  ]

#### goal_loss
  Points: 59
  Min: 0.0184, Max: 0.6842, Mean: 0.1023
  Data: [
    0.6842, 0.0865, 0.0934, 0.1450, 0.0797, 0.0416, 0.0701, 0.0254, 0.0612, 0.0743,
    0.1522, 0.1099, 0.1390, 0.1462, 0.0553, 0.1284, 0.1147, 0.0322, 0.1767, 0.1013,
    0.0259, 0.1180, 0.0624, 0.0862, 0.1212, 0.0606, 0.2045, 0.1455, 0.0555, 0.2875,
    0.1213, 0.0915, 0.1588, 0.0898, 0.0567, 0.1362, 0.0899, 0.1192, 0.2122, 0.0732,
    0.0424, 0.0896, 0.0184, 0.0606, 0.0410, 0.0323, 0.0541, 0.0940, 0.0458, 0.0818,
    0.0684, 0.0580, 0.0909, 0.0484, 0.0324, 0.1081, 0.0728, 0.0924, 0.0714,
  ]

#### goal_positive_rate
  Points: 59
  Min: 0.0000, Max: 0.0982, Mean: 0.0392
  Data: [
    0.0000, 0.0149, 0.0159, 0.0298, 0.0149, 0.0079, 0.0149, 0.0000, 0.0149, 0.0149,
    0.0516, 0.0298, 0.0446, 0.0397, 0.0179, 0.0556, 0.0446, 0.0089, 0.0685, 0.0298,
    0.0149, 0.0595, 0.0278, 0.0298, 0.0645, 0.0298, 0.0982, 0.0893, 0.0238, 0.0972,
    0.0595, 0.0655, 0.0804, 0.0466, 0.0149, 0.0833, 0.0407, 0.0595, 0.0853, 0.0595,
    0.0218, 0.0149, 0.0000, 0.0317, 0.0198, 0.0149, 0.0298, 0.0823, 0.0149, 0.0446,
    0.0407, 0.0298, 0.0585, 0.0466, 0.0179, 0.0744, 0.0446, 0.0595, 0.0149,
  ]

#### goal_pred_positive_rate
  Points: 59
  Min: 0.0000, Max: 0.1081, Mean: 0.0147
  Data: [
    0.1081, 0.0000, 0.0000, 0.0000, 0.0000, 0.0000, 0.0000, 0.0000, 0.0000, 0.0000,
    0.0000, 0.0000, 0.0000, 0.0000, 0.0000, 0.0000, 0.0000, 0.0000, 0.0000, 0.0000,
    0.0000, 0.0000, 0.0030, 0.0050, 0.0069, 0.0030, 0.0149, 0.0109, 0.0060, 0.0030,
    0.0208, 0.0437, 0.0238, 0.0288, 0.0149, 0.0188, 0.0188, 0.0060, 0.0298, 0.0377,
    0.0179, 0.0020, 0.0079, 0.0317, 0.0099, 0.0129, 0.0278, 0.0536, 0.0228, 0.0208,
    0.0367, 0.0228, 0.0437, 0.0288, 0.0169, 0.0437, 0.0258, 0.0149, 0.0218,
  ]

#### puck_goal_dist_actual_mean
  Points: 59
  Min: 3.2499, Max: 4.0598, Mean: 3.6765
  Data: [
    3.7993, 3.7297, 3.8940, 3.7004, 3.6960, 3.7377, 3.7124, 3.9597, 3.6535, 3.6769,
    3.9048, 3.8381, 3.5399, 3.7432, 3.7641, 3.6477, 3.9501, 3.8805, 3.7119, 3.8943,
    3.9144, 3.6856, 3.5257, 3.6105, 3.7825, 3.7502, 3.2499, 3.2543, 3.5762, 3.4906,
    3.3619, 3.5995, 3.6155, 3.8262, 3.6848, 3.5110, 3.8027, 3.3452, 3.7336, 3.7611,
    3.6513, 3.5300, 3.9759, 3.5339, 3.5032, 3.9543, 4.0345, 3.3843, 3.7883, 3.4401,
    3.7492, 3.7855, 3.3881, 3.6060, 4.0598, 3.5150, 3.5134, 3.4220, 3.5631,
  ]

#### puck_goal_dist_error
  Points: 59
  Min: 0.1563, Max: 3.6176, Mean: 0.3424
  Data: [
    3.6176, 0.9965, 0.6021, 0.4316, 0.4174, 0.4695, 0.3456, 0.3134, 0.3110, 0.3938,
    0.3447, 0.3673, 0.3755, 0.3242, 0.3846, 0.3177, 0.3018, 0.2662, 0.2619, 0.2986,
    0.2410, 0.2626, 0.2600, 0.3423, 0.2963, 0.2566, 0.3454, 0.2347, 0.2956, 0.3374,
    0.2717, 0.2356, 0.2284, 0.1918, 0.2577, 0.2382, 0.2404, 0.2425, 0.2724, 0.2170,
    0.1746, 0.1846, 0.2090, 0.2843, 0.2100, 0.2259, 0.1945, 0.2126, 0.1563, 0.1956,
    0.2435, 0.1688, 0.2079, 0.1572, 0.1638, 0.1866, 0.2392, 0.1667, 0.2129,
  ]

#### puck_goal_dist_loss
  Points: 59
  Min: 0.0526, Max: 14.2029, Mean: 0.4304
  Data: [
    14.2029, 1.6278, 0.7941, 0.4479, 0.4598, 0.3925, 0.3023, 0.2286, 0.2229, 0.3099,
    0.2324, 0.2572, 0.2380, 0.1949, 0.2999, 0.2004, 0.1519, 0.1315, 0.1396, 0.1858,
    0.1158, 0.1292, 0.1404, 0.2314, 0.1822, 0.1283, 0.2364, 0.1201, 0.1768, 0.2255,
    0.1557, 0.1143, 0.0978, 0.0811, 0.1413, 0.1007, 0.1139, 0.1249, 0.1426, 0.0933,
    0.0602, 0.0801, 0.0718, 0.1334, 0.0878, 0.1133, 0.0767, 0.0805, 0.0560, 0.0756,
    0.1149, 0.0575, 0.0857, 0.0550, 0.0537, 0.0801, 0.1003, 0.0526, 0.0839,
  ]

#### puck_goal_dist_pred_mean
  Points: 59
  Min: 0.1817, Max: 3.9726, Mean: 3.5658
  Data: [
    0.1817, 3.2908, 3.4354, 3.7087, 3.7635, 3.8603, 3.6559, 3.8662, 3.5947, 3.6682,
    3.7596, 3.8067, 3.3880, 3.7656, 3.5646, 3.5935, 3.7475, 3.8491, 3.7254, 3.7992,
    3.9410, 3.6783, 3.5025, 3.4968, 3.8653, 3.7877, 3.1466, 3.3150, 3.5442, 3.5390,
    3.3303, 3.6154, 3.5570, 3.8279, 3.5532, 3.5126, 3.7013, 3.2752, 3.5686, 3.6740,
    3.6873, 3.5395, 3.8627, 3.3736, 3.5345, 3.8531, 3.9410, 3.3914, 3.7636, 3.4541,
    3.7334, 3.7887, 3.4698, 3.6301, 3.9726, 3.5336, 3.4583, 3.4778, 3.4608,
  ]

#### shot_quality_actual_mean
  Points: 59
  Min: 0.0167, Max: 0.0860, Mean: 0.0442
  Data: [
    0.0289, 0.0367, 0.0237, 0.0404, 0.0404, 0.0252, 0.0544, 0.0167, 0.0515, 0.0550,
    0.0391, 0.0235, 0.0618, 0.0350, 0.0262, 0.0500, 0.0176, 0.0223, 0.0420, 0.0211,
    0.0231, 0.0408, 0.0497, 0.0508, 0.0382, 0.0422, 0.0817, 0.0860, 0.0435, 0.0664,
    0.0759, 0.0469, 0.0450, 0.0430, 0.0397, 0.0600, 0.0270, 0.0653, 0.0505, 0.0461,
    0.0469, 0.0382, 0.0168, 0.0620, 0.0545, 0.0262, 0.0227, 0.0635, 0.0468, 0.0662,
    0.0334, 0.0299, 0.0612, 0.0521, 0.0170, 0.0651, 0.0538, 0.0675, 0.0498,
  ]

#### shot_quality_loss
  Points: 59
  Min: 0.0007, Max: 0.1990, Mean: 0.0072
  Data: [
    0.1990, 0.0145, 0.0065, 0.0065, 0.0072, 0.0045, 0.0056, 0.0019, 0.0059, 0.0058,
    0.0049, 0.0063, 0.0065, 0.0058, 0.0060, 0.0043, 0.0017, 0.0015, 0.0034, 0.0030,
    0.0019, 0.0040, 0.0047, 0.0075, 0.0068, 0.0041, 0.0075, 0.0057, 0.0064, 0.0066,
    0.0046, 0.0034, 0.0029, 0.0025, 0.0028, 0.0037, 0.0026, 0.0034, 0.0022, 0.0015,
    0.0014, 0.0020, 0.0007, 0.0023, 0.0017, 0.0030, 0.0014, 0.0020, 0.0008, 0.0031,
    0.0033, 0.0018, 0.0026, 0.0016, 0.0010, 0.0025, 0.0023, 0.0014, 0.0028,
  ]

#### shot_quality_pred_mean
  Points: 59
  Min: 0.0198, Max: 0.4661, Mean: 0.0560
  Data: [
    0.4661, 0.0316, 0.0620, 0.0509, 0.0420, 0.0345, 0.0488, 0.0236, 0.0480, 0.0610,
    0.0535, 0.0310, 0.0718, 0.0430, 0.0453, 0.0448, 0.0245, 0.0247, 0.0437, 0.0336,
    0.0245, 0.0485, 0.0545, 0.0523, 0.0326, 0.0511, 0.0960, 0.0947, 0.0517, 0.0605,
    0.0776, 0.0522, 0.0520, 0.0372, 0.0485, 0.0582, 0.0397, 0.0757, 0.0585, 0.0455,
    0.0482, 0.0377, 0.0229, 0.0637, 0.0605, 0.0331, 0.0244, 0.0670, 0.0513, 0.0647,
    0.0330, 0.0311, 0.0568, 0.0519, 0.0198, 0.0624, 0.0561, 0.0651, 0.0595,
  ]

#### total_loss
  Points: 59
  Min: 0.0872, Max: 15.0862, Mean: 0.5398
  Data: [
    15.0862, 1.7289, 0.8940, 0.5993, 0.5467, 0.4385, 0.3780, 0.2559, 0.2901, 0.3900,
    0.3895, 0.3734, 0.3835, 0.3469, 0.3612, 0.3331, 0.2683, 0.1652, 0.3196, 0.2902,
    0.1437, 0.2512, 0.2075, 0.3251, 0.3101, 0.1931, 0.4485, 0.2712, 0.2387, 0.5197,
    0.2815, 0.2093, 0.2594, 0.1735, 0.2008, 0.2406, 0.2064, 0.2476, 0.3569, 0.1680,
    0.1039, 0.1717, 0.0909, 0.1963, 0.1305, 0.1485, 0.1323, 0.1765, 0.1026, 0.1606,
    0.1866, 0.1173, 0.1792, 0.1050, 0.0872, 0.1907, 0.1755, 0.1464, 0.1582,
  ]

