================================================================================
W&B RUN DATA: DreamerV3-small-weak-seed43_weak_seed43_20260119_183341
================================================================================

## RUN METADATA
Run ID: heosai2d
Created: 2026-01-19T17:33:43Z
State: running
Duration: 4788.778853359 seconds

## CONFIGURATION
  [Environment]
    opponent: weak
  [Training]
    batch_size: 16
  [Meta]
    algorithm: DreamerV3

## FINAL SUMMARY
  runtime: 1.33 hours (4789 seconds)

## METRICS DATA

### behavior/actor_loss
  Total points: 96
  Min: -0.3730, Max: 0.4304, Mean: -0.0379
  Data: [
    -0.1359, 0.4304, 0.0802, -0.0484, -0.1039, -0.1139, 0.0372, -0.2371, -0.0465, -0.0746,
    -0.1123, 0.0166, -0.1078, -0.0363, 0.0124, -0.0083, 0.0649, -0.0852, 0.0512, 0.3505,
    -0.1189, 0.0804, -0.2979, -0.0959, 0.0782, 0.0654, 0.1421, -0.2903, -0.0636, -0.0741,
    0.0018, -0.0587, -0.2366, -0.1172, -0.0556, -0.3367, -0.0663, 0.0777, 0.0280, -0.0661,
    -0.1854, -0.2616, -0.0047, -0.3730, -0.2257, -0.0209, -0.1489, 0.1123, 0.0212, 0.0030,
    0.0739, 0.0040, -0.0172, -0.1090, 0.0311, -0.0458, 0.0177, -0.0383, -0.2951, 0.2046,
    -0.0262, -0.0420, -0.1143, -0.1268, -0.0604, -0.1029, -0.0577, 0.1037, -0.1473, -0.0064,
    -0.0230, 0.0622, -0.2325, -0.1300, -0.0050, -0.1553, -0.1870, -0.1257, 0.1918, -0.1226,
    0.1015, -0.0735, 0.2539, -0.0087, 0.0196, 0.1159, -0.0758, -0.2681, 0.0752, 0.0583,
    0.0613, -0.1744, 0.0374, 0.2859, 0.1653, -0.1718,
  ]

### behavior/advantages
  Total points: 96
  Min: -0.1235, Max: 0.0113, Mean: -0.0015
  Data: [
    -0.1235, -0.0248, -0.0050, 0.0000, 0.0040, 0.0034, -0.0032, 0.0099, -0.0009, -0.0002,
    0.0019, -0.0029, 0.0035, -0.0002, -0.0018, -0.0017, -0.0051, 0.0019, -0.0037, -0.0145,
    0.0027, -0.0047, 0.0091, 0.0021, -0.0047, -0.0030, -0.0062, 0.0092, 0.0006, 0.0012,
    -0.0016, 0.0001, 0.0061, 0.0024, 0.0005, 0.0090, 0.0010, -0.0040, -0.0024, 0.0009,
    0.0043, 0.0072, -0.0015, 0.0113, 0.0062, -0.0004, 0.0035, -0.0044, -0.0020, -0.0013,
    -0.0037, -0.0013, -0.0009, 0.0018, -0.0026, 0.0000, -0.0015, -0.0003, 0.0071, -0.0067,
    -0.0005, 0.0000, 0.0018, 0.0021, 0.0005, 0.0016, -0.0001, -0.0039, 0.0022, -0.0006,
    -0.0002, -0.0027, 0.0064, 0.0022, -0.0009, 0.0031, 0.0037, 0.0026, -0.0066, 0.0020,
    -0.0040, 0.0006, -0.0084, -0.0007, -0.0015, -0.0046, 0.0013, 0.0063, -0.0032, -0.0037,
    -0.0039, 0.0037, -0.0023, -0.0085, -0.0062, 0.0037,
  ]

### behavior/critic_loss
  Total points: 96
  Min: -1.0668, Max: 1.9028, Mean: 0.4692
  Data: [
    -0.2458, 0.2943, 0.6004, 0.1701, 0.9392, 1.3277, 1.2543, 1.9028, 1.0677, 0.9373,
    1.0512, 0.7969, 0.8905, 0.6526, 1.1058, 0.6062, 0.6951, 0.8100, 1.0957, 1.6177,
    0.4539, 0.8899, 1.1409, 1.1435, 1.3422, 1.0937, 0.6299, 0.8139, 0.7784, 1.4769,
    0.9981, 0.7945, 0.7330, 0.5913, 0.5714, 1.2748, 0.8962, 0.9147, 0.8389, 0.8996,
    1.2899, 1.6126, 0.6795, 1.8668, 1.0987, 0.8943, 0.7315, 0.6816, 0.2972, 0.3624,
    0.6079, 0.5742, 0.1810, 0.1531, 0.3886, 0.1791, 0.0519, 0.2865, 1.3973, 0.4534,
    0.3713, 0.5131, 0.1895, 0.1817, 0.4528, 0.0435, -0.1985, 0.0018, 0.0933, -0.0828,
    0.0650, -0.0896, -0.2247, -0.0898, -0.4455, -0.4694, -0.1698, -0.5792, -0.1551, -0.2379,
    -0.1473, -0.0842, 0.9088, 0.3263, 0.1395, -0.1264, -0.8856, -0.4110, -0.2407, -0.2921,
    -0.0986, -0.4773, -0.6376, -0.1739, -1.0668, -0.4960,
  ]

### behavior/entropy
  Total points: 96
  Min: 1.6832, Max: 13.6757, Mean: 13.4769
  Data: [
    1.6832, 8.7236, 13.1999, 13.5248, 13.5322, 13.6146, 13.6046, 13.5603, 13.5477, 13.6311,
    13.6365, 13.6471, 13.6653, 13.6715, 13.6720, 13.6716, 13.6717, 13.6731, 13.6726, 13.6729,
    13.6737, 13.6551, 13.1176, 13.6696, 13.6553, 13.6685, 13.6731, 13.6675, 13.6695, 13.6639,
    13.6704, 13.6676, 13.6650, 13.6593, 13.5981, 13.6620, 13.6722, 13.6746, 13.6749, 13.6695,
    13.6731, 13.6680, 13.6623, 13.6743, 13.6746, 13.6752, 13.6748, 13.6752, 13.6756, 13.6741,
    13.6744, 13.6754, 13.6756, 13.6747, 13.6755, 13.6754, 13.6754, 13.6748, 13.6651, 13.6755,
    13.6753, 13.6750, 13.6749, 13.6756, 13.6755, 13.6744, 13.6701, 13.6756, 13.6747, 13.6748,
    13.6746, 13.6752, 13.6754, 13.6751, 13.6751, 13.6756, 13.6748, 13.6755, 13.6754, 13.6757,
    13.6756, 13.6756, 13.6755, 13.6753, 13.6755, 13.6757, 13.6756, 13.6756, 13.6754, 13.6756,
    13.6755, 13.6753, 13.6755, 13.6756, 13.6757, 13.6757,
  ]

### behavior/logprobs
  Total points: 96
  Min: -1.0998, Max: 35.9599, Mean: 30.1327
  Data: [
    -1.0998, 17.1862, 18.6079, 19.1230, 19.8350, 19.7590, 19.0654, 19.6441, 19.7965, 21.0322,
    20.8761, 21.4940, 23.1735, 22.6856, 22.6962, 22.1506, 22.8991, 23.2072, 24.3462, 25.9335,
    26.9577, 24.6743, 25.8616, 26.2276, 27.9338, 29.6043, 29.5705, 29.4034, 28.8324, 29.4171,
    28.7000, 29.8126, 29.5593, 29.8711, 30.2014, 30.3627, 30.9401, 30.8364, 28.4754, 29.3793,
    30.2736, 30.8570, 30.5669, 31.7298, 31.0007, 31.2104, 32.2029, 34.2409, 32.9088, 33.2522,
    33.6297, 32.1989, 33.1984, 35.1826, 34.8779, 34.6129, 34.7406, 35.2945, 34.8315, 35.7826,
    35.7846, 35.2308, 35.1562, 35.9599, 35.1123, 34.5103, 34.6587, 35.5519, 34.2265, 34.4149,
    35.1529, 35.3535, 34.4984, 34.3725, 35.0241, 34.1549, 33.3913, 34.4181, 34.3486, 34.7121,
    34.2968, 34.5219, 34.8238, 34.4584, 34.0393, 35.2641, 34.5797, 33.8631, 35.1524, 33.9591,
    34.4884, 35.5331, 35.5718, 35.1766, 34.7235, 34.6296,
  ]

### behavior/rewards_pred
  Total points: 96
  Min: -0.1668, Max: -0.0141, Mean: -0.0839
  Data: [
    -0.0849, -0.1099, -0.1152, -0.1354, -0.1119, -0.1055, -0.1668, -0.0723, -0.0702, -0.1127,
    -0.1287, -0.1488, -0.1445, -0.1189, -0.0838, -0.1500, -0.1293, -0.1303, -0.0916, -0.1070,
    -0.1101, -0.0929, -0.0875, -0.0941, -0.0827, -0.1077, -0.0961, -0.0792, -0.0797, -0.1084,
    -0.0635, -0.1102, -0.0851, -0.0794, -0.0825, -0.1103, -0.0857, -0.1215, -0.1223, -0.0598,
    -0.0835, -0.0872, -0.0767, -0.0864, -0.0414, -0.0891, -0.1036, -0.0913, -0.0644, -0.0726,
    -0.0976, -0.0790, -0.0598, -0.0806, -0.0983, -0.0907, -0.0673, -0.0420, -0.0767, -0.1122,
    -0.0706, -0.0837, -0.0465, -0.0298, -0.0568, -0.0691, -0.0733, -0.1014, -0.0885, -0.0561,
    -0.0626, -0.0731, -0.0684, -0.0797, -0.0670, -0.0250, -0.0998, -0.0660, -0.0854, -0.0400,
    -0.0398, -0.0706, -0.0649, -0.0707, -0.0707, -0.0467, -0.0475, -0.0558, -0.0535, -0.0678,
    -0.0594, -0.0514, -0.0141, -0.0921, -0.0590, -0.0722,
  ]

### behavior/values
  Total points: 96
  Min: -32.7258, Max: 19.0073, Mean: -13.8401
  Data: [
    -0.6480, 0.9487, -12.0603, -22.1426, -20.9662, -25.3691, -23.8055, 19.0073, -19.7686, -13.0439,
    -26.9377, -32.1957, -25.4750, -27.3539, -19.0363, -32.7258, -29.4374, -28.5856, -20.3081, 1.8062,
    -13.9342, -20.0194, -13.1704, -24.2601, -29.5070, -20.6178, -30.4618, -15.3262, -14.9409, -19.1979,
    -18.5778, -21.7476, -21.1084, -20.6403, -19.3414, -28.4288, -20.4368, -17.0092, -29.1881, -20.5179,
    -24.3848, -14.2551, -15.2325, -22.4035, -14.7205, -23.7917, -26.0019, -12.3610, -14.8990, -14.4368,
    -14.7349, -18.4383, -14.2072, -18.0950, -21.6482, -16.3040, -14.5500, -12.7622, -11.2110, -17.6745,
    -9.5790, -20.2569, -12.9250, -11.7065, -15.0911, -15.9746, -5.3599, -12.2762, -12.1999, -6.2321,
    -0.8048, -1.6414, -5.4310, -7.8250, -5.5163, -3.3330, -8.6488, -6.6373, -7.2792, -4.9290,
    -2.8880, -3.8753, 1.2313, 1.5080, -0.7233, 0.9373, -1.2342, -3.0380, -4.9997, -4.0982,
    -4.4877, -2.0760, -2.9305, -3.1329, -3.3052, -3.2520,
  ]

### eval/draws
  Total points: 7
  Min: 0.0000, Max: 5.0000, Mean: 2.8571
  Data: [
    2.0000, 4.0000, 5.0000, 4.0000, 4.0000, 0.0000, 1.0000,
  ]

### eval/gif_weak
  Total points: 1
  ✗ Could not format data: float() argument must be a string or a real number, not 'dict'

### eval/losses
  Total points: 7
  Min: 5.0000, Max: 7.0000, Mean: 5.5714
  Data: [
    6.0000, 6.0000, 5.0000, 5.0000, 5.0000, 7.0000, 5.0000,
  ]

### eval/mean_reward
  Total points: 7
  Min: -19.4639, Max: -3.1765, Mean: -10.7574
  Data: [
    -14.5996, -16.2546, -19.4639, -8.2590, -7.0558, -6.4925, -3.1765,
  ]

### eval/win_rate
  Total points: 7
  Min: 0.0000, Max: 0.4000, Mean: 0.1571
  Data: [
    0.2000, 0.0000, 0.0000, 0.1000, 0.1000, 0.3000, 0.4000,
  ]

### eval/wins
  Total points: 7
  Min: 0.0000, Max: 4.0000, Mean: 1.5714
  Data: [
    2.0000, 0.0000, 0.0000, 1.0000, 1.0000, 3.0000, 4.0000,
  ]

### pbrs/episode_mean
  Total points: 96
  Min: 0.0001, Max: 0.0009, Mean: 0.0003
  Data: [
    0.0003, 0.0005, 0.0003, 0.0002, 0.0002, 0.0003, 0.0001, 0.0002, 0.0001, 0.0001,
    0.0003, 0.0006, 0.0003, 0.0004, 0.0001, 0.0003, 0.0003, 0.0003, 0.0002, 0.0001,
    0.0001, 0.0002, 0.0005, 0.0001, 0.0005, 0.0005, 0.0005, 0.0002, 0.0001, 0.0003,
    0.0004, 0.0002, 0.0001, 0.0002, 0.0003, 0.0006, 0.0002, 0.0004, 0.0005, 0.0004,
    0.0006, 0.0003, 0.0005, 0.0004, 0.0005, 0.0001, 0.0004, 0.0002, 0.0004, 0.0001,
    0.0002, 0.0001, 0.0004, 0.0001, 0.0001, 0.0004, 0.0002, 0.0001, 0.0001, 0.0005,
    0.0001, 0.0003, 0.0001, 0.0001, 0.0001, 0.0004, 0.0003, 0.0003, 0.0005, 0.0002,
    0.0002, 0.0001, 0.0001, 0.0002, 0.0005, 0.0003, 0.0001, 0.0001, 0.0004, 0.0008,
    0.0001, 0.0008, 0.0002, 0.0005, 0.0002, 0.0009, 0.0009, 0.0009, 0.0009, 0.0002,
    0.0002, 0.0001, 0.0007, 0.0009, 0.0007, 0.0002,
  ]

### pbrs/episode_total
  Total points: 96
  Min: 0.0164, Max: 0.0358, Mean: 0.0231
  Data: [
    0.0186, 0.0165, 0.0180, 0.0223, 0.0247, 0.0192, 0.0313, 0.0236, 0.0321, 0.0264,
    0.0186, 0.0173, 0.0190, 0.0168, 0.0242, 0.0183, 0.0186, 0.0169, 0.0187, 0.0320,
    0.0300, 0.0222, 0.0164, 0.0311, 0.0173, 0.0172, 0.0165, 0.0205, 0.0299, 0.0185,
    0.0170, 0.0203, 0.0305, 0.0213, 0.0190, 0.0172, 0.0215, 0.0181, 0.0166, 0.0170,
    0.0177, 0.0181, 0.0174, 0.0187, 0.0169, 0.0264, 0.0175, 0.0207, 0.0184, 0.0287,
    0.0216, 0.0299, 0.0183, 0.0294, 0.0231, 0.0171, 0.0188, 0.0227, 0.0290, 0.0175,
    0.0310, 0.0179, 0.0310, 0.0349, 0.0358, 0.0229, 0.0256, 0.0251, 0.0231, 0.0270,
    0.0256, 0.0330, 0.0332, 0.0253, 0.0221, 0.0238, 0.0318, 0.0288, 0.0240, 0.0218,
    0.0339, 0.0213, 0.0261, 0.0223, 0.0262, 0.0213, 0.0204, 0.0210, 0.0203, 0.0299,
    0.0258, 0.0319, 0.0205, 0.0207, 0.0205, 0.0307,
  ]

### stats/buffer_size
  Total points: 96
  Min: 1978.0000, Max: 100000.0000, Mean: 65206.6042
  Data: [
    1978.0000, 3541.0000, 5277.0000, 6432.0000, 8457.0000, 10310.0000, 12230.0000, 13849.0000, 15430.0000, 17004.0000,
    18380.0000, 20091.0000, 21352.0000, 23083.0000, 24357.0000, 25267.0000, 26627.0000, 28523.0000, 30021.0000, 31503.0000,
    33014.0000, 34752.0000, 35634.0000, 37491.0000, 38397.0000, 40004.0000, 41241.0000, 43030.0000, 44604.0000, 45932.0000,
    47353.0000, 48719.0000, 49514.0000, 51160.0000, 52583.0000, 53375.0000, 54767.0000, 55960.0000, 57265.0000, 58517.0000,
    60385.0000, 61373.0000, 62888.0000, 64119.0000, 65593.0000, 66709.0000, 68095.0000, 69961.0000, 71288.0000, 72627.0000,
    73791.0000, 75435.0000, 76359.0000, 77806.0000, 79301.0000, 80610.0000, 81859.0000, 82971.0000, 84486.0000, 85916.0000,
    87208.0000, 88559.0000, 89422.0000, 91107.0000, 93050.0000, 94257.0000, 95437.0000, 96328.0000, 97400.0000, 98591.0000,
    99879.0000, 100000.0000, 100000.0000, 100000.0000, 100000.0000, 100000.0000, 100000.0000, 100000.0000, 100000.0000, 100000.0000,
    100000.0000, 100000.0000, 100000.0000, 100000.0000, 100000.0000, 100000.0000, 100000.0000, 100000.0000, 100000.0000, 100000.0000,
    100000.0000, 100000.0000, 100000.0000, 100000.0000, 100000.0000, 100000.0000,
  ]

### stats/draws
  Total points: 96
  Min: 0.0000, Max: 280.0000, Mean: 173.3854
  Data: [
    0.0000, 5.0000, 11.0000, 14.0000, 21.0000, 27.0000, 34.0000, 38.0000, 42.0000, 46.0000,
    50.0000, 56.0000, 60.0000, 65.0000, 68.0000, 69.0000, 73.0000, 79.0000, 83.0000, 87.0000,
    91.0000, 96.0000, 98.0000, 104.0000, 106.0000, 109.0000, 110.0000, 116.0000, 120.0000, 124.0000,
    128.0000, 132.0000, 133.0000, 137.0000, 141.0000, 142.0000, 145.0000, 148.0000, 152.0000, 155.0000,
    162.0000, 164.0000, 168.0000, 172.0000, 177.0000, 180.0000, 183.0000, 187.0000, 189.0000, 192.0000,
    195.0000, 200.0000, 201.0000, 205.0000, 209.0000, 213.0000, 216.0000, 218.0000, 221.0000, 225.0000,
    229.0000, 231.0000, 232.0000, 236.0000, 242.0000, 245.0000, 248.0000, 248.0000, 248.0000, 250.0000,
    252.0000, 253.0000, 254.0000, 255.0000, 256.0000, 257.0000, 257.0000, 260.0000, 260.0000, 265.0000,
    268.0000, 270.0000, 270.0000, 270.0000, 270.0000, 270.0000, 272.0000, 272.0000, 275.0000, 275.0000,
    275.0000, 276.0000, 276.0000, 277.0000, 279.0000, 280.0000,
  ]

### stats/env_steps
  Total points: 96
  Min: 56.0000, Max: 122139.0000, Mean: 66644.5521
  Data: [
    56.0000, 1619.0000, 3355.0000, 4510.0000, 6535.0000, 8388.0000, 10308.0000, 11927.0000, 13508.0000, 15082.0000,
    16458.0000, 18169.0000, 19430.0000, 21161.0000, 22435.0000, 23345.0000, 24705.0000, 26601.0000, 28099.0000, 29581.0000,
    31092.0000, 32830.0000, 33712.0000, 35569.0000, 36475.0000, 38082.0000, 39319.0000, 41108.0000, 42682.0000, 44010.0000,
    45431.0000, 46797.0000, 47592.0000, 49238.0000, 50661.0000, 51453.0000, 52845.0000, 54038.0000, 55343.0000, 56595.0000,
    58463.0000, 59451.0000, 60966.0000, 62197.0000, 63671.0000, 64787.0000, 66173.0000, 68039.0000, 69366.0000, 70705.0000,
    71869.0000, 73513.0000, 74437.0000, 75884.0000, 77379.0000, 78688.0000, 79937.0000, 81049.0000, 82564.0000, 83994.0000,
    85286.0000, 86637.0000, 87500.0000, 89185.0000, 91128.0000, 92335.0000, 93515.0000, 94406.0000, 95478.0000, 96669.0000,
    97957.0000, 99278.0000, 100280.0000, 101264.0000, 101982.0000, 102834.0000, 104017.0000, 105481.0000, 106291.0000, 107942.0000,
    109183.0000, 110131.0000, 111192.0000, 111776.0000, 112195.0000, 112794.0000, 113677.0000, 114539.0000, 115711.0000, 116517.0000,
    117447.0000, 118166.0000, 118860.0000, 119958.0000, 120851.0000, 122139.0000,
  ]

### stats/episodes
  Total points: 96
  Min: 11.0000, Max: 961.0000, Mean: 486.0000
  Data: [
    11.0000, 21.0000, 31.0000, 41.0000, 51.0000, 61.0000, 71.0000, 81.0000, 91.0000, 101.0000,
    111.0000, 121.0000, 131.0000, 141.0000, 151.0000, 161.0000, 171.0000, 181.0000, 191.0000, 201.0000,
    211.0000, 221.0000, 231.0000, 241.0000, 251.0000, 261.0000, 271.0000, 281.0000, 291.0000, 301.0000,
    311.0000, 321.0000, 331.0000, 341.0000, 351.0000, 361.0000, 371.0000, 381.0000, 391.0000, 401.0000,
    411.0000, 421.0000, 431.0000, 441.0000, 451.0000, 461.0000, 471.0000, 481.0000, 491.0000, 501.0000,
    511.0000, 521.0000, 531.0000, 541.0000, 551.0000, 561.0000, 571.0000, 581.0000, 591.0000, 601.0000,
    611.0000, 621.0000, 631.0000, 641.0000, 651.0000, 661.0000, 671.0000, 681.0000, 691.0000, 701.0000,
    711.0000, 721.0000, 731.0000, 741.0000, 751.0000, 761.0000, 771.0000, 781.0000, 791.0000, 801.0000,
    811.0000, 821.0000, 831.0000, 841.0000, 851.0000, 861.0000, 871.0000, 881.0000, 891.0000, 901.0000,
    911.0000, 921.0000, 931.0000, 941.0000, 951.0000, 961.0000,
  ]

### stats/gradient_steps
  Total points: 96
  Min: 32.0000, Max: 30432.0000, Mean: 15232.0000
  Data: [
    32.0000, 352.0000, 672.0000, 992.0000, 1312.0000, 1632.0000, 1952.0000, 2272.0000, 2592.0000, 2912.0000,
    3232.0000, 3552.0000, 3872.0000, 4192.0000, 4512.0000, 4832.0000, 5152.0000, 5472.0000, 5792.0000, 6112.0000,
    6432.0000, 6752.0000, 7072.0000, 7392.0000, 7712.0000, 8032.0000, 8352.0000, 8672.0000, 8992.0000, 9312.0000,
    9632.0000, 9952.0000, 10272.0000, 10592.0000, 10912.0000, 11232.0000, 11552.0000, 11872.0000, 12192.0000, 12512.0000,
    12832.0000, 13152.0000, 13472.0000, 13792.0000, 14112.0000, 14432.0000, 14752.0000, 15072.0000, 15392.0000, 15712.0000,
    16032.0000, 16352.0000, 16672.0000, 16992.0000, 17312.0000, 17632.0000, 17952.0000, 18272.0000, 18592.0000, 18912.0000,
    19232.0000, 19552.0000, 19872.0000, 20192.0000, 20512.0000, 20832.0000, 21152.0000, 21472.0000, 21792.0000, 22112.0000,
    22432.0000, 22752.0000, 23072.0000, 23392.0000, 23712.0000, 24032.0000, 24352.0000, 24672.0000, 24992.0000, 25312.0000,
    25632.0000, 25952.0000, 26272.0000, 26592.0000, 26912.0000, 27232.0000, 27552.0000, 27872.0000, 28192.0000, 28512.0000,
    28832.0000, 29152.0000, 29472.0000, 29792.0000, 30112.0000, 30432.0000,
  ]

### stats/losses
  Total points: 96
  Min: 1.0000, Max: 513.0000, Mean: 236.1354
  Data: [
    1.0000, 6.0000, 8.0000, 14.0000, 16.0000, 19.0000, 21.0000, 25.0000, 31.0000, 37.0000,
    42.0000, 46.0000, 51.0000, 56.0000, 62.0000, 69.0000, 73.0000, 76.0000, 80.0000, 85.0000,
    90.0000, 94.0000, 101.0000, 105.0000, 110.0000, 117.0000, 125.0000, 127.0000, 130.0000, 134.0000,
    139.0000, 143.0000, 150.0000, 153.0000, 158.0000, 165.0000, 170.0000, 176.0000, 182.0000, 187.0000,
    189.0000, 196.0000, 201.0000, 206.0000, 210.0000, 216.0000, 222.0000, 226.0000, 231.0000, 235.0000,
    241.0000, 245.0000, 252.0000, 258.0000, 262.0000, 266.0000, 271.0000, 278.0000, 284.0000, 290.0000,
    293.0000, 299.0000, 302.0000, 307.0000, 310.0000, 317.0000, 322.0000, 329.0000, 337.0000, 343.0000,
    349.0000, 356.0000, 364.0000, 370.0000, 375.0000, 382.0000, 389.0000, 393.0000, 402.0000, 405.0000,
    408.0000, 413.0000, 422.0000, 430.0000, 437.0000, 445.0000, 452.0000, 459.0000, 463.0000, 469.0000,
    477.0000, 486.0000, 493.0000, 499.0000, 506.0000, 513.0000,
  ]

### stats/mean_reward
  Total points: 96
  Min: -23.8672, Max: -6.0264, Mean: -12.5727
  Data: [
    -11.2783, -23.5638, -23.8672, -21.4751, -23.0300, -22.5760, -23.0194, -22.4225, -22.0779, -21.8896,
    -21.6674, -21.9243, -21.6315, -22.8105, -22.0915, -21.2614, -20.4860, -20.6914, -19.6475, -19.0184,
    -18.2539, -17.0870, -16.5583, -16.1839, -15.1169, -15.3355, -14.9544, -14.1192, -13.7937, -13.8571,
    -14.1716, -13.4364, -12.6462, -10.9698, -10.9659, -10.3072, -10.0172, -9.8703, -11.2306, -10.6663,
    -11.2797, -11.5950, -12.8769, -13.3978, -13.7800, -13.6166, -13.6333, -13.9551, -12.7281, -12.3575,
    -11.7173, -11.7761, -10.7355, -10.9995, -11.0533, -11.1221, -10.8829, -10.5108, -10.7495, -11.7848,
    -10.6955, -10.2141, -9.0963, -8.3607, -7.9842, -8.2759, -8.2295, -7.8265, -7.9444, -7.1520,
    -7.6344, -7.7510, -8.8280, -8.5050, -7.7768, -7.5228, -7.5309, -7.4745, -7.4663, -7.1525,
    -6.5661, -6.0952, -6.1619, -6.4997, -6.7446, -6.8042, -6.7571, -6.7797, -6.0310, -6.0264,
    -6.7217, -7.4796, -7.0767, -6.8978, -7.1163, -7.2750,
  ]

### stats/win_rate
  Total points: 96
  Min: 0.0000, Max: 0.2600, Mean: 0.1584
  Data: [
    0.0000, 0.0000, 0.0952, 0.0968, 0.0976, 0.0980, 0.0984, 0.1127, 0.0988, 0.0879,
    0.0900, 0.0900, 0.0800, 0.0700, 0.0700, 0.0800, 0.0900, 0.0800, 0.1000, 0.1100,
    0.1100, 0.1200, 0.1200, 0.1200, 0.1400, 0.1200, 0.1100, 0.1200, 0.1300, 0.1400,
    0.1400, 0.1500, 0.1600, 0.1900, 0.1700, 0.1900, 0.2000, 0.1900, 0.1600, 0.1600,
    0.1600, 0.1500, 0.1400, 0.1200, 0.1200, 0.1100, 0.1000, 0.1100, 0.1400, 0.1500,
    0.1500, 0.1500, 0.1600, 0.1500, 0.1600, 0.1700, 0.1800, 0.1700, 0.1500, 0.1200,
    0.1400, 0.1500, 0.1900, 0.2000, 0.1900, 0.1700, 0.1700, 0.1900, 0.2000, 0.2200,
    0.2100, 0.2100, 0.1600, 0.1800, 0.2100, 0.2300, 0.2400, 0.2400, 0.2300, 0.2300,
    0.2500, 0.2600, 0.2600, 0.2500, 0.2400, 0.2400, 0.2200, 0.2200, 0.2400, 0.2600,
    0.2400, 0.2100, 0.2300, 0.2400, 0.2200, 0.2200,
  ]

### stats/wins
  Total points: 96
  Min: 0.0000, Max: 158.0000, Mean: 66.4792
  Data: [
    0.0000, 0.0000, 2.0000, 3.0000, 4.0000, 5.0000, 6.0000, 8.0000, 8.0000, 8.0000,
    9.0000, 9.0000, 10.0000, 10.0000, 11.0000, 13.0000, 15.0000, 16.0000, 18.0000, 19.0000,
    20.0000, 21.0000, 22.0000, 22.0000, 25.0000, 25.0000, 26.0000, 28.0000, 31.0000, 33.0000,
    34.0000, 36.0000, 38.0000, 41.0000, 42.0000, 44.0000, 46.0000, 47.0000, 47.0000, 49.0000,
    50.0000, 51.0000, 52.0000, 53.0000, 54.0000, 55.0000, 56.0000, 58.0000, 61.0000, 64.0000,
    65.0000, 66.0000, 68.0000, 68.0000, 70.0000, 72.0000, 74.0000, 75.0000, 76.0000, 76.0000,
    79.0000, 81.0000, 87.0000, 88.0000, 89.0000, 89.0000, 91.0000, 94.0000, 96.0000, 98.0000,
    100.0000, 102.0000, 103.0000, 106.0000, 110.0000, 112.0000, 115.0000, 118.0000, 119.0000, 121.0000,
    125.0000, 128.0000, 129.0000, 131.0000, 134.0000, 136.0000, 137.0000, 140.0000, 143.0000, 147.0000,
    149.0000, 149.0000, 152.0000, 155.0000, 156.0000, 158.0000,
  ]

### time/elapsed_hours
  Total points: 96
  Min: 0.0018, Max: 1.3141, Mean: 0.6601
  Data: [
    0.0018, 0.0155, 0.0293, 0.0434, 0.0581, 0.0721, 0.0866, 0.1004, 0.1140, 0.1276,
    0.1411, 0.1548, 0.1688, 0.1836, 0.1976, 0.2115, 0.2253, 0.2393, 0.2529, 0.2666,
    0.2802, 0.2939, 0.3071, 0.3209, 0.3341, 0.3486, 0.3621, 0.3761, 0.3898, 0.4034,
    0.4171, 0.4308, 0.4447, 0.4587, 0.4725, 0.4858, 0.4993, 0.5129, 0.5273, 0.5410,
    0.5549, 0.5684, 0.5822, 0.5959, 0.6098, 0.6239, 0.6374, 0.6513, 0.6655, 0.6799,
    0.6949, 0.7092, 0.7230, 0.7365, 0.7501, 0.7642, 0.7784, 0.7924, 0.8064, 0.8200,
    0.8335, 0.8471, 0.8605, 0.8774, 0.8920, 0.9060, 0.9201, 0.9339, 0.9479, 0.9620,
    0.9757, 0.9892, 1.0025, 1.0162, 1.0295, 1.0432, 1.0566, 1.0702, 1.0835, 1.0972,
    1.1107, 1.1241, 1.1381, 1.1514, 1.1644, 1.1775, 1.1908, 1.2040, 1.2179, 1.2312,
    1.2444, 1.2581, 1.2719, 1.2859, 1.2999, 1.3141,
  ]

### time/steps_per_second
  Total points: 96
  Min: 8.6140, Max: 33.0463, Mean: 28.8111
  Data: [
    8.6140, 29.0519, 31.8238, 28.8812, 31.2493, 32.3074, 33.0463, 32.9988, 32.9168, 32.8223,
    32.4013, 32.6029, 31.9654, 32.0115, 31.5306, 30.6534, 30.4546, 30.8764, 30.8596, 30.8209,
    30.8203, 31.0256, 30.4913, 30.7899, 30.3261, 30.3483, 30.1600, 30.3648, 30.4179, 30.3054,
    30.2570, 30.1711, 29.7312, 29.8166, 29.7831, 29.4202, 29.3972, 29.2684, 29.1521, 29.0615,
    29.2654, 29.0560, 29.0896, 28.9953, 29.0027, 28.8465, 28.8373, 29.0204, 28.9526, 28.8865,
    28.7291, 28.7938, 28.6004, 28.6206, 28.6565, 28.6016, 28.5274, 28.4129, 28.4395, 28.4519,
    28.4216, 28.4102, 28.2470, 28.2350, 28.3794, 28.3088, 28.2327, 28.0792, 27.9790, 27.9143,
    27.8877, 27.8775, 27.7848, 27.6802, 27.5175, 27.3815, 27.3450, 27.3773, 27.2500, 27.3279,
    27.3053, 27.2148, 27.1397, 26.9668, 26.7660, 26.6088, 26.5182, 26.4254, 26.3914, 26.2888,
    26.2161, 26.0905, 25.9592, 25.9127, 25.8251, 25.8189,
  ]

### world/kl_loss
  Total points: 96
  Min: 0.8307, Max: 7.4739, Mean: 5.3101
  Data: [
    3.1804, 0.8307, 2.9663, 2.4673, 3.2564, 3.0770, 3.8724, 4.3952, 5.2633, 3.4968,
    4.6634, 3.9099, 4.3711, 4.7024, 5.2603, 4.6229, 4.7125, 5.4834, 6.0972, 6.2144,
    4.8632, 5.3088, 5.9209, 4.7896, 5.7037, 4.2568, 5.6838, 5.9805, 5.6223, 5.7280,
    5.5272, 5.4914, 5.2209, 5.5644, 6.5196, 5.2430, 4.8317, 5.0425, 5.4770, 6.5610,
    5.3500, 6.6404, 6.4801, 5.9632, 7.1685, 5.1256, 5.2789, 5.3205, 6.0044, 5.8328,
    5.6929, 5.2103, 5.5246, 5.6991, 4.0240, 5.1206, 5.0794, 6.7922, 5.3927, 4.7826,
    6.0020, 6.8640, 5.1935, 6.9344, 6.0321, 5.2653, 6.2751, 5.5951, 6.0556, 6.0484,
    4.8745, 6.1477, 5.2606, 4.7237, 5.6253, 5.6409, 6.4922, 5.3526, 5.2904, 5.4059,
    5.6728, 5.8157, 5.4575, 4.6387, 5.1421, 5.7235, 5.4027, 5.8807, 5.8371, 6.5156,
    7.4739, 5.4779, 6.4821, 4.4577, 4.4939, 5.5564,
  ]

### world/loss
  Total points: 96
  Min: 19.0520, Max: 83.9455, Mean: 24.0860
  Data: [
    83.9455, 30.9672, 49.1013, 24.4045, 37.0192, 26.0236, 28.9516, 26.6819, 33.3587, 24.1856,
    27.7225, 22.1908, 22.7603, 24.7277, 24.9281, 22.9619, 24.1998, 23.4986, 27.3141, 26.0752,
    22.6685, 23.3710, 25.8224, 23.6852, 23.9832, 21.2848, 23.3953, 23.9138, 23.6517, 25.4142,
    24.3561, 23.0375, 21.8942, 23.1684, 24.7965, 21.6491, 21.3615, 21.2085, 21.8334, 23.4880,
    22.2676, 24.0443, 23.8456, 23.2291, 27.8184, 21.0238, 23.5048, 21.7387, 22.6162, 22.8413,
    24.4385, 20.3748, 21.6355, 25.0681, 19.3787, 20.7611, 20.8553, 23.8772, 22.0143, 20.9393,
    22.3236, 24.3540, 20.5858, 24.3077, 22.5882, 20.3731, 23.0973, 21.0542, 22.6460, 22.8283,
    20.7503, 22.2093, 20.6568, 19.9926, 20.8712, 21.4654, 24.2849, 20.8038, 20.9543, 20.9060,
    20.8811, 21.6412, 20.7603, 19.2969, 20.2014, 21.1878, 20.1271, 22.1045, 21.5317, 24.5329,
    31.8518, 21.5483, 23.5074, 19.1313, 19.0520, 20.5694,
  ]

### world/recon_loss
  Total points: 96
  Min: 17.9879, Max: 80.3992, Mean: 21.2202
  Data: [
    80.3992, 31.6088, 47.4580, 23.8024, 35.5579, 24.8565, 26.0392, 23.8905, 29.9852, 22.6263,
    24.1991, 20.6532, 19.9112, 22.2976, 21.9108, 20.6313, 21.3758, 20.4179, 23.2659, 21.6534,
    20.0500, 20.5221, 22.1196, 19.3183, 20.3155, 19.5658, 20.1177, 20.1894, 20.6473, 21.7254,
    20.4350, 19.5101, 19.3563, 19.9778, 20.9362, 19.1116, 19.2973, 18.8784, 19.1044, 19.7858,
    19.1728, 19.6853, 19.9914, 19.8483, 21.6571, 18.3766, 19.4855, 18.9664, 19.3594, 19.0189,
    19.5627, 18.4338, 19.1091, 19.1663, 17.9879, 18.5561, 18.5086, 19.8090, 18.7824, 19.1525,
    19.0566, 20.6564, 18.6257, 20.4162, 19.3122, 18.3624, 19.6197, 18.4879, 19.1218, 19.4813,
    18.5544, 18.9271, 18.6699, 18.2547, 18.6079, 19.3394, 20.7095, 18.4875, 18.5853, 19.1120,
    18.8883, 19.1105, 18.6697, 18.0823, 18.6058, 19.0191, 18.5698, 19.3853, 18.8642, 20.1859,
    24.3964, 18.9991, 19.1987, 18.0916, 18.1467, 18.4030,
  ]

### world/reward_loss
  Total points: 96
  Min: -3.8912, Max: 0.3167, Mean: -2.4651
  Data: [
    0.3167, -1.5154, -1.3750, -1.8800, -1.8291, -1.9492, -0.9825, -1.6393, -1.9140, -1.9629,
    -1.1705, -2.3942, -1.5446, -2.2935, -2.2814, -2.3025, -1.9219, -2.4185, -2.0702, -1.8115,
    -2.2797, -2.4825, -2.2437, -0.4641, -2.0560, -2.5654, -2.4260, -2.2788, -2.6231, -2.0589,
    -1.6287, -1.9810, -2.6943, -2.4004, -2.6703, -2.7160, -2.7788, -2.7252, -2.7719, -2.8834,
    -2.2766, -2.3196, -2.6338, -2.6115, -1.0431, -2.4970, -1.2716, -2.5787, -2.7574, -2.0279,
    -0.8279, -3.2751, -3.0199, 0.1835, -2.6556, -2.9259, -2.7571, -2.7340, -2.1801, -3.0035,
    -2.7593, -3.1771, -3.2484, -3.0611, -2.7976, -3.2608, -2.8207, -3.0396, -2.5477, -2.7108,
    -2.6900, -2.8979, -3.2795, -2.9976, -3.3813, -3.5290, -2.9361, -3.0561, -2.9320, -3.6181,
    -3.6849, -3.2946, -3.3957, -3.4475, -3.5533, -3.5679, -3.8912, -3.1825, -3.1900, -2.1807,
    -0.0399, -2.9426, -2.2121, -3.4260, -3.6072, -3.4123,
  ]
