================================================================================
W&B RUN DATA: p4-TD3-Hockey-NORMAL-weak-lr0.0003-seed111
================================================================================

## RUN METADATA
Run ID: osmhhflk
Created: 2026-01-11T16:22:43Z
State: running
Duration: 5482.864009315 seconds

## CONFIGURATION
  algorithm: TD3
  mode: NORMAL
  opponent: weak
  learning_rate_actor: 0.0003
  learning_rate_critic: 0.0003
  batch_size: 1024
  buffer_size: 1000000
  max_episodes: 10000
  random_seed: 111
  self_play_start: 0
  self_play_pool_size: 25
  gamma: 0.95
  tau: 0.005

## FINAL SUMMARY

## NOTE: Data discretized to fit 100000 char limit
  Showing ~50 points per metric (of 486 total)

## METRICS DATA

### behavior/action_magnitude_avg
  Total points: 100
  Min: 0.6462, Max: 1.2981, Mean: 1.0404
  Data: [
    1.0014, 0.9005, 0.8445, 0.7633, 0.8680, 0.9504, 0.9249, 0.8180, 0.8023, 0.9508,
    0.7615, 0.8911, 0.8008, 0.8441, 0.7946, 0.7654, 0.8162, 0.9122, 0.9080, 0.7246,
    0.7738, 0.7448, 0.8197, 0.7695, 0.8205, 0.8179, 0.8256, 0.8894, 0.8183, 0.7426,
    0.7959, 0.9291, 0.7929, 0.7747, 0.7092, 0.8735, 0.8718, 0.7741, 0.7302, 0.6566,
    0.8042, 0.7665, 0.7941, 0.7627, 0.7912, 0.6462, 0.8100, 0.7703, 0.6704, 0.7687,
    1.2591, 1.2764, 1.2567, 1.2476, 1.2664, 1.2536, 1.2634, 1.2529, 1.2981, 1.2643,
    1.2819, 1.2653, 1.2707, 1.2654, 1.2550, 1.2722, 1.2674, 1.2733, 1.2691, 1.2799,
    1.2847, 1.2571, 1.2711, 1.2619, 1.2619, 1.2520, 1.2681, 1.2671, 1.2743, 1.2676,
    1.2621, 1.2682, 1.2925, 1.2737, 1.2687, 1.2734, 1.2801, 1.2756, 1.2826, 1.2722,
    1.2680, 1.2750, 1.2632, 1.2793, 1.2733, 1.2803, 1.2803, 1.2875, 1.2589, 1.2666,
  ]

### behavior/action_magnitude_max
  Total points: 100
  Min: 1.1911, Max: 1.4142, Mean: 1.3606
  Data: [
    1.3962, 1.3328, 1.3229, 1.3340, 1.3286, 1.2943, 1.2780, 1.3965, 1.2934, 1.3726,
    1.3001, 1.3333, 1.2777, 1.3598, 1.3444, 1.2957, 1.3397, 1.3948, 1.3493, 1.2196,
    1.3270, 1.2466, 1.3058, 1.2583, 1.3890, 1.3034, 1.3467, 1.3860, 1.2946, 1.3031,
    1.2972, 1.4142, 1.2844, 1.2917, 1.2122, 1.3442, 1.3767, 1.2635, 1.2434, 1.2231,
    1.3097, 1.3157, 1.3364, 1.2341, 1.2990, 1.1911, 1.3005, 1.2147, 1.2441, 1.2638,
    1.4127, 1.4142, 1.4127, 1.4126, 1.4141, 1.4142, 1.4141, 1.4130, 1.4142, 1.4120,
    1.4129, 1.4140, 1.4131, 1.4123, 1.4122, 1.4142, 1.4142, 1.4142, 1.4142, 1.4132,
    1.4142, 1.4142, 1.4142, 1.4123, 1.4137, 1.4131, 1.4141, 1.4124, 1.4138, 1.4142,
    1.4135, 1.4142, 1.4142, 1.4111, 1.4125, 1.4137, 1.4142, 1.4141, 1.4141, 1.4129,
    1.4140, 1.4129, 1.4142, 1.4142, 1.4112, 1.4142, 1.4142, 1.4142, 1.4138, 1.4142,
  ]

### behavior/dist_to_puck_avg
  Total points: 100
  Min: 2.1122, Max: 3.9289, Mean: 2.9610
  Data: [
    3.6950, 3.4767, 3.6660, 3.6054, 3.4715, 3.7853, 3.7919, 3.8048, 3.3540, 3.4285,
    3.9032, 3.6233, 3.6543, 3.7557, 3.7128, 3.4507, 3.5205, 3.9214, 3.4371, 3.5607,
    3.4021, 3.4517, 3.5693, 3.5321, 3.5595, 3.5195, 3.6636, 3.6273, 3.7625, 3.4934,
    3.5650, 3.9030, 3.4261, 3.4261, 3.5588, 3.8550, 3.0916, 3.6874, 3.4860, 3.7927,
    3.7196, 3.9289, 3.8902, 3.8771, 3.5241, 3.4220, 3.3258, 3.6832, 3.7114, 3.5384,
    2.2784, 2.3898, 2.2193, 2.5235, 2.2856, 2.4250, 2.3270, 2.3290, 2.4206, 2.3997,
    2.2419, 2.1907, 2.2051, 2.3132, 2.3854, 2.3583, 2.3812, 2.4530, 2.5474, 2.3660,
    2.3810, 2.4631, 2.2287, 2.3736, 2.3375, 2.3887, 2.2674, 2.4589, 2.4490, 2.2573,
    2.2496, 2.2784, 2.3047, 2.4778, 2.1260, 2.1803, 2.1650, 2.2652, 2.2115, 2.2320,
    2.1164, 2.1122, 2.1724, 2.1684, 2.2580, 2.5034, 2.2826, 2.2723, 2.1937, 2.2709,
  ]

### behavior/dist_to_puck_min
  Total points: 100
  Min: 0.2091, Max: 1.9959, Mean: 0.8745
  Data: [
    1.1786, 0.8928, 1.8517, 1.9959, 1.6188, 1.6535, 1.5657, 1.9179, 1.1024, 1.4590,
    1.4644, 1.4052, 1.5122, 1.8878, 1.1162, 1.1403, 1.2984, 1.7974, 0.9417, 1.4019,
    1.3957, 1.5770, 1.5787, 1.5689, 1.1372, 1.3486, 1.4517, 0.8591, 1.6712, 1.1580,
    1.6788, 1.6300, 1.1906, 1.2153, 1.2074, 1.8372, 1.5756, 1.8772, 1.5137, 0.9178,
    1.8082, 1.6842, 1.9165, 1.9346, 1.8317, 1.3285, 1.1922, 1.4458, 1.5281, 1.1699,
    0.2692, 0.3081, 0.3536, 0.3494, 0.2881, 0.3011, 0.2967, 0.3123, 0.2381, 0.3538,
    0.2370, 0.2305, 0.2859, 0.2523, 0.2791, 0.2482, 0.2437, 0.2642, 0.2401, 0.2479,
    0.2751, 0.2508, 0.2213, 0.3442, 0.2947, 0.2091, 0.2854, 0.3444, 0.2256, 0.2869,
    0.2501, 0.2794, 0.2582, 0.2648, 0.2409, 0.2480, 0.2406, 0.2827, 0.3386, 0.2963,
    0.2567, 0.2905, 0.2664, 0.2821, 0.3659, 0.2721, 0.3372, 0.3351, 0.2893, 0.2828,
  ]

### behavior/distance_traveled
  Total points: 100
  Min: 5.4481, Max: 19.9281, Mean: 11.3082
  Data: [
    6.7974, 9.7779, 9.4010, 7.7492, 8.4542, 7.6507, 8.7121, 9.5403, 7.2454, 8.0758,
    8.7188, 8.5396, 10.1271, 10.1060, 9.5799, 7.5095, 9.0523, 7.2874, 6.5272, 7.6016,
    8.2222, 7.5220, 7.9095, 7.7908, 10.7020, 9.0333, 8.4825, 11.8165, 7.2353, 5.6822,
    5.7759, 7.3663, 10.3736, 6.7468, 7.8555, 7.9581, 7.2167, 8.0426, 5.4481, 9.3858,
    8.6450, 7.3127, 5.8754, 6.4846, 7.1441, 6.3398, 9.2688, 7.8882, 8.6224, 7.0773,
    13.6301, 15.2826, 14.6047, 16.3334, 15.0487, 12.6992, 12.8219, 13.3473, 16.4505, 14.8982,
    15.8412, 14.6443, 11.7019, 13.1961, 12.6258, 18.9082, 16.3475, 16.3791, 16.8637, 14.9670,
    14.1983, 15.2605, 17.8605, 11.8824, 13.6305, 15.4010, 12.3353, 14.8395, 12.8845, 17.7787,
    11.7327, 19.4044, 14.6972, 13.7903, 13.1874, 12.8601, 11.6440, 17.7725, 15.7277, 14.6929,
    13.2143, 13.5766, 12.9518, 10.8120, 9.6245, 16.3030, 14.3273, 15.6140, 19.9281, 12.6162,
  ]

### behavior/lazy_action_ratio
  Total points: 100
  Min: 0.0000, Max: 0.0354, Mean: 0.0069
  Data: [
    0.0060, 0.0134, 0.0054, 0.0227, 0.0012, 0.0136, 0.0040, 0.0033, 0.0116, 0.0070,
    0.0269, 0.0085, 0.0166, 0.0138, 0.0284, 0.0178, 0.0084, 0.0067, 0.0067, 0.0056,
    0.0110, 0.0210, 0.0093, 0.0228, 0.0210, 0.0238, 0.0196, 0.0102, 0.0157, 0.0124,
    0.0248, 0.0024, 0.0354, 0.0258, 0.0199, 0.0022, 0.0038, 0.0100, 0.0117, 0.0226,
    0.0154, 0.0133, 0.0190, 0.0126, 0.0072, 0.0049, 0.0117, 0.0032, 0.0274, 0.0208,
    0.0000, 0.0000, 0.0000, 0.0008, 0.0000, 0.0000, 0.0000, 0.0000, 0.0000, 0.0000,
    0.0000, 0.0000, 0.0000, 0.0000, 0.0000, 0.0000, 0.0000, 0.0000, 0.0000, 0.0000,
    0.0000, 0.0000, 0.0000, 0.0000, 0.0000, 0.0000, 0.0000, 0.0000, 0.0000, 0.0000,
    0.0000, 0.0004, 0.0000, 0.0000, 0.0000, 0.0000, 0.0000, 0.0000, 0.0000, 0.0000,
    0.0000, 0.0000, 0.0000, 0.0000, 0.0000, 0.0000, 0.0000, 0.0000, 0.0000, 0.0000,
  ]

### behavior/puck_touches
  Total points: 100
  Min: 0.0000, Max: 3.7000, Mean: 1.6450
  Data: [
    0.4000, 0.3000, 0.3000, 0.1000, 1.0000, 0.7000, 0.4000, 0.2000, 0.7000, 0.4000,
    0.1000, 0.1000, 0.6000, 0.1000, 1.3000, 2.2000, 0.4000, 0.5000, 1.1000, 0.3000,
    0.3000, 0.2000, 0.3000, 0.7000, 1.2000, 1.6000, 0.1000, 1.8000, 0.2000, 1.7000,
    0.1000, 0.0000, 0.6000, 0.6000, 0.7000, 0.2000, 0.2000, 0.1000, 0.2000, 0.2000,
    0.0000, 0.3000, 0.2000, 0.0000, 0.1000, 0.3000, 0.3000, 0.1000, 0.3000, 0.6000,
    2.5000, 3.6000, 2.3000, 2.0000, 2.9000, 1.8000, 3.2000, 2.1000, 3.2000, 2.5000,
    3.7000, 3.1000, 1.8000, 2.7000, 2.9000, 3.3000, 2.9000, 2.8000, 2.9000, 3.6000,
    2.3000, 3.0000, 3.1000, 2.6000, 2.9000, 3.6000, 2.0000, 2.6000, 3.5000, 2.6000,
    2.3000, 3.1000, 3.3000, 3.0000, 3.1000, 3.3000, 3.0000, 3.2000, 2.5000, 2.4000,
    2.2000, 2.9000, 2.8000, 2.3000, 2.3000, 3.1000, 2.9000, 2.7000, 2.5000, 3.2000,
  ]

### behavior/time_near_puck
  Total points: 100
  Min: 0.0000, Max: 29.5000, Mean: 11.9280
  Data: [
    2.8000, 2.9000, 2.9000, 1.4000, 5.4000, 3.4000, 3.0000, 2.6000, 5.7000, 4.2000,
    0.3000, 0.0000, 4.4000, 1.4000, 4.4000, 8.0000, 4.1000, 4.1000, 12.5000, 1.5000,
    2.9000, 2.8000, 2.7000, 4.9000, 9.2000, 2.9000, 1.4000, 8.5000, 2.7000, 9.0000,
    1.3000, 0.0000, 5.4000, 6.9000, 6.3000, 2.6000, 3.2000, 1.3000, 2.8000, 3.0000,
    0.0000, 4.1000, 1.4000, 0.0000, 1.5000, 2.8000, 4.1000, 1.5000, 1.6000, 4.5000,
    16.7000, 23.9000, 16.4000, 8.0000, 21.4000, 10.6000, 23.1000, 12.6000, 23.7000, 15.4000,
    25.8000, 25.4000, 13.5000, 21.2000, 16.7000, 23.7000, 23.2000, 22.4000, 14.6000, 19.2000,
    15.3000, 18.5000, 29.5000, 17.8000, 21.0000, 26.3000, 16.2000, 17.1000, 21.4000, 22.6000,
    13.6000, 21.2000, 26.1000, 23.4000, 28.1000, 26.2000, 23.2000, 23.7000, 19.5000, 18.6000,
    15.6000, 21.0000, 23.2000, 16.8000, 18.0000, 25.0000, 23.3000, 23.5000, 20.5000, 22.8000,
  ]

### behavior/velocity_avg
  Total points: 100
  Min: 0.0377, Max: 0.1127, Mean: 0.0785
  Data: [
    0.0423, 0.0612, 0.0603, 0.0674, 0.0600, 0.0506, 0.0595, 0.0597, 0.0480, 0.0545,
    0.0451, 0.0579, 0.0655, 0.0638, 0.0647, 0.0544, 0.0612, 0.0377, 0.0464, 0.0674,
    0.0642, 0.0660, 0.0667, 0.0604, 0.0568, 0.0542, 0.0545, 0.0526, 0.0633, 0.0629,
    0.0578, 0.0680, 0.0674, 0.0616, 0.0634, 0.0533, 0.0564, 0.0642, 0.0612, 0.0596,
    0.0617, 0.0597, 0.0536, 0.0508, 0.0666, 0.0567, 0.0553, 0.0511, 0.0600, 0.0512,
    0.0996, 0.1006, 0.1030, 0.1115, 0.1006, 0.1127, 0.0936, 0.0972, 0.0936, 0.1004,
    0.0946, 0.0879, 0.1118, 0.0916, 0.0970, 0.0980, 0.0965, 0.0860, 0.1014, 0.0976,
    0.1009, 0.0991, 0.0986, 0.0999, 0.0976, 0.0896, 0.1048, 0.1111, 0.0896, 0.0995,
    0.1048, 0.1073, 0.0882, 0.1091, 0.0889, 0.0922, 0.0961, 0.0921, 0.0980, 0.1015,
    0.1030, 0.1016, 0.1039, 0.1052, 0.0959, 0.1045, 0.0943, 0.0942, 0.1074, 0.0906,
  ]

### behavior/velocity_max
  Total points: 100
  Min: 0.1723, Max: 0.2440, Mean: 0.2173
  Data: [
    0.2108, 0.2157, 0.2132, 0.2100, 0.2087, 0.2008, 0.2013, 0.1991, 0.1930, 0.2193,
    0.1870, 0.2134, 0.2007, 0.2170, 0.2146, 0.2025, 0.2129, 0.2088, 0.2017, 0.1996,
    0.2084, 0.1931, 0.2105, 0.1855, 0.2174, 0.2008, 0.2062, 0.2077, 0.2017, 0.2009,
    0.1955, 0.2147, 0.2094, 0.2111, 0.1992, 0.2051, 0.1938, 0.2043, 0.2011, 0.1978,
    0.1911, 0.2073, 0.1937, 0.1790, 0.1956, 0.1812, 0.1978, 0.2084, 0.1723, 0.1914,
    0.2328, 0.2369, 0.2330, 0.2347, 0.2344, 0.2344, 0.2312, 0.2300, 0.2347, 0.2368,
    0.2291, 0.2344, 0.2305, 0.2290, 0.2315, 0.2440, 0.2332, 0.2328, 0.2392, 0.2314,
    0.2377, 0.2305, 0.2352, 0.2279, 0.2305, 0.2317, 0.2318, 0.2388, 0.2280, 0.2350,
    0.2240, 0.2405, 0.2242, 0.2354, 0.2231, 0.2257, 0.2305, 0.2320, 0.2305, 0.2349,
    0.2334, 0.2327, 0.2300, 0.2315, 0.2265, 0.2339, 0.2334, 0.2343, 0.2331, 0.2317,
  ]

### eval/strong/avg_reward
  Total points: 18
  Min: -29.0184, Max: -2.3450, Mean: -7.7337
  Data: [
    -29.0184, -2.3450, -8.4471, -7.4959, -9.0228, -7.7131, -7.5810, -6.9580, -7.8641, -4.4112,
    -5.1298, -5.7302, -3.5885, -8.8145, -7.3311, -7.0693, -4.9725, -5.7144,
  ]

### eval/strong/loss_rate
  Total points: 18
  Min: 0.3200, Max: 0.7000, Mean: 0.5211
  Data: [
    0.3200, 0.3600, 0.6400, 0.5800, 0.7000, 0.5600, 0.5600, 0.5200, 0.6200, 0.4200,
    0.4600, 0.4400, 0.4200, 0.6400, 0.5800, 0.6400, 0.4600, 0.4600,
  ]

### eval/strong/losses
  Total points: 18
  Min: 16.0000, Max: 35.0000, Mean: 26.0556
  Data: [
    16.0000, 18.0000, 32.0000, 29.0000, 35.0000, 28.0000, 28.0000, 26.0000, 31.0000, 21.0000,
    23.0000, 22.0000, 21.0000, 32.0000, 29.0000, 32.0000, 23.0000, 23.0000,
  ]

### eval/strong/tie_rate
  Total points: 18
  Min: 0.1000, Max: 0.6200, Mean: 0.2333
  Data: [
    0.6200, 0.1800, 0.1600, 0.2600, 0.1000, 0.2400, 0.2000, 0.2800, 0.1400, 0.2000,
    0.2200, 0.3200, 0.2000, 0.2200, 0.2400, 0.1000, 0.2400, 0.2800,
  ]

### eval/strong/ties
  Total points: 18
  Min: 5.0000, Max: 31.0000, Mean: 11.6667
  Data: [
    31.0000, 9.0000, 8.0000, 13.0000, 5.0000, 12.0000, 10.0000, 14.0000, 7.0000, 10.0000,
    11.0000, 16.0000, 10.0000, 11.0000, 12.0000, 5.0000, 12.0000, 14.0000,
  ]

### eval/strong/win_rate
  Total points: 18
  Min: 0.0600, Max: 0.4600, Mean: 0.2456
  Data: [
    0.0600, 0.4600, 0.2000, 0.1600, 0.2000, 0.2000, 0.2400, 0.2000, 0.2400, 0.3800,
    0.3200, 0.2400, 0.3800, 0.1400, 0.1800, 0.2600, 0.3000, 0.2600,
  ]

### eval/strong/win_rate_decisive
  Total points: 18
  Min: 0.1579, Max: 0.5610, Mean: 0.3161
  Data: [
    0.1579, 0.5610, 0.2381, 0.2162, 0.2222, 0.2632, 0.3000, 0.2778, 0.2791, 0.4750,
    0.4103, 0.3529, 0.4750, 0.1795, 0.2368, 0.2889, 0.3947, 0.3611,
  ]

### eval/strong/wins
  Total points: 18
  Min: 3.0000, Max: 23.0000, Mean: 12.2778
  Data: [
    3.0000, 23.0000, 10.0000, 8.0000, 10.0000, 10.0000, 12.0000, 10.0000, 12.0000, 19.0000,
    16.0000, 12.0000, 19.0000, 7.0000, 9.0000, 13.0000, 15.0000, 13.0000,
  ]

### eval/weak/avg_reward
  Total points: 18
  Min: -28.8692, Max: -1.5833, Mean: -6.3839
  Data: [
    -28.8692, -1.5833, -3.6406, -6.0281, -6.3499, -5.2131, -4.0520, -7.4005, -4.4795, -6.3017,
    -7.0485, -10.2947, -7.4724, -5.3894, -3.3402, -3.1366, -2.1269, -2.1833,
  ]

### eval/weak/loss_rate
  Total points: 18
  Min: 0.2800, Max: 0.7400, Mean: 0.5200
  Data: [
    0.4800, 0.4000, 0.4200, 0.5800, 0.6200, 0.4600, 0.4800, 0.6800, 0.5800, 0.6400,
    0.6200, 0.7400, 0.6600, 0.5600, 0.4400, 0.4000, 0.2800, 0.3200,
  ]

### eval/weak/losses
  Total points: 18
  Min: 14.0000, Max: 37.0000, Mean: 26.0000
  Data: [
    24.0000, 20.0000, 21.0000, 29.0000, 31.0000, 23.0000, 24.0000, 34.0000, 29.0000, 32.0000,
    31.0000, 37.0000, 33.0000, 28.0000, 22.0000, 20.0000, 14.0000, 16.0000,
  ]

### eval/weak/tie_rate
  Total points: 18
  Min: 0.0400, Max: 0.5000, Mean: 0.2144
  Data: [
    0.5000, 0.1600, 0.2600, 0.1600, 0.1400, 0.3000, 0.1800, 0.1000, 0.0400, 0.0800,
    0.1800, 0.2200, 0.1800, 0.1800, 0.2000, 0.2600, 0.4000, 0.3200,
  ]

### eval/weak/ties
  Total points: 18
  Min: 2.0000, Max: 25.0000, Mean: 10.7222
  Data: [
    25.0000, 8.0000, 13.0000, 8.0000, 7.0000, 15.0000, 9.0000, 5.0000, 2.0000, 4.0000,
    9.0000, 11.0000, 9.0000, 9.0000, 10.0000, 13.0000, 20.0000, 16.0000,
  ]

### eval/weak/win_rate
  Total points: 18
  Min: 0.0200, Max: 0.4400, Mean: 0.2656
  Data: [
    0.0200, 0.4400, 0.3200, 0.2600, 0.2400, 0.2400, 0.3400, 0.2200, 0.3800, 0.2800,
    0.2000, 0.0400, 0.1600, 0.2600, 0.3600, 0.3400, 0.3200, 0.3600,
  ]

### eval/weak/win_rate_decisive
  Total points: 18
  Min: 0.0400, Max: 0.5333, Mean: 0.3370
  Data: [
    0.0400, 0.5238, 0.4324, 0.3095, 0.2791, 0.3429, 0.4146, 0.2444, 0.3958, 0.3043,
    0.2439, 0.0513, 0.1951, 0.3171, 0.4500, 0.4595, 0.5333, 0.5294,
  ]

### eval/weak/wins
  Total points: 18
  Min: 1.0000, Max: 22.0000, Mean: 13.2778
  Data: [
    1.0000, 22.0000, 16.0000, 13.0000, 12.0000, 12.0000, 17.0000, 11.0000, 19.0000, 14.0000,
    10.0000, 2.0000, 8.0000, 13.0000, 18.0000, 17.0000, 16.0000, 18.0000,
  ]

### losses/actor_loss
  Total points: 100
  Min: 0.0000, Max: 0.2226, Mean: 0.1007
  Data: [
    0.0000, 0.0000, 0.0000, 0.0000, 0.0000, 0.0000, 0.0000, 0.0000, 0.0000, 0.0000,
    0.0000, 0.0000, 0.0000, 0.0000, 0.0000, 0.0000, 0.0000, 0.0000, 0.0000, 0.0000,
    0.0000, 0.0000, 0.0000, 0.0000, 0.0000, 0.0000, 0.0000, 0.0000, 0.0000, 0.0000,
    0.0000, 0.0000, 0.0000, 0.0000, 0.0000, 0.0000, 0.0000, 0.0000, 0.0000, 0.0000,
    0.0000, 0.0000, 0.0000, 0.0000, 0.0000, 0.0000, 0.0000, 0.0000, 0.0000, 0.0000,
    0.2076, 0.2036, 0.1999, 0.2010, 0.1973, 0.2226, 0.2112, 0.1896, 0.2047, 0.1955,
    0.1886, 0.2031, 0.1896, 0.1890, 0.1947, 0.1914, 0.1893, 0.2026, 0.2086, 0.2006,
    0.1937, 0.2055, 0.1981, 0.2045, 0.1904, 0.2018, 0.2063, 0.2017, 0.2135, 0.1956,
    0.2038, 0.1899, 0.1952, 0.1962, 0.1931, 0.1945, 0.2017, 0.1985, 0.2066, 0.2086,
    0.2130, 0.1940, 0.2039, 0.2069, 0.2134, 0.2012, 0.2107, 0.2112, 0.2073, 0.2144,
  ]

### losses/critic_loss
  Total points: 100
  Min: 0.0000, Max: 0.0201, Mean: 0.0083
  Data: [
    0.0000, 0.0000, 0.0000, 0.0000, 0.0000, 0.0000, 0.0000, 0.0000, 0.0000, 0.0000,
    0.0000, 0.0000, 0.0000, 0.0000, 0.0000, 0.0000, 0.0000, 0.0000, 0.0000, 0.0000,
    0.0000, 0.0000, 0.0000, 0.0000, 0.0000, 0.0000, 0.0000, 0.0000, 0.0000, 0.0000,
    0.0000, 0.0000, 0.0000, 0.0000, 0.0000, 0.0000, 0.0000, 0.0000, 0.0000, 0.0000,
    0.0000, 0.0000, 0.0000, 0.0000, 0.0000, 0.0000, 0.0000, 0.0000, 0.0000, 0.0000,
    0.0181, 0.0188, 0.0172, 0.0190, 0.0172, 0.0182, 0.0167, 0.0201, 0.0180, 0.0153,
    0.0174, 0.0179, 0.0183, 0.0185, 0.0183, 0.0169, 0.0181, 0.0160, 0.0160, 0.0173,
    0.0153, 0.0149, 0.0163, 0.0182, 0.0154, 0.0166, 0.0170, 0.0183, 0.0190, 0.0174,
    0.0168, 0.0153, 0.0132, 0.0145, 0.0171, 0.0164, 0.0151, 0.0159, 0.0147, 0.0167,
    0.0146, 0.0148, 0.0142, 0.0156, 0.0157, 0.0167, 0.0144, 0.0144, 0.0150, 0.0153,
  ]

### pbrs/avg_per_episode
  Total points: 100
  Min: 0.0633, Max: 0.2059, Mean: 0.1569
  Data: [
    0.0633, 0.0786, 0.0980, 0.0992, 0.1031, 0.1023, 0.0993, 0.1001, 0.1081, 0.1098,
    0.1077, 0.1080, 0.1092, 0.1081, 0.1098, 0.1112, 0.1091, 0.1076, 0.1084, 0.1090,
    0.1090, 0.1100, 0.1109, 0.1107, 0.1114, 0.1114, 0.1111, 0.1105, 0.1088, 0.1110,
    0.1119, 0.1121, 0.1131, 0.1138, 0.1146, 0.1144, 0.1149, 0.1150, 0.1154, 0.1151,
    0.1150, 0.1155, 0.1157, 0.1159, 0.1161, 0.1166, 0.1165, 0.1161, 0.1162, 0.1159,
    0.2059, 0.2059, 0.2058, 0.2057, 0.2056, 0.2057, 0.2056, 0.2055, 0.2054, 0.2053,
    0.2052, 0.2052, 0.2053, 0.2053, 0.2052, 0.2051, 0.2049, 0.2048, 0.2047, 0.2047,
    0.2047, 0.2047, 0.2046, 0.2047, 0.2046, 0.2045, 0.2046, 0.2045, 0.2045, 0.2042,
    0.2044, 0.2042, 0.2041, 0.2042, 0.2041, 0.2041, 0.2041, 0.2040, 0.2040, 0.2039,
    0.2039, 0.2039, 0.2039, 0.2039, 0.2040, 0.2038, 0.2038, 0.2038, 0.2037, 0.2037,
  ]

### performance/cumulative_win_rate
  Total points: 100
  Min: 0.0348, Max: 0.2539, Mean: 0.1462
  Data: [
    0.1000, 0.1000, 0.0667, 0.0625, 0.0556, 0.0500, 0.0455, 0.0417, 0.0467, 0.0471,
    0.0444, 0.0421, 0.0500, 0.0522, 0.0444, 0.0429, 0.0400, 0.0387, 0.0424, 0.0421,
    0.0390, 0.0381, 0.0395, 0.0386, 0.0400, 0.0391, 0.0383, 0.0375, 0.0373, 0.0396,
    0.0407, 0.0386, 0.0390, 0.0383, 0.0365, 0.0354, 0.0348, 0.0358, 0.0368, 0.0403,
    0.0397, 0.0400, 0.0395, 0.0392, 0.0407, 0.0427, 0.0422, 0.0429, 0.0419, 0.0414,
    0.2419, 0.2422, 0.2424, 0.2424, 0.2424, 0.2429, 0.2427, 0.2435, 0.2436, 0.2439,
    0.2439, 0.2440, 0.2443, 0.2445, 0.2449, 0.2453, 0.2450, 0.2451, 0.2456, 0.2457,
    0.2456, 0.2465, 0.2472, 0.2477, 0.2482, 0.2484, 0.2484, 0.2486, 0.2486, 0.2488,
    0.2493, 0.2493, 0.2496, 0.2502, 0.2504, 0.2509, 0.2515, 0.2510, 0.2516, 0.2517,
    0.2521, 0.2522, 0.2522, 0.2529, 0.2531, 0.2534, 0.2533, 0.2534, 0.2537, 0.2539,
  ]

### performance/losses
  Total points: 100
  Min: 2.0000, Max: 4279.0000, Mean: 2143.6500
  Data: [
    2.0000, 5.0000, 21.0000, 28.0000, 33.0000, 37.0000, 40.0000, 44.0000, 58.0000, 66.0000,
    69.0000, 73.0000, 75.0000, 87.0000, 107.0000, 113.0000, 119.0000, 121.0000, 127.0000, 148.0000,
    160.0000, 166.0000, 170.0000, 174.0000, 178.0000, 182.0000, 186.0000, 189.0000, 200.0000, 210.0000,
    215.0000, 229.0000, 238.0000, 244.0000, 260.0000, 268.0000, 274.0000, 277.0000, 281.0000, 295.0000,
    299.0000, 308.0000, 313.0000, 326.0000, 334.0000, 338.0000, 342.0000, 345.0000, 354.0000, 358.0000,
    3949.0000, 3952.0000, 3964.0000, 3968.0000, 3977.0000, 3981.0000, 3986.0000, 4000.0000, 4011.0000, 4019.0000,
    4021.0000, 4026.0000, 4029.0000, 4033.0000, 4040.0000, 4040.0000, 4047.0000, 4058.0000, 4064.0000, 4067.0000,
    4073.0000, 4085.0000, 4089.0000, 4091.0000, 4096.0000, 4098.0000, 4105.0000, 4107.0000, 4110.0000, 4132.0000,
    4135.0000, 4138.0000, 4151.0000, 4154.0000, 4157.0000, 4166.0000, 4168.0000, 4176.0000, 4192.0000, 4205.0000,
    4211.0000, 4216.0000, 4222.0000, 4228.0000, 4233.0000, 4242.0000, 4247.0000, 4265.0000, 4276.0000, 4279.0000,
  ]

### performance/ties
  Total points: 100
  Min: 7.0000, Max: 2048.0000, Mean: 1079.5500
  Data: [
    7.0000, 13.0000, 35.0000, 47.0000, 52.0000, 58.0000, 65.0000, 71.0000, 85.0000, 96.0000,
    103.0000, 109.0000, 115.0000, 131.0000, 151.0000, 155.0000, 169.0000, 177.0000, 189.0000, 216.0000,
    234.0000, 238.0000, 243.0000, 249.0000, 254.0000, 260.0000, 266.0000, 273.0000, 291.0000, 299.0000,
    303.0000, 319.0000, 329.0000, 333.0000, 347.0000, 359.0000, 363.0000, 369.0000, 374.0000, 396.0000,
    402.0000, 412.0000, 417.0000, 433.0000, 443.0000, 447.0000, 453.0000, 459.0000, 470.0000, 476.0000,
    1775.0000, 1777.0000, 1786.0000, 1790.0000, 1796.0000, 1796.0000, 1800.0000, 1810.0000, 1821.0000, 1826.0000,
    1831.0000, 1833.0000, 1835.0000, 1837.0000, 1842.0000, 1847.0000, 1857.0000, 1868.0000, 1873.0000, 1877.0000,
    1879.0000, 1890.0000, 1896.0000, 1897.0000, 1903.0000, 1907.0000, 1908.0000, 1912.0000, 1916.0000, 1938.0000,
    1938.0000, 1943.0000, 1957.0000, 1957.0000, 1960.0000, 1969.0000, 1970.0000, 1981.0000, 1990.0000, 1998.0000,
    2004.0000, 2006.0000, 2007.0000, 2010.0000, 2011.0000, 2022.0000, 2025.0000, 2036.0000, 2045.0000, 2048.0000,
  ]

### performance/wins
  Total points: 100
  Min: 1.0000, Max: 2153.0000, Mean: 1000.3000
  Data: [
    1.0000, 2.0000, 4.0000, 5.0000, 5.0000, 5.0000, 5.0000, 5.0000, 7.0000, 8.0000,
    8.0000, 8.0000, 10.0000, 12.0000, 12.0000, 12.0000, 12.0000, 12.0000, 14.0000, 16.0000,
    16.0000, 16.0000, 17.0000, 17.0000, 18.0000, 18.0000, 18.0000, 18.0000, 19.0000, 21.0000,
    22.0000, 22.0000, 23.0000, 23.0000, 23.0000, 23.0000, 23.0000, 24.0000, 25.0000, 29.0000,
    29.0000, 30.0000, 30.0000, 31.0000, 33.0000, 35.0000, 35.0000, 36.0000, 36.0000, 36.0000,
    1826.0000, 1831.0000, 1840.0000, 1842.0000, 1847.0000, 1853.0000, 1854.0000, 1870.0000, 1878.0000, 1885.0000,
    1888.0000, 1891.0000, 1896.0000, 1900.0000, 1908.0000, 1913.0000, 1916.0000, 1924.0000, 1933.0000, 1936.0000,
    1938.0000, 1955.0000, 1965.0000, 1972.0000, 1981.0000, 1985.0000, 1987.0000, 1991.0000, 1994.0000, 2010.0000,
    2017.0000, 2019.0000, 2032.0000, 2039.0000, 2043.0000, 2055.0000, 2062.0000, 2063.0000, 2078.0000, 2087.0000,
    2095.0000, 2098.0000, 2101.0000, 2112.0000, 2116.0000, 2126.0000, 2128.0000, 2139.0000, 2149.0000, 2153.0000,
  ]

### rewards/p1
  Total points: 100
  Min: -9.7323, Max: 1.5095, Mean: -4.1933
  Data: [
    -8.2960, -7.3375, -8.3436, -7.3333, -7.3244, -9.1455, -9.1591, -9.0338, -5.9452, -8.7887,
    -9.0537, -8.2829, -7.0046, -8.8593, -7.5702, -7.9161, -7.7796, -8.3808, -7.4744, -8.0472,
    -9.0035, -7.0786, -6.9505, -7.7544, -7.3717, -9.0293, -9.2691, -9.7323, -7.2939, -4.6947,
    -7.0515, -7.3109, -6.3933, -8.3824, -6.8190, -8.7317, -6.3951, -6.8938, -7.8973, -6.1026,
    -9.2261, -6.4854, -9.6993, -9.3508, -7.7983, -5.5766, -8.1871, -7.5383, -8.2814, -8.0406,
    -0.3486, 0.3708, -1.0146, -1.7035, -1.0256, 0.6889, -2.1564, -1.2055, -2.1032, -0.8323,
    -0.7675, -0.7142, 0.2636, -0.0019, -0.2909, 0.7308, -1.3600, -2.1056, -0.9941, -0.6057,
    -1.4372, -1.1494, -0.6866, 1.4253, -0.3861, 0.1252, -1.9409, -0.4533, -0.4100, -0.3082,
    1.5095, -2.1879, 0.0360, 1.1972, -0.3122, 0.3501, 1.3951, -2.1138, -0.8714, -0.0068,
    -0.6069, -1.2535, -1.2094, 1.2318, -0.3939, -0.1760, -1.4927, -0.0324, -2.3632, -0.2130,
  ]

### rewards/p2
  Total points: 100
  Min: -0.9802, Max: 9.2091, Mean: 4.0680
  Data: [
    7.7245, 6.9358, 7.7483, 6.8712, 7.2114, 8.6668, 8.4482, 8.4237, 5.8253, 8.3356,
    8.2480, 7.9933, 6.2915, 7.9804, 7.1393, 7.7549, 7.0327, 7.4475, 6.7747, 7.5168,
    8.6367, 6.7643, 6.5146, 6.9007, 7.1977, 8.4640, 8.6370, 9.1814, 6.8428, 4.6521,
    6.6677, 6.8494, 6.1123, 8.1522, 6.3511, 7.8060, 6.1674, 6.2297, 7.1994, 5.5344,
    8.5816, 6.1881, 9.2091, 8.8255, 7.4965, 5.1612, 7.4076, 6.9304, 7.5279, 7.5774,
    1.2736, 0.2375, 1.1075, 1.6418, 1.5925, 0.1703, 1.8684, 1.5139, 2.3533, 1.1546,
    0.5359, 1.4267, -0.0188, 0.6254, 0.3951, -0.6515, 1.1710, 2.4078, 1.1755, 0.6299,
    2.1213, 1.3983, 0.7161, -0.8653, 0.4722, 0.1554, 2.4483, 0.2852, 0.5040, 0.3532,
    -0.6086, 2.0289, 0.0006, -0.4107, 0.3113, -0.1723, -0.9802, 1.5016, 1.4880, 0.6609,
    0.8412, 1.5068, 1.6289, -0.9507, 0.8717, -0.1654, 1.6949, 0.4351, 2.4700, 0.3101,
  ]

### rewards/sparse_only
  Total points: 100
  Min: -9.2091, Max: 0.9802, Mean: -4.0680
  Data: [
    -7.7245, -6.9358, -7.7483, -6.8712, -7.2114, -8.6668, -8.4482, -8.4237, -5.8253, -8.3356,
    -8.2480, -7.9933, -6.2915, -7.9804, -7.1393, -7.7549, -7.0327, -7.4475, -6.7747, -7.5168,
    -8.6367, -6.7643, -6.5146, -6.9007, -7.1977, -8.4640, -8.6370, -9.1814, -6.8428, -4.6521,
    -6.6677, -6.8494, -6.1123, -8.1522, -6.3511, -7.8060, -6.1674, -6.2297, -7.1994, -5.5344,
    -8.5816, -6.1881, -9.2091, -8.8255, -7.4965, -5.1612, -7.4076, -6.9304, -7.5279, -7.5774,
    -1.2736, -0.2375, -1.1075, -1.6418, -1.5925, -0.1703, -1.8684, -1.5139, -2.3533, -1.1546,
    -0.5359, -1.4267, 0.0188, -0.6254, -0.3951, 0.6515, -1.1710, -2.4078, -1.1755, -0.6299,
    -2.1213, -1.3983, -0.7161, 0.8653, -0.4722, -0.1554, -2.4483, -0.2852, -0.5040, -0.3532,
    0.6086, -2.0289, -0.0006, 0.4107, -0.3113, 0.1723, 0.9802, -1.5016, -1.4880, -0.6609,
    -0.8412, -1.5068, -1.6289, 0.9507, -0.8717, 0.1654, -1.6949, -0.4351, -2.4700, -0.3101,
  ]

### rewards/sparse_ratio
  Total points: 100
  Min: -1.2418, Max: 333.6587, Mean: 5.3525
  Data: [
    0.9311, 0.9453, 0.9287, 0.9370, 0.9846, 0.9477, 0.9224, 0.9325, 0.9798, 0.9484,
    0.9110, 0.9650, 0.8982, 0.9008, 0.9431, 0.9796, 0.9040, 0.8886, 0.9064, 0.9341,
    0.9593, 0.9556, 0.9373, 0.8899, 0.9764, 0.9374, 0.9318, 0.9434, 0.9382, 0.9909,
    0.9456, 0.9369, 0.9561, 0.9725, 0.9314, 0.8940, 0.9644, 0.9037, 0.9116, 0.9069,
    0.9301, 0.9542, 0.9495, 0.9438, 0.9613, 0.9255, 0.9048, 0.9194, 0.9090, 0.9424,
    3.6536, -0.6403, 1.0916, 0.9638, 1.5528, -0.2472, 0.8664, 1.2559, 1.1189, 1.3872,
    0.6982, 1.9977, 0.0715, 333.6587, 1.3583, 0.8915, 0.8610, 1.1435, 1.1825, 1.0400,
    1.4760, 1.2165, 1.0430, 0.6071, 1.2231, -1.2418, 1.2615, 0.6291, 1.2293, 1.1461,
    0.4032, 0.9273, -0.0178, 0.3430, 0.9973, 0.4920, 0.7026, 0.7104, 1.7076, 96.6284,
    1.3860, 1.2020, 1.3469, 0.7718, 2.2130, -0.9398, 1.1354, 13.4286, 1.0452, 1.4557,
  ]

### scoring/goals_conceded
  Total points: 100
  Min: 2.0000, Max: 4279.0000, Mean: 2143.6500
  Data: [
    2.0000, 5.0000, 21.0000, 28.0000, 33.0000, 37.0000, 40.0000, 44.0000, 58.0000, 66.0000,
    69.0000, 73.0000, 75.0000, 87.0000, 107.0000, 113.0000, 119.0000, 121.0000, 127.0000, 148.0000,
    160.0000, 166.0000, 170.0000, 174.0000, 178.0000, 182.0000, 186.0000, 189.0000, 200.0000, 210.0000,
    215.0000, 229.0000, 238.0000, 244.0000, 260.0000, 268.0000, 274.0000, 277.0000, 281.0000, 295.0000,
    299.0000, 308.0000, 313.0000, 326.0000, 334.0000, 338.0000, 342.0000, 345.0000, 354.0000, 358.0000,
    3949.0000, 3952.0000, 3964.0000, 3968.0000, 3977.0000, 3981.0000, 3986.0000, 4000.0000, 4011.0000, 4019.0000,
    4021.0000, 4026.0000, 4029.0000, 4033.0000, 4040.0000, 4040.0000, 4047.0000, 4058.0000, 4064.0000, 4067.0000,
    4073.0000, 4085.0000, 4089.0000, 4091.0000, 4096.0000, 4098.0000, 4105.0000, 4107.0000, 4110.0000, 4132.0000,
    4135.0000, 4138.0000, 4151.0000, 4154.0000, 4157.0000, 4166.0000, 4168.0000, 4176.0000, 4192.0000, 4205.0000,
    4211.0000, 4216.0000, 4222.0000, 4228.0000, 4233.0000, 4242.0000, 4247.0000, 4265.0000, 4276.0000, 4279.0000,
  ]

### scoring/goals_scored
  Total points: 100
  Min: 1.0000, Max: 2153.0000, Mean: 1000.3000
  Data: [
    1.0000, 2.0000, 4.0000, 5.0000, 5.0000, 5.0000, 5.0000, 5.0000, 7.0000, 8.0000,
    8.0000, 8.0000, 10.0000, 12.0000, 12.0000, 12.0000, 12.0000, 12.0000, 14.0000, 16.0000,
    16.0000, 16.0000, 17.0000, 17.0000, 18.0000, 18.0000, 18.0000, 18.0000, 19.0000, 21.0000,
    22.0000, 22.0000, 23.0000, 23.0000, 23.0000, 23.0000, 23.0000, 24.0000, 25.0000, 29.0000,
    29.0000, 30.0000, 30.0000, 31.0000, 33.0000, 35.0000, 35.0000, 36.0000, 36.0000, 36.0000,
    1826.0000, 1831.0000, 1840.0000, 1842.0000, 1847.0000, 1853.0000, 1854.0000, 1870.0000, 1878.0000, 1885.0000,
    1888.0000, 1891.0000, 1896.0000, 1900.0000, 1908.0000, 1913.0000, 1916.0000, 1924.0000, 1933.0000, 1936.0000,
    1938.0000, 1955.0000, 1965.0000, 1972.0000, 1981.0000, 1985.0000, 1987.0000, 1991.0000, 1994.0000, 2010.0000,
    2017.0000, 2019.0000, 2032.0000, 2039.0000, 2043.0000, 2055.0000, 2062.0000, 2063.0000, 2078.0000, 2087.0000,
    2095.0000, 2098.0000, 2101.0000, 2112.0000, 2116.0000, 2126.0000, 2128.0000, 2139.0000, 2149.0000, 2153.0000,
  ]

### selfplay/active
  Total points: 100
  Min: 0.0000, Max: 0.0000, Mean: 0.0000
  Data: [
    0.0000, 0.0000, 0.0000, 0.0000, 0.0000, 0.0000, 0.0000, 0.0000, 0.0000, 0.0000,
    0.0000, 0.0000, 0.0000, 0.0000, 0.0000, 0.0000, 0.0000, 0.0000, 0.0000, 0.0000,
    0.0000, 0.0000, 0.0000, 0.0000, 0.0000, 0.0000, 0.0000, 0.0000, 0.0000, 0.0000,
    0.0000, 0.0000, 0.0000, 0.0000, 0.0000, 0.0000, 0.0000, 0.0000, 0.0000, 0.0000,
    0.0000, 0.0000, 0.0000, 0.0000, 0.0000, 0.0000, 0.0000, 0.0000, 0.0000, 0.0000,
    0.0000, 0.0000, 0.0000, 0.0000, 0.0000, 0.0000, 0.0000, 0.0000, 0.0000, 0.0000,
    0.0000, 0.0000, 0.0000, 0.0000, 0.0000, 0.0000, 0.0000, 0.0000, 0.0000, 0.0000,
    0.0000, 0.0000, 0.0000, 0.0000, 0.0000, 0.0000, 0.0000, 0.0000, 0.0000, 0.0000,
    0.0000, 0.0000, 0.0000, 0.0000, 0.0000, 0.0000, 0.0000, 0.0000, 0.0000, 0.0000,
    0.0000, 0.0000, 0.0000, 0.0000, 0.0000, 0.0000, 0.0000, 0.0000, 0.0000, 0.0000,
  ]

### selfplay/episode_opponent_type_selfplay
  Total points: 100
  Min: 0.0000, Max: 0.0000, Mean: 0.0000
  Data: [
    0.0000, 0.0000, 0.0000, 0.0000, 0.0000, 0.0000, 0.0000, 0.0000, 0.0000, 0.0000,
    0.0000, 0.0000, 0.0000, 0.0000, 0.0000, 0.0000, 0.0000, 0.0000, 0.0000, 0.0000,
    0.0000, 0.0000, 0.0000, 0.0000, 0.0000, 0.0000, 0.0000, 0.0000, 0.0000, 0.0000,
    0.0000, 0.0000, 0.0000, 0.0000, 0.0000, 0.0000, 0.0000, 0.0000, 0.0000, 0.0000,
    0.0000, 0.0000, 0.0000, 0.0000, 0.0000, 0.0000, 0.0000, 0.0000, 0.0000, 0.0000,
    0.0000, 0.0000, 0.0000, 0.0000, 0.0000, 0.0000, 0.0000, 0.0000, 0.0000, 0.0000,
    0.0000, 0.0000, 0.0000, 0.0000, 0.0000, 0.0000, 0.0000, 0.0000, 0.0000, 0.0000,
    0.0000, 0.0000, 0.0000, 0.0000, 0.0000, 0.0000, 0.0000, 0.0000, 0.0000, 0.0000,
    0.0000, 0.0000, 0.0000, 0.0000, 0.0000, 0.0000, 0.0000, 0.0000, 0.0000, 0.0000,
    0.0000, 0.0000, 0.0000, 0.0000, 0.0000, 0.0000, 0.0000, 0.0000, 0.0000, 0.0000,
  ]

### selfplay/episode_opponent_type_strong
  Total points: 100
  Min: 0.0000, Max: 0.0000, Mean: 0.0000
  Data: [
    0.0000, 0.0000, 0.0000, 0.0000, 0.0000, 0.0000, 0.0000, 0.0000, 0.0000, 0.0000,
    0.0000, 0.0000, 0.0000, 0.0000, 0.0000, 0.0000, 0.0000, 0.0000, 0.0000, 0.0000,
    0.0000, 0.0000, 0.0000, 0.0000, 0.0000, 0.0000, 0.0000, 0.0000, 0.0000, 0.0000,
    0.0000, 0.0000, 0.0000, 0.0000, 0.0000, 0.0000, 0.0000, 0.0000, 0.0000, 0.0000,
    0.0000, 0.0000, 0.0000, 0.0000, 0.0000, 0.0000, 0.0000, 0.0000, 0.0000, 0.0000,
    0.0000, 0.0000, 0.0000, 0.0000, 0.0000, 0.0000, 0.0000, 0.0000, 0.0000, 0.0000,
    0.0000, 0.0000, 0.0000, 0.0000, 0.0000, 0.0000, 0.0000, 0.0000, 0.0000, 0.0000,
    0.0000, 0.0000, 0.0000, 0.0000, 0.0000, 0.0000, 0.0000, 0.0000, 0.0000, 0.0000,
    0.0000, 0.0000, 0.0000, 0.0000, 0.0000, 0.0000, 0.0000, 0.0000, 0.0000, 0.0000,
    0.0000, 0.0000, 0.0000, 0.0000, 0.0000, 0.0000, 0.0000, 0.0000, 0.0000, 0.0000,
  ]

### selfplay/episode_opponent_type_weak
  Total points: 100
  Min: 1.0000, Max: 1.0000, Mean: 1.0000
  Data: [
    1.0000, 1.0000, 1.0000, 1.0000, 1.0000, 1.0000, 1.0000, 1.0000, 1.0000, 1.0000,
    1.0000, 1.0000, 1.0000, 1.0000, 1.0000, 1.0000, 1.0000, 1.0000, 1.0000, 1.0000,
    1.0000, 1.0000, 1.0000, 1.0000, 1.0000, 1.0000, 1.0000, 1.0000, 1.0000, 1.0000,
    1.0000, 1.0000, 1.0000, 1.0000, 1.0000, 1.0000, 1.0000, 1.0000, 1.0000, 1.0000,
    1.0000, 1.0000, 1.0000, 1.0000, 1.0000, 1.0000, 1.0000, 1.0000, 1.0000, 1.0000,
    1.0000, 1.0000, 1.0000, 1.0000, 1.0000, 1.0000, 1.0000, 1.0000, 1.0000, 1.0000,
    1.0000, 1.0000, 1.0000, 1.0000, 1.0000, 1.0000, 1.0000, 1.0000, 1.0000, 1.0000,
    1.0000, 1.0000, 1.0000, 1.0000, 1.0000, 1.0000, 1.0000, 1.0000, 1.0000, 1.0000,
    1.0000, 1.0000, 1.0000, 1.0000, 1.0000, 1.0000, 1.0000, 1.0000, 1.0000, 1.0000,
    1.0000, 1.0000, 1.0000, 1.0000, 1.0000, 1.0000, 1.0000, 1.0000, 1.0000, 1.0000,
  ]

### selfplay/pool_size
  Total points: 100
  Min: 0.0000, Max: 0.0000, Mean: 0.0000
  Data: [
    0.0000, 0.0000, 0.0000, 0.0000, 0.0000, 0.0000, 0.0000, 0.0000, 0.0000, 0.0000,
    0.0000, 0.0000, 0.0000, 0.0000, 0.0000, 0.0000, 0.0000, 0.0000, 0.0000, 0.0000,
    0.0000, 0.0000, 0.0000, 0.0000, 0.0000, 0.0000, 0.0000, 0.0000, 0.0000, 0.0000,
    0.0000, 0.0000, 0.0000, 0.0000, 0.0000, 0.0000, 0.0000, 0.0000, 0.0000, 0.0000,
    0.0000, 0.0000, 0.0000, 0.0000, 0.0000, 0.0000, 0.0000, 0.0000, 0.0000, 0.0000,
    0.0000, 0.0000, 0.0000, 0.0000, 0.0000, 0.0000, 0.0000, 0.0000, 0.0000, 0.0000,
    0.0000, 0.0000, 0.0000, 0.0000, 0.0000, 0.0000, 0.0000, 0.0000, 0.0000, 0.0000,
    0.0000, 0.0000, 0.0000, 0.0000, 0.0000, 0.0000, 0.0000, 0.0000, 0.0000, 0.0000,
    0.0000, 0.0000, 0.0000, 0.0000, 0.0000, 0.0000, 0.0000, 0.0000, 0.0000, 0.0000,
    0.0000, 0.0000, 0.0000, 0.0000, 0.0000, 0.0000, 0.0000, 0.0000, 0.0000, 0.0000,
  ]

### selfplay/weak_ratio_target
  Total points: 100
  Min: 0.5000, Max: 0.5000, Mean: 0.5000
  Data: [
    0.5000, 0.5000, 0.5000, 0.5000, 0.5000, 0.5000, 0.5000, 0.5000, 0.5000, 0.5000,
    0.5000, 0.5000, 0.5000, 0.5000, 0.5000, 0.5000, 0.5000, 0.5000, 0.5000, 0.5000,
    0.5000, 0.5000, 0.5000, 0.5000, 0.5000, 0.5000, 0.5000, 0.5000, 0.5000, 0.5000,
    0.5000, 0.5000, 0.5000, 0.5000, 0.5000, 0.5000, 0.5000, 0.5000, 0.5000, 0.5000,
    0.5000, 0.5000, 0.5000, 0.5000, 0.5000, 0.5000, 0.5000, 0.5000, 0.5000, 0.5000,
    0.5000, 0.5000, 0.5000, 0.5000, 0.5000, 0.5000, 0.5000, 0.5000, 0.5000, 0.5000,
    0.5000, 0.5000, 0.5000, 0.5000, 0.5000, 0.5000, 0.5000, 0.5000, 0.5000, 0.5000,
    0.5000, 0.5000, 0.5000, 0.5000, 0.5000, 0.5000, 0.5000, 0.5000, 0.5000, 0.5000,
    0.5000, 0.5000, 0.5000, 0.5000, 0.5000, 0.5000, 0.5000, 0.5000, 0.5000, 0.5000,
    0.5000, 0.5000, 0.5000, 0.5000, 0.5000, 0.5000, 0.5000, 0.5000, 0.5000, 0.5000,
  ]

### strategic/attack_diversity_bonus
  Total points: 100
  Min: 0.0000, Max: 0.0000, Mean: 0.0000
  Data: [
    0.0000, 0.0000, 0.0000, 0.0000, 0.0000, 0.0000, 0.0000, 0.0000, 0.0000, 0.0000,
    0.0000, 0.0000, 0.0000, 0.0000, 0.0000, 0.0000, 0.0000, 0.0000, 0.0000, 0.0000,
    0.0000, 0.0000, 0.0000, 0.0000, 0.0000, 0.0000, 0.0000, 0.0000, 0.0000, 0.0000,
    0.0000, 0.0000, 0.0000, 0.0000, 0.0000, 0.0000, 0.0000, 0.0000, 0.0000, 0.0000,
    0.0000, 0.0000, 0.0000, 0.0000, 0.0000, 0.0000, 0.0000, 0.0000, 0.0000, 0.0000,
    0.0000, 0.0000, 0.0000, 0.0000, 0.0000, 0.0000, 0.0000, 0.0000, 0.0000, 0.0000,
    0.0000, 0.0000, 0.0000, 0.0000, 0.0000, 0.0000, 0.0000, 0.0000, 0.0000, 0.0000,
    0.0000, 0.0000, 0.0000, 0.0000, 0.0000, 0.0000, 0.0000, 0.0000, 0.0000, 0.0000,
    0.0000, 0.0000, 0.0000, 0.0000, 0.0000, 0.0000, 0.0000, 0.0000, 0.0000, 0.0000,
    0.0000, 0.0000, 0.0000, 0.0000, 0.0000, 0.0000, 0.0000, 0.0000, 0.0000, 0.0000,
  ]

### strategic/attack_sides_unique
  Total points: 100
  Min: 0.0000, Max: 0.0000, Mean: 0.0000
  Data: [
    0.0000, 0.0000, 0.0000, 0.0000, 0.0000, 0.0000, 0.0000, 0.0000, 0.0000, 0.0000,
    0.0000, 0.0000, 0.0000, 0.0000, 0.0000, 0.0000, 0.0000, 0.0000, 0.0000, 0.0000,
    0.0000, 0.0000, 0.0000, 0.0000, 0.0000, 0.0000, 0.0000, 0.0000, 0.0000, 0.0000,
    0.0000, 0.0000, 0.0000, 0.0000, 0.0000, 0.0000, 0.0000, 0.0000, 0.0000, 0.0000,
    0.0000, 0.0000, 0.0000, 0.0000, 0.0000, 0.0000, 0.0000, 0.0000, 0.0000, 0.0000,
    0.0000, 0.0000, 0.0000, 0.0000, 0.0000, 0.0000, 0.0000, 0.0000, 0.0000, 0.0000,
    0.0000, 0.0000, 0.0000, 0.0000, 0.0000, 0.0000, 0.0000, 0.0000, 0.0000, 0.0000,
    0.0000, 0.0000, 0.0000, 0.0000, 0.0000, 0.0000, 0.0000, 0.0000, 0.0000, 0.0000,
    0.0000, 0.0000, 0.0000, 0.0000, 0.0000, 0.0000, 0.0000, 0.0000, 0.0000, 0.0000,
    0.0000, 0.0000, 0.0000, 0.0000, 0.0000, 0.0000, 0.0000, 0.0000, 0.0000, 0.0000,
  ]

### strategic/forcing_bonus
  Total points: 100
  Min: 0.0000, Max: 0.0000, Mean: 0.0000
  Data: [
    0.0000, 0.0000, 0.0000, 0.0000, 0.0000, 0.0000, 0.0000, 0.0000, 0.0000, 0.0000,
    0.0000, 0.0000, 0.0000, 0.0000, 0.0000, 0.0000, 0.0000, 0.0000, 0.0000, 0.0000,
    0.0000, 0.0000, 0.0000, 0.0000, 0.0000, 0.0000, 0.0000, 0.0000, 0.0000, 0.0000,
    0.0000, 0.0000, 0.0000, 0.0000, 0.0000, 0.0000, 0.0000, 0.0000, 0.0000, 0.0000,
    0.0000, 0.0000, 0.0000, 0.0000, 0.0000, 0.0000, 0.0000, 0.0000, 0.0000, 0.0000,
    0.0000, 0.0000, 0.0000, 0.0000, 0.0000, 0.0000, 0.0000, 0.0000, 0.0000, 0.0000,
    0.0000, 0.0000, 0.0000, 0.0000, 0.0000, 0.0000, 0.0000, 0.0000, 0.0000, 0.0000,
    0.0000, 0.0000, 0.0000, 0.0000, 0.0000, 0.0000, 0.0000, 0.0000, 0.0000, 0.0000,
    0.0000, 0.0000, 0.0000, 0.0000, 0.0000, 0.0000, 0.0000, 0.0000, 0.0000, 0.0000,
    0.0000, 0.0000, 0.0000, 0.0000, 0.0000, 0.0000, 0.0000, 0.0000, 0.0000, 0.0000,
  ]

### strategic/opponent_avg_movement
  Total points: 100
  Min: 0.0000, Max: 0.0000, Mean: 0.0000
  Data: [
    0.0000, 0.0000, 0.0000, 0.0000, 0.0000, 0.0000, 0.0000, 0.0000, 0.0000, 0.0000,
    0.0000, 0.0000, 0.0000, 0.0000, 0.0000, 0.0000, 0.0000, 0.0000, 0.0000, 0.0000,
    0.0000, 0.0000, 0.0000, 0.0000, 0.0000, 0.0000, 0.0000, 0.0000, 0.0000, 0.0000,
    0.0000, 0.0000, 0.0000, 0.0000, 0.0000, 0.0000, 0.0000, 0.0000, 0.0000, 0.0000,
    0.0000, 0.0000, 0.0000, 0.0000, 0.0000, 0.0000, 0.0000, 0.0000, 0.0000, 0.0000,
    0.0000, 0.0000, 0.0000, 0.0000, 0.0000, 0.0000, 0.0000, 0.0000, 0.0000, 0.0000,
    0.0000, 0.0000, 0.0000, 0.0000, 0.0000, 0.0000, 0.0000, 0.0000, 0.0000, 0.0000,
    0.0000, 0.0000, 0.0000, 0.0000, 0.0000, 0.0000, 0.0000, 0.0000, 0.0000, 0.0000,
    0.0000, 0.0000, 0.0000, 0.0000, 0.0000, 0.0000, 0.0000, 0.0000, 0.0000, 0.0000,
    0.0000, 0.0000, 0.0000, 0.0000, 0.0000, 0.0000, 0.0000, 0.0000, 0.0000, 0.0000,
  ]

### strategic/opponent_total_movement
  Total points: 100
  Min: 0.0000, Max: 0.0000, Mean: 0.0000
  Data: [
    0.0000, 0.0000, 0.0000, 0.0000, 0.0000, 0.0000, 0.0000, 0.0000, 0.0000, 0.0000,
    0.0000, 0.0000, 0.0000, 0.0000, 0.0000, 0.0000, 0.0000, 0.0000, 0.0000, 0.0000,
    0.0000, 0.0000, 0.0000, 0.0000, 0.0000, 0.0000, 0.0000, 0.0000, 0.0000, 0.0000,
    0.0000, 0.0000, 0.0000, 0.0000, 0.0000, 0.0000, 0.0000, 0.0000, 0.0000, 0.0000,
    0.0000, 0.0000, 0.0000, 0.0000, 0.0000, 0.0000, 0.0000, 0.0000, 0.0000, 0.0000,
    0.0000, 0.0000, 0.0000, 0.0000, 0.0000, 0.0000, 0.0000, 0.0000, 0.0000, 0.0000,
    0.0000, 0.0000, 0.0000, 0.0000, 0.0000, 0.0000, 0.0000, 0.0000, 0.0000, 0.0000,
    0.0000, 0.0000, 0.0000, 0.0000, 0.0000, 0.0000, 0.0000, 0.0000, 0.0000, 0.0000,
    0.0000, 0.0000, 0.0000, 0.0000, 0.0000, 0.0000, 0.0000, 0.0000, 0.0000, 0.0000,
    0.0000, 0.0000, 0.0000, 0.0000, 0.0000, 0.0000, 0.0000, 0.0000, 0.0000, 0.0000,
  ]

### strategic/shot_quality_ratio
  Total points: 100
  Min: 0.0000, Max: 0.0000, Mean: 0.0000
  Data: [
    0.0000, 0.0000, 0.0000, 0.0000, 0.0000, 0.0000, 0.0000, 0.0000, 0.0000, 0.0000,
    0.0000, 0.0000, 0.0000, 0.0000, 0.0000, 0.0000, 0.0000, 0.0000, 0.0000, 0.0000,
    0.0000, 0.0000, 0.0000, 0.0000, 0.0000, 0.0000, 0.0000, 0.0000, 0.0000, 0.0000,
    0.0000, 0.0000, 0.0000, 0.0000, 0.0000, 0.0000, 0.0000, 0.0000, 0.0000, 0.0000,
    0.0000, 0.0000, 0.0000, 0.0000, 0.0000, 0.0000, 0.0000, 0.0000, 0.0000, 0.0000,
    0.0000, 0.0000, 0.0000, 0.0000, 0.0000, 0.0000, 0.0000, 0.0000, 0.0000, 0.0000,
    0.0000, 0.0000, 0.0000, 0.0000, 0.0000, 0.0000, 0.0000, 0.0000, 0.0000, 0.0000,
    0.0000, 0.0000, 0.0000, 0.0000, 0.0000, 0.0000, 0.0000, 0.0000, 0.0000, 0.0000,
    0.0000, 0.0000, 0.0000, 0.0000, 0.0000, 0.0000, 0.0000, 0.0000, 0.0000, 0.0000,
    0.0000, 0.0000, 0.0000, 0.0000, 0.0000, 0.0000, 0.0000, 0.0000, 0.0000, 0.0000,
  ]

### strategic/shots_blocked
  Total points: 100
  Min: 0.0000, Max: 0.0000, Mean: 0.0000
  Data: [
    0.0000, 0.0000, 0.0000, 0.0000, 0.0000, 0.0000, 0.0000, 0.0000, 0.0000, 0.0000,
    0.0000, 0.0000, 0.0000, 0.0000, 0.0000, 0.0000, 0.0000, 0.0000, 0.0000, 0.0000,
    0.0000, 0.0000, 0.0000, 0.0000, 0.0000, 0.0000, 0.0000, 0.0000, 0.0000, 0.0000,
    0.0000, 0.0000, 0.0000, 0.0000, 0.0000, 0.0000, 0.0000, 0.0000, 0.0000, 0.0000,
    0.0000, 0.0000, 0.0000, 0.0000, 0.0000, 0.0000, 0.0000, 0.0000, 0.0000, 0.0000,
    0.0000, 0.0000, 0.0000, 0.0000, 0.0000, 0.0000, 0.0000, 0.0000, 0.0000, 0.0000,
    0.0000, 0.0000, 0.0000, 0.0000, 0.0000, 0.0000, 0.0000, 0.0000, 0.0000, 0.0000,
    0.0000, 0.0000, 0.0000, 0.0000, 0.0000, 0.0000, 0.0000, 0.0000, 0.0000, 0.0000,
    0.0000, 0.0000, 0.0000, 0.0000, 0.0000, 0.0000, 0.0000, 0.0000, 0.0000, 0.0000,
    0.0000, 0.0000, 0.0000, 0.0000, 0.0000, 0.0000, 0.0000, 0.0000, 0.0000, 0.0000,
  ]

### strategic/shots_clear
  Total points: 100
  Min: 0.0000, Max: 0.0000, Mean: 0.0000
  Data: [
    0.0000, 0.0000, 0.0000, 0.0000, 0.0000, 0.0000, 0.0000, 0.0000, 0.0000, 0.0000,
    0.0000, 0.0000, 0.0000, 0.0000, 0.0000, 0.0000, 0.0000, 0.0000, 0.0000, 0.0000,
    0.0000, 0.0000, 0.0000, 0.0000, 0.0000, 0.0000, 0.0000, 0.0000, 0.0000, 0.0000,
    0.0000, 0.0000, 0.0000, 0.0000, 0.0000, 0.0000, 0.0000, 0.0000, 0.0000, 0.0000,
    0.0000, 0.0000, 0.0000, 0.0000, 0.0000, 0.0000, 0.0000, 0.0000, 0.0000, 0.0000,
    0.0000, 0.0000, 0.0000, 0.0000, 0.0000, 0.0000, 0.0000, 0.0000, 0.0000, 0.0000,
    0.0000, 0.0000, 0.0000, 0.0000, 0.0000, 0.0000, 0.0000, 0.0000, 0.0000, 0.0000,
    0.0000, 0.0000, 0.0000, 0.0000, 0.0000, 0.0000, 0.0000, 0.0000, 0.0000, 0.0000,
    0.0000, 0.0000, 0.0000, 0.0000, 0.0000, 0.0000, 0.0000, 0.0000, 0.0000, 0.0000,
    0.0000, 0.0000, 0.0000, 0.0000, 0.0000, 0.0000, 0.0000, 0.0000, 0.0000, 0.0000,
  ]

### training/avg_episode_length
  Total points: 100
  Min: 106.2000, Max: 231.2000, Mean: 161.3750
  Data: [
    205.0000, 184.8000, 177.6000, 149.1000, 179.8000, 188.3000, 187.9000, 181.6000, 167.7000, 179.7000,
    196.4000, 183.4000, 174.8000, 188.3000, 171.8000, 165.4000, 179.2000, 218.6000, 185.0000, 150.6000,
    160.1000, 141.4000, 151.8000, 163.5000, 201.0000, 184.2000, 179.7000, 231.2000, 152.6000, 119.7000,
    136.9000, 145.5000, 176.0000, 154.5000, 161.3000, 187.1000, 147.3000, 169.1000, 144.2000, 173.9000,
    162.6000, 156.4000, 154.5000, 151.5000, 142.7000, 133.1000, 175.1000, 189.7000, 174.8000, 171.2000,
    148.8000, 161.6000, 143.2000, 151.0000, 158.7000, 117.4000, 146.5000, 131.4000, 186.1000, 151.8000,
    175.9000, 169.3000, 117.5000, 149.9000, 139.7000, 194.5000, 179.7000, 196.6000, 160.8000, 156.1000,
    148.9000, 168.0000, 179.8000, 125.3000, 139.5000, 178.0000, 117.7000, 144.8000, 154.5000, 176.5000,
    118.7000, 182.5000, 166.6000, 130.2000, 148.4000, 147.3000, 124.8000, 207.7000, 160.6000, 144.9000,
    129.9000, 138.1000, 127.3000, 106.2000, 109.6000, 169.3000, 153.8000, 165.8000, 185.1000, 143.6000,
  ]

### training/calls_per_episode
  Total points: 100
  Min: 0.0000, Max: 0.0000, Mean: 0.0000
  Data: [
    0.0000, 0.0000, 0.0000, 0.0000, 0.0000, 0.0000, 0.0000, 0.0000, 0.0000, 0.0000,
    0.0000, 0.0000, 0.0000, 0.0000, 0.0000, 0.0000, 0.0000, 0.0000, 0.0000, 0.0000,
    0.0000, 0.0000, 0.0000, 0.0000, 0.0000, 0.0000, 0.0000, 0.0000, 0.0000, 0.0000,
    0.0000, 0.0000, 0.0000, 0.0000, 0.0000, 0.0000, 0.0000, 0.0000, 0.0000, 0.0000,
    0.0000, 0.0000, 0.0000, 0.0000, 0.0000, 0.0000, 0.0000, 0.0000, 0.0000, 0.0000,
    0.0000, 0.0000, 0.0000, 0.0000, 0.0000, 0.0000, 0.0000, 0.0000, 0.0000, 0.0000,
    0.0000, 0.0000, 0.0000, 0.0000, 0.0000, 0.0000, 0.0000, 0.0000, 0.0000, 0.0000,
    0.0000, 0.0000, 0.0000, 0.0000, 0.0000, 0.0000, 0.0000, 0.0000, 0.0000, 0.0000,
    0.0000, 0.0000, 0.0000, 0.0000, 0.0000, 0.0000, 0.0000, 0.0000, 0.0000, 0.0000,
    0.0000, 0.0000, 0.0000, 0.0000, 0.0000, 0.0000, 0.0000, 0.0000, 0.0000, 0.0000,
  ]

### training/episode
  Total points: 100
  Min: 10.0000, Max: 8480.0000, Mean: 4223.5000
  Data: [
    10.0000, 20.0000, 60.0000, 80.0000, 90.0000, 100.0000, 110.0000, 120.0000, 150.0000, 170.0000,
    180.0000, 190.0000, 200.0000, 230.0000, 270.0000, 280.0000, 300.0000, 310.0000, 330.0000, 380.0000,
    410.0000, 420.0000, 430.0000, 440.0000, 450.0000, 460.0000, 470.0000, 480.0000, 510.0000, 530.0000,
    540.0000, 570.0000, 590.0000, 600.0000, 630.0000, 650.0000, 660.0000, 670.0000, 680.0000, 720.0000,
    730.0000, 750.0000, 760.0000, 790.0000, 810.0000, 820.0000, 830.0000, 840.0000, 860.0000, 870.0000,
    7550.0000, 7560.0000, 7590.0000, 7600.0000, 7620.0000, 7630.0000, 7640.0000, 7680.0000, 7710.0000, 7730.0000,
    7740.0000, 7750.0000, 7760.0000, 7770.0000, 7790.0000, 7800.0000, 7820.0000, 7850.0000, 7870.0000, 7880.0000,
    7890.0000, 7930.0000, 7950.0000, 7960.0000, 7980.0000, 7990.0000, 8000.0000, 8010.0000, 8020.0000, 8080.0000,
    8090.0000, 8100.0000, 8140.0000, 8150.0000, 8160.0000, 8190.0000, 8200.0000, 8220.0000, 8260.0000, 8290.0000,
    8310.0000, 8320.0000, 8330.0000, 8350.0000, 8360.0000, 8390.0000, 8400.0000, 8440.0000, 8470.0000, 8480.0000,
  ]

### training/eps_per_sec
  Total points: 100
  Min: 0.1756, Max: 11.0266, Mean: 4.5500
  Data: [
    3.9917, 7.3240, 7.6968, 9.0330, 7.5186, 7.0372, 6.7261, 7.1755, 8.1320, 7.4562,
    6.8805, 7.4942, 7.5895, 7.0978, 8.0172, 8.2681, 7.4272, 6.0501, 7.2564, 8.4949,
    7.6167, 9.3289, 8.8067, 8.1155, 6.6216, 7.2821, 7.3507, 5.7680, 0.1756, 11.0266,
    9.7027, 9.2187, 7.6529, 8.7663, 8.3738, 7.2002, 9.1083, 7.9978, 9.2792, 7.9394,
    8.3603, 8.5502, 0.1841, 8.9012, 8.9410, 9.9257, 7.6301, 7.1053, 7.6798, 7.8135,
    1.6200, 1.4838, 1.6912, 1.5990, 1.4894, 2.0263, 1.6630, 1.8380, 1.2921, 1.5898,
    1.3733, 1.4013, 0.1880, 1.5883, 1.7194, 1.2195, 1.3435, 1.2075, 1.4821, 1.5380,
    1.6303, 1.4447, 1.3402, 1.9151, 1.7255, 1.3666, 2.0143, 0.2140, 1.5292, 1.3796,
    2.0195, 1.3140, 1.4525, 1.8416, 1.6218, 1.6594, 1.9040, 1.1565, 0.1801, 1.5987,
    1.8437, 1.7472, 1.9019, 2.2135, 2.1534, 1.4111, 1.5547, 1.4656, 1.2904, 1.6700,
  ]

### training/epsilon
  Total points: 100
  Min: 0.1000, Max: 0.9970, Mean: 0.4882
  Data: [
    0.9970, 0.9940, 0.9822, 0.9763, 0.9734, 0.9704, 0.9675, 0.9646, 0.9560, 0.9503,
    0.9474, 0.9446, 0.9418, 0.9333, 0.9222, 0.9194, 0.9139, 0.9112, 0.9057, 0.8922,
    0.8842, 0.8816, 0.8790, 0.8763, 0.8737, 0.8711, 0.8685, 0.8659, 0.8581, 0.8530,
    0.8504, 0.8428, 0.8378, 0.8352, 0.8278, 0.8228, 0.8203, 0.8179, 0.8154, 0.8057,
    0.8033, 0.7985, 0.7961, 0.7890, 0.7842, 0.7819, 0.7796, 0.7772, 0.7726, 0.7703,
    0.1038, 0.1035, 0.1026, 0.1022, 0.1016, 0.1013, 0.1010, 0.1000, 0.1000, 0.1000,
    0.1000, 0.1000, 0.1000, 0.1000, 0.1000, 0.1000, 0.1000, 0.1000, 0.1000, 0.1000,
    0.1000, 0.1000, 0.1000, 0.1000, 0.1000, 0.1000, 0.1000, 0.1000, 0.1000, 0.1000,
    0.1000, 0.1000, 0.1000, 0.1000, 0.1000, 0.1000, 0.1000, 0.1000, 0.1000, 0.1000,
    0.1000, 0.1000, 0.1000, 0.1000, 0.1000, 0.1000, 0.1000, 0.1000, 0.1000, 0.1000,
  ]

### training/pbrs_enabled
  Total points: 100
  Min: 1.0000, Max: 1.0000, Mean: 1.0000
  Data: [
    1.0000, 1.0000, 1.0000, 1.0000, 1.0000, 1.0000, 1.0000, 1.0000, 1.0000, 1.0000,
    1.0000, 1.0000, 1.0000, 1.0000, 1.0000, 1.0000, 1.0000, 1.0000, 1.0000, 1.0000,
    1.0000, 1.0000, 1.0000, 1.0000, 1.0000, 1.0000, 1.0000, 1.0000, 1.0000, 1.0000,
    1.0000, 1.0000, 1.0000, 1.0000, 1.0000, 1.0000, 1.0000, 1.0000, 1.0000, 1.0000,
    1.0000, 1.0000, 1.0000, 1.0000, 1.0000, 1.0000, 1.0000, 1.0000, 1.0000, 1.0000,
    1.0000, 1.0000, 1.0000, 1.0000, 1.0000, 1.0000, 1.0000, 1.0000, 1.0000, 1.0000,
    1.0000, 1.0000, 1.0000, 1.0000, 1.0000, 1.0000, 1.0000, 1.0000, 1.0000, 1.0000,
    1.0000, 1.0000, 1.0000, 1.0000, 1.0000, 1.0000, 1.0000, 1.0000, 1.0000, 1.0000,
    1.0000, 1.0000, 1.0000, 1.0000, 1.0000, 1.0000, 1.0000, 1.0000, 1.0000, 1.0000,
    1.0000, 1.0000, 1.0000, 1.0000, 1.0000, 1.0000, 1.0000, 1.0000, 1.0000, 1.0000,
  ]

### training/tie_penalty
  Total points: 100
  Min: -3.0000, Max: 0.0000, Mean: -0.6900
  Data: [
    0.0000, 0.0000, 0.0000, 0.0000, 0.0000, 0.0000, -3.0000, 0.0000, 0.0000, 0.0000,
    0.0000, 0.0000, 0.0000, 0.0000, -3.0000, 0.0000, 0.0000, -3.0000, 0.0000, 0.0000,
    0.0000, 0.0000, 0.0000, 0.0000, -3.0000, 0.0000, 0.0000, -3.0000, 0.0000, 0.0000,
    0.0000, 0.0000, 0.0000, 0.0000, 0.0000, -3.0000, 0.0000, 0.0000, -3.0000, 0.0000,
    0.0000, 0.0000, 0.0000, 0.0000, 0.0000, 0.0000, 0.0000, 0.0000, 0.0000, 0.0000,
    -3.0000, 0.0000, 0.0000, 0.0000, -3.0000, 0.0000, 0.0000, -3.0000, 0.0000, -3.0000,
    0.0000, 0.0000, 0.0000, 0.0000, -3.0000, -3.0000, 0.0000, -3.0000, 0.0000, -3.0000,
    0.0000, 0.0000, -3.0000, 0.0000, 0.0000, -3.0000, 0.0000, -3.0000, 0.0000, 0.0000,
    0.0000, 0.0000, 0.0000, 0.0000, 0.0000, 0.0000, 0.0000, -3.0000, -3.0000, 0.0000,
    -3.0000, 0.0000, 0.0000, 0.0000, 0.0000, -3.0000, 0.0000, 0.0000, 0.0000, -3.0000,
  ]

### values/Q_avg
  Total points: 49
  Min: -0.2997, Max: 4.9492, Mean: 0.4664
  Data: [
    4.9292, 4.9356, 4.9492, 4.9235, 3.0643, 1.5365, 0.9896, 0.5121, 0.4596, 0.2669,
    0.2355, 0.1089, 0.0886, 0.0444, -0.0975, -0.0112, -0.1938, -0.1532, -0.1461, -0.1562,
    -0.1395, -0.2518, -0.1443, -0.1559, -0.1098, -0.1165, -0.0704, 0.0438, 0.0142, -0.0057,
    -0.0860, -0.1593, -0.1914, 0.0171, -0.1334, -0.1570, 0.0609, -0.1844, 0.0019, -0.1105,
    -0.1177, -0.1365, -0.2997, -0.1851, -0.1271, -0.1780, -0.1951, -0.1884, -0.1257,
  ]

### values/Q_max
  Total points: 49
  Min: 0.5766, Max: 5.1891, Mean: 1.9898
  Data: [
    5.1322, 5.1569, 5.1845, 5.1891, 3.4060, 2.2740, 1.7784, 1.2385, 1.1990, 1.5378,
    0.9048, 1.3383, 1.0019, 1.4381, 0.6172, 0.9413, 0.6820, 1.3021, 0.5766, 0.6477,
    0.8591, 0.8981, 2.2203, 1.4050, 2.8266, 1.5400, 2.5727, 2.7340, 1.1759, 1.9930,
    2.2996, 1.2509, 1.7842, 1.8770, 2.0020, 1.7263, 1.6605, 1.3343, 2.2140, 2.5688,
    1.6719, 1.6373, 1.9393, 2.4889, 2.5090, 1.3138, 2.5694, 2.8858, 1.9981,
  ]

### values/Q_min
  Total points: 49
  Min: -3.2584, Max: 4.6622, Mean: -1.7473
  Data: [
    4.5964, 4.6147, 4.6502, 4.6622, 2.6872, -1.6026, -0.3337, -2.2457, -2.3038, -3.1004,
    -0.5696, -2.5013, -3.2584, -2.8738, -2.5827, -1.0762, -3.1478, -2.8869, -2.9791, -2.5273,
    -2.3018, -3.1879, -2.9664, -3.2158, -2.7821, -1.9173, -2.3825, -1.8663, -2.6641, -2.4387,
    -3.0044, -2.8369, -3.0415, -2.6354, -2.3005, -2.6274, -2.4014, -3.1227, -2.8327, -2.1077,
    -2.4333, -1.6677, -2.9081, -1.8661, -2.7051, -1.8791, -2.1211, -3.0099, -1.6143,
  ]

### values/Q_std
  Total points: 49
  Min: 0.0972, Max: 0.9138, Mean: 0.5781
  Data: [
    0.1103, 0.0972, 0.0986, 0.1040, 0.1288, 0.4940, 0.3426, 0.4565, 0.4636, 0.6905,
    0.3244, 0.5450, 0.5622, 0.5994, 0.5228, 0.3795, 0.5537, 0.6191, 0.4876, 0.4701,
    0.4868, 0.7268, 0.6094, 0.6686, 0.7370, 0.5350, 0.6268, 0.5481, 0.5699, 0.5829,
    0.7075, 0.6479, 0.8386, 0.6588, 0.6993, 0.6866, 0.7388, 0.7548, 0.7690, 0.8672,
    0.8051, 0.6022, 0.8249, 0.7929, 0.7775, 0.5644, 0.8390, 0.9138, 0.6995,
  ]
