================================================================================
W&B RUN DATA: DreamerV3-finetune-seed43_weak_seed43_20260122_222406
================================================================================

## RUN METADATA
Run ID: lslm0074
Created: 2026-01-22T21:24:07Z
State: running
Duration: 48863.238833682 seconds

## CONFIGURATION
  [Environment]
    opponent: weak
  [Training]
    batch_size: 32
    batch_length: 32
    imagination_horizon: 15
    discount: 0.997
  [Entropy]
    entropy_scale: 0.0005
  [Self-Play]
    self_play_pool_size: 10
    self_play_save_interval: 500
    self_play_weak_ratio: 0.3
    use_pfsp: False
    pfsp_mode: variance
  [Architecture]
    recurrent_size: 256
    latent_length: 16
    latent_classes: 16
  [Meta]
    seed: 43
    algorithm: DreamerV3

## FINAL SUMMARY
  runtime: 13.57 hours (48863 seconds)

## NOTE: Data reduced (fraction=0.1, max_points=200)

## METRICS DATA

### STATS
#### buffer_size
  Points: 34
  Min: 1271.0000, Max: 250000.0000, Mean: 213128.9412
  Data: [
    1271.0000, 28080.0000, 57474.0000, 81523.0000, 110749.0000, 143749.0000, 166580.0000, 198555.0000, 216297.0000, 242106.0000,
    250000.0000, 250000.0000, 250000.0000, 250000.0000, 250000.0000, 250000.0000, 250000.0000, 250000.0000, 250000.0000, 250000.0000,
    250000.0000, 250000.0000, 250000.0000, 250000.0000, 250000.0000, 250000.0000, 250000.0000, 250000.0000, 250000.0000, 250000.0000,
    250000.0000, 250000.0000, 250000.0000, 250000.0000,
  ]

#### draws
  Points: 34
  Min: 0.0000, Max: 1404.0000, Mean: 718.9118
  Data: [
    0.0000, 40.0000, 77.0000, 108.0000, 161.0000, 218.0000, 257.0000, 318.0000, 346.0000, 383.0000,
    458.0000, 509.0000, 562.0000, 604.0000, 647.0000, 683.0000, 731.0000, 773.0000, 815.0000, 848.0000,
    877.0000, 922.0000, 970.0000, 1009.0000, 1027.0000, 1076.0000, 1110.0000, 1154.0000, 1183.0000, 1220.0000,
    1269.0000, 1318.0000, 1366.0000, 1404.0000,
  ]

#### env_steps
  Points: 34
  Min: 482108.0000, Max: 1349903.0000, Mean: 925138.5294
  Data: [
    482108.0000, 508917.0000, 538311.0000, 562360.0000, 591586.0000, 624586.0000, 647417.0000, 679392.0000, 697134.0000, 722943.0000,
    764909.0000, 791755.0000, 821908.0000, 847082.0000, 867861.0000, 889505.0000, 918202.0000, 945893.0000, 968987.0000, 996979.0000,
    1013331.0000, 1044836.0000, 1072308.0000, 1099695.0000, 1116357.0000, 1149131.0000, 1172933.0000, 1199995.0000, 1222230.0000, 1243779.0000,
    1272724.0000, 1302295.0000, 1327358.0000, 1349903.0000,
  ]

#### episodes
  Points: 34
  Min: 3959.0000, Max: 10739.0000, Mean: 7365.7647
  Data: [
    3959.0000, 4159.0000, 4389.0000, 4579.0000, 4809.0000, 5069.0000, 5249.0000, 5479.0000, 5619.0000, 5829.0000,
    6119.0000, 6319.0000, 6539.0000, 6719.0000, 6869.0000, 7039.0000, 7249.0000, 7459.0000, 7639.0000, 7859.0000,
    7989.0000, 8249.0000, 8459.0000, 8679.0000, 8839.0000, 9109.0000, 9289.0000, 9499.0000, 9709.0000, 9889.0000,
    10129.0000, 10359.0000, 10549.0000, 10739.0000,
  ]

#### gradient_steps
  Points: 34
  Min: 120016.0000, Max: 228496.0000, Mean: 174524.2353
  Data: [
    120016.0000, 123216.0000, 126896.0000, 129936.0000, 133616.0000, 137776.0000, 140656.0000, 144336.0000, 146576.0000, 149936.0000,
    154576.0000, 157776.0000, 161296.0000, 164176.0000, 166576.0000, 169296.0000, 172656.0000, 176016.0000, 178896.0000, 182416.0000,
    184496.0000, 188656.0000, 192016.0000, 195536.0000, 198096.0000, 202416.0000, 205296.0000, 208656.0000, 212016.0000, 214896.0000,
    218736.0000, 222416.0000, 225456.0000, 228496.0000,
  ]

#### losses
  Points: 34
  Min: 0.0000, Max: 1873.0000, Mean: 897.1765
  Data: [
    0.0000, 55.0000, 115.0000, 162.0000, 222.0000, 290.0000, 334.0000, 388.0000, 425.0000, 482.0000,
    569.0000, 619.0000, 666.0000, 707.0000, 739.0000, 783.0000, 835.0000, 894.0000, 936.0000, 1003.0000,
    1048.0000, 1128.0000, 1172.0000, 1243.0000, 1293.0000, 1358.0000, 1408.0000, 1458.0000, 1527.0000, 1584.0000,
    1657.0000, 1737.0000, 1794.0000, 1873.0000,
  ]

#### mean_reward
  Points: 34
  Min: -3.1686, Max: 9.9072, Mean: 0.9661
  Data: [
    9.9072, 1.1023, 3.1440, 2.1970, 1.6497, 1.0920, 1.3559, 0.9329, 1.1509, 0.2871,
    -1.4341, 0.7797, 0.4918, 2.1419, 2.0217, 0.6687, 1.5395, 0.6053, 1.0546, -0.2897,
    -0.9299, -0.0571, 1.8470, -0.2727, 1.1623, 2.4415, 0.6013, 1.3342, -0.4783, -0.8134,
    0.2745, 0.3178, 0.1909, -3.1686,
  ]

#### win_rate
  Points: 34
  Min: 0.3300, Max: 1.0000, Mean: 0.5188
  Data: [
    1.0000, 0.5300, 0.6400, 0.6000, 0.5000, 0.5200, 0.5600, 0.5000, 0.5300, 0.5100,
    0.3700, 0.4800, 0.4800, 0.5400, 0.5400, 0.5000, 0.5200, 0.5200, 0.4900, 0.4700,
    0.4300, 0.4900, 0.5400, 0.4800, 0.5600, 0.5700, 0.5200, 0.5200, 0.4800, 0.4700,
    0.4900, 0.5100, 0.4500, 0.3300,
  ]

#### wins
  Points: 34
  Min: 1.0000, Max: 3504.0000, Mean: 1791.6765
  Data: [
    1.0000, 106.0000, 239.0000, 351.0000, 468.0000, 603.0000, 700.0000, 815.0000, 890.0000, 1006.0000,
    1134.0000, 1233.0000, 1353.0000, 1450.0000, 1525.0000, 1615.0000, 1725.0000, 1834.0000, 1930.0000, 2050.0000,
    2106.0000, 2241.0000, 2359.0000, 2469.0000, 2561.0000, 2717.0000, 2813.0000, 2929.0000, 3041.0000, 3127.0000,
    3245.0000, 3346.0000, 3431.0000, 3504.0000,
  ]


### EPISODE
#### draw_rate_100
  Points: 34
  Min: 0.0000, Max: 0.0100, Mean: 0.0009
  Data: [
    0.0000, 0.0000, 0.0000, 0.0000, 0.0000, 0.0100, 0.0000, 0.0000, 0.0000, 0.0100,
    0.0000, 0.0000, 0.0000, 0.0000, 0.0000, 0.0000, 0.0000, 0.0000, 0.0000, 0.0000,
    0.0000, 0.0100, 0.0000, 0.0000, 0.0000, 0.0000, 0.0000, 0.0000, 0.0000, 0.0000,
    0.0000, 0.0000, 0.0000, 0.0000,
  ]

#### length_max
  Points: 34
  Min: 72.0000, Max: 251.0000, Mean: 245.7353
  Data: [
    72.0000, 251.0000, 251.0000, 251.0000, 251.0000, 251.0000, 251.0000, 251.0000, 251.0000, 251.0000,
    251.0000, 251.0000, 251.0000, 251.0000, 251.0000, 251.0000, 251.0000, 251.0000, 251.0000, 251.0000,
    251.0000, 251.0000, 251.0000, 251.0000, 251.0000, 251.0000, 251.0000, 251.0000, 251.0000, 251.0000,
    251.0000, 251.0000, 251.0000, 251.0000,
  ]

#### length_mean
  Points: 34
  Min: 72.0000, Max: 149.1900, Mean: 126.2029
  Data: [
    72.0000, 130.4100, 133.6100, 121.7300, 135.3500, 125.2900, 124.3400, 140.9100, 122.6800, 115.7100,
    149.1900, 142.3600, 131.2500, 143.8900, 126.8400, 128.2500, 145.0600, 127.1900, 135.1300, 130.0500,
    123.4400, 118.6300, 137.1400, 131.8000, 100.7700, 127.6400, 130.5700, 130.2600, 107.7100, 113.6600,
    116.8200, 122.5100, 133.9400, 114.7700,
  ]

#### length_min
  Points: 34
  Min: 13.0000, Max: 72.0000, Mean: 23.7647
  Data: [
    72.0000, 24.0000, 25.0000, 24.0000, 24.0000, 24.0000, 23.0000, 24.0000, 24.0000, 23.0000,
    22.0000, 23.0000, 21.0000, 24.0000, 22.0000, 22.0000, 23.0000, 24.0000, 23.0000, 13.0000,
    18.0000, 19.0000, 22.0000, 23.0000, 22.0000, 21.0000, 22.0000, 25.0000, 23.0000, 19.0000,
    21.0000, 21.0000, 24.0000, 24.0000,
  ]

#### length_std
  Points: 34
  Min: 0.0000, Max: 89.3785, Mean: 80.0123
  Data: [
    0.0000, 79.7454, 78.8492, 77.3968, 87.5483, 85.1302, 78.7729, 81.5164, 84.0882, 78.0801,
    84.5626, 84.7462, 82.6078, 87.0859, 87.5656, 85.6632, 86.9052, 84.3841, 87.0288, 76.7980,
    85.1895, 82.1208, 83.6549, 78.3551, 74.6090, 85.8541, 75.5820, 80.9338, 80.3419, 79.4466,
    82.7928, 82.3328, 89.3785, 81.3503,
  ]

#### reward_mean
  Points: 34
  Min: -3.1686, Max: 9.9072, Mean: 0.9661
  Data: [
    9.9072, 1.1023, 3.1440, 2.1970, 1.6497, 1.0920, 1.3559, 0.9329, 1.1509, 0.2871,
    -1.4341, 0.7797, 0.4918, 2.1419, 2.0217, 0.6687, 1.5395, 0.6053, 1.0546, -0.2897,
    -0.9299, -0.0571, 1.8470, -0.2727, 1.1623, 2.4415, 0.6013, 1.3342, -0.4783, -0.8134,
    0.2745, 0.3178, 0.1909, -3.1686,
  ]

#### reward_std
  Points: 34
  Min: 0.0000, Max: 9.8552, Mean: 8.8153
  Data: [
    0.0000, 8.9089, 8.5538, 9.0765, 8.4476, 9.0769, 9.2435, 8.8034, 9.2941, 9.6088,
    8.9175, 8.9306, 9.1647, 8.0892, 8.4014, 9.2387, 8.6040, 9.3163, 8.7565, 9.5249,
    9.5501, 9.4943, 8.7005, 9.5387, 9.7038, 8.5554, 9.2462, 8.6803, 9.7160, 9.8552,
    9.1320, 9.3109, 8.9403, 9.3394,
  ]

#### win_rate_100
  Points: 34
  Min: 0.3300, Max: 1.0000, Mean: 0.5188
  Data: [
    1.0000, 0.5300, 0.6400, 0.6000, 0.5000, 0.5200, 0.5600, 0.5000, 0.5300, 0.5100,
    0.3700, 0.4800, 0.4800, 0.5400, 0.5400, 0.5000, 0.5200, 0.5200, 0.4900, 0.4700,
    0.4300, 0.4900, 0.5400, 0.4800, 0.5600, 0.5700, 0.5200, 0.5200, 0.4800, 0.4700,
    0.4900, 0.5100, 0.4500, 0.3300,
  ]


### TIME
#### elapsed_hours
  Points: 34
  Min: 0.0018, Max: 13.5393, Mean: 6.8031
  Data: [
    0.0018, 0.4065, 0.8736, 1.2661, 1.7426, 2.2504, 2.6009, 3.0480, 3.3321, 3.7457,
    4.3447, 4.7580, 5.2141, 5.5754, 5.8696, 6.2020, 6.6006, 7.0172, 7.3644, 7.7906,
    8.0442, 8.5496, 8.9626, 9.3843, 9.7082, 10.2332, 10.5806, 10.9898, 11.4111, 11.7760,
    12.2550, 12.7388, 13.1281, 13.5393,
  ]

#### episodes_per_hour
  Points: 34
  Min: 793.1715, Max: 2160443.9396, Mean: 65158.5401
  Data: [
    2160443.9396, 10230.7679, 5023.9287, 3616.6107, 2759.7453, 2252.4871, 2018.1216, 1797.5681, 1686.3391, 1556.1661,
    1408.3731, 1328.0705, 1254.0962, 1205.1186, 1170.2636, 1134.9567, 1098.2356, 1062.9635, 1037.2873, 1008.7789,
    993.1414, 964.8427, 943.8160, 924.8429, 910.4720, 890.1381, 877.9290, 864.3488, 850.8401, 839.7580,
    826.5211, 813.1821, 803.5416, 793.1715,
  ]

#### gradient_steps_per_second
  Points: 34
  Min: 4.6879, Max: 18192.5739, Mean: 546.7595
  Data: [
    18192.5739, 84.1945, 40.3481, 28.5074, 21.2995, 17.0063, 15.0220, 13.1540, 12.2193, 11.1190,
    9.8827, 9.2111, 8.5929, 8.1796, 7.8832, 7.5825, 7.2660, 6.9677, 6.7478, 6.5041,
    6.3709, 6.1295, 5.9512, 5.7879, 5.6681, 5.4945, 5.3897, 5.2740, 5.1611, 5.0691,
    4.9580, 4.8499, 4.7704, 4.6879,
  ]

#### steps_per_second
  Points: 34
  Min: 27.6951, Max: 73080.1344, Mean: 2205.2330
  Data: [
    73080.1344, 347.7473, 171.1625, 123.3795, 94.3039, 77.0956, 69.1437, 61.9159, 58.1165, 53.6122,
    48.9040, 46.2233, 43.7865, 42.2035, 41.0712, 39.8395, 38.6414, 37.4436, 36.5492, 35.5478,
    34.9919, 33.9470, 33.2342, 32.5513, 31.9421, 31.1928, 30.7936, 30.3311, 29.7525, 29.3388,
    28.8482, 28.3973, 28.0855, 27.6951,
  ]


### EVAL
#### combined_win_rate
  Points: 15
  Min: 0.2000, Max: 0.4500, Mean: 0.3500
  Data: [
    0.3500, 0.4000, 0.3500, 0.2500, 0.4000, 0.4000, 0.4000, 0.4500, 0.3500, 0.4000,
    0.3500, 0.3500, 0.3000, 0.2000, 0.3000,
  ]

#### gif_strong
  Points: 15
  Error: float() argument must be a string or a real number, not 'dict'

#### gif_weak
  Points: 15
  Error: float() argument must be a string or a real number, not 'dict'

#### strong_draws
  Points: 15
  Min: 1.0000, Max: 5.0000, Mean: 3.3333
  Data: [
    2.0000, 3.0000, 4.0000, 3.0000, 3.0000, 1.0000, 4.0000, 3.0000, 4.0000, 4.0000,
    4.0000, 2.0000, 3.0000, 5.0000, 5.0000,
  ]

#### strong_losses
  Points: 15
  Min: 3.0000, Max: 6.0000, Mean: 4.2000
  Data: [
    6.0000, 6.0000, 4.0000, 4.0000, 3.0000, 6.0000, 4.0000, 4.0000, 4.0000, 3.0000,
    4.0000, 4.0000, 4.0000, 4.0000, 3.0000,
  ]

#### strong_mean_reward
  Points: 15
  Min: -9.1244, Max: -1.8926, Mean: -5.1495
  Data: [
    -7.4304, -9.1244, -6.3426, -4.4360, -1.8926, -5.3439, -5.1579, -4.4960, -5.2216, -2.4140,
    -4.9409, -3.5921, -4.6120, -6.7786, -5.4595,
  ]

#### strong_win_rate
  Points: 15
  Min: 0.1000, Max: 0.4000, Mean: 0.2467
  Data: [
    0.2000, 0.1000, 0.2000, 0.3000, 0.4000, 0.3000, 0.2000, 0.3000, 0.2000, 0.3000,
    0.2000, 0.4000, 0.3000, 0.1000, 0.2000,
  ]

#### strong_wins
  Points: 15
  Min: 1.0000, Max: 4.0000, Mean: 2.4667
  Data: [
    2.0000, 1.0000, 2.0000, 3.0000, 4.0000, 3.0000, 2.0000, 3.0000, 2.0000, 3.0000,
    2.0000, 4.0000, 3.0000, 1.0000, 2.0000,
  ]

#### weak_draws
  Points: 15
  Min: 1.0000, Max: 5.0000, Mean: 2.2000
  Data: [
    2.0000, 1.0000, 3.0000, 5.0000, 2.0000, 2.0000, 1.0000, 2.0000, 3.0000, 2.0000,
    1.0000, 2.0000, 2.0000, 2.0000, 3.0000,
  ]

#### weak_losses
  Points: 15
  Min: 2.0000, Max: 5.0000, Mean: 3.2667
  Data: [
    3.0000, 2.0000, 2.0000, 3.0000, 4.0000, 3.0000, 3.0000, 2.0000, 2.0000, 3.0000,
    4.0000, 5.0000, 5.0000, 5.0000, 3.0000,
  ]

#### weak_mean_reward
  Points: 15
  Min: -4.7881, Max: 3.7732, Mean: -0.4872
  Data: [
    0.2577, 3.7732, 1.5916, -3.4457, -2.0304, 0.7524, 1.0133, 2.9397, 1.7356, 0.6583,
    -0.4590, -4.7881, -3.4448, -4.5128, -1.3497,
  ]

#### weak_win_rate
  Points: 15
  Min: 0.2000, Max: 0.7000, Mean: 0.4533
  Data: [
    0.5000, 0.7000, 0.5000, 0.2000, 0.4000, 0.5000, 0.6000, 0.6000, 0.5000, 0.5000,
    0.5000, 0.3000, 0.3000, 0.3000, 0.4000,
  ]

#### weak_wins
  Points: 15
  Min: 2.0000, Max: 7.0000, Mean: 4.5333
  Data: [
    5.0000, 7.0000, 5.0000, 2.0000, 4.0000, 5.0000, 6.0000, 6.0000, 5.0000, 5.0000,
    5.0000, 3.0000, 3.0000, 3.0000, 4.0000,
  ]


### WORLD
#### continue_actual_mean
  Points: 34
  Min: 0.9869, Max: 0.9980, Mean: 0.9926
  Data: [
    0.9980, 0.9879, 0.9929, 0.9909, 0.9980, 0.9869, 0.9889, 0.9950, 0.9909, 0.9899,
    0.9919, 0.9940, 0.9929, 0.9899, 0.9899, 0.9889, 0.9950, 0.9950, 0.9899, 0.9940,
    0.9929, 0.9940, 0.9929, 0.9929, 0.9970, 0.9940, 0.9950, 0.9889, 0.9929, 0.9950,
    0.9929, 0.9889, 0.9970, 0.9919,
  ]

#### continue_loss
  Points: 34
  Min: 0.0005, Max: 0.0144, Mean: 0.0039
  Data: [
    0.0010, 0.0037, 0.0022, 0.0005, 0.0006, 0.0030, 0.0025, 0.0012, 0.0077, 0.0014,
    0.0099, 0.0052, 0.0023, 0.0021, 0.0050, 0.0144, 0.0066, 0.0091, 0.0012, 0.0005,
    0.0015, 0.0124, 0.0040, 0.0036, 0.0006, 0.0015, 0.0016, 0.0010, 0.0048, 0.0018,
    0.0019, 0.0093, 0.0057, 0.0018,
  ]

#### continue_pred_mean
  Points: 34
  Min: 0.9867, Max: 0.9974, Mean: 0.9923
  Data: [
    0.9972, 0.9867, 0.9932, 0.9908, 0.9974, 0.9867, 0.9900, 0.9946, 0.9910, 0.9898,
    0.9915, 0.9952, 0.9920, 0.9897, 0.9899, 0.9902, 0.9950, 0.9950, 0.9895, 0.9935,
    0.9936, 0.9913, 0.9939, 0.9930, 0.9965, 0.9934, 0.9948, 0.9883, 0.9937, 0.9937,
    0.9918, 0.9872, 0.9970, 0.9916,
  ]

#### kl_loss
  Points: 34
  Min: 2.4407, Max: 3.3747, Mean: 2.9298
  Data: [
    2.4407, 2.6075, 2.6184, 2.8053, 2.9348, 3.0187, 3.2856, 2.6705, 2.7954, 2.8307,
    2.9630, 3.0910, 2.9430, 2.8515, 3.0212, 3.0511, 3.0047, 2.9129, 2.9840, 2.9454,
    2.9641, 3.0149, 3.0721, 3.2554, 2.7390, 2.9550, 3.3747, 2.9469, 2.8389, 3.0479,
    2.8837, 2.9720, 2.9128, 2.8601,
  ]

#### latent_entropy
  Points: 34
  Min: 1.4231, Max: 1.4982, Mean: 1.4562
  Data: [
    1.4838, 1.4269, 1.4231, 1.4355, 1.4467, 1.4415, 1.4311, 1.4841, 1.4375, 1.4449,
    1.4642, 1.4787, 1.4812, 1.4766, 1.4548, 1.4570, 1.4555, 1.4621, 1.4323, 1.4513,
    1.4461, 1.4403, 1.4482, 1.4479, 1.4455, 1.4591, 1.4604, 1.4437, 1.4560, 1.4809,
    1.4656, 1.4798, 1.4982, 1.4712,
  ]

#### loss
  Points: 34
  Min: 19.4435, Max: 20.5094, Mean: 20.0040
  Data: [
    19.4435, 19.7022, 19.7891, 19.8101, 19.9134, 20.1005, 20.4150, 19.7210, 19.8682, 19.9039,
    20.0853, 20.1615, 19.9470, 19.9429, 20.1409, 20.1309, 19.9940, 19.9207, 20.0448, 19.9718,
    20.0693, 20.4048, 20.1135, 20.5094, 19.7361, 20.0104, 20.4348, 20.0209, 19.9073, 20.0634,
    19.9305, 20.1840, 19.8358, 19.9092,
  ]

#### prior_posterior_kl
  Points: 34
  Min: 0.1999, Max: 0.2533, Mean: 0.2275
  Data: [
    0.1999, 0.2089, 0.2094, 0.2209, 0.2281, 0.2326, 0.2482, 0.2127, 0.2192, 0.2217,
    0.2289, 0.2373, 0.2285, 0.2229, 0.2324, 0.2349, 0.2319, 0.2267, 0.2305, 0.2286,
    0.2298, 0.2319, 0.2354, 0.2464, 0.2167, 0.2293, 0.2533, 0.2288, 0.2222, 0.2340,
    0.2248, 0.2299, 0.2263, 0.2238,
  ]

#### recon_error_max
  Points: 34
  Min: 0.2697, Max: 2.3207, Mean: 0.7104
  Data: [
    0.5935, 0.3654, 0.5409, 0.3729, 0.7322, 0.8096, 0.5912, 0.8003, 0.6750, 2.3207,
    1.6632, 1.0410, 0.8651, 0.7929, 0.6714, 0.3726, 0.6596, 0.4611, 0.3758, 0.5949,
    1.0785, 0.8637, 0.7183, 0.6096, 0.6572, 0.4780, 0.7429, 0.3315, 0.3462, 0.5147,
    0.2697, 1.4582, 0.3379, 0.4484,
  ]

#### recon_error_mean
  Points: 34
  Min: 0.0207, Max: 0.0274, Mean: 0.0235
  Data: [
    0.0225, 0.0227, 0.0233, 0.0226, 0.0256, 0.0243, 0.0243, 0.0241, 0.0217, 0.0248,
    0.0242, 0.0274, 0.0253, 0.0236, 0.0238, 0.0243, 0.0251, 0.0239, 0.0237, 0.0236,
    0.0250, 0.0234, 0.0239, 0.0249, 0.0216, 0.0231, 0.0248, 0.0207, 0.0207, 0.0208,
    0.0214, 0.0232, 0.0231, 0.0207,
  ]

#### recon_error_std
  Points: 34
  Min: 0.0258, Max: 0.0832, Mean: 0.0407
  Data: [
    0.0337, 0.0303, 0.0391, 0.0301, 0.0442, 0.0436, 0.0397, 0.0399, 0.0343, 0.0832,
    0.0614, 0.0476, 0.0519, 0.0388, 0.0409, 0.0351, 0.0446, 0.0356, 0.0379, 0.0372,
    0.0498, 0.0408, 0.0427, 0.0414, 0.0417, 0.0361, 0.0430, 0.0270, 0.0330, 0.0312,
    0.0258, 0.0557, 0.0320, 0.0336,
  ]

#### recon_loss
  Points: 34
  Min: 16.7269, Max: 16.7878, Mean: 16.7522
  Data: [
    16.7437, 16.7454, 16.7509, 16.7442, 16.7714, 16.7597, 16.7592, 16.7577, 16.7360, 16.7638,
    16.7587, 16.7878, 16.7682, 16.7532, 16.7555, 16.7600, 16.7667, 16.7559, 16.7539, 16.7534,
    16.7658, 16.7513, 16.7557, 16.7651, 16.7352, 16.7491, 16.7639, 16.7273, 16.7269, 16.7285,
    16.7333, 16.7498, 16.7485, 16.7275,
  ]

#### reward_actual_mean
  Points: 34
  Min: -0.0378, Max: 0.0177, Mean: 0.0005
  Data: [
    -0.0196, 0.0020, 0.0125, 0.0153, 0.0022, 0.0169, -0.0139, -0.0105, 0.0118, 0.0169,
    -0.0009, 0.0009, 0.0087, -0.0029, 0.0106, 0.0119, 0.0035, 0.0138, -0.0080, 0.0086,
    -0.0185, -0.0036, -0.0157, -0.0378, -0.0114, 0.0055, -0.0086, 0.0079, 0.0170, -0.0103,
    0.0136, 0.0177, -0.0028, -0.0150,
  ]

#### reward_loss
  Points: 34
  Min: 0.1507, Max: 0.6066, Mean: 0.2959
  Data: [
    0.2362, 0.3252, 0.3932, 0.2410, 0.1865, 0.2906, 0.3467, 0.2702, 0.3078, 0.2860,
    0.3299, 0.2435, 0.2094, 0.3178, 0.3410, 0.2798, 0.1928, 0.2209, 0.2837, 0.2529,
    0.3151, 0.6066, 0.2644, 0.4532, 0.2427, 0.2854, 0.2664, 0.3201, 0.3194, 0.2612,
    0.2926, 0.4283, 0.1507, 0.2982,
  ]

#### reward_pred_error_mean
  Points: 34
  Min: 0.0041, Max: 0.0171, Mean: 0.0098
  Data: [
    0.0041, 0.0097, 0.0094, 0.0097, 0.0072, 0.0109, 0.0171, 0.0083, 0.0122, 0.0132,
    0.0108, 0.0071, 0.0065, 0.0163, 0.0141, 0.0093, 0.0116, 0.0060, 0.0111, 0.0082,
    0.0086, 0.0134, 0.0056, 0.0138, 0.0048, 0.0080, 0.0120, 0.0170, 0.0053, 0.0076,
    0.0080, 0.0141, 0.0049, 0.0074,
  ]

#### reward_pred_error_std
  Points: 34
  Min: 0.0209, Max: 0.0969, Mean: 0.0614
  Data: [
    0.0209, 0.0586, 0.0641, 0.0758, 0.0573, 0.0599, 0.0928, 0.0561, 0.0743, 0.0798,
    0.0685, 0.0428, 0.0454, 0.0969, 0.0830, 0.0529, 0.0757, 0.0347, 0.0772, 0.0468,
    0.0390, 0.0905, 0.0338, 0.0883, 0.0337, 0.0436, 0.0962, 0.0892, 0.0413, 0.0582,
    0.0408, 0.0798, 0.0451, 0.0455,
  ]

#### reward_pred_mean
  Points: 34
  Min: -0.0423, Max: 0.0250, Mean: 0.0016
  Data: [
    -0.0184, 0.0072, 0.0089, 0.0190, 0.0007, 0.0127, -0.0181, -0.0125, 0.0147, 0.0250,
    0.0053, 0.0028, 0.0121, -0.0020, 0.0087, 0.0128, 0.0064, 0.0146, -0.0017, 0.0086,
    -0.0213, 0.0036, -0.0153, -0.0423, -0.0107, 0.0069, -0.0083, 0.0136, 0.0146, -0.0086,
    0.0164, 0.0176, -0.0051, -0.0127,
  ]


### BEHAVIOR
#### actor_loss
  Points: 34
  Min: -0.5645, Max: 0.3163, Mean: -0.1710
  Data: [
    0.0767, -0.0322, -0.4576, -0.4499, -0.1413, 0.0673, -0.1801, -0.1519, 0.1018, -0.2756,
    -0.4029, -0.5645, -0.0997, 0.3163, 0.1296, -0.0747, 0.0461, -0.0205, -0.5302, -0.4980,
    -0.3326, -0.0766, 0.0164, -0.4611, 0.0738, -0.1238, -0.3318, -0.3900, -0.0668, -0.0761,
    -0.3185, -0.4755, 0.1305, -0.2404,
  ]

#### advantages_abs_mean
  Points: 34
  Min: 0.0385, Max: 0.3316, Mean: 0.0672
  Data: [
    0.3316, 0.1535, 0.0989, 0.0542, 0.0801, 0.0571, 0.0616, 0.0492, 0.0525, 0.0543,
    0.0532, 0.0655, 0.0471, 0.0712, 0.0441, 0.0402, 0.0385, 0.0574, 0.0519, 0.0680,
    0.0561, 0.0548, 0.0501, 0.0757, 0.0515, 0.0505, 0.0466, 0.0667, 0.0534, 0.0511,
    0.0426, 0.0665, 0.0396, 0.0486,
  ]

#### advantages_max
  Points: 34
  Min: 1.0413, Max: 11.1463, Mean: 2.1006
  Data: [
    11.1463, 5.5440, 3.8388, 1.3224, 2.1785, 2.4373, 1.5607, 1.5602, 1.3279, 1.7652,
    1.5475, 2.0194, 1.3447, 1.1577, 1.4528, 1.2960, 1.1383, 1.0413, 1.4256, 1.8431,
    1.4364, 1.6290, 1.6458, 1.5791, 1.3738, 1.5999, 1.5942, 3.1849, 1.9374, 1.4264,
    1.7714, 2.5104, 1.3899, 1.3935,
  ]

#### advantages_mean
  Points: 34
  Min: -0.0086, Max: 0.0153, Mean: 0.0044
  Data: [
    -0.0009, -0.0007, 0.0127, 0.0123, 0.0034, -0.0019, 0.0045, 0.0039, -0.0030, 0.0073,
    0.0107, 0.0153, 0.0023, -0.0086, -0.0037, 0.0018, -0.0016, 0.0003, 0.0138, 0.0130,
    0.0084, 0.0018, -0.0009, 0.0121, -0.0018, 0.0031, 0.0087, 0.0107, 0.0018, 0.0017,
    0.0082, 0.0129, -0.0037, 0.0059,
  ]

#### advantages_min
  Points: 34
  Min: -11.9580, Max: -1.0597, Mean: -2.4667
  Data: [
    -11.9580, -5.7820, -3.9217, -2.1841, -3.3557, -2.4771, -2.1069, -1.4678, -2.0101, -1.7508,
    -2.0188, -2.7302, -2.0941, -2.3665, -1.9499, -1.9947, -1.1454, -2.0717, -1.2008, -1.9728,
    -2.5585, -2.2457, -1.8869, -1.4675, -2.2138, -1.7295, -1.0597, -2.0056, -3.0617, -2.1858,
    -1.2836, -1.9832, -1.4928, -2.1327,
  ]

#### advantages_std
  Points: 34
  Min: 0.0875, Max: 0.7673, Mean: 0.1667
  Data: [
    0.7673, 0.4107, 0.2708, 0.1259, 0.2106, 0.1471, 0.1358, 0.1201, 0.1363, 0.1270,
    0.1260, 0.1377, 0.1163, 0.1735, 0.1125, 0.1132, 0.0875, 0.1246, 0.1149, 0.1676,
    0.1461, 0.1540, 0.1304, 0.1644, 0.1524, 0.1228, 0.1110, 0.1750, 0.1456, 0.1372,
    0.1141, 0.1714, 0.0890, 0.1304,
  ]

#### critic_loss
  Points: 34
  Min: 0.6525, Max: 0.9380, Mean: 0.8016
  Data: [
    0.8134, 0.7418, 0.7120, 0.7996, 0.8245, 0.7590, 0.8394, 0.7914, 0.7695, 0.7318,
    0.8432, 0.7364, 0.8542, 0.9380, 0.8343, 0.7901, 0.6525, 0.9258, 0.7899, 0.8731,
    0.8278, 0.8184, 0.8659, 0.8559, 0.8440, 0.8723, 0.8427, 0.7301, 0.7030, 0.7791,
    0.7347, 0.8589, 0.7633, 0.7400,
  ]

#### entropy_max
  Points: 34
  Min: 13.6757, Max: 13.6758, Mean: 13.6758
  Data: [
    13.6757, 13.6757, 13.6757, 13.6758, 13.6758, 13.6758, 13.6758, 13.6758, 13.6758, 13.6758,
    13.6758, 13.6758, 13.6758, 13.6758, 13.6758, 13.6758, 13.6758, 13.6758, 13.6758, 13.6758,
    13.6758, 13.6758, 13.6758, 13.6758, 13.6758, 13.6758, 13.6758, 13.6758, 13.6758, 13.6758,
    13.6758, 13.6758, 13.6758, 13.6758,
  ]

#### entropy_mean
  Points: 34
  Min: 13.6311, Max: 13.6755, Mean: 13.6686
  Data: [
    13.6522, 13.6311, 13.6417, 13.6631, 13.6679, 13.6690, 13.6653, 13.6714, 13.6722, 13.6566,
    13.6719, 13.6725, 13.6727, 13.6675, 13.6718, 13.6728, 13.6657, 13.6715, 13.6737, 13.6742,
    13.6746, 13.6742, 13.6749, 13.6731, 13.6743, 13.6704, 13.6710, 13.6737, 13.6708, 13.6745,
    13.6729, 13.6738, 13.6755, 13.6734,
  ]

#### entropy_min
  Points: 34
  Min: 10.9024, Max: 13.4669, Mean: 12.4623
  Data: [
    11.0518, 11.4309, 10.9024, 12.2194, 12.4552, 13.0791, 12.4566, 12.5488, 12.4345, 11.5917,
    12.4272, 12.6491, 12.7717, 12.3479, 12.8512, 12.6555, 11.8452, 12.3553, 13.0883, 12.6831,
    13.3566, 12.9402, 13.1461, 12.5584, 12.9652, 12.4166, 11.6179, 13.0080, 12.1850, 12.9262,
    12.2831, 12.6302, 13.4669, 12.3744,
  ]

#### entropy_std
  Points: 34
  Min: 0.0035, Max: 0.1915, Mean: 0.0456
  Data: [
    0.1345, 0.1915, 0.1617, 0.0642, 0.0393, 0.0268, 0.0601, 0.0372, 0.0287, 0.1278,
    0.0386, 0.0288, 0.0291, 0.0554, 0.0307, 0.0260, 0.0845, 0.0391, 0.0138, 0.0182,
    0.0085, 0.0141, 0.0081, 0.0308, 0.0144, 0.0331, 0.0397, 0.0167, 0.0470, 0.0129,
    0.0352, 0.0204, 0.0035, 0.0308,
  ]

#### logprobs_mean
  Points: 34
  Min: 36.0520, Max: 37.6667, Mean: 36.9132
  Data: [
    36.3597, 36.8061, 36.6893, 36.1687, 36.0520, 36.7086, 36.6018, 36.7494, 36.9635, 37.0385,
    36.6025, 36.7280, 36.4973, 36.7293, 36.6661, 36.7854, 36.9984, 37.2532, 37.1782, 37.6548,
    37.6667, 37.4019, 37.2429, 37.2824, 37.2833, 37.1502, 36.6323, 37.0374, 36.8134, 37.1395,
    37.1329, 37.1737, 36.8711, 36.9905,
  ]

#### logprobs_std
  Points: 34
  Min: 5.9438, Max: 6.9873, Mean: 6.4946
  Data: [
    6.8815, 6.5117, 6.5411, 6.9814, 6.9873, 6.7160, 6.8267, 6.6895, 6.4667, 6.3386,
    6.6948, 6.6405, 6.8932, 6.6791, 6.6486, 6.6108, 6.4269, 6.2062, 6.3035, 5.9438,
    6.0084, 6.2706, 6.2507, 6.2479, 6.2932, 6.2567, 6.6484, 6.3856, 6.5290, 6.3672,
    6.3184, 6.3217, 6.5202, 6.4119,
  ]


### VALUES
#### critic_slow_diff
  Points: 34
  Min: 0.0493, Max: 0.3401, Mean: 0.1347
  Data: [
    0.2877, 0.1250, 0.2087, 0.0620, 0.1133, 0.1023, 0.0589, 0.1244, 0.0493, 0.1097,
    0.0579, 0.1234, 0.2040, 0.3401, 0.0536, 0.1058, 0.1907, 0.1721, 0.0777, 0.0954,
    0.1543, 0.0867, 0.2765, 0.1377, 0.0918, 0.1034, 0.1406, 0.1922, 0.1756, 0.1284,
    0.1742, 0.0511, 0.1396, 0.0657,
  ]

#### lambda_returns_max
  Points: 34
  Min: 7.8779, Max: 18.6868, Mean: 9.4273
  Data: [
    9.4615, 9.3858, 9.0150, 10.2069, 9.5130, 8.5023, 9.4424, 9.2652, 8.7778, 9.2536,
    10.2251, 8.4294, 9.9402, 8.5881, 10.9061, 10.6442, 8.4349, 8.4395, 8.4247, 8.1446,
    8.9086, 8.7402, 8.0226, 8.5884, 9.8041, 8.6461, 10.0829, 18.6868, 9.7353, 7.8779,
    9.2816, 9.6494, 8.3206, 9.1824,
  ]

#### lambda_returns_mean
  Points: 34
  Min: 3.8663, Max: 5.0956, Mean: 4.6064
  Data: [
    4.0898, 5.0956, 4.5728, 4.5111, 4.7311, 4.9216, 4.5979, 4.6980, 4.8795, 5.0419,
    4.7991, 4.4021, 4.5079, 4.4353, 4.5984, 4.4008, 4.0471, 4.5017, 4.3277, 4.7269,
    4.8383, 4.5459, 4.7575, 3.8663, 4.6498, 4.6889, 4.4807, 5.0889, 4.9042, 4.5288,
    4.5497, 4.6189, 5.0047, 4.2094,
  ]

#### lambda_returns_min
  Points: 34
  Min: -7.2048, Max: -5.1977, Mean: -5.7706
  Data: [
    -5.2381, -5.6626, -5.7627, -5.3028, -5.5080, -6.0321, -5.5252, -5.7076, -5.3833, -5.1977,
    -6.0743, -5.7435, -5.6836, -5.7822, -6.4332, -5.7687, -5.3179, -5.4221, -6.0467, -5.5154,
    -5.8380, -5.9015, -5.6497, -6.1770, -5.4959, -5.4225, -6.2108, -5.4501, -5.9543, -7.2048,
    -5.7016, -6.0056, -5.9391, -6.1410,
  ]

#### lambda_returns_std
  Points: 34
  Min: 1.0581, Max: 2.1859, Mean: 1.4226
  Data: [
    2.1859, 1.2089, 1.3655, 1.3130, 1.1158, 1.2314, 1.4630, 1.6685, 1.4723, 1.0639,
    1.2107, 1.1469, 1.3376, 1.9637, 1.3277, 1.6549, 1.4284, 1.3793, 1.4596, 1.2511,
    1.4379, 1.4233, 1.2906, 1.9878, 1.4577, 1.3786, 1.5212, 1.3947, 1.4444, 1.4434,
    1.1238, 1.5287, 1.0581, 1.6302,
  ]

#### max
  Points: 34
  Min: 5.7249, Max: 8.1374, Mean: 6.6671
  Data: [
    6.9268, 7.1878, 6.0957, 6.5195, 6.2798, 6.5891, 6.4192, 7.0179, 6.6987, 7.0381,
    7.0511, 6.2943, 6.7015, 6.6782, 6.1364, 6.4786, 5.7249, 6.3671, 6.1873, 6.8889,
    6.6974, 6.7806, 6.5300, 6.4757, 7.0741, 6.4688, 6.5294, 8.1374, 6.9040, 7.1167,
    6.8780, 6.6749, 7.0049, 6.1280,
  ]

#### mean
  Points: 34
  Min: 3.8418, Max: 5.1058, Mean: 4.5985
  Data: [
    4.0981, 5.1058, 4.5588, 4.4740, 4.7262, 4.9329, 4.5884, 4.6887, 4.8980, 5.0237,
    4.7643, 4.3610, 4.5018, 4.4875, 4.6203, 4.3971, 4.0537, 4.5041, 4.2859, 4.6914,
    4.8226, 4.5457, 4.7681, 3.8418, 4.6626, 4.6837, 4.4545, 5.0558, 4.9014, 4.5303,
    4.5199, 4.5871, 5.0217, 4.1920,
  ]

#### min
  Points: 34
  Min: -5.7541, Max: -4.2694, Mean: -4.9577
  Data: [
    -4.4388, -4.7082, -5.1741, -4.5487, -5.0726, -5.7541, -4.4933, -4.8364, -4.8824, -4.6410,
    -5.2313, -4.7918, -4.7230, -5.0742, -5.0721, -5.1571, -5.0477, -4.9718, -5.2253, -4.9440,
    -5.2869, -4.8516, -5.1429, -5.3507, -4.7657, -5.0982, -5.1880, -4.2694, -4.9518, -5.1757,
    -4.8885, -5.2168, -4.2764, -5.3106,
  ]

#### norm_high
  Points: 34
  Min: 0.8681, Max: 5.7657, Mean: 5.2850
  Data: [
    0.8681, 5.7657, 5.4236, 5.4247, 5.4615, 5.5142, 5.4810, 5.5328, 5.6318, 5.5227,
    5.4289, 5.1099, 5.5118, 5.3113, 5.2988, 5.2311, 5.2302, 5.3019, 5.2571, 5.3441,
    5.3904, 5.4063, 5.7209, 5.1701, 5.3885, 5.4644, 5.5821, 5.6158, 5.4591, 5.4247,
    5.3341, 5.3714, 5.4692, 5.2425,
  ]

#### norm_low
  Points: 34
  Min: 0.1348, Max: 4.3907, Mean: 1.6674
  Data: [
    0.1348, 4.3907, 3.4695, 1.9212, 2.9352, 2.3734, 2.1454, 1.6424, 1.7218, 2.5784,
    1.6463, 2.0016, 1.5868, 0.9481, 0.9240, 0.6985, 0.9003, 1.3133, 1.4536, 1.6330,
    1.7017, 1.7802, 1.1044, 0.9331, 1.3531, 1.0805, 1.1431, 1.6806, 2.3837, 1.7601,
    1.0420, 1.8256, 1.4908, 0.9945,
  ]

#### norm_scale
  Points: 34
  Min: 0.7332, Max: 4.6165, Mean: 3.6176
  Data: [
    0.7332, 1.3749, 1.9541, 3.5036, 2.5262, 3.1408, 3.3356, 3.8904, 3.9100, 2.9443,
    3.7826, 3.1083, 3.9250, 4.3632, 4.3748, 4.5326, 4.3299, 3.9885, 3.8035, 3.7111,
    3.6887, 3.6261, 4.6165, 4.2370, 4.0354, 4.3839, 4.4390, 3.9352, 3.0754, 3.6646,
    4.2922, 3.5458, 3.9784, 4.2480,
  ]

#### std
  Points: 34
  Min: 0.8774, Max: 2.1009, Mean: 1.3126
  Data: [
    2.1009, 1.0737, 1.1877, 1.2322, 0.8774, 1.1434, 1.3637, 1.5810, 1.3255, 1.0018,
    1.1302, 1.0732, 1.2643, 1.7920, 1.1808, 1.5600, 1.3648, 1.2557, 1.3964, 1.1068,
    1.2937, 1.2785, 1.1893, 1.8045, 1.2773, 1.2819, 1.4425, 1.2696, 1.3435, 1.3211,
    1.0940, 1.4651, 0.9850, 1.5695,
  ]


### IMAGINATION
#### continue_mean
  Points: 34
  Min: 0.9910, Max: 0.9954, Mean: 0.9932
  Data: [
    0.9954, 0.9932, 0.9914, 0.9927, 0.9950, 0.9916, 0.9924, 0.9937, 0.9915, 0.9915,
    0.9936, 0.9927, 0.9945, 0.9923, 0.9910, 0.9936, 0.9923, 0.9940, 0.9920, 0.9947,
    0.9930, 0.9941, 0.9947, 0.9927, 0.9943, 0.9916, 0.9947, 0.9941, 0.9934, 0.9933,
    0.9924, 0.9917, 0.9949, 0.9939,
  ]

#### continue_min
  Points: 34
  Min: 0.0000, Max: 0.0001, Mean: 0.0000
  Data: [
    0.0001, 0.0000, 0.0000, 0.0000, 0.0000, 0.0000, 0.0001, 0.0000, 0.0000, 0.0000,
    0.0000, 0.0000, 0.0000, 0.0000, 0.0000, 0.0000, 0.0000, 0.0000, 0.0000, 0.0000,
    0.0000, 0.0000, 0.0000, 0.0000, 0.0000, 0.0000, 0.0000, 0.0000, 0.0000, 0.0000,
    0.0000, 0.0000, 0.0000, 0.0000,
  ]

#### reward_abs_mean
  Points: 34
  Min: 0.0241, Max: 0.0542, Mean: 0.0431
  Data: [
    0.0241, 0.0447, 0.0524, 0.0438, 0.0364, 0.0491, 0.0484, 0.0392, 0.0530, 0.0486,
    0.0431, 0.0456, 0.0304, 0.0460, 0.0535, 0.0360, 0.0408, 0.0351, 0.0497, 0.0430,
    0.0513, 0.0386, 0.0312, 0.0517, 0.0388, 0.0481, 0.0376, 0.0494, 0.0416, 0.0423,
    0.0481, 0.0542, 0.0298, 0.0403,
  ]

#### reward_max
  Points: 34
  Min: 2.4989, Max: 2.5006, Mean: 2.5000
  Data: [
    2.4992, 2.5004, 2.5002, 2.5003, 2.5005, 2.5002, 2.4997, 2.4994, 2.5003, 2.5006,
    2.5001, 2.5004, 2.5004, 2.4998, 2.5001, 2.4999, 2.4998, 2.5002, 2.5002, 2.4989,
    2.5002, 2.5001, 2.4999, 2.5000, 2.4998, 2.5001, 2.5000, 2.4999, 2.4998, 2.4998,
    2.5001, 2.4999, 2.5000, 2.4998,
  ]

#### reward_mean
  Points: 34
  Min: -0.0253, Max: 0.0326, Mean: 0.0136
  Data: [
    -0.0079, 0.0141, 0.0149, 0.0260, 0.0172, 0.0222, 0.0150, 0.0090, 0.0217, 0.0326,
    0.0188, 0.0245, 0.0161, -0.0034, 0.0230, 0.0175, 0.0261, 0.0188, 0.0144, 0.0038,
    -0.0019, 0.0090, 0.0052, -0.0253, 0.0132, 0.0223, 0.0011, 0.0136, 0.0234, 0.0111,
    0.0289, 0.0159, 0.0118, 0.0088,
  ]

#### reward_min
  Points: 34
  Min: -2.6186, Max: -2.5652, Mean: -2.5985
  Data: [
    -2.5855, -2.5923, -2.6056, -2.6099, -2.6000, -2.5992, -2.6156, -2.6186, -2.5954, -2.5933,
    -2.6090, -2.5821, -2.6075, -2.5911, -2.6046, -2.5966, -2.6096, -2.5935, -2.6052, -2.5819,
    -2.6011, -2.6003, -2.6128, -2.6077, -2.6011, -2.6006, -2.5983, -2.5652, -2.5939, -2.5922,
    -2.5850, -2.6018, -2.5901, -2.6028,
  ]

#### reward_nonzero_frac
  Points: 34
  Min: 0.0299, Max: 0.0647, Mean: 0.0470
  Data: [
    0.0299, 0.0409, 0.0503, 0.0431, 0.0402, 0.0505, 0.0507, 0.0346, 0.0552, 0.0437,
    0.0531, 0.0453, 0.0312, 0.0509, 0.0535, 0.0336, 0.0467, 0.0338, 0.0624, 0.0586,
    0.0621, 0.0512, 0.0317, 0.0647, 0.0362, 0.0601, 0.0411, 0.0639, 0.0423, 0.0441,
    0.0536, 0.0621, 0.0346, 0.0423,
  ]

#### reward_significant_frac
  Points: 34
  Min: 0.0064, Max: 0.0218, Mean: 0.0159
  Data: [
    0.0064, 0.0166, 0.0199, 0.0161, 0.0138, 0.0181, 0.0187, 0.0139, 0.0203, 0.0210,
    0.0150, 0.0179, 0.0109, 0.0164, 0.0218, 0.0138, 0.0153, 0.0137, 0.0186, 0.0149,
    0.0181, 0.0136, 0.0102, 0.0174, 0.0153, 0.0174, 0.0134, 0.0174, 0.0168, 0.0157,
    0.0184, 0.0204, 0.0094, 0.0147,
  ]

#### reward_std
  Points: 34
  Min: 0.1563, Max: 0.2788, Mean: 0.2387
  Data: [
    0.1563, 0.2536, 0.2755, 0.2510, 0.2163, 0.2591, 0.2582, 0.2248, 0.2719, 0.2649,
    0.2346, 0.2471, 0.1988, 0.2455, 0.2788, 0.2209, 0.2364, 0.2164, 0.2584, 0.2239,
    0.2618, 0.2199, 0.1947, 0.2628, 0.2320, 0.2514, 0.2192, 0.2496, 0.2414, 0.2380,
    0.2578, 0.2748, 0.1861, 0.2333,
  ]


### ACTIONS
#### abs_mean
  Points: 34
  Min: 0.9799, Max: 0.9887, Mean: 0.9848
  Data: [
    0.9810, 0.9848, 0.9859, 0.9809, 0.9799, 0.9845, 0.9831, 0.9857, 0.9867, 0.9839,
    0.9814, 0.9859, 0.9874, 0.9833, 0.9856, 0.9840, 0.9837, 0.9871, 0.9866, 0.9866,
    0.9887, 0.9875, 0.9866, 0.9834, 0.9865, 0.9849, 0.9821, 0.9837, 0.9859, 0.9858,
    0.9859, 0.9851, 0.9841, 0.9847,
  ]

#### dim0_mean
  Points: 34
  Min: 0.1000, Max: 0.4584, Mean: 0.2726
  Data: [
    0.2884, 0.1537, 0.2745, 0.2001, 0.2159, 0.2607, 0.2421, 0.2920, 0.3119, 0.2899,
    0.1792, 0.1315, 0.3275, 0.1273, 0.1690, 0.1000, 0.2274, 0.3308, 0.2420, 0.2321,
    0.3239, 0.3202, 0.3753, 0.2868, 0.2528, 0.2957, 0.3282, 0.3232, 0.4584, 0.3240,
    0.3858, 0.2602, 0.3530, 0.3842,
  ]

#### dim1_mean
  Points: 34
  Min: -0.1658, Max: 0.2269, Mean: 0.0268
  Data: [
    0.1299, -0.0041, 0.0392, -0.0027, 0.0648, 0.0915, 0.2269, 0.1229, 0.0280, -0.0455,
    0.0117, 0.0742, -0.1658, 0.0918, -0.1487, 0.1534, 0.0432, 0.1574, -0.0632, -0.1436,
    0.0119, 0.0027, 0.0899, -0.0908, -0.0434, -0.0848, -0.1291, 0.0202, 0.1376, 0.1542,
    0.1016, 0.0546, 0.0569, -0.0308,
  ]

#### dim2_mean
  Points: 34
  Min: 0.0744, Max: 0.4137, Mean: 0.1997
  Data: [
    0.1425, 0.2455, 0.1562, 0.2194, 0.1217, 0.1663, 0.0744, 0.1797, 0.1256, 0.1260,
    0.2684, 0.2337, 0.2553, 0.4137, 0.2665, 0.3013, 0.3279, 0.1962, 0.1861, 0.1307,
    0.2503, 0.1487, 0.2640, 0.1978, 0.1309, 0.0839, 0.1215, 0.1455, 0.2647, 0.1732,
    0.2082, 0.2687, 0.1950, 0.2014,
  ]

#### dim3_mean
  Points: 34
  Min: 0.0777, Max: 0.8973, Mean: 0.5035
  Data: [
    0.8093, 0.1854, 0.5156, 0.1184, 0.2786, 0.4623, 0.4758, 0.3549, 0.3586, 0.4224,
    0.4191, 0.2369, 0.1874, 0.1246, 0.3730, 0.3815, 0.0777, 0.6229, 0.6380, 0.6172,
    0.6409, 0.6425, 0.4179, 0.6537, 0.6712, 0.5679, 0.4479, 0.7392, 0.5951, 0.7465,
    0.8491, 0.7762, 0.8973, 0.8132,
  ]

#### max
  Points: 34
  Min: 1.0000, Max: 1.0000, Mean: 1.0000
  Data: [
    1.0000, 1.0000, 1.0000, 1.0000, 1.0000, 1.0000, 1.0000, 1.0000, 1.0000, 1.0000,
    1.0000, 1.0000, 1.0000, 1.0000, 1.0000, 1.0000, 1.0000, 1.0000, 1.0000, 1.0000,
    1.0000, 1.0000, 1.0000, 1.0000, 1.0000, 1.0000, 1.0000, 1.0000, 1.0000, 1.0000,
    1.0000, 1.0000, 1.0000, 1.0000,
  ]

#### mean
  Points: 34
  Min: 0.1338, Max: 0.3862, Mean: 0.2507
  Data: [
    0.3425, 0.1451, 0.2464, 0.1338, 0.1702, 0.2452, 0.2548, 0.2374, 0.2060, 0.1982,
    0.2196, 0.1691, 0.1511, 0.1894, 0.1649, 0.2340, 0.1690, 0.3268, 0.2507, 0.2091,
    0.3067, 0.2785, 0.2867, 0.2619, 0.2529, 0.2157, 0.1921, 0.3070, 0.3639, 0.3495,
    0.3862, 0.3399, 0.3756, 0.3420,
  ]

#### min
  Points: 34
  Min: -1.0000, Max: -1.0000, Mean: -1.0000
  Data: [
    -1.0000, -1.0000, -1.0000, -1.0000, -1.0000, -1.0000, -1.0000, -1.0000, -1.0000, -1.0000,
    -1.0000, -1.0000, -1.0000, -1.0000, -1.0000, -1.0000, -1.0000, -1.0000, -1.0000, -1.0000,
    -1.0000, -1.0000, -1.0000, -1.0000, -1.0000, -1.0000, -1.0000, -1.0000, -1.0000, -1.0000,
    -1.0000, -1.0000, -1.0000, -1.0000,
  ]

#### std
  Points: 34
  Min: 0.9112, Max: 0.9793, Mean: 0.9539
  Data: [
    0.9252, 0.9782, 0.9587, 0.9769, 0.9708, 0.9582, 0.9543, 0.9608, 0.9688, 0.9686,
    0.9619, 0.9753, 0.9793, 0.9699, 0.9758, 0.9605, 0.9738, 0.9353, 0.9581, 0.9680,
    0.9434, 0.9511, 0.9477, 0.9528, 0.9574, 0.9655, 0.9681, 0.9396, 0.9203, 0.9260,
    0.9112, 0.9290, 0.9145, 0.9283,
  ]


### GRADIENTS
#### actor_norm
  Points: 34
  Min: 0.0247, Max: 0.1722, Mean: 0.0457
  Data: [
    0.1722, 0.1103, 0.0705, 0.0299, 0.0642, 0.0339, 0.0352, 0.0349, 0.0322, 0.0346,
    0.0307, 0.0395, 0.0321, 0.0421, 0.0299, 0.0318, 0.0259, 0.0379, 0.0305, 0.0386,
    0.0369, 0.0566, 0.0433, 0.0470, 0.0525, 0.0324, 0.0418, 0.0469, 0.0448, 0.0351,
    0.0399, 0.0565, 0.0247, 0.0375,
  ]

#### critic_norm
  Points: 34
  Min: 0.1443, Max: 0.3936, Mean: 0.2426
  Data: [
    0.3723, 0.2759, 0.1498, 0.3936, 0.2300, 0.1700, 0.1920, 0.2948, 0.2916, 0.1730,
    0.3110, 0.2458, 0.2657, 0.3020, 0.2933, 0.1563, 0.2923, 0.2972, 0.2475, 0.2131,
    0.1514, 0.1443, 0.3780, 0.2643, 0.1650, 0.2177, 0.2385, 0.3244, 0.1531, 0.1609,
    0.1674, 0.1927, 0.2329, 0.2911,
  ]

#### world_model_norm
  Points: 34
  Min: 6.5011, Max: 30.6815, Mean: 12.3602
  Data: [
    7.9336, 24.0802, 9.4668, 7.7074, 11.7653, 9.2217, 8.8569, 8.6305, 21.7218, 11.0756,
    20.2215, 6.5011, 10.2435, 8.5691, 12.4824, 16.8551, 7.0182, 6.9290, 8.1631, 6.9491,
    9.0235, 20.0407, 7.9215, 10.9447, 18.7733, 17.9045, 9.3188, 11.4948, 19.7561, 7.5517,
    13.6007, 30.6815, 9.3920, 9.4521,
  ]


### SPARSE_SIGNAL
#### advantage_nonzero_frac
  Points: 34
  Min: 0.4923, Max: 0.9323, Mean: 0.6328
  Data: [
    0.9323, 0.8417, 0.7635, 0.7025, 0.7568, 0.6262, 0.7379, 0.5770, 0.6024, 0.6528,
    0.6322, 0.7596, 0.5868, 0.6281, 0.5245, 0.5439, 0.5330, 0.6957, 0.5986, 0.7025,
    0.6091, 0.5729, 0.6417, 0.6113, 0.5201, 0.5659, 0.5377, 0.6407, 0.5883, 0.5834,
    0.4923, 0.6599, 0.6022, 0.4933,
  ]

#### advantage_significant_frac
  Points: 34
  Min: 0.0858, Max: 0.5503, Mean: 0.1516
  Data: [
    0.5503, 0.2908, 0.1982, 0.1267, 0.1819, 0.1399, 0.1578, 0.1236, 0.1233, 0.1318,
    0.1323, 0.1714, 0.1203, 0.1804, 0.1126, 0.0858, 0.0970, 0.1558, 0.1369, 0.1443,
    0.1346, 0.1238, 0.1110, 0.2064, 0.1086, 0.1336, 0.1289, 0.1519, 0.1212, 0.1149,
    0.1074, 0.1399, 0.0997, 0.1123,
  ]

#### event_rate_in_batch
  Points: 34
  Min: 0.0020, Max: 0.0222, Mean: 0.0117
  Data: [
    0.0040, 0.0181, 0.0131, 0.0151, 0.0040, 0.0202, 0.0202, 0.0081, 0.0161, 0.0161,
    0.0081, 0.0081, 0.0071, 0.0121, 0.0161, 0.0161, 0.0040, 0.0081, 0.0141, 0.0121,
    0.0101, 0.0101, 0.0071, 0.0121, 0.0060, 0.0101, 0.0060, 0.0222, 0.0141, 0.0081,
    0.0141, 0.0202, 0.0020, 0.0141,
  ]

#### lambda_return_abs_mean
  Points: 34
  Min: 4.0637, Max: 5.2096, Mean: 4.6887
  Data: [
    4.1761, 5.2096, 4.7415, 4.5507, 4.7945, 4.9688, 4.6449, 4.7567, 4.9627, 5.0576,
    4.8271, 4.4288, 4.5413, 4.6124, 4.6888, 4.4433, 4.0637, 4.5468, 4.4161, 4.8295,
    4.9966, 4.6590, 4.8608, 4.1522, 4.7518, 4.7534, 4.5885, 5.1381, 4.9744, 4.6437,
    4.5732, 4.7424, 5.0297, 4.2911,
  ]

#### lambda_return_nonzero_frac
  Points: 34
  Min: 0.9747, Max: 1.0000, Mean: 0.9987
  Data: [
    0.9970, 1.0000, 0.9999, 1.0000, 0.9999, 0.9999, 0.9999, 0.9976, 0.9999, 1.0000,
    0.9999, 0.9999, 0.9990, 0.9991, 0.9995, 0.9977, 0.9984, 0.9998, 0.9997, 0.9995,
    1.0000, 0.9998, 0.9996, 0.9986, 0.9999, 0.9999, 0.9996, 0.9995, 0.9999, 0.9995,
    0.9747, 0.9997, 1.0000, 0.9994,
  ]

#### lambda_return_significant_frac
  Points: 34
  Min: 0.8701, Max: 0.9999, Mean: 0.9638
  Data: [
    0.8701, 0.9998, 0.9986, 0.9998, 0.9986, 0.9981, 0.9477, 0.9312, 0.9642, 0.9996,
    0.9652, 0.9873, 0.9549, 0.9195, 0.9723, 0.8967, 0.9067, 0.9596, 0.9557, 0.9933,
    0.9979, 0.9700, 0.9839, 0.9393, 0.9631, 0.9613, 0.9589, 0.9646, 0.9999, 0.9958,
    0.9655, 0.9653, 0.9727, 0.9135,
  ]

#### nonsparse_pred_error
  Points: 34
  Min: 0.0038, Max: 0.0164, Mean: 0.0092
  Data: [
    0.0040, 0.0081, 0.0082, 0.0097, 0.0072, 0.0109, 0.0164, 0.0083, 0.0112, 0.0130,
    0.0099, 0.0071, 0.0064, 0.0158, 0.0128, 0.0085, 0.0116, 0.0058, 0.0110, 0.0080,
    0.0083, 0.0117, 0.0055, 0.0124, 0.0048, 0.0074, 0.0120, 0.0159, 0.0038, 0.0076,
    0.0070, 0.0114, 0.0049, 0.0071,
  ]

#### num_sparse_events
  Points: 34
  Min: 2.0000, Max: 22.0000, Mean: 11.5882
  Data: [
    4.0000, 18.0000, 13.0000, 15.0000, 4.0000, 20.0000, 20.0000, 8.0000, 16.0000, 16.0000,
    8.0000, 8.0000, 7.0000, 12.0000, 16.0000, 16.0000, 4.0000, 8.0000, 14.0000, 12.0000,
    10.0000, 10.0000, 7.0000, 12.0000, 6.0000, 10.0000, 6.0000, 22.0000, 14.0000, 8.0000,
    14.0000, 20.0000, 2.0000, 14.0000,
  ]

#### reward_max
  Points: 34
  Min: 0.0000, Max: 2.5000, Mean: 2.4265
  Data: [
    0.0000, 2.5000, 2.5000, 2.5000, 2.5000, 2.5000, 2.5000, 2.5000, 2.5000, 2.5000,
    2.5000, 2.5000, 2.5000, 2.5000, 2.5000, 2.5000, 2.5000, 2.5000, 2.5000, 2.5000,
    2.5000, 2.5000, 2.5000, 2.5000, 2.5000, 2.5000, 2.5000, 2.5000, 2.5000, 2.5000,
    2.5000, 2.5000, 2.5000, 2.5000,
  ]

#### reward_min
  Points: 34
  Min: -2.6045, Max: -0.0994, Mean: -2.2279
  Data: [
    -2.5847, -2.5899, -2.5669, -2.6039, -0.1081, -2.6012, -2.6019, -2.5841, -2.5611, -2.5920,
    -2.5983, -2.5986, -0.1230, -2.6020, -2.5918, -2.5946, -0.1584, -0.0994, -2.5922, -2.5374,
    -2.5990, -2.5903, -2.5918, -2.6031, -2.6045, -2.6041, -2.5912, -2.5678, -2.5859, -2.6026,
    -2.5683, -2.5964, -0.1518, -2.6039,
  ]

#### reward_range
  Points: 34
  Min: 2.5847, Max: 5.1045, Mean: 4.6544
  Data: [
    2.5847, 5.0899, 5.0669, 5.1039, 2.6081, 5.1012, 5.1019, 5.0841, 5.0611, 5.0920,
    5.0983, 5.0986, 2.6230, 5.1020, 5.0918, 5.0946, 2.6584, 2.5994, 5.0922, 5.0374,
    5.0990, 5.0903, 5.0918, 5.1031, 5.1045, 5.1041, 5.0912, 5.0678, 5.0859, 5.1026,
    5.0683, 5.0964, 2.6518, 5.1039,
  ]

#### reward_variance
  Points: 34
  Min: 0.0089, Max: 0.0950, Mean: 0.0513
  Data: [
    0.0187, 0.0822, 0.0580, 0.0668, 0.0172, 0.0870, 0.0895, 0.0358, 0.0688, 0.0684,
    0.0357, 0.0354, 0.0316, 0.0532, 0.0700, 0.0697, 0.0172, 0.0338, 0.0669, 0.0515,
    0.0453, 0.0439, 0.0336, 0.0564, 0.0279, 0.0439, 0.0275, 0.0950, 0.0595, 0.0361,
    0.0602, 0.0861, 0.0089, 0.0625,
  ]

#### sparse_actual_mean
  Points: 34
  Min: -1.9591, Max: 1.9643, Mean: 0.6535
  Data: [
    -1.9591, 0.3854, 1.3340, 1.0635, 1.8750, 1.1022, -0.0548, -0.0432, 0.9214, 1.3924,
    0.9082, 0.9082, 1.9643, 0.5942, 0.9113, 0.9095, 1.8750, 1.8750, 0.3170, 1.2429,
    -0.4299, 0.3451, -0.9643, -1.3442, -0.7054, 1.1004, 0.5882, 0.8366, 1.3245, -0.0411,
    1.3278, 1.1095, 1.8750, -0.3267,
  ]

#### sparse_pred_error
  Points: 34
  Min: 0.0007, Max: 0.1779, Mean: 0.0510
  Data: [
    0.0269, 0.0984, 0.0974, 0.0067, 0.0037, 0.0117, 0.0519, 0.0076, 0.0708, 0.0271,
    0.1200, 0.0063, 0.0252, 0.0518, 0.0936, 0.0573, 0.0035, 0.0375, 0.0139, 0.0207,
    0.0346, 0.1779, 0.0202, 0.1335, 0.0049, 0.0682, 0.0141, 0.0654, 0.1156, 0.0159,
    0.0764, 0.1430, 0.0007, 0.0307,
  ]

#### sparse_pred_mean
  Points: 34
  Min: -1.9324, Max: 1.9848, Mean: 0.6602
  Data: [
    -1.9324, 0.4558, 1.2411, 1.0692, 1.8716, 1.0968, -0.0513, -0.0496, 0.9901, 1.4096,
    1.0224, 0.9113, 1.9848, 0.6261, 0.8456, 0.8646, 1.8729, 1.8497, 0.3046, 1.2335,
    -0.4485, 0.4498, -0.9497, -1.3675, -0.7091, 1.0353, 0.5960, 0.8870, 1.2120, -0.0515,
    1.4002, 1.2468, 1.8756, -0.3443,
  ]

#### sparse_sign_accuracy
  Points: 34
  Min: 1.0000, Max: 1.0000, Mean: 1.0000
  Data: [
    1.0000, 1.0000, 1.0000, 1.0000, 1.0000, 1.0000, 1.0000, 1.0000, 1.0000, 1.0000,
    1.0000, 1.0000, 1.0000, 1.0000, 1.0000, 1.0000, 1.0000, 1.0000, 1.0000, 1.0000,
    1.0000, 1.0000, 1.0000, 1.0000, 1.0000, 1.0000, 1.0000, 1.0000, 1.0000, 1.0000,
    1.0000, 1.0000, 1.0000, 1.0000,
  ]

#### sparse_vs_nonsparse_error_ratio
  Points: 34
  Min: 0.1499, Max: 30.7863, Mean: 5.8984
  Data: [
    6.7517, 12.2066, 11.8547, 0.6855, 0.5107, 1.0727, 3.1617, 0.9087, 6.3217, 2.0922,
    12.0848, 0.8865, 3.9328, 3.2665, 7.3005, 6.7573, 0.3000, 6.5056, 1.2632, 2.5836,
    4.1575, 15.1777, 3.6475, 10.8101, 1.0274, 9.2371, 1.1753, 4.1055, 30.7863, 2.1026,
    10.8902, 12.5148, 0.1499, 4.3183,
  ]

#### sparse_weight_applied
  Points: 34
  Min: 44.0909, Max: 100.0000, Mean: 80.8080
  Data: [
    100.0000, 54.1111, 75.3077, 65.1333, 100.0000, 48.6000, 48.6000, 100.0000, 61.0000, 61.0000,
    100.0000, 100.0000, 100.0000, 81.6667, 61.0000, 61.0000, 100.0000, 100.0000, 69.8571, 81.6667,
    98.2000, 98.2000, 100.0000, 81.6667, 100.0000, 98.2000, 100.0000, 44.0909, 69.8571, 100.0000,
    69.8571, 48.6000, 100.0000, 69.8571,
  ]

#### unweighted_reward_loss
  Points: 34
  Min: 0.1083, Max: 0.2630, Mean: 0.1749
  Data: [
    0.1327, 0.1760, 0.1781, 0.1498, 0.1391, 0.2268, 0.2421, 0.1677, 0.1974, 0.2148,
    0.1746, 0.1454, 0.1338, 0.2288, 0.1946, 0.1630, 0.1478, 0.1327, 0.1895, 0.1799,
    0.1895, 0.1946, 0.1353, 0.2190, 0.1083, 0.1597, 0.1912, 0.2630, 0.1215, 0.1623,
    0.1817, 0.2321, 0.1203, 0.1531,
  ]

#### value_lambda_gap_abs_mean
  Points: 34
  Min: 0.1574, Max: 0.3206, Mean: 0.2086
  Data: [
    0.2431, 0.2110, 0.1932, 0.1900, 0.2024, 0.1795, 0.2055, 0.1914, 0.2053, 0.1600,
    0.2012, 0.2035, 0.1850, 0.3109, 0.1930, 0.1822, 0.1665, 0.2289, 0.1975, 0.2522,
    0.2069, 0.1987, 0.2313, 0.3206, 0.2080, 0.2212, 0.2070, 0.2624, 0.1643, 0.1873,
    0.1830, 0.2357, 0.1574, 0.2064,
  ]

#### value_lambda_gap_mean
  Points: 34
  Min: -0.0376, Max: 0.0526, Mean: 0.0156
  Data: [
    -0.0006, -0.0009, 0.0249, 0.0431, 0.0086, -0.0061, 0.0149, 0.0152, -0.0116, 0.0214,
    0.0404, 0.0476, 0.0091, -0.0376, -0.0164, 0.0083, -0.0071, 0.0011, 0.0526, 0.0481,
    0.0310, 0.0067, -0.0042, 0.0514, -0.0071, 0.0138, 0.0386, 0.0419, 0.0055, 0.0062,
    0.0350, 0.0456, -0.0148, 0.0249,
  ]

#### weighted_reward_loss
  Points: 34
  Min: 0.1507, Max: 0.6066, Mean: 0.2959
  Data: [
    0.2362, 0.3252, 0.3932, 0.2410, 0.1865, 0.2906, 0.3467, 0.2702, 0.3078, 0.2860,
    0.3299, 0.2435, 0.2094, 0.3178, 0.3410, 0.2798, 0.1928, 0.2209, 0.2837, 0.2529,
    0.3151, 0.6066, 0.2644, 0.4532, 0.2427, 0.2854, 0.2664, 0.3201, 0.3194, 0.2612,
    0.2926, 0.4283, 0.1507, 0.2982,
  ]


### AUX
#### goal_accuracy
  Points: 34
  Min: 1.0000, Max: 1.0000, Mean: 1.0000
  Data: [
    1.0000, 1.0000, 1.0000, 1.0000, 1.0000, 1.0000, 1.0000, 1.0000, 1.0000, 1.0000,
    1.0000, 1.0000, 1.0000, 1.0000, 1.0000, 1.0000, 1.0000, 1.0000, 1.0000, 1.0000,
    1.0000, 1.0000, 1.0000, 1.0000, 1.0000, 1.0000, 1.0000, 1.0000, 1.0000, 1.0000,
    1.0000, 1.0000, 1.0000, 1.0000,
  ]

#### goal_loss
  Points: 34
  Min: 0.0000, Max: 0.0000, Mean: 0.0000
  Data: [
    0.0000, 0.0000, 0.0000, 0.0000, 0.0000, 0.0000, 0.0000, 0.0000, 0.0000, 0.0000,
    0.0000, 0.0000, 0.0000, 0.0000, 0.0000, 0.0000, 0.0000, 0.0000, 0.0000, 0.0000,
    0.0000, 0.0000, 0.0000, 0.0000, 0.0000, 0.0000, 0.0000, 0.0000, 0.0000, 0.0000,
    0.0000, 0.0000, 0.0000, 0.0000,
  ]

#### goal_positive_rate
  Points: 34
  Min: 0.0000, Max: 0.0000, Mean: 0.0000
  Data: [
    0.0000, 0.0000, 0.0000, 0.0000, 0.0000, 0.0000, 0.0000, 0.0000, 0.0000, 0.0000,
    0.0000, 0.0000, 0.0000, 0.0000, 0.0000, 0.0000, 0.0000, 0.0000, 0.0000, 0.0000,
    0.0000, 0.0000, 0.0000, 0.0000, 0.0000, 0.0000, 0.0000, 0.0000, 0.0000, 0.0000,
    0.0000, 0.0000, 0.0000, 0.0000,
  ]

#### goal_pred_positive_rate
  Points: 34
  Min: 0.0000, Max: 0.0000, Mean: 0.0000
  Data: [
    0.0000, 0.0000, 0.0000, 0.0000, 0.0000, 0.0000, 0.0000, 0.0000, 0.0000, 0.0000,
    0.0000, 0.0000, 0.0000, 0.0000, 0.0000, 0.0000, 0.0000, 0.0000, 0.0000, 0.0000,
    0.0000, 0.0000, 0.0000, 0.0000, 0.0000, 0.0000, 0.0000, 0.0000, 0.0000, 0.0000,
    0.0000, 0.0000, 0.0000, 0.0000,
  ]

#### puck_goal_dist_actual_mean
  Points: 34
  Min: 2.0487, Max: 2.8364, Mean: 2.3578
  Data: [
    2.3888, 2.0487, 2.2173, 2.3090, 2.2490, 2.6834, 2.8364, 2.7727, 2.2135, 2.5206,
    2.1049, 2.3366, 2.3454, 2.3552, 2.2918, 2.3751, 2.2892, 2.2941, 2.3929, 2.3385,
    2.4234, 2.1578, 2.5245, 2.4991, 2.0671, 2.2252, 2.6516, 2.5210, 2.1550, 2.2802,
    2.2917, 2.4373, 2.3035, 2.2651,
  ]

#### puck_goal_dist_error
  Points: 34
  Min: 0.0895, Max: 0.1227, Mean: 0.0996
  Data: [
    0.1026, 0.0952, 0.0984, 0.0993, 0.0972, 0.1038, 0.1009, 0.0960, 0.0963, 0.0974,
    0.1085, 0.1227, 0.1076, 0.0929, 0.0912, 0.1071, 0.1007, 0.0946, 0.0988, 0.0942,
    0.1023, 0.0909, 0.0901, 0.1200, 0.0914, 0.0917, 0.1101, 0.1052, 0.0900, 0.1048,
    0.0953, 0.0975, 0.0895, 0.1007,
  ]

#### puck_goal_dist_loss
  Points: 34
  Min: 0.0160, Max: 0.0319, Mean: 0.0209
  Data: [
    0.0206, 0.0190, 0.0227, 0.0175, 0.0186, 0.0274, 0.0203, 0.0199, 0.0200, 0.0199,
    0.0223, 0.0319, 0.0229, 0.0171, 0.0170, 0.0244, 0.0215, 0.0205, 0.0209, 0.0181,
    0.0210, 0.0182, 0.0161, 0.0300, 0.0170, 0.0172, 0.0265, 0.0245, 0.0160, 0.0229,
    0.0175, 0.0230, 0.0165, 0.0206,
  ]

#### puck_goal_dist_pred_mean
  Points: 34
  Min: 2.0374, Max: 2.8452, Mean: 2.3556
  Data: [
    2.4150, 2.0374, 2.2278, 2.3340, 2.2803, 2.6798, 2.8452, 2.7708, 2.1948, 2.5035,
    2.1501, 2.3648, 2.2964, 2.3584, 2.3132, 2.3422, 2.2769, 2.2540, 2.3697, 2.3258,
    2.4065, 2.1717, 2.5106, 2.4933, 2.0796, 2.2087, 2.6895, 2.5302, 2.1566, 2.2653,
    2.2674, 2.4163, 2.3124, 2.2435,
  ]

#### shot_quality_actual_mean
  Points: 34
  Min: 0.1127, Max: 0.1909, Mean: 0.1579
  Data: [
    0.1471, 0.1909, 0.1800, 0.1602, 0.1862, 0.1341, 0.1424, 0.1127, 0.1559, 0.1589,
    0.1847, 0.1496, 0.1566, 0.1447, 0.1726, 0.1537, 0.1620, 0.1767, 0.1302, 0.1615,
    0.1658, 0.1663, 0.1371, 0.1438, 0.1833, 0.1683, 0.1336, 0.1473, 0.1789, 0.1277,
    0.1711, 0.1608, 0.1780, 0.1448,
  ]

#### shot_quality_loss
  Points: 34
  Min: 0.0007, Max: 0.0022, Mean: 0.0015
  Data: [
    0.0014, 0.0015, 0.0017, 0.0017, 0.0015, 0.0011, 0.0007, 0.0015, 0.0014, 0.0020,
    0.0014, 0.0021, 0.0013, 0.0012, 0.0012, 0.0012, 0.0018, 0.0012, 0.0009, 0.0015,
    0.0019, 0.0014, 0.0011, 0.0021, 0.0017, 0.0022, 0.0018, 0.0012, 0.0014, 0.0012,
    0.0015, 0.0016, 0.0016, 0.0010,
  ]

#### shot_quality_pred_mean
  Points: 34
  Min: 0.1116, Max: 0.1844, Mean: 0.1577
  Data: [
    0.1421, 0.1844, 0.1797, 0.1565, 0.1798, 0.1350, 0.1418, 0.1116, 0.1543, 0.1572,
    0.1820, 0.1523, 0.1617, 0.1429, 0.1669, 0.1547, 0.1650, 0.1819, 0.1332, 0.1615,
    0.1663, 0.1661, 0.1346, 0.1527, 0.1790, 0.1671, 0.1308, 0.1448, 0.1805, 0.1342,
    0.1720, 0.1614, 0.1805, 0.1471,
  ]

#### total_loss
  Points: 34
  Min: 0.0173, Max: 0.0339, Mean: 0.0223
  Data: [
    0.0219, 0.0205, 0.0244, 0.0191, 0.0201, 0.0284, 0.0210, 0.0213, 0.0214, 0.0219,
    0.0237, 0.0339, 0.0241, 0.0183, 0.0181, 0.0256, 0.0232, 0.0218, 0.0219, 0.0196,
    0.0229, 0.0195, 0.0173, 0.0321, 0.0187, 0.0194, 0.0283, 0.0257, 0.0174, 0.0240,
    0.0190, 0.0246, 0.0181, 0.0216,
  ]


### DIAGNOSTICS
#### advantage_contribution
  Points: 34
  Min: 1.4369, Max: 12.3093, Mean: 2.5106
  Data: [
    12.3093, 5.7447, 3.6799, 2.0015, 2.9355, 2.1364, 2.2956, 1.8378, 1.9592, 2.0471,
    1.9838, 2.4250, 1.7428, 2.6781, 1.6490, 1.4976, 1.4369, 2.1298, 1.9454, 2.5598,
    2.1333, 2.0993, 1.8904, 2.8617, 1.9675, 1.8910, 1.7120, 2.4912, 2.0063, 1.9319,
    1.6164, 2.4890, 1.4636, 1.8116,
  ]

#### entropy_advantage_ratio
  Points: 34
  Min: 0.0006, Max: 0.0048, Mean: 0.0032
  Data: [
    0.0006, 0.0012, 0.0019, 0.0034, 0.0023, 0.0032, 0.0030, 0.0037, 0.0035, 0.0033,
    0.0034, 0.0028, 0.0039, 0.0026, 0.0041, 0.0046, 0.0048, 0.0032, 0.0035, 0.0027,
    0.0032, 0.0033, 0.0036, 0.0024, 0.0035, 0.0036, 0.0040, 0.0027, 0.0034, 0.0035,
    0.0042, 0.0027, 0.0047, 0.0038,
  ]

#### entropy_contribution
  Points: 34
  Min: 0.0068, Max: 0.0068, Mean: 0.0068
  Data: [
    0.0068, 0.0068, 0.0068, 0.0068, 0.0068, 0.0068, 0.0068, 0.0068, 0.0068, 0.0068,
    0.0068, 0.0068, 0.0068, 0.0068, 0.0068, 0.0068, 0.0068, 0.0068, 0.0068, 0.0068,
    0.0068, 0.0068, 0.0068, 0.0068, 0.0068, 0.0068, 0.0068, 0.0068, 0.0068, 0.0068,
    0.0068, 0.0068, 0.0068, 0.0068,
  ]

#### return_range_S
  Points: 34
  Min: 0.7332, Max: 4.6165, Mean: 3.6176
  Data: [
    0.7332, 1.3749, 1.9541, 3.5036, 2.5262, 3.1408, 3.3356, 3.8904, 3.9100, 2.9443,
    3.7826, 3.1083, 3.9250, 4.3632, 4.3748, 4.5326, 4.3299, 3.9885, 3.8035, 3.7111,
    3.6887, 3.6261, 4.6165, 4.2370, 4.0354, 4.3839, 4.4390, 3.9352, 3.0754, 3.6646,
    4.2922, 3.5458, 3.9784, 4.2480,
  ]

#### return_range_at_floor
  Points: 34
  Min: 0.0000, Max: 1.0000, Mean: 0.0294
  Data: [
    1.0000, 0.0000, 0.0000, 0.0000, 0.0000, 0.0000, 0.0000, 0.0000, 0.0000, 0.0000,
    0.0000, 0.0000, 0.0000, 0.0000, 0.0000, 0.0000, 0.0000, 0.0000, 0.0000, 0.0000,
    0.0000, 0.0000, 0.0000, 0.0000, 0.0000, 0.0000, 0.0000, 0.0000, 0.0000, 0.0000,
    0.0000, 0.0000, 0.0000, 0.0000,
  ]

