================================================================================
W&B RUN DATA: DreamerV3-small-weak-seed43_weak_seed43_20260120_010247
================================================================================

## RUN METADATA
Run ID: s4mdzvyn
Created: 2026-01-20T00:02:49Z
State: running
Duration: 38530.730103153 seconds

## CONFIGURATION
  [Environment]
    opponent: weak
  [Training]
    batch_size: 32
    batch_length: 32
    imagination_horizon: 15
    discount: 0.997
  [Entropy]
    entropy_scale: 0.003
  [Architecture]
    recurrent_size: 256
    latent_length: 16
    latent_classes: 16
  [Meta]
    seed: 43
    algorithm: DreamerV3

## FINAL SUMMARY
  runtime: 10.70 hours (38531 seconds)

## NOTE: Data reduced (fraction=0.1, max_points=200)

## METRICS DATA

### STATS
#### buffer_size
  Points: 35
  Min: 98431.0000, Max: 500000.0000, Mean: 453458.9143
  Data: [
    98431.0000, 148439.0000, 192409.0000, 269098.0000, 332767.0000, 383895.0000, 446023.0000, 500000.0000, 500000.0000, 500000.0000,
    500000.0000, 500000.0000, 500000.0000, 500000.0000, 500000.0000, 500000.0000, 500000.0000, 500000.0000, 500000.0000, 500000.0000,
    500000.0000, 500000.0000, 500000.0000, 500000.0000, 500000.0000, 500000.0000, 500000.0000, 500000.0000, 500000.0000, 500000.0000,
    500000.0000, 500000.0000, 500000.0000, 500000.0000, 500000.0000,
  ]

#### draws
  Points: 35
  Min: 0.0000, Max: 3488.0000, Mean: 2096.5714
  Data: [
    0.0000, 132.0000, 265.0000, 518.0000, 712.0000, 848.0000, 1000.0000, 1184.0000, 1370.0000, 1484.0000,
    1602.0000, 1800.0000, 1915.0000, 2022.0000, 2151.0000, 2248.0000, 2335.0000, 2390.0000, 2427.0000, 2486.0000,
    2530.0000, 2578.0000, 2640.0000, 2688.0000, 2724.0000, 2790.0000, 2831.0000, 2886.0000, 2968.0000, 3064.0000,
    3189.0000, 3282.0000, 3402.0000, 3431.0000, 3488.0000,
  ]

#### env_steps
  Points: 35
  Min: 124.0000, Max: 1839861.0000, Mean: 950115.6000
  Data: [
    124.0000, 50132.0000, 94102.0000, 170791.0000, 234460.0000, 285588.0000, 347716.0000, 415794.0000, 495493.0000, 542917.0000,
    593493.0000, 690620.0000, 739133.0000, 791531.0000, 853498.0000, 906224.0000, 961996.0000, 1000024.0000, 1032668.0000, 1076451.0000,
    1117555.0000, 1166592.0000, 1221715.0000, 1254540.0000, 1290774.0000, 1343345.0000, 1376222.0000, 1418028.0000, 1478982.0000, 1550501.0000,
    1645264.0000, 1703409.0000, 1769498.0000, 1795005.0000, 1839861.0000,
  ]

#### episodes
  Points: 35
  Min: 501.0000, Max: 15551.0000, Mean: 7950.4286
  Data: [
    501.0000, 841.0000, 1131.0000, 1611.0000, 2041.0000, 2431.0000, 2911.0000, 3411.0000, 3991.0000, 4351.0000,
    4741.0000, 5491.0000, 5861.0000, 6281.0000, 6801.0000, 7261.0000, 7771.0000, 8131.0000, 8461.0000, 8881.0000,
    9261.0000, 9731.0000, 10241.0000, 10541.0000, 10901.0000, 11381.0000, 11671.0000, 12031.0000, 12541.0000, 13131.0000,
    13931.0000, 14381.0000, 14911.0000, 15161.0000, 15551.0000,
  ]

#### gradient_steps
  Points: 35
  Min: 4.0000, Max: 60204.0000, Mean: 29801.7143
  Data: [
    4.0000, 1364.0000, 2524.0000, 4444.0000, 6164.0000, 7724.0000, 9644.0000, 11644.0000, 13964.0000, 15404.0000,
    16964.0000, 19964.0000, 21444.0000, 23124.0000, 25204.0000, 27044.0000, 29084.0000, 30524.0000, 31844.0000, 33524.0000,
    35044.0000, 36924.0000, 38964.0000, 40164.0000, 41604.0000, 43524.0000, 44684.0000, 46124.0000, 48164.0000, 50524.0000,
    53724.0000, 55524.0000, 57644.0000, 58644.0000, 60204.0000,
  ]

#### losses
  Points: 35
  Min: 1.0000, Max: 7728.0000, Mean: 4053.9143
  Data: [
    1.0000, 172.0000, 319.0000, 537.0000, 750.0000, 965.0000, 1227.0000, 1508.0000, 1844.0000, 2046.0000,
    2276.0000, 2740.0000, 2956.0000, 3199.0000, 3516.0000, 3803.0000, 4136.0000, 4369.0000, 4582.0000, 4814.0000,
    5022.0000, 5266.0000, 5503.0000, 5655.0000, 5833.0000, 6058.0000, 6184.0000, 6340.0000, 6567.0000, 6770.0000,
    7037.0000, 7191.0000, 7422.0000, 7551.0000, 7728.0000,
  ]

#### mean_reward
  Points: 35
  Min: -26.2182, Max: -0.0353, Mean: -8.0615
  Data: [
    -14.0483, -19.1763, -26.2182, -25.6224, -22.1289, -10.0267, -11.3604, -12.8566, -10.7448, -10.2397,
    -10.3644, -10.2445, -8.8290, -9.1689, -8.4566, -7.9331, -8.8504, -7.1609, -7.4414, -4.9462,
    -4.2286, -1.1319, -2.5134, -5.7777, -2.3947, -2.8468, -1.6291, -3.9467, -3.5271, -0.1554,
    -0.0353, -0.5582, -4.2084, -2.2818, -1.0981,
  ]

#### win_rate
  Points: 35
  Min: 0.0000, Max: 0.5200, Mean: 0.2554
  Data: [
    0.0000, 0.0700, 0.0000, 0.0200, 0.0500, 0.1700, 0.0800, 0.0500, 0.1100, 0.0900,
    0.1000, 0.1300, 0.1700, 0.1600, 0.1800, 0.1900, 0.1800, 0.2300, 0.2200, 0.3200,
    0.3800, 0.5100, 0.4500, 0.2700, 0.4600, 0.4200, 0.4700, 0.3300, 0.3600, 0.5100,
    0.5200, 0.4700, 0.3500, 0.4400, 0.4800,
  ]

#### wins
  Points: 35
  Min: 0.0000, Max: 3835.0000, Mean: 1299.9429
  Data: [
    0.0000, 37.0000, 47.0000, 56.0000, 79.0000, 118.0000, 184.0000, 219.0000, 277.0000, 321.0000,
    363.0000, 451.0000, 490.0000, 560.0000, 634.0000, 710.0000, 800.0000, 872.0000, 952.0000, 1081.0000,
    1209.0000, 1387.0000, 1598.0000, 1698.0000, 1844.0000, 2033.0000, 2156.0000, 2305.0000, 2506.0000, 2797.0000,
    3205.0000, 3408.0000, 3587.0000, 3679.0000, 3835.0000,
  ]


### EPISODE
#### draw_rate_100
  Points: 35
  Min: 0.0000, Max: 0.0100, Mean: 0.0006
  Data: [
    0.0000, 0.0000, 0.0000, 0.0000, 0.0000, 0.0000, 0.0000, 0.0000, 0.0100, 0.0000,
    0.0000, 0.0000, 0.0000, 0.0000, 0.0000, 0.0000, 0.0000, 0.0000, 0.0000, 0.0100,
    0.0000, 0.0000, 0.0000, 0.0000, 0.0000, 0.0000, 0.0000, 0.0000, 0.0000, 0.0000,
    0.0000, 0.0000, 0.0000, 0.0000, 0.0000,
  ]

#### length_max
  Points: 35
  Min: 124.0000, Max: 251.0000, Mean: 247.3714
  Data: [
    124.0000, 251.0000, 251.0000, 251.0000, 251.0000, 251.0000, 251.0000, 251.0000, 251.0000, 251.0000,
    251.0000, 251.0000, 251.0000, 251.0000, 251.0000, 251.0000, 251.0000, 251.0000, 251.0000, 251.0000,
    251.0000, 251.0000, 251.0000, 251.0000, 251.0000, 251.0000, 251.0000, 251.0000, 251.0000, 251.0000,
    251.0000, 251.0000, 251.0000, 251.0000, 251.0000,
  ]

#### length_mean
  Points: 35
  Min: 95.8400, Max: 169.6000, Mean: 121.3460
  Data: [
    124.0000, 145.3200, 169.6000, 157.9700, 155.7300, 132.1300, 126.2700, 138.7600, 125.3300, 124.7100,
    116.0500, 130.9600, 131.2500, 115.3500, 105.2700, 120.0900, 110.6300, 98.3300, 96.5500, 109.7700,
    113.5500, 103.7400, 95.8400, 117.2200, 96.7100, 113.3300, 113.3300, 130.0800, 125.1400, 123.4000,
    120.4900, 125.5600, 114.2500, 97.0100, 123.3900,
  ]

#### length_min
  Points: 35
  Min: 14.0000, Max: 124.0000, Mean: 21.8000
  Data: [
    124.0000, 21.0000, 30.0000, 18.0000, 18.0000, 20.0000, 23.0000, 23.0000, 19.0000, 17.0000,
    17.0000, 19.0000, 17.0000, 19.0000, 17.0000, 19.0000, 17.0000, 20.0000, 18.0000, 18.0000,
    18.0000, 19.0000, 18.0000, 21.0000, 17.0000, 19.0000, 15.0000, 14.0000, 18.0000, 19.0000,
    18.0000, 19.0000, 18.0000, 18.0000, 18.0000,
  ]

#### length_std
  Points: 35
  Min: 0.0000, Max: 100.6201, Mean: 81.2955
  Data: [
    0.0000, 98.0972, 98.4100, 100.6201, 99.9656, 93.3018, 91.0600, 94.1620, 90.6842, 94.2476,
    84.3651, 91.8303, 88.0746, 85.8021, 87.1235, 84.7902, 79.0341, 75.6879, 72.7184, 78.4028,
    69.9703, 67.1072, 65.3487, 82.2717, 70.1158, 78.9382, 80.9354, 83.9946, 80.8433, 79.5784,
    80.1076, 81.8775, 83.5448, 75.4599, 76.8716,
  ]

#### reward_mean
  Points: 35
  Min: -26.2182, Max: -0.0353, Mean: -8.0615
  Data: [
    -14.0483, -19.1763, -26.2182, -25.6224, -22.1289, -10.0267, -11.3604, -12.8566, -10.7448, -10.2397,
    -10.3644, -10.2445, -8.8290, -9.1689, -8.4566, -7.9331, -8.8504, -7.1609, -7.4414, -4.9462,
    -4.2286, -1.1319, -2.5134, -5.7777, -2.3947, -2.8468, -1.6291, -3.9467, -3.5271, -0.1554,
    -0.0353, -0.5582, -4.2084, -2.2818, -1.0981,
  ]

#### reward_std
  Points: 35
  Min: 0.0000, Max: 17.0260, Mean: 9.9462
  Data: [
    0.0000, 15.4850, 15.4076, 17.0260, 16.7758, 9.2938, 7.6149, 7.2357, 8.1541, 7.6395,
    7.8213, 9.0008, 9.1896, 9.0726, 9.7244, 8.5946, 9.2023, 9.4586, 9.2371, 10.1605,
    10.3236, 10.6621, 10.3998, 9.3985, 10.8351, 9.9632, 10.2236, 9.7308, 10.3239, 9.9515,
    9.8509, 9.4140, 10.4692, 10.3368, 10.1385,
  ]

#### win_rate_100
  Points: 35
  Min: 0.0000, Max: 0.5200, Mean: 0.2554
  Data: [
    0.0000, 0.0700, 0.0000, 0.0200, 0.0500, 0.1700, 0.0800, 0.0500, 0.1100, 0.0900,
    0.1000, 0.1300, 0.1700, 0.1600, 0.1800, 0.1900, 0.1800, 0.2300, 0.2200, 0.3200,
    0.3800, 0.5100, 0.4500, 0.2700, 0.4600, 0.4200, 0.4700, 0.3300, 0.3600, 0.5100,
    0.5200, 0.4700, 0.3500, 0.4400, 0.4800,
  ]


### TIME
#### elapsed_hours
  Points: 35
  Min: 0.0015, Max: 10.5931, Mean: 5.3532
  Data: [
    0.0015, 0.2515, 0.4836, 0.8692, 1.2057, 1.5042, 1.8608, 2.2243, 2.6555, 2.9111,
    3.1809, 3.7240, 4.0019, 4.3007, 4.6635, 4.9691, 5.3011, 5.5507, 5.7550, 6.0440,
    6.3166, 6.6105, 6.9534, 7.1380, 7.3879, 7.7151, 7.9002, 8.1543, 8.4893, 8.9106,
    9.4748, 9.7880, 10.1480, 10.3255, 10.5931,
  ]

#### episodes_per_hour
  Points: 35
  Min: 1458.3341, Max: 334910.3004, Mean: 11103.3871
  Data: [
    334910.3004, 3344.4932, 2338.8579, 1853.3902, 1692.7630, 1616.1082, 1564.3892, 1533.5281, 1502.9122, 1494.5992,
    1490.4549, 1474.4728, 1464.5693, 1460.4572, 1458.3341, 1461.2209, 1465.9314, 1464.8715, 1470.1905, 1469.3796,
    1466.1340, 1472.0420, 1472.8144, 1476.7489, 1475.5171, 1475.1659, 1477.3078, 1475.4142, 1477.2749, 1473.6438,
    1470.3271, 1469.2516, 1469.3508, 1468.3012, 1468.0307,
  ]

#### gradient_steps_per_second
  Points: 35
  Min: 0.7428, Max: 1.5787, Mean: 1.4973
  Data: [
    0.7428, 1.5068, 1.4499, 1.4202, 1.4201, 1.4263, 1.4397, 1.4542, 1.4607, 1.4698,
    1.4814, 1.4891, 1.4885, 1.4936, 1.5012, 1.5118, 1.5240, 1.5275, 1.5370, 1.5407,
    1.5411, 1.5516, 1.5566, 1.5630, 1.5643, 1.5671, 1.5711, 1.5712, 1.5760, 1.5750,
    1.5751, 1.5757, 1.5779, 1.5776, 1.5787,
  ]

#### steps_per_second
  Points: 35
  Min: 23.0255, Max: 55.3792, Mean: 49.5989
  Data: [
    23.0255, 55.3792, 54.0552, 54.5800, 54.0156, 52.7379, 51.9069, 51.9261, 51.8307, 51.8044,
    51.8277, 51.5136, 51.3048, 51.1241, 50.8375, 50.6585, 50.4089, 50.0453, 49.8437, 49.4725,
    49.1453, 49.0207, 48.8060, 48.8210, 48.5317, 48.3666, 48.3893, 48.3053, 48.3938, 48.3353,
    48.2353, 48.3419, 48.4358, 48.2892, 48.2458,
  ]


### EVAL
#### draws
  Points: 14
  Min: 0.0000, Max: 7.0000, Mean: 3.2857
  Data: [
    6.0000, 7.0000, 4.0000, 2.0000, 3.0000, 6.0000, 2.0000, 3.0000, 0.0000, 1.0000,
    4.0000, 4.0000, 1.0000, 3.0000,
  ]

#### gif_weak
  Points: 14
  Error: float() argument must be a string or a real number, not 'dict'

#### losses
  Points: 14
  Min: 0.0000, Max: 6.0000, Mean: 3.7143
  Data: [
    3.0000, 2.0000, 4.0000, 6.0000, 6.0000, 4.0000, 4.0000, 4.0000, 3.0000, 4.0000,
    5.0000, 0.0000, 2.0000, 5.0000,
  ]

#### mean_reward
  Points: 14
  Min: -27.5982, Max: 4.5254, Mean: -6.9885
  Data: [
    -15.6846, -27.5982, -8.2189, -8.4929, -9.2395, -15.7777, -3.7633, -4.8909, 1.9912, -1.3641,
    -7.7964, 4.5254, 3.7893, -5.3180,
  ]

#### win_rate
  Points: 14
  Min: 0.0000, Max: 0.7000, Mean: 0.3000
  Data: [
    0.1000, 0.1000, 0.2000, 0.2000, 0.1000, 0.0000, 0.4000, 0.3000, 0.7000, 0.5000,
    0.1000, 0.6000, 0.7000, 0.2000,
  ]

#### wins
  Points: 14
  Min: 0.0000, Max: 7.0000, Mean: 3.0000
  Data: [
    1.0000, 1.0000, 2.0000, 2.0000, 1.0000, 0.0000, 4.0000, 3.0000, 7.0000, 5.0000,
    1.0000, 6.0000, 7.0000, 2.0000,
  ]


### WORLD
#### continue_actual_mean
  Points: 35
  Min: 0.9859, Max: 0.9970, Mean: 0.9920
  Data: [
    0.9970, 0.9960, 0.9879, 0.9940, 0.9899, 0.9929, 0.9879, 0.9899, 0.9940, 0.9970,
    0.9929, 0.9909, 0.9940, 0.9940, 0.9940, 0.9970, 0.9940, 0.9940, 0.9929, 0.9909,
    0.9909, 0.9869, 0.9929, 0.9919, 0.9889, 0.9879, 0.9919, 0.9940, 0.9940, 0.9909,
    0.9899, 0.9899, 0.9919, 0.9859, 0.9899,
  ]

#### continue_loss
  Points: 35
  Min: 0.0020, Max: 0.6307, Mean: 0.0333
  Data: [
    0.6307, 0.0186, 0.0423, 0.0233, 0.0233, 0.0133, 0.0355, 0.0423, 0.0173, 0.0050,
    0.0261, 0.0159, 0.0043, 0.0175, 0.0055, 0.0099, 0.0065, 0.0091, 0.0159, 0.0100,
    0.0279, 0.0281, 0.0057, 0.0123, 0.0229, 0.0136, 0.0020, 0.0108, 0.0024, 0.0059,
    0.0054, 0.0177, 0.0086, 0.0206, 0.0097,
  ]

#### continue_pred_mean
  Points: 35
  Min: 0.5325, Max: 0.9955, Mean: 0.9788
  Data: [
    0.5325, 0.9941, 0.9943, 0.9936, 0.9897, 0.9911, 0.9915, 0.9928, 0.9909, 0.9927,
    0.9946, 0.9909, 0.9928, 0.9945, 0.9910, 0.9952, 0.9955, 0.9929, 0.9934, 0.9888,
    0.9933, 0.9912, 0.9906, 0.9922, 0.9923, 0.9885, 0.9906, 0.9939, 0.9945, 0.9879,
    0.9870, 0.9913, 0.9928, 0.9869, 0.9918,
  ]

#### kl_loss
  Points: 35
  Min: -0.0000, Max: 2.7878, Mean: 2.2900
  Data: [
    -0.0000, 1.9562, 2.7245, 1.7071, 2.4002, 2.0165, 2.1112, 2.1129, 2.1318, 2.1876,
    2.1236, 2.2475, 2.2966, 2.2438, 2.1296, 2.3579, 2.2680, 2.3900, 2.4737, 2.3260,
    2.4765, 2.6565, 2.2169, 2.5353, 2.6338, 2.7878, 2.5694, 2.5597, 2.7053, 2.4894,
    2.4021, 2.6071, 2.5083, 2.4565, 2.3403,
  ]

#### latent_entropy
  Points: 35
  Min: 0.7700, Max: 2.7709, Mean: 1.0831
  Data: [
    2.7709, 0.9120, 0.7700, 0.8852, 0.8421, 0.8674, 0.8854, 0.9090, 0.9209, 0.9126,
    0.9218, 0.9600, 0.9906, 1.0064, 1.0326, 1.0364, 1.0535, 1.0757, 1.0815, 1.0912,
    1.0884, 1.0872, 1.1169, 1.1095, 1.0989, 1.1011, 1.0976, 1.1186, 1.1329, 1.1492,
    1.1698, 1.1601, 1.1763, 1.1785, 1.1982,
  ]

#### loss
  Points: 35
  Min: 19.4075, Max: 44.0150, Mean: 20.5195
  Data: [
    44.0150, 20.4907, 20.9991, 19.4075, 20.3311, 19.6747, 19.8011, 19.5773, 19.5571, 19.4936,
    19.5035, 19.6512, 19.6842, 19.5649, 19.4814, 19.6538, 19.6223, 19.7728, 19.8275, 19.6912,
    19.9326, 20.0420, 19.5561, 19.8383, 20.0662, 20.2359, 19.8689, 19.8221, 19.9877, 19.8791,
    19.7762, 19.9122, 19.8325, 19.9194, 19.7142,
  ]

#### prior_posterior_kl
  Points: 35
  Min: 0.0029, Max: 0.2185, Mean: 0.1874
  Data: [
    0.0029, 0.1673, 0.2124, 0.1514, 0.1947, 0.1723, 0.1773, 0.1785, 0.1799, 0.1834,
    0.1792, 0.1863, 0.1888, 0.1862, 0.1786, 0.1923, 0.1879, 0.1954, 0.2002, 0.1913,
    0.2004, 0.2104, 0.1850, 0.2039, 0.2096, 0.2185, 0.2064, 0.2057, 0.2139, 0.2010,
    0.1963, 0.2081, 0.2026, 0.1988, 0.1931,
  ]

#### recon_error_max
  Points: 35
  Min: 0.3633, Max: 2.0628, Mean: 0.9454
  Data: [
    2.0628, 0.9204, 1.4766, 1.4322, 1.1686, 1.1074, 1.1646, 0.7245, 0.8782, 0.3633,
    1.1578, 0.6412, 0.5453, 0.7219, 0.5801, 0.5187, 0.7705, 1.3177, 0.7141, 0.8987,
    1.1423, 0.6266, 0.6448, 0.7055, 1.4022, 1.3882, 0.5152, 1.1585, 0.5113, 1.4298,
    0.8457, 0.6483, 1.0634, 0.6576, 1.1845,
  ]

#### recon_error_mean
  Points: 35
  Min: 0.0255, Max: 0.6363, Mean: 0.0583
  Data: [
    0.6363, 0.1405, 0.1153, 0.0593, 0.0722, 0.0581, 0.0528, 0.0437, 0.0360, 0.0324,
    0.0319, 0.0306, 0.0328, 0.0298, 0.0255, 0.0327, 0.0316, 0.0346, 0.0330, 0.0328,
    0.0355, 0.0318, 0.0317, 0.0316, 0.0323, 0.0345, 0.0283, 0.0319, 0.0299, 0.0316,
    0.0314, 0.0325, 0.0341, 0.0331, 0.0283,
  ]

#### recon_error_std
  Points: 35
  Min: 0.0410, Max: 0.4040, Mean: 0.0733
  Data: [
    0.4040, 0.1256, 0.1187, 0.0825, 0.0824, 0.0854, 0.0652, 0.0627, 0.0577, 0.0410,
    0.0570, 0.0473, 0.0497, 0.0580, 0.0447, 0.0493, 0.0609, 0.0646, 0.0525, 0.0592,
    0.0753, 0.0529, 0.0609, 0.0550, 0.0696, 0.0768, 0.0467, 0.0670, 0.0440, 0.0663,
    0.0564, 0.0563, 0.0619, 0.0570, 0.0522,
  ]

#### recon_loss
  Points: 35
  Min: 16.7708, Max: 22.2677, Mean: 17.0656
  Data: [
    22.2677, 17.8055, 17.5789, 17.0745, 17.1904, 17.0638, 17.0163, 16.9338, 16.8647, 16.8327,
    16.8284, 16.8163, 16.8361, 16.8090, 16.7708, 16.8355, 16.8250, 16.8526, 16.8377, 16.8363,
    16.8602, 16.8270, 16.8263, 16.8256, 16.8314, 16.8518, 16.7955, 16.8278, 16.8096, 16.8249,
    16.8232, 16.8330, 16.8480, 16.8386, 16.7958,
  ]

#### reward_actual_mean
  Points: 35
  Min: -0.1522, Max: 0.0254, Mean: -0.0681
  Data: [
    -0.0700, -0.1070, -0.1349, -0.1069, -0.1321, -0.1522, -0.1229, -0.0922, -0.1300, -0.1025,
    -0.0866, -0.1148, -0.1058, -0.0934, -0.0756, -0.0472, -0.0990, -0.0491, -0.0766, -0.0887,
    -0.0688, -0.0532, -0.0730, -0.0713, -0.0103, 0.0181, 0.0243, -0.0347, 0.0203, -0.0808,
    -0.0013, 0.0150, -0.0489, -0.0561, 0.0254,
  ]

#### reward_loss
  Points: 35
  Min: 0.2947, Max: 5.4022, Mean: 0.5473
  Data: [
    5.4022, 0.5130, 0.4969, 0.4643, 0.4953, 0.4781, 0.4742, 0.4058, 0.4181, 0.3829,
    0.4088, 0.4810, 0.4485, 0.4380, 0.4518, 0.3569, 0.4225, 0.3688, 0.3712, 0.3924,
    0.4229, 0.3804, 0.4140, 0.3605, 0.3919, 0.3854, 0.3161, 0.3122, 0.2947, 0.4114,
    0.3679, 0.3115, 0.3381, 0.4003, 0.3787,
  ]

#### reward_pred_error_mean
  Points: 35
  Min: 0.0202, Max: 0.2550, Mean: 0.0664
  Data: [
    0.0832, 0.2401, 0.0736, 0.1591, 0.2550, 0.0607, 0.1328, 0.0449, 0.0703, 0.0281,
    0.0390, 0.0753, 0.0673, 0.0273, 0.0473, 0.0351, 0.0675, 0.0867, 0.0305, 0.0703,
    0.0389, 0.0462, 0.0311, 0.0393, 0.0353, 0.0769, 0.0436, 0.0336, 0.0283, 0.0758,
    0.0532, 0.0398, 0.0202, 0.0461, 0.0222,
  ]

#### reward_pred_error_std
  Points: 35
  Min: 0.3195, Max: 1.2575, Mean: 0.5921
  Data: [
    0.3195, 1.1234, 0.5287, 1.0536, 1.2575, 0.5335, 0.9494, 0.4971, 0.6766, 0.3607,
    0.4518, 0.6996, 0.6308, 0.3515, 0.5208, 0.4563, 0.6994, 0.7762, 0.3965, 0.6972,
    0.4865, 0.5646, 0.4271, 0.5364, 0.3897, 0.7107, 0.5753, 0.4991, 0.3343, 0.7714,
    0.6602, 0.5090, 0.3238, 0.6243, 0.3327,
  ]

#### reward_pred_mean
  Points: 35
  Min: -0.1795, Max: 0.0458, Mean: -0.0755
  Data: [
    -0.0246, -0.0614, -0.1771, -0.1479, -0.1613, -0.1657, -0.1795, -0.0950, -0.1469, -0.1196,
    -0.0844, -0.1320, -0.1510, -0.1028, -0.0750, -0.0404, -0.1573, -0.0984, -0.0964, -0.0982,
    -0.0717, -0.0496, -0.0495, -0.0818, -0.0005, 0.0360, 0.0458, -0.0649, 0.0280, -0.1217,
    0.0250, 0.0403, -0.0563, -0.0356, 0.0276,
  ]


### BEHAVIOR
#### actor_loss
  Points: 35
  Min: -1.0182, Max: 1.7772, Mean: 0.0870
  Data: [
    0.0311, 0.1361, 1.1751, 0.8716, 0.9637, 0.0799, 1.7772, -0.5933, 0.0436, -0.0466,
    0.1216, 0.9960, 1.6301, 0.2471, 0.0193, 0.2077, 1.1556, 0.0844, -0.0754, -0.0395,
    -0.1431, -0.6817, -0.0216, -0.2507, -0.0066, -0.2594, -0.4317, -0.1808, -0.6137, -0.5947,
    -1.0182, -0.1312, -0.1252, -0.7968, -0.4832,
  ]

#### advantages_abs_mean
  Points: 35
  Min: 0.0489, Max: 0.2566, Mean: 0.0801
  Data: [
    0.0541, 0.0966, 0.1177, 0.0551, 0.2566, 0.0960, 0.1141, 0.0845, 0.0628, 0.0668,
    0.0682, 0.0907, 0.1000, 0.0643, 0.0668, 0.0758, 0.0855, 0.0914, 0.0687, 0.0638,
    0.0610, 0.0683, 0.0671, 0.0558, 0.0683, 0.0489, 0.0578, 0.0591, 0.0662, 0.0967,
    0.0894, 0.0685, 0.0691, 0.0927, 0.0555,
  ]

#### advantages_max
  Points: 35
  Min: 0.0593, Max: 5.8243, Mean: 1.7240
  Data: [
    0.0593, 2.0515, 3.9500, 1.8828, 5.8243, 2.4374, 2.0448, 3.9299, 1.0145, 1.4193,
    4.0810, 1.0342, 2.0076, 1.2607, 1.4182, 1.5293, 1.3171, 1.3679, 1.3238, 1.0164,
    1.2584, 2.6491, 1.1134, 1.0402, 0.9843, 1.5506, 0.8636, 0.7902, 0.9533, 2.1927,
    1.4841, 1.3364, 0.8461, 1.1714, 1.1358,
  ]

#### advantages_mean
  Points: 35
  Min: -0.0613, Max: 0.0282, Mean: -0.0068
  Data: [
    -0.0530, -0.0089, -0.0574, -0.0303, -0.0326, -0.0051, -0.0613, 0.0174, -0.0032, 0.0006,
    -0.0051, -0.0298, -0.0473, -0.0095, -0.0020, -0.0100, -0.0385, -0.0029, 0.0005, -0.0006,
    0.0024, 0.0182, -0.0007, 0.0052, -0.0014, 0.0055, 0.0111, 0.0036, 0.0160, 0.0159,
    0.0282, 0.0023, 0.0024, 0.0208, 0.0129,
  ]

#### advantages_min
  Points: 35
  Min: -6.2802, Max: -0.1886, Mean: -1.6696
  Data: [
    -0.1886, -1.1294, -1.8894, -2.3298, -6.2802, -1.8882, -5.6397, -1.2782, -2.6132, -1.0760,
    -1.1542, -3.3448, -1.3130, -0.8422, -1.9510, -1.2328, -3.0731, -1.1521, -1.4120, -0.9712,
    -1.0646, -0.8109, -1.0264, -0.7815, -0.9566, -1.0671, -1.1165, -1.0483, -1.3700, -1.7895,
    -1.4749, -1.4891, -0.9934, -1.3757, -1.3121,
  ]

#### advantages_std
  Points: 35
  Min: 0.0316, Max: 0.5545, Mean: 0.1731
  Data: [
    0.0316, 0.1935, 0.2263, 0.1485, 0.5545, 0.2269, 0.2955, 0.2433, 0.1459, 0.1356,
    0.1821, 0.1848, 0.1857, 0.1286, 0.1405, 0.1780, 0.2124, 0.1821, 0.1613, 0.1492,
    0.1498, 0.1567, 0.1466, 0.1190, 0.1308, 0.1110, 0.1166, 0.1199, 0.1342, 0.2067,
    0.1729, 0.1511, 0.1353, 0.1798, 0.1202,
  ]

#### critic_loss
  Points: 35
  Min: 0.7350, Max: 5.5344, Mean: 1.5312
  Data: [
    5.5344, 1.4192, 0.9041, 0.7350, 1.4200, 1.0689, 1.1791, 1.0236, 1.0707, 0.9473,
    0.9804, 1.2513, 1.2502, 1.1292, 1.2125, 1.6209, 1.9010, 2.2117, 1.9916, 1.8242,
    1.6827, 2.0036, 1.7250, 1.7364, 1.7312, 1.5985, 1.6253, 1.4440, 1.1092, 1.2551,
    1.4067, 0.9980, 1.8084, 1.6562, 1.1376,
  ]

#### entropy_max
  Points: 35
  Min: 0.6147, Max: 13.6758, Mean: 13.3021
  Data: [
    0.6147, 13.6628, 13.6730, 13.6750, 13.6751, 13.6757, 13.6758, 13.6758, 13.6758, 13.6758,
    13.6758, 13.6758, 13.6758, 13.6758, 13.6758, 13.6758, 13.6758, 13.6758, 13.6758, 13.6758,
    13.6758, 13.6758, 13.6758, 13.6758, 13.6758, 13.6758, 13.6758, 13.6758, 13.6758, 13.6758,
    13.6758, 13.6758, 13.6758, 13.6758, 13.6758,
  ]

#### entropy_mean
  Points: 35
  Min: -0.3548, Max: 13.6757, Mean: 13.2168
  Data: [
    -0.3548, 13.6403, 13.6650, 13.6741, 13.6730, 13.6576, 13.6748, 13.6738, 13.6749, 13.6728,
    13.6730, 12.7157, 12.8179, 13.5754, 13.6655, 13.6719, 13.6748, 13.6753, 13.6742, 13.6756,
    13.6755, 13.6756, 13.6756, 13.6756, 13.6757, 13.6757, 13.6754, 13.6756, 13.6757, 13.6757,
    13.6757, 13.6757, 13.6675, 13.6660, 13.6754,
  ]

#### entropy_min
  Points: 35
  Min: -14.3242, Max: 13.6704, Mean: 9.0115
  Data: [
    -1.3156, 12.8659, 13.2496, 13.6512, 13.6460, 12.7288, 13.5300, 13.3281, 11.9060, 11.3870,
    12.7410, -14.3242, -14.3078, -11.3960, 6.4323, 11.8774, 13.3473, 13.3556, 5.2364, 13.6450,
    13.5282, 13.6556, 13.4083, 13.4208, 13.6642, 13.6483, 13.3893, 13.4653, 13.6438, 13.6639,
    13.5881, 13.6704, -5.3687, -5.5373, 11.9778,
  ]

#### entropy_std
  Points: 35
  Min: 0.0001, Max: 4.6400, Mean: 0.3221
  Data: [
    0.2370, 0.0422, 0.0185, 0.0017, 0.0018, 0.0554, 0.0051, 0.0105, 0.0180, 0.0366,
    0.0136, 4.6400, 4.2406, 1.0327, 0.1070, 0.0256, 0.0052, 0.0034, 0.0722, 0.0007,
    0.0015, 0.0004, 0.0028, 0.0038, 0.0003, 0.0006, 0.0051, 0.0025, 0.0007, 0.0002,
    0.0011, 0.0001, 0.3023, 0.3669, 0.0169,
  ]

#### logprobs_mean
  Points: 35
  Min: 0.5710, Max: 35.7195, Mean: 31.4313
  Data: [
    0.5710, 20.9832, 21.9753, 30.1349, 28.9215, 26.7139, 29.3046, 29.7778, 31.1452, 30.4442,
    31.5340, 33.3394, 33.8188, 32.3749, 32.4879, 32.7555, 33.3575, 34.0487, 34.5574, 34.2009,
    34.0203, 34.7728, 34.4367, 34.5840, 35.1113, 35.4259, 35.7195, 34.7153, 33.8632, 33.9941,
    34.4383, 34.0772, 33.8480, 34.3236, 34.3184,
  ]

#### logprobs_std
  Points: 35
  Min: 1.2814, Max: 9.6355, Mean: 7.9124
  Data: [
    1.2814, 9.4593, 9.3497, 8.5606, 8.6624, 9.1195, 8.5711, 8.7116, 8.5172, 8.5936,
    8.5795, 9.6355, 9.1841, 8.3017, 8.1054, 8.0357, 7.8253, 7.6340, 7.4203, 7.6043,
    7.8325, 7.3851, 7.6617, 7.6184, 7.4172, 7.2589, 7.1239, 7.6069, 7.9398, 7.6948,
    7.5647, 7.6359, 7.6753, 7.6929, 7.6741,
  ]


### VALUES
#### lambda_returns_max
  Points: 35
  Min: 0.0593, Max: 56.3642, Mean: 25.7598
  Data: [
    0.0593, 34.2018, 35.7403, 26.0894, 56.3642, 33.0729, 32.9820, 54.3676, 2.5649, 6.3763,
    47.2731, 11.1661, 26.7593, 14.9207, 16.2964, 22.8812, 25.2024, 22.5990, 19.5421, 20.9879,
    21.3080, 53.9127, 19.8839, 21.5763, 18.8148, 36.5872, 19.6602, 22.0196, 19.9281, 30.5701,
    40.4515, 29.4019, 19.5687, 19.8347, 18.6298,
  ]

#### lambda_returns_mean
  Points: 35
  Min: -32.6678, Max: 11.0714, Mean: -4.7621
  Data: [
    -0.0530, -12.2019, -30.4115, -32.6678, -16.5564, -15.8266, -16.0009, -14.0882, -12.7272, -11.8995,
    -11.2373, -11.2724, -11.6285, -11.0355, -8.9829, -5.0276, -5.9171, -2.5976, -2.7863, -1.3336,
    -3.5911, -0.1540, -0.8375, 0.9950, 2.7827, 3.1133, 4.1019, 5.1805, 9.2908, 9.1900,
    11.0714, 9.9819, 3.8590, 4.1268, 8.4663,
  ]

#### lambda_returns_min
  Points: 35
  Min: -101.7912, Max: -0.1886, Mean: -33.0345
  Data: [
    -0.1886, -27.6668, -54.4213, -75.8485, -77.9603, -41.2623, -101.7912, -26.9156, -45.2686, -26.9161,
    -22.7779, -58.8030, -30.9962, -20.9153, -33.3588, -21.5162, -73.2860, -35.8036, -45.4918, -27.9075,
    -28.3890, -17.8727, -19.8477, -18.1388, -17.6780, -22.4352, -23.9222, -28.8639, -17.6100, -21.1978,
    -18.8866, -17.3542, -18.1015, -18.7233, -18.0908,
  ]

#### lambda_returns_std
  Points: 35
  Min: 0.0316, Max: 8.1973, Mean: 5.5681
  Data: [
    0.0316, 6.5954, 4.6362, 7.5351, 7.7176, 5.8998, 6.8090, 5.9865, 5.0586, 3.3763,
    4.3166, 4.8424, 5.5373, 4.9084, 4.7709, 4.5159, 8.1973, 6.0825, 6.6619, 5.5731,
    7.2665, 6.1406, 6.4504, 5.9417, 6.8955, 6.3514, 5.1256, 6.2202, 4.0590, 6.2860,
    6.2473, 4.2772, 5.0672, 5.0157, 4.4879,
  ]

#### max
  Points: 35
  Min: -2.0915, Max: 19.1861, Mean: 8.2932
  Data: [
    0.0000, 0.7811, -2.0915, -0.1945, 2.7130, 0.7834, 1.9974, 7.6293, 1.9579, -0.5895,
    7.6027, 7.0974, 4.7701, 4.1845, 3.8596, 4.9471, 6.1260, 7.1677, 6.5580, 9.5065,
    10.4503, 11.8361, 11.3300, 12.1697, 14.1641, 14.8380, 13.1770, 14.9128, 16.2533, 16.4750,
    19.1861, 17.7630, 12.8839, 15.1520, 14.8631,
  ]

#### mean
  Points: 35
  Min: -32.0337, Max: 10.6866, Mean: -4.6714
  Data: [
    -0.0000, -12.0558, -29.6919, -32.0337, -16.2620, -15.7821, -15.1076, -14.3368, -12.6680, -11.8998,
    -11.1708, -10.8725, -10.9207, -10.8931, -8.9380, -4.8740, -5.2060, -2.5223, -2.7780, -1.3053,
    -3.6006, -0.4655, -0.7647, 0.9286, 2.8192, 3.0215, 3.9124, 5.1457, 9.0732, 9.0629,
    10.6866, 9.9852, 3.8503, 3.8716, 8.2922,
  ]

#### min
  Points: 35
  Min: -38.3191, Max: -0.0000, Mean: -19.6858
  Data: [
    -0.0000, -16.1232, -33.7223, -38.3191, -24.8939, -25.4897, -25.5884, -24.1848, -19.5553, -22.7603,
    -18.2909, -31.3844, -21.3600, -19.7075, -21.2078, -17.1865, -21.0759, -29.7097, -24.8681, -19.3247,
    -21.0346, -16.9391, -16.4532, -16.8037, -13.9599, -15.8924, -15.3980, -16.5833, -12.2428, -14.6502,
    -15.0982, -14.6458, -15.2616, -15.4056, -13.8815,
  ]

#### norm_high
  Points: 35
  Min: -21.6375, Max: 16.0056, Mean: 1.7571
  Data: [
    0.0001, 0.6025, -21.6375, -16.1629, -9.3804, -7.0203, -5.7114, -6.7227, -5.5903, -6.1550,
    -4.4623, -4.6945, -3.3987, -2.7675, -2.0065, -0.1432, 1.8323, 1.9802, 1.7683, 2.0219,
    3.1822, 4.1751, 4.7994, 6.6918, 9.8852, 10.8347, 9.7238, 11.2221, 12.5392, 12.9946,
    16.0056, 13.5718, 10.3640, 11.3279, 11.8299,
  ]

#### norm_low
  Points: 35
  Min: -37.5990, Max: 0.5796, Mean: -13.9269
  Data: [
    -0.0039, -15.7346, -34.4517, -37.5990, -19.0712, -21.1583, -20.9960, -20.0351, -19.3869, -17.3270,
    -16.2734, -17.8623, -18.4187, -16.9658, -16.7274, -15.5537, -16.0918, -15.0244, -15.9981, -17.5327,
    -14.4097, -15.0288, -12.3238, -13.2024, -11.1210, -10.5694, -11.2613, -9.0989, -2.8985, -0.3888,
    -0.1820, 0.5796, -8.1621, -2.9300, -4.2310,
  ]

#### norm_scale
  Points: 35
  Min: 0.0040, Max: 21.4361, Mean: 15.6840
  Data: [
    0.0040, 16.3370, 12.8141, 21.4361, 9.6908, 14.1379, 15.2846, 13.3124, 13.7966, 11.1719,
    11.8111, 13.1679, 15.0199, 14.1983, 14.7209, 15.4105, 17.9241, 17.0046, 17.7664, 19.5546,
    17.5919, 19.2039, 17.1232, 19.8943, 21.0062, 21.4040, 20.9851, 20.3210, 15.4377, 13.3834,
    16.1876, 12.9922, 18.5261, 14.2578, 16.0609,
  ]

#### std
  Points: 35
  Min: 0.0000, Max: 6.9491, Mean: 4.7198
  Data: [
    0.0000, 5.2966, 3.8476, 6.7287, 5.1960, 4.9982, 4.9299, 4.5624, 4.6656, 3.1620,
    3.6471, 4.3349, 4.8669, 4.6426, 4.2496, 3.1902, 6.9491, 5.3846, 5.8502, 4.3080,
    6.5747, 5.0124, 5.6671, 5.1318, 6.1131, 5.5761, 4.2803, 5.4809, 3.5081, 5.0677,
    5.8357, 3.6281, 4.1234, 4.1232, 4.2608,
  ]


### IMAGINATION
#### continue_mean
  Points: 35
  Min: 0.5504, Max: 0.9963, Mean: 0.9800
  Data: [
    0.5504, 0.9963, 0.9939, 0.9960, 0.9902, 0.9901, 0.9908, 0.9920, 0.9939, 0.9915,
    0.9926, 0.9929, 0.9917, 0.9932, 0.9919, 0.9941, 0.9945, 0.9933, 0.9949, 0.9907,
    0.9932, 0.9929, 0.9886, 0.9935, 0.9936, 0.9914, 0.9932, 0.9942, 0.9938, 0.9883,
    0.9912, 0.9926, 0.9926, 0.9913, 0.9934,
  ]

#### continue_min
  Points: 35
  Min: 0.0005, Max: 0.5155, Mean: 0.0401
  Data: [
    0.5155, 0.3376, 0.0924, 0.1776, 0.0712, 0.0339, 0.0154, 0.0204, 0.0092, 0.0058,
    0.0079, 0.0052, 0.0133, 0.0033, 0.0016, 0.0014, 0.0282, 0.0028, 0.0290, 0.0012,
    0.0092, 0.0006, 0.0007, 0.0007, 0.0051, 0.0011, 0.0006, 0.0005, 0.0027, 0.0029,
    0.0007, 0.0011, 0.0012, 0.0015, 0.0006,
  ]

#### reward_abs_mean
  Points: 35
  Min: 0.0302, Max: 0.3953, Mean: 0.1578
  Data: [
    0.0302, 0.2309, 0.2781, 0.2268, 0.3953, 0.2293, 0.2782, 0.1521, 0.1351, 0.1342,
    0.1449, 0.1656, 0.2215, 0.1267, 0.1336, 0.1286, 0.2172, 0.1405, 0.1151, 0.1482,
    0.1461, 0.1428, 0.1637, 0.1139, 0.1145, 0.1376, 0.1049, 0.1024, 0.0944, 0.2040,
    0.1450, 0.1022, 0.1160, 0.1271, 0.0766,
  ]

#### reward_max
  Points: 35
  Min: 0.0747, Max: 9.9994, Mean: 9.4001
  Data: [
    0.0747, 8.7621, 8.5145, 9.6472, 9.3068, 9.5200, 9.5820, 9.6859, 9.6263, 7.7067,
    9.7093, 8.6916, 9.7270, 9.3124, 9.8955, 9.7730, 9.9090, 9.8714, 9.9897, 9.9732,
    9.9595, 9.9912, 9.9954, 9.9700, 9.9252, 9.9518, 9.9945, 9.9871, 9.9920, 9.9994,
    9.9965, 9.9848, 9.9930, 9.9941, 9.9901,
  ]

#### reward_mean
  Points: 35
  Min: -0.2500, Max: 0.0372, Mean: -0.0729
  Data: [
    -0.0264, -0.0458, -0.2500, -0.1855, -0.1364, -0.0974, -0.2105, -0.0429, -0.1258, -0.1261,
    -0.1049, -0.1475, -0.1991, -0.1028, -0.1030, -0.0455, -0.1671, -0.0713, -0.0465, -0.0476,
    -0.0653, -0.0249, -0.0974, -0.0534, 0.0088, 0.0178, -0.0105, -0.0356, 0.0372, -0.0399,
    0.0235, 0.0153, -0.0398, -0.0247, 0.0205,
  ]

#### reward_min
  Points: 35
  Min: -10.2791, Max: -0.1406, Mean: -9.9223
  Data: [
    -0.1406, -9.5518, -10.1331, -10.1776, -10.2534, -10.2038, -10.2791, -10.1913, -10.2760, -10.2267,
    -10.2167, -10.2302, -10.2460, -10.2440, -10.2160, -10.1795, -10.2280, -10.2272, -10.2428, -10.2332,
    -10.2482, -10.2195, -10.2579, -10.2728, -10.1982, -10.2350, -10.2223, -10.2658, -10.2268, -10.2392,
    -10.2468, -10.2661, -10.2297, -10.2230, -10.2316,
  ]

#### reward_nonzero_frac
  Points: 35
  Min: 0.0028, Max: 0.6824, Mean: 0.2071
  Data: [
    0.0028, 0.6824, 0.6129, 0.6052, 0.4295, 0.3699, 0.3522, 0.3668, 0.3889, 0.3096,
    0.2869, 0.2113, 0.1555, 0.2028, 0.1482, 0.1718, 0.1514, 0.1299, 0.1684, 0.0999,
    0.1430, 0.1156, 0.1535, 0.1324, 0.0825, 0.0647, 0.0863, 0.1029, 0.0734, 0.0886,
    0.0981, 0.0552, 0.0842, 0.0896, 0.0315,
  ]

#### reward_significant_frac
  Points: 35
  Min: 0.0000, Max: 0.0512, Mean: 0.0157
  Data: [
    0.0000, 0.0340, 0.0284, 0.0176, 0.0512, 0.0228, 0.0271, 0.0111, 0.0082, 0.0094,
    0.0101, 0.0140, 0.0220, 0.0099, 0.0114, 0.0121, 0.0229, 0.0151, 0.0098, 0.0156,
    0.0135, 0.0147, 0.0143, 0.0106, 0.0136, 0.0156, 0.0111, 0.0090, 0.0106, 0.0221,
    0.0168, 0.0106, 0.0120, 0.0130, 0.0081,
  ]

#### reward_std
  Points: 35
  Min: 0.0255, Max: 1.5501, Mean: 0.9492
  Data: [
    0.0255, 0.7811, 1.1638, 0.9812, 1.5501, 1.1052, 1.3297, 0.8109, 0.7218, 0.7683,
    0.8310, 0.9670, 1.2570, 0.8130, 0.8709, 0.8187, 1.2333, 0.9485, 0.8145, 1.0482,
    0.9751, 1.0384, 1.0860, 0.8790, 0.8554, 1.0317, 0.8865, 0.8575, 0.8290, 1.2963,
    1.0435, 0.8936, 0.9350, 0.9994, 0.7778,
  ]


### ACTIONS
#### abs_mean
  Points: 35
  Min: 0.1831, Max: 0.9811, Mean: 0.9480
  Data: [
    0.1831, 0.9271, 0.9401, 0.9677, 0.9606, 0.9500, 0.9638, 0.9687, 0.9654, 0.9650,
    0.9666, 0.9744, 0.9748, 0.9689, 0.9715, 0.9702, 0.9721, 0.9755, 0.9751, 0.9747,
    0.9736, 0.9791, 0.9775, 0.9785, 0.9764, 0.9811, 0.9803, 0.9804, 0.9778, 0.9774,
    0.9756, 0.9768, 0.9755, 0.9786, 0.9764,
  ]

#### dim0_mean
  Points: 35
  Min: -0.0962, Max: 0.9565, Mean: 0.5489
  Data: [
    -0.0345, 0.5715, 0.3334, 0.9220, 0.9565, 0.6022, 0.8916, 0.8453, 0.8736, 0.7135,
    0.6228, 0.4822, 0.4823, 0.3669, 0.5612, 0.4840, 0.8190, 0.9455, 0.7708, 0.7542,
    0.6443, 0.9542, 0.7247, 0.6582, 0.4777, 0.5863, 0.6730, 0.3723, 0.3681, 0.3506,
    0.1285, -0.0962, -0.0657, 0.2397, 0.2331,
  ]

#### dim1_mean
  Points: 35
  Min: -0.8130, Max: 0.9216, Mean: 0.0209
  Data: [
    0.0479, 0.3612, 0.7542, 0.9216, -0.8130, -0.3793, -0.2299, -0.3019, -0.3807, -0.1335,
    0.2076, -0.2008, 0.0780, -0.0869, 0.1931, -0.1314, 0.0651, 0.1265, 0.2389, 0.1826,
    0.0224, 0.1756, 0.2207, 0.0616, 0.0818, -0.0684, 0.1843, -0.0173, 0.1064, 0.0075,
    -0.0990, -0.1846, -0.2610, 0.0372, -0.0540,
  ]

#### dim2_mean
  Points: 35
  Min: -0.1924, Max: 0.3380, Mean: -0.0253
  Data: [
    0.0270, -0.1111, -0.1924, 0.3380, -0.0203, -0.0485, 0.2690, 0.0185, -0.0453, 0.0752,
    0.0269, 0.0067, -0.0145, -0.0252, -0.0160, -0.1132, -0.0942, -0.1048, -0.1199, -0.0584,
    -0.0789, -0.0636, -0.0781, -0.0565, -0.0691, -0.0356, -0.0577, 0.0165, -0.0439, -0.0310,
    0.0184, -0.0735, -0.0507, -0.0041, -0.0753,
  ]

#### dim3_mean
  Points: 35
  Min: 0.0476, Max: 0.9114, Mean: 0.6532
  Data: [
    0.0476, 0.1181, 0.1596, 0.8269, 0.7014, 0.3205, 0.6653, 0.6486, 0.6892, 0.6301,
    0.6617, 0.4894, 0.5013, 0.4400, 0.5757, 0.5002, 0.7735, 0.8777, 0.7583, 0.7569,
    0.7180, 0.9114, 0.7904, 0.7175, 0.6206, 0.7357, 0.7798, 0.6131, 0.6708, 0.7638,
    0.8905, 0.9002, 0.7892, 0.9111, 0.9067,
  ]

#### max
  Points: 35
  Min: 0.7291, Max: 1.0000, Mean: 0.9923
  Data: [
    0.7291, 1.0000, 1.0000, 1.0000, 1.0000, 1.0000, 1.0000, 1.0000, 1.0000, 1.0000,
    1.0000, 1.0000, 1.0000, 1.0000, 1.0000, 1.0000, 1.0000, 1.0000, 1.0000, 1.0000,
    1.0000, 1.0000, 1.0000, 1.0000, 1.0000, 1.0000, 1.0000, 1.0000, 1.0000, 1.0000,
    1.0000, 1.0000, 1.0000, 1.0000, 1.0000,
  ]

#### mean
  Points: 35
  Min: 0.0220, Max: 0.7521, Mean: 0.2994
  Data: [
    0.0220, 0.2349, 0.2637, 0.7521, 0.2061, 0.1237, 0.3990, 0.3026, 0.2842, 0.3213,
    0.3798, 0.1944, 0.2618, 0.1737, 0.3285, 0.1849, 0.3908, 0.4612, 0.4120, 0.4088,
    0.3264, 0.4944, 0.4144, 0.3452, 0.2778, 0.3045, 0.3948, 0.2461, 0.2754, 0.2727,
    0.2346, 0.1365, 0.1029, 0.2960, 0.2526,
  ]

#### min
  Points: 35
  Min: -1.0000, Max: -0.8137, Mean: -0.9947
  Data: [
    -0.8137, -1.0000, -1.0000, -1.0000, -1.0000, -1.0000, -1.0000, -1.0000, -1.0000, -1.0000,
    -1.0000, -1.0000, -1.0000, -1.0000, -1.0000, -1.0000, -1.0000, -1.0000, -1.0000, -1.0000,
    -1.0000, -1.0000, -1.0000, -1.0000, -1.0000, -1.0000, -1.0000, -1.0000, -1.0000, -1.0000,
    -1.0000, -1.0000, -1.0000, -1.0000, -1.0000,
  ]

#### std
  Points: 35
  Min: 0.2258, Max: 0.9768, Mean: 0.8993
  Data: [
    0.2258, 0.9171, 0.9188, 0.6228, 0.9496, 0.9552, 0.8877, 0.9291, 0.9325, 0.9198,
    0.8993, 0.9619, 0.9462, 0.9620, 0.9230, 0.9610, 0.8984, 0.8671, 0.8915, 0.8925,
    0.9253, 0.8519, 0.8925, 0.9218, 0.9427, 0.9383, 0.9035, 0.9541, 0.9451, 0.9453,
    0.9543, 0.9736, 0.9768, 0.9390, 0.9500,
  ]


### GRADIENTS
#### actor_norm
  Points: 35
  Min: 0.0050, Max: 7.0196, Mean: 0.3044
  Data: [
    0.0350, 0.0066, 0.0050, 0.0067, 0.0277, 0.0140, 0.0201, 0.0166, 0.0108, 0.0111,
    0.0182, 7.0196, 2.4245, 0.3846, 0.0132, 0.0151, 0.0253, 0.0162, 0.0141, 0.0184,
    0.0191, 0.0171, 0.0163, 0.0128, 0.0165, 0.0152, 0.0169, 0.0202, 0.0226, 0.0296,
    0.0276, 0.0217, 0.1857, 0.1134, 0.0169,
  ]

#### critic_norm
  Points: 35
  Min: 0.2782, Max: 1.1627, Mean: 0.5795
  Data: [
    0.9364, 0.6221, 0.9208, 0.4409, 0.5590, 0.2782, 0.6880, 0.9187, 0.4361, 0.5008,
    0.5407, 0.7742, 0.5025, 0.4913, 0.4402, 1.0348, 0.4518, 0.7506, 0.6019, 0.5424,
    0.5088, 0.8332, 0.4459, 0.3663, 0.6725, 0.5283, 0.4016, 0.4931, 0.3527, 0.3642,
    0.5570, 0.3205, 0.4955, 1.1627, 0.3495,
  ]

#### world_model_norm
  Points: 35
  Min: 3.1889, Max: 13.0300, Mean: 6.4856
  Data: [
    10.1067, 4.8124, 5.2381, 4.3282, 4.1188, 3.5429, 4.9843, 3.1889, 7.3866, 9.5693,
    4.8584, 4.7084, 5.9217, 9.6544, 4.5167, 4.0864, 4.8547, 8.5114, 6.6595, 4.6934,
    5.0527, 7.6819, 5.4787, 5.5615, 5.7132, 8.7125, 7.8152, 7.5668, 8.7955, 8.0167,
    7.2847, 5.9399, 6.7606, 7.8452, 13.0300,
  ]


### SPARSE_SIGNAL
#### advantage_nonzero_frac
  Points: 35
  Min: 0.5451, Max: 0.9378, Mean: 0.7183
  Data: [
    0.9378, 0.8833, 0.8874, 0.7792, 0.9258, 0.7864, 0.7635, 0.7814, 0.7257, 0.7692,
    0.7286, 0.7788, 0.7544, 0.7367, 0.7305, 0.7674, 0.6426, 0.6915, 0.6280, 0.5451,
    0.5845, 0.6164, 0.6704, 0.6511, 0.7164, 0.5842, 0.6154, 0.6352, 0.6401, 0.7244,
    0.6892, 0.7149, 0.7262, 0.7727, 0.5570,
  ]

#### advantage_significant_frac
  Points: 35
  Min: 0.0708, Max: 0.4604, Mean: 0.1901
  Data: [
    0.0708, 0.1975, 0.2605, 0.0847, 0.4604, 0.1928, 0.2170, 0.1637, 0.1638, 0.1698,
    0.1613, 0.2249, 0.2808, 0.1786, 0.1722, 0.1673, 0.1763, 0.2504, 0.1694, 0.1544,
    0.1408, 0.1692, 0.1580, 0.1390, 0.2019, 0.1308, 0.1704, 0.1767, 0.1870, 0.2450,
    0.2488, 0.1707, 0.1966, 0.2411, 0.1594,
  ]

#### event_rate_in_batch
  Points: 35
  Min: 0.0010, Max: 0.0111, Mean: 0.0061
  Data: [
    0.0010, 0.0020, 0.0050, 0.0030, 0.0071, 0.0060, 0.0081, 0.0030, 0.0040, 0.0030,
    0.0030, 0.0071, 0.0060, 0.0040, 0.0060, 0.0020, 0.0060, 0.0050, 0.0050, 0.0081,
    0.0060, 0.0091, 0.0071, 0.0060, 0.0081, 0.0101, 0.0081, 0.0050, 0.0060, 0.0091,
    0.0101, 0.0071, 0.0071, 0.0111, 0.0101,
  ]

#### lambda_return_abs_mean
  Points: 35
  Min: 0.0541, Max: 32.7469, Mean: 9.9566
  Data: [
    0.0541, 12.8032, 30.4473, 32.7469, 17.3506, 16.2939, 16.3041, 14.6607, 12.7356, 11.9076,
    11.4213, 11.3289, 11.7269, 11.1451, 9.1133, 5.6202, 6.6436, 4.0559, 4.0324, 3.1734,
    5.2500, 3.6301, 4.8015, 4.5722, 6.5387, 5.5115, 5.2711, 7.1390, 9.6440, 10.5415,
    11.6018, 10.5739, 5.2968, 5.8009, 8.7442,
  ]

#### lambda_return_nonzero_frac
  Points: 35
  Min: 0.0708, Max: 1.0000, Mean: 0.9567
  Data: [
    0.0708, 0.9959, 1.0000, 0.9999, 0.9995, 0.9996, 1.0000, 0.9998, 0.9988, 0.9999,
    0.9996, 0.9986, 0.9999, 1.0000, 0.9996, 0.9980, 0.9253, 0.9151, 0.8702, 0.9647,
    0.9646, 0.9479, 0.9889, 0.9894, 0.9964, 0.9923, 0.9433, 0.9988, 0.9963, 0.9998,
    0.9991, 0.9996, 0.9677, 0.9924, 0.9726,
  ]

#### lambda_return_significant_frac
  Points: 35
  Min: 0.0000, Max: 0.9999, Mean: 0.8631
  Data: [
    0.0000, 0.9353, 0.9999, 0.9991, 0.9916, 0.9934, 0.9999, 0.9988, 0.9935, 0.9989,
    0.9949, 0.9861, 0.9989, 0.9983, 0.9959, 0.9471, 0.6694, 0.6183, 0.5739, 0.5636,
    0.6608, 0.6496, 0.8507, 0.8688, 0.9417, 0.7550, 0.7611, 0.9006, 0.9536, 0.9961,
    0.9382, 0.9936, 0.8458, 0.9441, 0.8927,
  ]

#### nonsparse_pred_error
  Points: 35
  Min: 0.0129, Max: 0.2550, Mean: 0.0654
  Data: [
    0.0732, 0.2394, 0.0731, 0.1589, 0.2550, 0.0596, 0.1316, 0.0443, 0.0705, 0.0281,
    0.0388, 0.0750, 0.0676, 0.0226, 0.0470, 0.0350, 0.0674, 0.0866, 0.0305, 0.0704,
    0.0382, 0.0459, 0.0305, 0.0380, 0.0322, 0.0768, 0.0437, 0.0331, 0.0273, 0.0763,
    0.0535, 0.0398, 0.0196, 0.0460, 0.0129,
  ]

#### num_sparse_events
  Points: 35
  Min: 1.0000, Max: 11.0000, Mean: 6.0857
  Data: [
    1.0000, 2.0000, 5.0000, 3.0000, 7.0000, 6.0000, 8.0000, 3.0000, 4.0000, 3.0000,
    3.0000, 7.0000, 6.0000, 4.0000, 6.0000, 2.0000, 6.0000, 5.0000, 5.0000, 8.0000,
    6.0000, 9.0000, 7.0000, 6.0000, 8.0000, 10.0000, 8.0000, 5.0000, 6.0000, 9.0000,
    10.0000, 7.0000, 7.0000, 11.0000, 10.0000,
  ]

#### reward_max
  Points: 35
  Min: 0.0000, Max: 10.0000, Mean: 7.7143
  Data: [
    10.0000, 0.0000, 0.0000, 10.0000, 10.0000, 0.0000, 10.0000, 10.0000, 0.0000, 0.0000,
    10.0000, 10.0000, 0.0000, 0.0000, 10.0000, 10.0000, 0.0000, 10.0000, 10.0000, 10.0000,
    10.0000, 10.0000, 10.0000, 10.0000, 10.0000, 10.0000, 10.0000, 10.0000, 10.0000, 10.0000,
    10.0000, 10.0000, 10.0000, 10.0000, 10.0000,
  ]

#### reward_min
  Points: 35
  Min: -10.3147, Max: -0.2999, Mean: -9.9691
  Data: [
    -0.2999, -10.2808, -10.2989, -10.2107, -10.3147, -10.2849, -10.3031, -10.2466, -10.2975, -10.2575,
    -10.2364, -10.3040, -10.2823, -10.2650, -10.2489, -10.1729, -10.2455, -10.2734, -10.2394, -10.2454,
    -10.2688, -10.2562, -10.2553, -10.2539, -10.2189, -10.2353, -10.2291, -10.2489, -10.1852, -10.2419,
    -10.2468, -10.2362, -10.2509, -10.2332, -10.2498,
  ]

#### reward_range
  Points: 35
  Min: 10.2455, Max: 20.3147, Mean: 17.6834
  Data: [
    10.2999, 10.2808, 10.2989, 20.2107, 20.3147, 10.2849, 20.3031, 20.2466, 10.2975, 10.2575,
    20.2364, 20.3040, 10.2823, 10.2650, 20.2489, 20.1729, 10.2455, 20.2734, 20.2394, 20.2454,
    20.2688, 20.2562, 20.2553, 20.2539, 20.2189, 20.2353, 20.2291, 20.2489, 20.1852, 20.2419,
    20.2468, 20.2362, 20.2509, 20.2332, 20.2498,
  ]

#### reward_variance
  Points: 35
  Min: 0.1068, Max: 1.1387, Mean: 0.6321
  Data: [
    0.1068, 0.2146, 0.5197, 0.3129, 0.7333, 0.6231, 0.8342, 0.3177, 0.4226, 0.3173,
    0.3163, 0.7325, 0.6315, 0.4188, 0.6247, 0.2091, 0.6267, 0.5242, 0.5236, 0.8318,
    0.6269, 0.9360, 0.7306, 0.6234, 0.8214, 1.0241, 0.8172, 0.5194, 0.6114, 0.9340,
    1.0305, 0.7170, 0.7282, 1.1387, 1.0243,
  ]

#### sparse_actual_mean
  Points: 35
  Min: -10.2720, Max: 10.0000, Mean: -3.7037
  Data: [
    10.0000, -10.2720, -10.2015, -3.4346, -7.3570, -10.2112, -7.6975, -3.4962, -10.2465, -10.2315,
    -3.4787, -7.3527, -10.2598, -10.2146, -3.4845, -0.0865, -10.2181, -2.1584, -6.1726, -7.6772,
    -3.4931, -3.4859, -4.4491, -6.8226, 2.4336, 3.9370, 4.9482, -2.1278, 6.6358, -5.7122,
    1.9075, 4.2209, -4.4414, -2.8571, 3.9290,
  ]

#### sparse_pred_error
  Points: 35
  Min: 0.0229, Max: 10.0084, Mean: 0.4768
  Data: [
    10.0084, 0.6233, 0.1742, 0.2169, 0.2473, 0.2356, 0.2833, 0.2357, 0.0350, 0.0370,
    0.0930, 0.1163, 0.0286, 1.2051, 0.1055, 0.0973, 0.0773, 0.1217, 0.0478, 0.0628,
    0.1549, 0.0723, 0.1110, 0.2514, 0.4176, 0.0911, 0.0294, 0.1331, 0.2069, 0.0233,
    0.0229, 0.0278, 0.1105, 0.0492, 0.9355,
  ]

#### sparse_pred_mean
  Points: 35
  Min: -10.2368, Max: 6.5961, Mean: -3.9459
  Data: [
    -0.0084, -9.6488, -10.0274, -3.4706, -7.4348, -9.9756, -7.6176, -3.5627, -10.2368, -10.1945,
    -3.5618, -7.3896, -10.2325, -9.0240, -3.4739, -0.1444, -10.1408, -2.1629, -6.1501, -7.6334,
    -3.3591, -3.4489, -4.3525, -6.5963, 2.3048, 3.8492, 4.9412, -2.2466, 6.5961, -5.6931,
    1.8993, 4.1936, -4.4861, -2.8187, 3.1999,
  ]

#### sparse_sign_accuracy
  Points: 35
  Min: 0.0000, Max: 1.0000, Mean: 0.9714
  Data: [
    0.0000, 1.0000, 1.0000, 1.0000, 1.0000, 1.0000, 1.0000, 1.0000, 1.0000, 1.0000,
    1.0000, 1.0000, 1.0000, 1.0000, 1.0000, 1.0000, 1.0000, 1.0000, 1.0000, 1.0000,
    1.0000, 1.0000, 1.0000, 1.0000, 1.0000, 1.0000, 1.0000, 1.0000, 1.0000, 1.0000,
    1.0000, 1.0000, 1.0000, 1.0000, 1.0000,
  ]

#### sparse_vs_nonsparse_error_ratio
  Points: 35
  Min: 0.3047, Max: 136.6767, Mean: 9.9496
  Data: [
    136.6767, 2.6038, 2.3820, 1.3649, 0.9697, 3.9533, 2.1529, 5.3227, 0.4974, 1.3166,
    2.3950, 1.5504, 0.4230, 53.3695, 2.2441, 2.7813, 1.1465, 1.4061, 1.5709, 0.8920,
    4.0537, 1.5748, 3.6395, 6.6108, 12.9650, 1.1864, 0.6724, 4.0187, 7.5907, 0.3047,
    0.4275, 0.6967, 5.6485, 1.0684, 72.7599,
  ]

#### sparse_weight_applied
  Points: 35
  Min: 89.1818, Max: 100.0000, Mean: 99.5366
  Data: [
    100.0000, 100.0000, 100.0000, 100.0000, 100.0000, 100.0000, 100.0000, 100.0000, 100.0000, 100.0000,
    100.0000, 100.0000, 100.0000, 100.0000, 100.0000, 100.0000, 100.0000, 100.0000, 100.0000, 100.0000,
    100.0000, 100.0000, 100.0000, 100.0000, 100.0000, 98.2000, 100.0000, 100.0000, 100.0000, 100.0000,
    98.2000, 100.0000, 100.0000, 89.1818, 98.2000,
  ]

#### unweighted_reward_loss
  Points: 35
  Min: 0.1186, Max: 5.4013, Mean: 0.4166
  Data: [
    5.4013, 0.4777, 0.4228, 0.4237, 0.3882, 0.3734, 0.3377, 0.3397, 0.3223, 0.3018,
    0.3473, 0.3678, 0.3203, 0.3264, 0.3534, 0.3110, 0.2854, 0.2455, 0.2437, 0.2019,
    0.3044, 0.1693, 0.2682, 0.1991, 0.2349, 0.2029, 0.1186, 0.1651, 0.1355, 0.2246,
    0.1569, 0.1310, 0.1413, 0.1998, 0.1397,
  ]

#### value_lambda_gap_abs_mean
  Points: 35
  Min: 0.0541, Max: 2.4865, Mean: 1.2128
  Data: [
    0.0541, 1.5778, 1.5082, 1.1802, 2.4865, 1.3569, 1.7447, 1.1251, 0.8661, 0.7461,
    0.8053, 1.1937, 1.5020, 0.9122, 0.9828, 1.1682, 1.5317, 1.5551, 1.2201, 1.2476,
    1.0731, 1.3112, 1.1491, 1.1097, 1.4339, 1.0461, 1.2127, 1.2020, 1.0216, 1.2948,
    1.4470, 0.8903, 1.2804, 1.3212, 0.8915,
  ]

#### value_lambda_gap_mean
  Points: 35
  Min: -0.9367, Max: 0.4562, Mean: -0.0733
  Data: [
    -0.0530, -0.1454, -0.7355, -0.6493, -0.3163, -0.0717, -0.9367, 0.2315, -0.0442, 0.0064,
    -0.0602, -0.3928, -0.7110, -0.1348, -0.0296, -0.1536, -0.6906, -0.0485, 0.0095, -0.0120,
    0.0413, 0.3492, -0.0126, 0.1035, -0.0285, 0.1182, 0.2331, 0.0739, 0.2473, 0.2126,
    0.4562, 0.0301, 0.0445, 0.2972, 0.2072,
  ]

#### weighted_reward_loss
  Points: 35
  Min: 0.2947, Max: 5.4022, Mean: 0.5473
  Data: [
    5.4022, 0.5130, 0.4969, 0.4643, 0.4953, 0.4781, 0.4742, 0.4058, 0.4181, 0.3829,
    0.4088, 0.4810, 0.4485, 0.4380, 0.4518, 0.3569, 0.4225, 0.3688, 0.3712, 0.3924,
    0.4229, 0.3804, 0.4140, 0.3605, 0.3919, 0.3854, 0.3161, 0.3122, 0.2947, 0.4114,
    0.3679, 0.3115, 0.3381, 0.4003, 0.3787,
  ]


### AUX
#### goal_accuracy
  Points: 35
  Min: 0.8740, Max: 0.9929, Mean: 0.9596
  Data: [
    0.8740, 0.9748, 0.9567, 0.9708, 0.9264, 0.9768, 0.9506, 0.9919, 0.9708, 0.9708,
    0.9627, 0.9778, 0.9728, 0.9929, 0.9677, 0.9808, 0.9768, 0.9567, 0.9688, 0.9738,
    0.9597, 0.9516, 0.9808, 0.9798, 0.9425, 0.9345, 0.9476, 0.9708, 0.9415, 0.9556,
    0.9526, 0.9617, 0.9667, 0.9254, 0.9214,
  ]

#### goal_loss
  Points: 35
  Min: 0.0243, Max: 0.6846, Mean: 0.1116
  Data: [
    0.6846, 0.0595, 0.0705, 0.0749, 0.1500, 0.0562, 0.1089, 0.0243, 0.1009, 0.0587,
    0.0842, 0.0529, 0.0611, 0.0307, 0.0886, 0.0559, 0.0554, 0.1109, 0.0909, 0.0883,
    0.0952, 0.1082, 0.0584, 0.0655, 0.1476, 0.1630, 0.1469, 0.0798, 0.1429, 0.1105,
    0.1486, 0.1085, 0.0992, 0.1647, 0.1591,
  ]

#### goal_positive_rate
  Points: 35
  Min: 0.0151, Max: 0.1401, Mean: 0.0722
  Data: [
    0.0151, 0.0302, 0.0726, 0.0353, 0.0968, 0.0514, 0.0978, 0.0333, 0.0353, 0.0454,
    0.0444, 0.0716, 0.0806, 0.0262, 0.0776, 0.0302, 0.0776, 0.0746, 0.0605, 0.0665,
    0.0817, 0.0927, 0.0796, 0.0806, 0.0897, 0.1230, 0.0998, 0.0544, 0.0776, 0.1139,
    0.1179, 0.0675, 0.0827, 0.1401, 0.1038,
  ]

#### goal_pred_positive_rate
  Points: 35
  Min: 0.0050, Max: 0.1190, Mean: 0.0504
  Data: [
    0.1190, 0.0050, 0.0292, 0.0081, 0.0393, 0.0524, 0.0605, 0.0252, 0.0202, 0.0383,
    0.0353, 0.0655, 0.0635, 0.0232, 0.0534, 0.0252, 0.0625, 0.0554, 0.0353, 0.0484,
    0.0575, 0.0685, 0.0746, 0.0665, 0.0444, 0.0655, 0.0494, 0.0333, 0.0433, 0.0877,
    0.0726, 0.0595, 0.0575, 0.0696, 0.0494,
  ]

#### puck_goal_dist_actual_mean
  Points: 35
  Min: 2.2539, Max: 3.8613, Mean: 3.1104
  Data: [
    3.8613, 3.4315, 3.5151, 3.6193, 3.5618, 3.4659, 3.2917, 3.5360, 3.5872, 3.5648,
    3.4374, 3.4045, 3.3081, 3.2719, 3.4507, 3.4433, 2.9006, 2.9589, 3.2528, 2.7643,
    3.2855, 2.5956, 3.1977, 3.1204, 2.9386, 3.2489, 2.2607, 2.6633, 2.7641, 2.9549,
    2.4501, 2.2539, 2.4771, 2.5464, 2.4814,
  ]

#### puck_goal_dist_error
  Points: 35
  Min: 0.1110, Max: 3.6835, Mean: 0.2362
  Data: [
    3.6835, 0.2667, 0.1975, 0.1738, 0.1739, 0.1411, 0.1548, 0.1477, 0.1110, 0.1137,
    0.1169, 0.1193, 0.1279, 0.1123, 0.1232, 0.1248, 0.1333, 0.1443, 0.1351, 0.1250,
    0.1449, 0.1303, 0.1170, 0.1299, 0.1226, 0.1219, 0.1280, 0.1141, 0.1202, 0.1207,
    0.1158, 0.1207, 0.1140, 0.1192, 0.1220,
  ]

#### puck_goal_dist_loss
  Points: 35
  Min: 0.0240, Max: 14.8300, Mean: 0.4645
  Data: [
    14.8300, 0.1350, 0.0835, 0.0619, 0.0691, 0.0452, 0.0532, 0.0566, 0.0240, 0.0260,
    0.0319, 0.0370, 0.0367, 0.0253, 0.0340, 0.0370, 0.0440, 0.0393, 0.0368, 0.0365,
    0.0481, 0.0399, 0.0334, 0.0379, 0.0375, 0.0332, 0.0367, 0.0288, 0.0311, 0.0359,
    0.0268, 0.0314, 0.0280, 0.0371, 0.0287,
  ]

#### puck_goal_dist_pred_mean
  Points: 35
  Min: 0.1779, Max: 3.7108, Mean: 3.0112
  Data: [
    0.1779, 3.4841, 3.4460, 3.7108, 3.5249, 3.5054, 3.2679, 3.5470, 3.6175, 3.5425,
    3.4415, 3.4084, 3.3133, 3.2634, 3.4638, 3.4199, 2.8491, 2.9032, 3.2604, 2.7937,
    3.3114, 2.6084, 3.1592, 3.0892, 2.9304, 3.2540, 2.2989, 2.7035, 2.7617, 2.9579,
    2.4801, 2.2802, 2.5020, 2.5715, 2.5435,
  ]

#### shot_quality_actual_mean
  Points: 35
  Min: 0.0356, Max: 0.1705, Mean: 0.1014
  Data: [
    0.0356, 0.0542, 0.0553, 0.0532, 0.0555, 0.0678, 0.0881, 0.0556, 0.0592, 0.0512,
    0.0570, 0.0658, 0.0711, 0.0697, 0.0672, 0.0862, 0.1012, 0.1112, 0.0864, 0.1456,
    0.0972, 0.1477, 0.1070, 0.1043, 0.1367, 0.1175, 0.1654, 0.1642, 0.1613, 0.1270,
    0.1529, 0.1705, 0.1354, 0.1556, 0.1676,
  ]

#### shot_quality_loss
  Points: 35
  Min: 0.0004, Max: 0.1999, Mean: 0.0072
  Data: [
    0.1999, 0.0029, 0.0025, 0.0016, 0.0028, 0.0017, 0.0016, 0.0018, 0.0004, 0.0007,
    0.0007, 0.0007, 0.0009, 0.0006, 0.0011, 0.0007, 0.0009, 0.0020, 0.0015, 0.0017,
    0.0018, 0.0018, 0.0013, 0.0011, 0.0011, 0.0011, 0.0023, 0.0030, 0.0017, 0.0010,
    0.0022, 0.0030, 0.0021, 0.0017, 0.0018,
  ]

#### shot_quality_pred_mean
  Points: 35
  Min: 0.0519, Max: 0.4662, Mean: 0.1139
  Data: [
    0.4662, 0.0603, 0.0559, 0.0575, 0.0576, 0.0755, 0.0867, 0.0519, 0.0588, 0.0545,
    0.0607, 0.0646, 0.0753, 0.0697, 0.0648, 0.0866, 0.1052, 0.1099, 0.0880, 0.1384,
    0.0978, 0.1538, 0.1108, 0.1072, 0.1352, 0.1148, 0.1652, 0.1586, 0.1574, 0.1227,
    0.1520, 0.1667, 0.1349, 0.1562, 0.1646,
  ]

#### total_loss
  Points: 35
  Min: 0.0566, Max: 15.7145, Mean: 0.5833
  Data: [
    15.7145, 0.1974, 0.1565, 0.1383, 0.2219, 0.1030, 0.1638, 0.0826, 0.1252, 0.0855,
    0.1167, 0.0905, 0.0987, 0.0566, 0.1237, 0.0937, 0.1002, 0.1522, 0.1291, 0.1265,
    0.1451, 0.1500, 0.0931, 0.1046, 0.1863, 0.1973, 0.1860, 0.1116, 0.1758, 0.1474,
    0.1776, 0.1430, 0.1294, 0.2035, 0.1896,
  ]

