================================================================================
W&B RUN DATA: Deep-DreamerV3-dreamsmooth-seed42_weak_seed42_20260122_000848
================================================================================

## RUN METADATA
Run ID: vh7ww12q
Created: 2026-01-21T23:08:50Z
State: running
Duration: 65181.639986633 seconds

## CONFIGURATION
  [Environment]
    opponent: weak
  [Training]
    batch_size: 32
    batch_length: 32
    imagination_horizon: 15
    discount: 0.997
  [Entropy]
    entropy_scale: 0.0003
  [Self-Play]
    self_play_pool_size: 10
    self_play_save_interval: 500
    self_play_weak_ratio: 0.3
    use_pfsp: False
    pfsp_mode: variance
  [Architecture]
    recurrent_size: 256
    latent_length: 16
    latent_classes: 16
  [Meta]
    seed: 42
    algorithm: DreamerV3

## FINAL SUMMARY
  runtime: 18.11 hours (65182 seconds)

## NOTE: Data reduced (fraction=0.1, max_points=200)

## METRICS DATA

### STATS
#### buffer_size
  Points: 35
  Min: 32566.0000, Max: 250000.0000, Mean: 212331.8286
  Data: [
    32566.0000, 52208.0000, 75136.0000, 94687.0000, 112772.0000, 133345.0000, 154814.0000, 174749.0000, 189408.0000, 205723.0000,
    220084.0000, 236122.0000, 250000.0000, 250000.0000, 250000.0000, 250000.0000, 250000.0000, 250000.0000, 250000.0000, 250000.0000,
    250000.0000, 250000.0000, 250000.0000, 250000.0000, 250000.0000, 250000.0000, 250000.0000, 250000.0000, 250000.0000, 250000.0000,
    250000.0000, 250000.0000, 250000.0000, 250000.0000, 250000.0000,
  ]

#### draws
  Points: 35
  Min: 1.0000, Max: 995.0000, Mean: 527.6857
  Data: [
    1.0000, 51.0000, 101.0000, 134.0000, 165.0000, 200.0000, 230.0000, 251.0000, 271.0000, 297.0000,
    315.0000, 343.0000, 362.0000, 391.0000, 418.0000, 465.0000, 494.0000, 539.0000, 574.0000, 602.0000,
    634.0000, 665.0000, 697.0000, 730.0000, 754.0000, 779.0000, 799.0000, 815.0000, 840.0000, 867.0000,
    883.0000, 908.0000, 937.0000, 962.0000, 995.0000,
  ]

#### env_steps
  Points: 35
  Min: 251.0000, Max: 630748.0000, Mean: 321516.3143
  Data: [
    251.0000, 19893.0000, 42821.0000, 62372.0000, 80457.0000, 101030.0000, 122499.0000, 142434.0000, 157093.0000, 173408.0000,
    187769.0000, 203807.0000, 219773.0000, 237388.0000, 256759.0000, 283400.0000, 299636.0000, 326275.0000, 346914.0000, 364702.0000,
    382635.0000, 404640.0000, 423664.0000, 444484.0000, 462269.0000, 479837.0000, 495524.0000, 507267.0000, 523045.0000, 542439.0000,
    555376.0000, 571409.0000, 591243.0000, 609810.0000, 630748.0000,
  ]

#### episodes
  Points: 35
  Min: 201.0000, Max: 5121.0000, Mean: 2729.0000
  Data: [
    201.0000, 331.0000, 521.0000, 691.0000, 851.0000, 1001.0000, 1171.0000, 1341.0000, 1471.0000, 1601.0000,
    1721.0000, 1851.0000, 1981.0000, 2111.0000, 2251.0000, 2461.0000, 2581.0000, 2781.0000, 2931.0000, 3071.0000,
    3201.0000, 3371.0000, 3501.0000, 3661.0000, 3801.0000, 3931.0000, 4061.0000, 4161.0000, 4281.0000, 4441.0000,
    4561.0000, 4691.0000, 4841.0000, 4971.0000, 5121.0000,
  ]

#### gradient_steps
  Points: 35
  Min: 32.0000, Max: 157472.0000, Mean: 80928.0000
  Data: [
    32.0000, 4192.0000, 10272.0000, 15712.0000, 20832.0000, 25632.0000, 31072.0000, 36512.0000, 40672.0000, 44832.0000,
    48672.0000, 52832.0000, 56992.0000, 61152.0000, 65632.0000, 72352.0000, 76192.0000, 82592.0000, 87392.0000, 91872.0000,
    96032.0000, 101472.0000, 105632.0000, 110752.0000, 115232.0000, 119392.0000, 123552.0000, 126752.0000, 130592.0000, 135712.0000,
    139552.0000, 143712.0000, 148512.0000, 152672.0000, 157472.0000,
  ]

#### losses
  Points: 35
  Min: 0.0000, Max: 1832.0000, Mean: 1057.3429
  Data: [
    0.0000, 69.0000, 169.0000, 266.0000, 356.0000, 423.0000, 500.0000, 584.0000, 651.0000, 708.0000,
    765.0000, 822.0000, 876.0000, 922.0000, 983.0000, 1054.0000, 1088.0000, 1144.0000, 1187.0000, 1224.0000,
    1265.0000, 1309.0000, 1342.0000, 1389.0000, 1428.0000, 1454.0000, 1498.0000, 1532.0000, 1574.0000, 1633.0000,
    1677.0000, 1722.0000, 1759.0000, 1802.0000, 1832.0000,
  ]

#### mean_reward
  Points: 35
  Min: -17.6595, Max: 2.7795, Mean: -1.9679
  Data: [
    -9.6466, -17.6595, -7.7787, -6.3806, -5.7690, -3.7317, -2.9945, -3.5485, -3.8244, -3.9402,
    -3.2258, -2.9936, -0.9011, -1.3078, -2.9328, -0.9567, -0.0317, 1.2804, 0.3823, 1.1774,
    -0.4788, 0.5264, 0.8492, 0.7700, 0.6429, 2.7525, -0.4954, -0.0049, -1.3249, -1.0290,
    0.0168, -1.0918, 2.1947, -0.2004, 2.7795,
  ]

#### win_rate
  Points: 35
  Min: 0.0000, Max: 0.6300, Mean: 0.4180
  Data: [
    0.0000, 0.0900, 0.2300, 0.2300, 0.2400, 0.3300, 0.3900, 0.4000, 0.3400, 0.3300,
    0.3800, 0.3700, 0.4900, 0.4200, 0.3700, 0.4400, 0.4600, 0.5500, 0.4700, 0.5500,
    0.4300, 0.5200, 0.5300, 0.5100, 0.5200, 0.6300, 0.4800, 0.5000, 0.4200, 0.4600,
    0.5000, 0.4100, 0.5900, 0.4600, 0.5900,
  ]

#### wins
  Points: 35
  Min: 0.0000, Max: 2094.0000, Mean: 943.9714
  Data: [
    0.0000, 11.0000, 51.0000, 91.0000, 130.0000, 178.0000, 241.0000, 306.0000, 349.0000, 396.0000,
    441.0000, 486.0000, 543.0000, 598.0000, 650.0000, 742.0000, 799.0000, 898.0000, 970.0000, 1045.0000,
    1102.0000, 1197.0000, 1262.0000, 1342.0000, 1419.0000, 1498.0000, 1564.0000, 1614.0000, 1667.0000, 1741.0000,
    1801.0000, 1861.0000, 1945.0000, 2007.0000, 2094.0000,
  ]


### EPISODE
#### draw_rate_100
  Points: 35
  Min: 0.0000, Max: 0.0200, Mean: 0.0020
  Data: [
    0.0000, 0.0000, 0.0000, 0.0000, 0.0000, 0.0000, 0.0000, 0.0000, 0.0100, 0.0200,
    0.0000, 0.0000, 0.0100, 0.0000, 0.0000, 0.0000, 0.0000, 0.0000, 0.0000, 0.0000,
    0.0000, 0.0000, 0.0100, 0.0100, 0.0000, 0.0000, 0.0000, 0.0000, 0.0000, 0.0000,
    0.0000, 0.0000, 0.0000, 0.0100, 0.0000,
  ]

#### length_max
  Points: 35
  Min: 251.0000, Max: 251.0000, Mean: 251.0000
  Data: [
    251.0000, 251.0000, 251.0000, 251.0000, 251.0000, 251.0000, 251.0000, 251.0000, 251.0000, 251.0000,
    251.0000, 251.0000, 251.0000, 251.0000, 251.0000, 251.0000, 251.0000, 251.0000, 251.0000, 251.0000,
    251.0000, 251.0000, 251.0000, 251.0000, 251.0000, 251.0000, 251.0000, 251.0000, 251.0000, 251.0000,
    251.0000, 251.0000, 251.0000, 251.0000, 251.0000,
  ]

#### length_mean
  Points: 35
  Min: 107.1700, Max: 251.0000, Mean: 133.9091
  Data: [
    251.0000, 151.1400, 117.8600, 119.3500, 117.4900, 139.5700, 125.1000, 115.9900, 113.7900, 135.2100,
    124.9800, 122.1700, 125.8300, 140.4400, 132.6600, 134.2400, 139.8700, 125.8900, 139.6800, 125.6000,
    141.6800, 131.8800, 150.9300, 130.8800, 128.7400, 123.8700, 126.1500, 117.4300, 134.7500, 129.2100,
    107.1700, 134.9500, 130.8300, 153.2200, 147.2700,
  ]

#### length_min
  Points: 35
  Min: 17.0000, Max: 251.0000, Mean: 29.1143
  Data: [
    251.0000, 30.0000, 25.0000, 20.0000, 25.0000, 23.0000, 22.0000, 22.0000, 21.0000, 23.0000,
    21.0000, 20.0000, 21.0000, 21.0000, 20.0000, 21.0000, 23.0000, 20.0000, 21.0000, 20.0000,
    22.0000, 23.0000, 18.0000, 24.0000, 23.0000, 26.0000, 17.0000, 22.0000, 26.0000, 24.0000,
    22.0000, 27.0000, 25.0000, 27.0000, 23.0000,
  ]

#### length_std
  Points: 35
  Min: 0.0000, Max: 91.3690, Mean: 79.4907
  Data: [
    0.0000, 91.3690, 84.8434, 85.1216, 84.1636, 82.8672, 81.1690, 75.2551, 80.8735, 84.0206,
    81.3081, 81.3760, 82.0210, 84.5626, 84.7333, 81.5303, 82.8361, 80.5183, 83.9096, 84.4793,
    81.9990, 77.8740, 81.4349, 86.0521, 80.5771, 78.0786, 80.1493, 77.6235, 80.5600, 74.8091,
    77.3633, 84.5847, 78.6762, 82.3855, 83.0511,
  ]

#### reward_mean
  Points: 35
  Min: -17.6595, Max: 2.7795, Mean: -1.9679
  Data: [
    -9.6466, -17.6595, -7.7787, -6.3806, -5.7690, -3.7317, -2.9945, -3.5485, -3.8244, -3.9402,
    -3.2258, -2.9936, -0.9011, -1.3078, -2.9328, -0.9567, -0.0317, 1.2804, 0.3823, 1.1774,
    -0.4788, 0.5264, 0.8492, 0.7700, 0.6429, 2.7525, -0.4954, -0.0049, -1.3249, -1.0290,
    0.0168, -1.0918, 2.1947, -0.2004, 2.7795,
  ]

#### reward_std
  Points: 35
  Min: 0.0000, Max: 13.3540, Mean: 9.1504
  Data: [
    0.0000, 13.3540, 9.0002, 9.0540, 9.1552, 9.4708, 9.9682, 10.3195, 9.7219, 9.2884,
    9.9121, 9.5497, 9.9577, 9.3993, 9.8116, 9.1903, 8.9270, 8.9693, 8.6360, 9.1280,
    8.9817, 9.2431, 9.1256, 9.1604, 9.3742, 8.6160, 9.4518, 9.3164, 9.5352, 9.6613,
    9.6817, 9.1462, 8.8559, 9.1174, 8.1841,
  ]

#### win_rate_100
  Points: 35
  Min: 0.0000, Max: 0.6300, Mean: 0.4180
  Data: [
    0.0000, 0.0900, 0.2300, 0.2300, 0.2400, 0.3300, 0.3900, 0.4000, 0.3400, 0.3300,
    0.3800, 0.3700, 0.4900, 0.4200, 0.3700, 0.4400, 0.4600, 0.5500, 0.4700, 0.5500,
    0.4300, 0.5200, 0.5300, 0.5100, 0.5200, 0.6300, 0.4800, 0.5000, 0.4200, 0.4600,
    0.5000, 0.4100, 0.5900, 0.4600, 0.5900,
  ]


### TIME
#### elapsed_hours
  Points: 35
  Min: 0.0036, Max: 18.0726, Mean: 9.1647
  Data: [
    0.0036, 0.4662, 1.0989, 1.7041, 2.2757, 2.8014, 3.3924, 4.0009, 4.4494, 4.9323,
    5.3611, 5.8375, 6.3065, 6.7748, 7.3046, 8.0819, 8.5409, 9.2902, 9.8697, 10.3898,
    10.8900, 11.5120, 12.0051, 12.6030, 13.1384, 13.6267, 14.1107, 14.4842, 14.9369, 15.5314,
    15.9863, 16.4631, 17.0190, 17.5026, 18.0726,
  ]

#### episodes_per_hour
  Points: 35
  Min: 283.3574, Max: 56065.5975, Mean: 1917.3994
  Data: [
    56065.5975, 710.0141, 474.1113, 405.4906, 373.9586, 357.3208, 345.1879, 335.1765, 330.6042, 324.5940,
    321.0189, 317.0851, 314.1204, 311.5971, 308.1628, 304.5093, 302.1939, 299.3481, 296.9694, 295.5781,
    293.9389, 292.8246, 291.6270, 290.4855, 289.3050, 288.4783, 287.7956, 287.2777, 286.6053, 285.9373,
    285.3069, 284.9394, 284.4462, 284.0146, 283.3574,
  ]

#### gradient_steps_per_second
  Points: 35
  Min: 2.4204, Max: 2.5965, Mean: 2.4786
  Data: [
    2.4794, 2.4978, 2.5965, 2.5611, 2.5429, 2.5416, 2.5443, 2.5350, 2.5392, 2.5248,
    2.5219, 2.5140, 2.5103, 2.5073, 2.4958, 2.4868, 2.4780, 2.4695, 2.4596, 2.4563,
    2.4495, 2.4485, 2.4442, 2.4410, 2.4363, 2.4338, 2.4322, 2.4308, 2.4286, 2.4272,
    2.4249, 2.4248, 2.4240, 2.4230, 2.4204,
  ]

#### steps_per_second
  Points: 35
  Min: 9.6412, Max: 19.4479, Mean: 10.1397
  Data: [
    19.4479, 11.8532, 10.8242, 10.1669, 9.8210, 10.0178, 10.0306, 9.8891, 9.8073, 9.7660,
    9.7291, 9.6981, 9.6802, 9.7333, 9.7640, 9.7406, 9.7452, 9.7557, 9.7637, 9.7505,
    9.7601, 9.7637, 9.8029, 9.7967, 9.7735, 9.7814, 9.7547, 9.7283, 9.7269, 9.7015,
    9.6502, 9.6412, 9.6500, 9.6781, 9.6947,
  ]


### EVAL
#### combined_win_rate
  Points: 14
  Min: 0.0500, Max: 0.5000, Mean: 0.3393
  Data: [
    0.0500, 0.3000, 0.3000, 0.2500, 0.3500, 0.5000, 0.3000, 0.2500, 0.2500, 0.5000,
    0.5000, 0.3500, 0.4000, 0.4500,
  ]

#### gif_strong
  Points: 14
  Error: float() argument must be a string or a real number, not 'dict'

#### gif_weak
  Points: 14
  Error: float() argument must be a string or a real number, not 'dict'

#### strong_draws
  Points: 14
  Min: 2.0000, Max: 8.0000, Mean: 3.5714
  Data: [
    6.0000, 4.0000, 3.0000, 4.0000, 2.0000, 2.0000, 3.0000, 8.0000, 6.0000, 2.0000,
    2.0000, 3.0000, 3.0000, 2.0000,
  ]

#### strong_losses
  Points: 14
  Min: 2.0000, Max: 6.0000, Mean: 4.0714
  Data: [
    3.0000, 4.0000, 6.0000, 3.0000, 6.0000, 4.0000, 3.0000, 2.0000, 2.0000, 5.0000,
    6.0000, 4.0000, 4.0000, 5.0000,
  ]

#### strong_mean_reward
  Points: 14
  Min: -18.9482, Max: -0.8901, Mean: -6.2986
  Data: [
    -18.9482, -6.8073, -9.4820, -3.6873, -7.2930, -4.0707, -0.8901, -6.9627, -4.1865, -6.0020,
    -8.2343, -4.1460, -2.5357, -4.9339,
  ]

#### strong_win_rate
  Points: 14
  Min: 0.0000, Max: 0.4000, Mean: 0.2357
  Data: [
    0.1000, 0.2000, 0.1000, 0.3000, 0.2000, 0.4000, 0.4000, 0.0000, 0.2000, 0.3000,
    0.2000, 0.3000, 0.3000, 0.3000,
  ]

#### strong_wins
  Points: 14
  Min: 0.0000, Max: 4.0000, Mean: 2.3571
  Data: [
    1.0000, 2.0000, 1.0000, 3.0000, 2.0000, 4.0000, 4.0000, 0.0000, 2.0000, 3.0000,
    2.0000, 3.0000, 3.0000, 3.0000,
  ]

#### weak_draws
  Points: 14
  Min: 0.0000, Max: 5.0000, Mean: 2.0000
  Data: [
    4.0000, 2.0000, 2.0000, 3.0000, 1.0000, 2.0000, 1.0000, 2.0000, 5.0000, 3.0000,
    0.0000, 0.0000, 1.0000, 2.0000,
  ]

#### weak_losses
  Points: 14
  Min: 0.0000, Max: 7.0000, Mean: 3.5714
  Data: [
    6.0000, 4.0000, 3.0000, 5.0000, 4.0000, 2.0000, 7.0000, 3.0000, 2.0000, 0.0000,
    2.0000, 6.0000, 4.0000, 2.0000,
  ]

#### weak_mean_reward
  Points: 14
  Min: -23.8851, Max: 5.3617, Mean: -2.2731
  Data: [
    -23.8851, -2.5016, -0.1933, -8.0178, -0.9345, 1.9652, -6.4674, 0.1893, -1.4937, 5.3617,
    4.9990, -3.6032, -0.2153, 2.9730,
  ]

#### weak_win_rate
  Points: 14
  Min: 0.0000, Max: 0.8000, Mean: 0.4429
  Data: [
    0.0000, 0.4000, 0.5000, 0.2000, 0.5000, 0.6000, 0.2000, 0.5000, 0.3000, 0.7000,
    0.8000, 0.4000, 0.5000, 0.6000,
  ]

#### weak_wins
  Points: 14
  Min: 0.0000, Max: 8.0000, Mean: 4.4286
  Data: [
    0.0000, 4.0000, 5.0000, 2.0000, 5.0000, 6.0000, 2.0000, 5.0000, 3.0000, 7.0000,
    8.0000, 4.0000, 5.0000, 6.0000,
  ]


### WORLD
#### continue_actual_mean
  Points: 35
  Min: 0.9869, Max: 0.9970, Mean: 0.9929
  Data: [
    0.9960, 0.9960, 0.9940, 0.9879, 0.9909, 0.9940, 0.9909, 0.9929, 0.9899, 0.9909,
    0.9940, 0.9919, 0.9970, 0.9929, 0.9919, 0.9970, 0.9879, 0.9960, 0.9950, 0.9929,
    0.9929, 0.9869, 0.9909, 0.9919, 0.9940, 0.9970, 0.9970, 0.9960, 0.9929, 0.9909,
    0.9919, 0.9929, 0.9929, 0.9899, 0.9919,
  ]

#### continue_loss
  Points: 35
  Min: 0.0002, Max: 0.0328, Mean: 0.0052
  Data: [
    0.0328, 0.0101, 0.0069, 0.0054, 0.0092, 0.0062, 0.0057, 0.0073, 0.0056, 0.0103,
    0.0016, 0.0018, 0.0008, 0.0073, 0.0025, 0.0002, 0.0139, 0.0011, 0.0010, 0.0101,
    0.0010, 0.0029, 0.0014, 0.0074, 0.0006, 0.0011, 0.0013, 0.0075, 0.0011, 0.0016,
    0.0007, 0.0018, 0.0010, 0.0092, 0.0037,
  ]

#### continue_pred_mean
  Points: 35
  Min: 0.9863, Max: 0.9975, Mean: 0.9925
  Data: [
    0.9975, 0.9943, 0.9901, 0.9863, 0.9893, 0.9930, 0.9902, 0.9952, 0.9905, 0.9911,
    0.9930, 0.9907, 0.9963, 0.9944, 0.9912, 0.9968, 0.9867, 0.9962, 0.9940, 0.9949,
    0.9930, 0.9869, 0.9911, 0.9906, 0.9937, 0.9970, 0.9973, 0.9939, 0.9928, 0.9912,
    0.9919, 0.9939, 0.9932, 0.9893, 0.9904,
  ]

#### kl_loss
  Points: 35
  Min: 0.3725, Max: 3.2602, Mean: 2.7425
  Data: [
    0.3725, 3.2602, 2.7417, 2.7343, 2.8452, 2.9847, 2.8802, 3.0181, 2.9565, 3.0642,
    2.8736, 2.8028, 2.8265, 2.9535, 2.9281, 2.7444, 2.8100, 2.8248, 2.7175, 2.5336,
    2.8028, 2.7531, 2.6785, 2.8649, 2.7135, 2.6696, 2.6397, 2.7188, 2.8719, 2.8205,
    2.5582, 2.9246, 2.5689, 2.6103, 2.9192,
  ]

#### latent_entropy
  Points: 35
  Min: 1.1976, Max: 2.7002, Mean: 1.4448
  Data: [
    2.7002, 1.1976, 1.2442, 1.2063, 1.2317, 1.2722, 1.3087, 1.3142, 1.3390, 1.3731,
    1.4097, 1.4231, 1.4238, 1.3932, 1.4042, 1.4437, 1.4272, 1.4495, 1.4553, 1.4619,
    1.4612, 1.4581, 1.4415, 1.4320, 1.4668, 1.4971, 1.4771, 1.4581, 1.4720, 1.4804,
    1.5134, 1.4943, 1.5001, 1.4880, 1.4490,
  ]

#### loss
  Points: 35
  Min: 19.5909, Max: 28.7723, Mean: 20.2962
  Data: [
    28.7723, 21.0371, 20.2359, 20.2024, 20.2992, 20.4590, 20.2237, 20.2419, 20.3640, 20.4882,
    20.1719, 20.0735, 19.9573, 20.0828, 20.1049, 19.9140, 20.0146, 20.0220, 19.8459, 19.7797,
    19.9592, 19.9411, 19.7445, 19.9512, 19.8427, 19.7486, 19.6326, 20.2072, 19.9013, 19.9730,
    19.6252, 20.0001, 19.5909, 19.8050, 20.1538,
  ]

#### prior_posterior_kl
  Points: 35
  Min: 0.0804, Max: 0.2455, Mean: 0.2166
  Data: [
    0.0804, 0.2455, 0.2159, 0.2149, 0.2215, 0.2306, 0.2240, 0.2328, 0.2291, 0.2354,
    0.2244, 0.2205, 0.2211, 0.2287, 0.2273, 0.2173, 0.2204, 0.2216, 0.2148, 0.2048,
    0.2204, 0.2173, 0.2133, 0.2239, 0.2155, 0.2124, 0.2105, 0.2159, 0.2242, 0.2209,
    0.2057, 0.2271, 0.2063, 0.2085, 0.2271,
  ]

#### recon_error_max
  Points: 35
  Min: 0.3102, Max: 2.5912, Mean: 0.8237
  Data: [
    2.5912, 0.7593, 0.8239, 0.6348, 1.1576, 0.4030, 0.8607, 0.4606, 1.0693, 1.1757,
    1.0346, 0.6291, 0.8159, 0.4758, 0.3310, 0.8058, 0.4695, 0.5818, 1.1844, 1.1052,
    0.8478, 0.7240, 1.0917, 0.5695, 1.6956, 0.9312, 1.0579, 0.7073, 0.6098, 0.6043,
    0.3102, 0.4901, 0.3730, 0.4467, 1.0007,
  ]

#### recon_error_mean
  Points: 35
  Min: 0.0208, Max: 0.7987, Mean: 0.0520
  Data: [
    0.7987, 0.0731, 0.0475, 0.0388, 0.0382, 0.0343, 0.0306, 0.0332, 0.0326, 0.0320,
    0.0325, 0.0327, 0.0278, 0.0278, 0.0284, 0.0313, 0.0277, 0.0284, 0.0256, 0.0281,
    0.0272, 0.0262, 0.0244, 0.0236, 0.0251, 0.0288, 0.0243, 0.0248, 0.0237, 0.0251,
    0.0239, 0.0251, 0.0243, 0.0208, 0.0253,
  ]

#### recon_error_std
  Points: 35
  Min: 0.0318, Max: 0.4340, Mean: 0.0586
  Data: [
    0.4340, 0.0820, 0.0619, 0.0527, 0.0574, 0.0433, 0.0593, 0.0470, 0.0631, 0.0621,
    0.0553, 0.0535, 0.0421, 0.0380, 0.0372, 0.0515, 0.0377, 0.0393, 0.0493, 0.0516,
    0.0481, 0.0485, 0.0489, 0.0318, 0.0605, 0.0547, 0.0434, 0.0392, 0.0380, 0.0400,
    0.0330, 0.0390, 0.0321, 0.0320, 0.0443,
  ]

#### recon_loss
  Points: 35
  Min: 16.7285, Max: 23.7293, Mean: 17.0093
  Data: [
    23.7293, 17.1988, 16.9686, 16.8900, 16.8847, 16.8500, 16.8163, 16.8394, 16.8342, 16.8285,
    16.8334, 16.8353, 16.7907, 16.7911, 16.7962, 16.8223, 16.7901, 16.7968, 16.7716, 16.7935,
    16.7853, 16.7767, 16.7606, 16.7529, 16.7671, 16.8004, 16.7593, 16.7641, 16.7538, 16.7664,
    16.7556, 16.7672, 16.7592, 16.7285, 16.7684,
  ]

#### reward_actual_mean
  Points: 35
  Min: -0.0963, Max: 0.0191, Mean: -0.0278
  Data: [
    -0.0935, -0.0624, -0.0703, -0.0963, -0.0615, -0.0484, -0.0672, -0.0278, -0.0629, -0.0465,
    -0.0246, -0.0376, -0.0205, -0.0142, -0.0242, -0.0226, 0.0040, -0.0127, -0.0222, -0.0273,
    -0.0291, -0.0480, 0.0191, 0.0115, -0.0297, -0.0117, -0.0039, -0.0083, -0.0010, -0.0219,
    -0.0146, -0.0011, 0.0095, -0.0016, -0.0032,
  ]

#### reward_loss
  Points: 35
  Min: 0.2099, Max: 2.2964, Mean: 0.4401
  Data: [
    2.2964, 0.4980, 0.4557, 0.5281, 0.5161, 0.5554, 0.4883, 0.3338, 0.5326, 0.5501,
    0.4040, 0.4030, 0.3108, 0.2995, 0.3487, 0.3116, 0.3714, 0.3724, 0.3298, 0.4174,
    0.3455, 0.3846, 0.2779, 0.3004, 0.3354, 0.2510, 0.2099, 0.6946, 0.2481, 0.3636,
    0.2899, 0.2794, 0.2393, 0.4305, 0.4286,
  ]

#### reward_pred_error_mean
  Points: 35
  Min: 0.0074, Max: 0.2617, Mean: 0.0239
  Data: [
    0.2617, 0.0293, 0.0208, 0.0250, 0.0412, 0.0380, 0.0187, 0.0113, 0.0276, 0.0295,
    0.0106, 0.0179, 0.0143, 0.0100, 0.0177, 0.0116, 0.0177, 0.0185, 0.0144, 0.0111,
    0.0196, 0.0174, 0.0123, 0.0134, 0.0103, 0.0095, 0.0099, 0.0165, 0.0097, 0.0128,
    0.0076, 0.0169, 0.0074, 0.0117, 0.0136,
  ]

#### reward_pred_error_std
  Points: 35
  Min: 0.0289, Max: 0.2060, Mean: 0.0912
  Data: [
    0.1575, 0.1104, 0.0974, 0.0850, 0.2060, 0.1720, 0.0912, 0.0519, 0.1327, 0.1430,
    0.0402, 0.0795, 0.0817, 0.0538, 0.0855, 0.0724, 0.0918, 0.1197, 0.0896, 0.0622,
    0.1151, 0.1000, 0.0698, 0.0841, 0.0767, 0.0668, 0.0650, 0.1074, 0.0763, 0.0642,
    0.0289, 0.1185, 0.0459, 0.0662, 0.0847,
  ]

#### reward_pred_mean
  Points: 35
  Min: -0.3400, Max: 0.0208, Mean: -0.0327
  Data: [
    -0.3400, -0.0627, -0.0802, -0.0975, -0.0587, -0.0266, -0.0732, -0.0236, -0.0649, -0.0358,
    -0.0219, -0.0455, -0.0201, -0.0117, -0.0173, -0.0232, 0.0057, -0.0104, -0.0226, -0.0237,
    -0.0185, -0.0444, 0.0208, 0.0110, -0.0226, -0.0114, -0.0022, 0.0028, 0.0029, -0.0218,
    -0.0129, 0.0003, 0.0112, 0.0009, -0.0056,
  ]


### BEHAVIOR
#### actor_loss
  Points: 35
  Min: -1.1875, Max: 47.0222, Mean: 1.1659
  Data: [
    47.0222, 0.7510, 0.0964, 0.8171, -0.0237, -1.1875, -0.2255, -0.2177, 0.1825, -0.4732,
    -0.5623, -0.3654, -0.3741, 0.1159, -0.2928, 0.1071, -0.4640, 0.2792, -0.2299, -0.0067,
    -0.0750, -0.4626, -0.5288, -0.1825, -0.1121, -0.0045, -0.0138, -0.4744, -0.0063, -0.0930,
    -0.5335, -0.8823, -0.3840, -0.4375, 0.0475,
  ]

#### advantages_abs_mean
  Points: 35
  Min: 0.0418, Max: 7.7417, Mean: 0.2957
  Data: [
    7.7417, 0.0716, 0.0418, 0.0954, 0.0896, 0.1016, 0.0876, 0.1101, 0.0840, 0.1041,
    0.0797, 0.0904, 0.0585, 0.0657, 0.0764, 0.0621, 0.0732, 0.0735, 0.0690, 0.0690,
    0.0698, 0.0599, 0.0755, 0.0735, 0.0607, 0.0615, 0.0532, 0.0677, 0.0507, 0.0652,
    0.0975, 0.0911, 0.0746, 0.0811, 0.1223,
  ]

#### advantages_max
  Points: 35
  Min: -1.2693, Max: 3.6995, Mean: 1.6191
  Data: [
    -1.2693, 0.8213, 0.9463, 1.2003, 1.2748, 1.6589, 1.3097, 1.1926, 1.4641, 0.9310,
    1.0565, 2.0239, 0.9177, 1.2100, 1.2824, 1.1527, 1.6948, 1.8025, 1.4353, 1.7025,
    1.7909, 1.4286, 1.6354, 1.7217, 1.9685, 2.2100, 2.2242, 1.6099, 1.5941, 1.4934,
    2.8779, 3.6995, 2.4655, 2.5137, 3.6281,
  ]

#### advantages_mean
  Points: 35
  Min: -7.7417, Max: 0.0334, Mean: -0.2171
  Data: [
    -7.7417, -0.0365, -0.0045, -0.0265, 0.0010, 0.0334, 0.0055, 0.0054, -0.0053, 0.0131,
    0.0156, 0.0103, 0.0106, -0.0037, 0.0076, -0.0028, 0.0124, -0.0076, 0.0060, 0.0000,
    0.0021, 0.0124, 0.0137, 0.0052, 0.0024, -0.0002, 0.0003, 0.0123, 0.0005, 0.0025,
    0.0147, 0.0233, 0.0098, 0.0117, -0.0014,
  ]

#### advantages_min
  Points: 35
  Min: -13.0247, Max: -0.5234, Mean: -2.3304
  Data: [
    -13.0247, -1.3107, -0.5234, -0.9534, -0.6409, -1.3221, -1.5473, -2.2097, -1.6725, -1.7594,
    -1.6552, -1.5806, -1.6949, -1.8167, -1.8774, -1.7647, -2.3313, -2.2067, -2.0603, -2.2635,
    -2.0730, -1.7643, -2.2450, -2.4845, -2.2709, -2.3803, -2.4927, -1.7398, -2.1280, -2.5884,
    -2.2053, -3.3905, -2.0751, -3.3127, -4.1990,
  ]

#### advantages_std
  Points: 35
  Min: 0.0756, Max: 3.6293, Mean: 0.2641
  Data: [
    3.6293, 0.1360, 0.0756, 0.1645, 0.1525, 0.1863, 0.1563, 0.1993, 0.1595, 0.1727,
    0.1363, 0.1782, 0.1130, 0.1595, 0.1600, 0.1430, 0.1649, 0.1805, 0.1503, 0.1624,
    0.1646, 0.1385, 0.1649, 0.1491, 0.1601, 0.1370, 0.1391, 0.1485, 0.1427, 0.1704,
    0.2250, 0.2298, 0.1650, 0.1989, 0.3301,
  ]

#### critic_loss
  Points: 35
  Min: 0.6238, Max: 5.3391, Mean: 1.1229
  Data: [
    5.3391, 1.3162, 1.0807, 1.7333, 1.4836, 1.7664, 1.5576, 1.8547, 1.1887, 1.4103,
    1.0495, 1.0529, 0.8865, 0.7864, 1.0025, 0.7936, 0.8535, 0.8943, 0.7893, 0.8093,
    0.8659, 0.8068, 0.8949, 0.8580, 0.7819, 0.7322, 0.7785, 0.8020, 0.7522, 0.7784,
    0.8061, 0.7701, 0.7305, 0.6238, 0.6703,
  ]

#### entropy_max
  Points: 35
  Min: 10.8134, Max: 13.6758, Mean: 13.5725
  Data: [
    10.8134, 13.0660, 13.6243, 13.6259, 13.6570, 13.6674, 13.6726, 13.6740, 13.6745, 13.6743,
    13.6749, 13.6746, 13.6751, 13.6751, 13.6756, 13.6755, 13.6756, 13.6757, 13.6757, 13.6757,
    13.6757, 13.6757, 13.6757, 13.6757, 13.6758, 13.6757, 13.6757, 13.6758, 13.6758, 13.6758,
    13.6758, 13.6757, 13.6758, 13.6758, 13.6758,
  ]

#### entropy_mean
  Points: 35
  Min: 10.5193, Max: 13.6696, Mean: 13.3873
  Data: [
    10.5193, 12.4065, 13.1269, 12.8134, 12.9709, 13.1953, 13.2296, 13.2712, 13.3701, 13.2345,
    13.4031, 13.4704, 13.5301, 13.4290, 13.6225, 13.6351, 13.6427, 13.6194, 13.6379, 13.6386,
    13.6402, 13.6602, 13.6649, 13.6686, 13.6696, 13.6682, 13.6659, 13.6647, 13.6465, 13.6624,
    13.5831, 13.6231, 13.6540, 13.6551, 13.6616,
  ]

#### entropy_min
  Points: 35
  Min: 4.4686, Max: 12.7866, Mean: 9.9507
  Data: [
    9.4164, 9.2119, 10.6872, 9.0765, 4.4686, 5.3297, 5.9069, 6.6429, 7.1160, 7.9944,
    10.0345, 9.9083, 7.5119, 7.5284, 11.9715, 11.8086, 12.0169, 11.7120, 12.0644, 11.4610,
    12.0229, 12.7866, 12.1312, 12.4360, 12.5813, 11.7300, 11.7229, 11.5993, 10.0965, 7.5213,
    8.3314, 7.6833, 11.6556, 11.6901, 12.4179,
  ]

#### entropy_std
  Points: 35
  Min: 0.0346, Max: 1.0922, Mean: 0.2973
  Data: [
    0.1009, 0.4673, 0.3562, 0.6344, 1.0922, 0.7068, 0.7269, 0.8479, 0.7656, 0.6394,
    0.4148, 0.3671, 0.3066, 0.4567, 0.1310, 0.1074, 0.1156, 0.1591, 0.1141, 0.1407,
    0.1191, 0.0524, 0.0470, 0.0489, 0.0346, 0.0519, 0.0729, 0.0732, 0.1833, 0.1287,
    0.3829, 0.2743, 0.1110, 0.1079, 0.0669,
  ]

#### logprobs_mean
  Points: 35
  Min: 6.0959, Max: 37.2121, Mean: 33.8159
  Data: [
    6.0959, 21.9488, 24.1373, 31.0719, 33.1873, 33.6069, 34.4497, 34.6064, 34.1945, 34.6465,
    34.3948, 33.8412, 33.9674, 34.1066, 35.0803, 34.6466, 35.2151, 35.5155, 35.2493, 35.0573,
    35.8550, 36.1043, 36.1819, 36.3500, 36.1503, 36.0528, 36.5268, 36.8798, 36.6287, 36.9760,
    36.5359, 37.0071, 37.1183, 36.9597, 37.2121,
  ]

#### logprobs_std
  Points: 35
  Min: 6.1095, Max: 9.5097, Mean: 7.2619
  Data: [
    6.1095, 8.9576, 9.5097, 8.1246, 8.0035, 7.7237, 7.7327, 7.6036, 7.8196, 7.7672,
    7.5524, 7.8630, 7.7433, 7.8327, 7.2254, 7.5052, 7.2206, 7.0997, 7.3763, 7.5776,
    6.9942, 6.9413, 6.8923, 6.8056, 6.9282, 6.8886, 6.5903, 6.4672, 6.6248, 6.4681,
    6.6372, 6.4221, 6.3287, 6.4337, 6.3964,
  ]


### VALUES
#### critic_slow_diff
  Points: 35
  Min: 0.0084, Max: 1.0859, Mean: 0.1765
  Data: [
    0.0084, 1.0859, 0.4420, 0.4439, 0.1788, 0.1280, 0.1263, 0.1149, 0.1595, 0.4925,
    0.1162, 0.1588, 0.1228, 0.0646, 0.2208, 0.2288, 0.1237, 0.1243, 0.1006, 0.1784,
    0.0667, 0.1048, 0.1237, 0.1994, 0.1461, 0.0684, 0.0342, 0.0814, 0.2222, 0.0611,
    0.1430, 0.0391, 0.0873, 0.0391, 0.1430,
  ]

#### lambda_returns_max
  Points: 35
  Min: -0.3699, Max: 13.1487, Mean: 9.0287
  Data: [
    -0.3699, 6.6370, 9.5690, 6.6340, 5.8840, 6.6779, 6.5523, 6.5020, 7.8898, 6.4673,
    8.8082, 8.9598, 10.0545, 9.0732, 10.1429, 8.8393, 12.1627, 10.9097, 9.9196, 8.5316,
    8.8571, 10.1055, 10.7394, 8.3722, 10.3119, 8.3142, 10.1608, 10.7860, 9.3951, 10.5144,
    10.9351, 10.9522, 12.5404, 11.0280, 13.1487,
  ]

#### lambda_returns_mean
  Points: 35
  Min: -8.5005, Max: 5.2469, Mean: 2.9638
  Data: [
    -2.2120, -8.5005, -5.8474, -1.6254, -3.4247, -0.0522, 1.0464, 0.5631, 3.1555, 2.2815,
    3.9172, 4.8772, 4.8007, 4.9127, 4.8773, 4.5238, 4.4736, 4.2477, 4.4070, 4.6621,
    4.7198, 4.7099, 4.6533, 4.6640, 4.6293, 4.9085, 4.6106, 4.9484, 4.5227, 5.0795,
    4.8908, 4.9937, 5.0403, 5.2469, 5.0323,
  ]

#### lambda_returns_min
  Points: 35
  Min: -17.1789, Max: -0.5319, Mean: -6.3803
  Data: [
    -3.7156, -17.1789, -13.1886, -9.1175, -8.2920, -6.1440, -5.6676, -8.3913, -6.1867, -7.8871,
    -5.2485, -5.8323, -5.6732, -5.7906, -6.1138, -5.7206, -5.7623, -6.2553, -5.0931, -5.6950,
    -5.9656, -6.5585, -5.4063, -5.8484, -5.9335, -4.6986, -5.5174, -5.7181, -5.3847, -6.0645,
    -5.1005, -5.7831, -0.5319, -6.0648, -5.7823,
  ]

#### lambda_returns_std
  Points: 35
  Min: 0.7832, Max: 5.4071, Mean: 1.6640
  Data: [
    1.0328, 5.4071, 3.3758, 1.6494, 2.2213, 1.3717, 1.1312, 1.3285, 1.9851, 1.4744,
    1.3737, 2.1809, 1.8505, 1.6810, 1.9953, 1.9094, 1.6341, 2.0758, 1.7107, 1.4063,
    1.7694, 1.8049, 1.5973, 1.0209, 1.6826, 1.1478, 1.1862, 0.9510, 1.3716, 1.3959,
    1.0534, 1.0734, 0.7832, 1.0205, 1.5860,
  ]

#### max
  Points: 35
  Min: -0.3243, Max: 8.1132, Mean: 5.9537
  Data: [
    -0.0039, -0.3243, 1.8920, 3.2806, 3.5355, 3.9867, 4.4564, 4.8958, 5.6697, 5.4164,
    6.0141, 7.7147, 7.1433, 6.6363, 7.4304, 6.2449, 6.5266, 6.6475, 7.1496, 6.7682,
    6.5237, 6.7955, 6.6460, 6.6402, 6.9499, 6.7914, 6.5404, 7.1351, 7.2596, 7.7084,
    7.9503, 7.3993, 7.2991, 8.1132, 7.5470,
  ]

#### mean
  Points: 35
  Min: -8.1669, Max: 5.2237, Mean: 3.0323
  Data: [
    -0.0087, -8.1669, -5.7960, -1.4600, -3.4145, -0.1741, 1.0399, 0.5523, 3.2056, 2.2534,
    3.8597, 4.8563, 4.7563, 4.9478, 4.8564, 4.5551, 4.4409, 4.3003, 4.3953, 4.6707,
    4.7306, 4.6759, 4.6090, 4.6526, 4.6361, 4.9131, 4.6137, 4.9175, 4.5275, 5.0854,
    4.8631, 4.9441, 5.0212, 5.2237, 5.0478,
  ]

#### min
  Points: 35
  Min: -16.1591, Max: -0.0091, Mean: -5.2433
  Data: [
    -0.0091, -16.1591, -12.6935, -5.3456, -8.0578, -5.3551, -5.1174, -5.3181, -5.2306, -4.9227,
    -4.0681, -4.7519, -4.5948, -4.8422, -4.6761, -5.0091, -5.1749, -4.8906, -4.5874, -5.1696,
    -5.2733, -5.1818, -4.6114, -4.7610, -4.7872, -4.4201, -4.5283, -4.5417, -4.2868, -5.2041,
    -4.3649, -5.2531, -0.4125, -4.8535, -5.0603,
  ]

#### norm_high
  Points: 35
  Min: -3.0758, Max: 6.6519, Mean: 4.4907
  Data: [
    -0.0316, -3.0758, -1.0539, 0.3605, 0.1116, 1.8286, 2.7975, 2.4622, 5.2443, 3.7767,
    5.1482, 6.6519, 6.3929, 6.0136, 5.9966, 6.1927, 5.5589, 5.8121, 5.7667, 5.7537,
    5.5315, 5.8548, 5.8097, 5.7225, 5.7774, 5.7446, 5.4379, 5.6208, 5.5085, 5.6848,
    5.6588, 5.6644, 5.6169, 5.9070, 5.9291,
  ]

#### norm_low
  Points: 35
  Min: -12.7784, Max: 3.8002, Mean: 0.3679
  Data: [
    -0.3162, -12.7784, -11.2354, -5.4377, -5.9225, -2.2363, -1.0731, -1.4165, 0.4443, -0.0607,
    0.7325, 1.7787, 1.0495, 0.9010, 0.8729, 1.6589, 1.7810, 1.5026, 2.0951, 2.5374,
    1.6614, 1.2755, 1.9307, 2.6555, 2.3946, 2.4979, 2.0964, 2.7195, 1.5504, 2.1630,
    3.2785, 3.3273, 3.2838, 3.3652, 3.8002,
  ]

#### norm_scale
  Points: 35
  Min: 0.2846, Max: 10.1815, Mean: 4.1228
  Data: [
    0.2846, 9.7026, 10.1815, 5.7982, 6.0342, 4.0650, 3.8706, 3.8787, 4.8001, 3.8375,
    4.4156, 4.8732, 5.3433, 5.1126, 5.1237, 4.5338, 3.7780, 4.3095, 3.6716, 3.2163,
    3.8700, 4.5793, 3.8790, 3.0670, 3.3828, 3.2467, 3.3415, 2.9013, 3.9581, 3.5217,
    2.3803, 2.3370, 2.3332, 2.5419, 2.1289,
  ]

#### std
  Points: 35
  Min: 0.0003, Max: 5.3302, Mean: 1.4607
  Data: [
    0.0003, 5.3302, 3.2518, 1.2590, 2.0226, 1.0147, 0.9564, 0.9912, 1.7155, 1.2581,
    1.2266, 1.9773, 1.7293, 1.3711, 1.9028, 1.6682, 1.4704, 1.8186, 1.5957, 1.2834,
    1.5661, 1.6489, 1.4259, 0.9297, 1.5724, 1.1117, 1.1089, 0.7783, 1.1708, 1.1888,
    0.9647, 0.9312, 0.7236, 0.8566, 1.3051,
  ]


### IMAGINATION
#### continue_mean
  Points: 35
  Min: 0.9891, Max: 0.9995, Mean: 0.9939
  Data: [
    0.9995, 0.9940, 0.9891, 0.9899, 0.9930, 0.9956, 0.9965, 0.9949, 0.9915, 0.9943,
    0.9966, 0.9940, 0.9969, 0.9948, 0.9959, 0.9952, 0.9919, 0.9933, 0.9953, 0.9937,
    0.9913, 0.9923, 0.9931, 0.9918, 0.9936, 0.9949, 0.9946, 0.9939, 0.9943, 0.9913,
    0.9945, 0.9953, 0.9953, 0.9938, 0.9907,
  ]

#### continue_min
  Points: 35
  Min: 0.0000, Max: 0.9933, Mean: 0.0297
  Data: [
    0.9933, 0.0344, 0.0018, 0.0007, 0.0003, 0.0055, 0.0002, 0.0001, 0.0002, 0.0004,
    0.0021, 0.0002, 0.0001, 0.0001, 0.0003, 0.0000, 0.0001, 0.0001, 0.0004, 0.0000,
    0.0000, 0.0000, 0.0000, 0.0000, 0.0000, 0.0000, 0.0000, 0.0000, 0.0000, 0.0000,
    0.0000, 0.0000, 0.0000, 0.0000, 0.0000,
  ]

#### reward_abs_mean
  Points: 35
  Min: 0.0340, Max: 0.3619, Mean: 0.0607
  Data: [
    0.3619, 0.0832, 0.0665, 0.1008, 0.0742, 0.0616, 0.0464, 0.0447, 0.0622, 0.0661,
    0.0395, 0.0584, 0.0340, 0.0429, 0.0473, 0.0414, 0.0527, 0.0524, 0.0382, 0.0410,
    0.0644, 0.0548, 0.0559, 0.0527, 0.0402, 0.0379, 0.0379, 0.0482, 0.0394, 0.0578,
    0.0429, 0.0396, 0.0358, 0.0422, 0.0584,
  ]

#### reward_max
  Points: 35
  Min: -0.2696, Max: 2.5004, Mean: 2.4084
  Data: [
    -0.2696, 2.3401, 2.3853, 2.4569, 2.4969, 2.4751, 2.4823, 2.4626, 2.4925, 2.4976,
    2.4980, 2.4921, 2.4968, 2.4976, 2.4968, 2.4994, 2.4989, 2.4989, 2.4975, 2.4993,
    2.4996, 2.5001, 2.4994, 2.4995, 2.4996, 2.4996, 2.4999, 2.5000, 2.4998, 2.4997,
    2.4999, 2.5000, 2.5000, 2.5002, 2.5004,
  ]

#### reward_mean
  Points: 35
  Min: -0.3619, Max: 0.0303, Mean: -0.0185
  Data: [
    -0.3619, -0.0653, -0.0587, -0.0647, -0.0455, -0.0065, -0.0317, -0.0135, -0.0402, -0.0294,
    -0.0030, -0.0309, -0.0099, -0.0131, -0.0137, -0.0208, 0.0142, -0.0147, -0.0036, -0.0007,
    -0.0023, -0.0175, 0.0248, 0.0303, -0.0082, 0.0119, 0.0142, 0.0197, 0.0113, 0.0063,
    0.0122, 0.0147, 0.0166, 0.0162, 0.0152,
  ]

#### reward_min
  Points: 35
  Min: -2.6142, Max: -0.1670, Mean: -2.4553
  Data: [
    -0.3634, -2.5384, -2.5707, -2.6048, -2.6060, -2.5926, -2.6051, -2.6059, -2.6142, -2.6084,
    -2.5842, -2.6083, -2.6003, -2.6020, -2.5838, -2.6099, -2.5773, -2.5889, -2.5954, -2.5925,
    -2.5926, -2.6028, -2.5854, -2.5715, -2.5879, -2.5471, -2.5501, -2.5686, -2.5562, -2.5817,
    -2.5914, -2.6027, -0.1670, -2.5778, -2.5992,
  ]

#### reward_nonzero_frac
  Points: 35
  Min: 0.0325, Max: 1.0000, Mean: 0.1035
  Data: [
    1.0000, 0.2428, 0.1510, 0.1586, 0.1594, 0.1135, 0.1029, 0.0670, 0.0891, 0.1403,
    0.0582, 0.1027, 0.0521, 0.0546, 0.0802, 0.0440, 0.0483, 0.0611, 0.0500, 0.0427,
    0.0695, 0.0562, 0.0594, 0.0578, 0.0325, 0.0527, 0.0531, 0.0593, 0.0406, 0.0726,
    0.0598, 0.0404, 0.0530, 0.0432, 0.0536,
  ]

#### reward_significant_frac
  Points: 35
  Min: 0.0000, Max: 0.0276, Mean: 0.0151
  Data: [
    0.0000, 0.0108, 0.0072, 0.0276, 0.0159, 0.0163, 0.0078, 0.0124, 0.0185, 0.0159,
    0.0108, 0.0156, 0.0089, 0.0121, 0.0135, 0.0127, 0.0223, 0.0186, 0.0106, 0.0144,
    0.0238, 0.0189, 0.0217, 0.0207, 0.0142, 0.0127, 0.0125, 0.0171, 0.0143, 0.0215,
    0.0145, 0.0143, 0.0116, 0.0153, 0.0238,
  ]

#### reward_std
  Points: 35
  Min: 0.0042, Max: 0.3134, Mean: 0.2259
  Data: [
    0.0042, 0.1945, 0.1629, 0.3134, 0.2445, 0.2259, 0.1696, 0.2128, 0.2624, 0.2431,
    0.1874, 0.2385, 0.1792, 0.2149, 0.2180, 0.2200, 0.2758, 0.2554, 0.1974, 0.2264,
    0.2901, 0.2691, 0.2718, 0.2659, 0.2306, 0.2075, 0.2113, 0.2430, 0.2249, 0.2715,
    0.2276, 0.2222, 0.1995, 0.2284, 0.2957,
  ]


### ACTIONS
#### abs_mean
  Points: 35
  Min: 0.8385, Max: 0.9892, Mean: 0.9737
  Data: [
    0.8385, 0.9418, 0.9445, 0.9671, 0.9699, 0.9703, 0.9752, 0.9755, 0.9770, 0.9771,
    0.9778, 0.9725, 0.9751, 0.9757, 0.9787, 0.9807, 0.9785, 0.9817, 0.9781, 0.9803,
    0.9787, 0.9824, 0.9820, 0.9817, 0.9828, 0.9847, 0.9849, 0.9863, 0.9841, 0.9863,
    0.9827, 0.9892, 0.9857, 0.9846, 0.9872,
  ]

#### dim0_mean
  Points: 35
  Min: -0.0703, Max: 0.9829, Mean: 0.1503
  Data: [
    -0.0341, 0.9829, 0.2505, 0.2613, 0.2014, 0.1473, -0.0199, 0.1084, -0.0703, 0.1152,
    0.1069, 0.2648, 0.1237, 0.0827, 0.1424, 0.1583, 0.1504, 0.1665, 0.1175, 0.2336,
    0.1608, 0.1897, 0.0829, 0.0214, 0.1726, 0.1267, 0.1477, 0.0617, 0.1148, 0.1983,
    -0.0054, 0.0845, 0.0674, 0.1674, 0.1822,
  ]

#### dim1_mean
  Points: 35
  Min: -0.1508, Max: 0.3087, Mean: 0.0383
  Data: [
    -0.0848, 0.3087, 0.2304, -0.0327, -0.0550, -0.0297, 0.0944, -0.1251, 0.0903, -0.1055,
    -0.0392, 0.0328, -0.0003, 0.0838, -0.0613, -0.0617, 0.0124, 0.0481, -0.0388, 0.0701,
    0.1058, 0.1332, 0.0274, 0.0289, 0.0370, -0.1508, 0.0055, 0.0413, 0.1876, 0.0837,
    -0.0007, 0.0237, 0.2404, 0.1048, 0.1366,
  ]

#### dim2_mean
  Points: 35
  Min: 0.0070, Max: 0.3704, Mean: 0.1805
  Data: [
    0.0070, 0.0599, 0.0257, 0.0566, 0.0367, 0.1511, 0.2993, 0.1740, 0.1481, 0.1870,
    0.1877, 0.0356, 0.1086, 0.0410, 0.2179, 0.3704, 0.3286, 0.2311, 0.2724, 0.3049,
    0.1382, 0.2343, 0.1621, 0.2480, 0.2993, 0.0991, 0.1834, 0.1698, 0.1924, 0.0689,
    0.0970, 0.3461, 0.2943, 0.3537, 0.1864,
  ]

#### dim3_mean
  Points: 35
  Min: -0.1175, Max: 0.9655, Mean: 0.6506
  Data: [
    -0.0227, -0.1175, 0.5796, 0.9655, 0.9129, 0.9067, 0.9124, 0.8392, 0.8744, 0.6488,
    0.8178, 0.4963, 0.7646, 0.8151, 0.9019, 0.8798, 0.7908, 0.8997, 0.4411, 0.4216,
    0.7005, 0.5586, 0.7648, 0.5495, 0.5505, 0.7416, 0.5565, 0.5279, 0.4439, 0.7380,
    0.6843, 0.5667, 0.7129, 0.3675, 0.5803,
  ]

#### max
  Points: 35
  Min: 1.0000, Max: 1.0000, Mean: 1.0000
  Data: [
    1.0000, 1.0000, 1.0000, 1.0000, 1.0000, 1.0000, 1.0000, 1.0000, 1.0000, 1.0000,
    1.0000, 1.0000, 1.0000, 1.0000, 1.0000, 1.0000, 1.0000, 1.0000, 1.0000, 1.0000,
    1.0000, 1.0000, 1.0000, 1.0000, 1.0000, 1.0000, 1.0000, 1.0000, 1.0000, 1.0000,
    1.0000, 1.0000, 1.0000, 1.0000, 1.0000,
  ]

#### mean
  Points: 35
  Min: -0.0337, Max: 0.3367, Mean: 0.2549
  Data: [
    -0.0337, 0.3085, 0.2716, 0.3127, 0.2740, 0.2938, 0.3215, 0.2491, 0.2606, 0.2114,
    0.2683, 0.2074, 0.2492, 0.2557, 0.3002, 0.3367, 0.3205, 0.3363, 0.1981, 0.2576,
    0.2763, 0.2790, 0.2593, 0.2120, 0.2649, 0.2042, 0.2233, 0.2002, 0.2347, 0.2722,
    0.1938, 0.2552, 0.3288, 0.2483, 0.2714,
  ]

#### min
  Points: 35
  Min: -1.0000, Max: -1.0000, Mean: -1.0000
  Data: [
    -1.0000, -1.0000, -1.0000, -1.0000, -1.0000, -1.0000, -1.0000, -1.0000, -1.0000, -1.0000,
    -1.0000, -1.0000, -1.0000, -1.0000, -1.0000, -1.0000, -1.0000, -1.0000, -1.0000, -1.0000,
    -1.0000, -1.0000, -1.0000, -1.0000, -1.0000, -1.0000, -1.0000, -1.0000, -1.0000, -1.0000,
    -1.0000, -1.0000, -1.0000, -1.0000, -1.0000,
  ]

#### std
  Points: 35
  Min: 0.8767, Max: 0.9696, Mean: 0.9449
  Data: [
    0.8767, 0.9058, 0.9199, 0.9243, 0.9390, 0.9334, 0.9278, 0.9500, 0.9483, 0.9603,
    0.9467, 0.9583, 0.9500, 0.9484, 0.9378, 0.9269, 0.9308, 0.9273, 0.9637, 0.9517,
    0.9450, 0.9469, 0.9527, 0.9640, 0.9513, 0.9676, 0.9637, 0.9696, 0.9604, 0.9522,
    0.9685, 0.9587, 0.9337, 0.9573, 0.9532,
  ]


### GRADIENTS
#### actor_norm
  Points: 35
  Min: 0.0087, Max: 0.7545, Mean: 0.0632
  Data: [
    0.7545, 0.0206, 0.0087, 0.0321, 0.0351, 0.0684, 0.0488, 0.0776, 0.0318, 0.0461,
    0.0338, 0.0431, 0.0323, 0.0704, 0.0404, 0.0280, 0.0309, 0.0385, 0.0305, 0.0336,
    0.0316, 0.0286, 0.0382, 0.0367, 0.0471, 0.0455, 0.0375, 0.0366, 0.0447, 0.0395,
    0.0940, 0.0633, 0.0436, 0.0480, 0.0704,
  ]

#### critic_norm
  Points: 35
  Min: 0.1512, Max: 3.2180, Mean: 0.4511
  Data: [
    3.2180, 0.6951, 0.4299, 0.6617, 0.4991, 0.5245, 0.5542, 0.7224, 0.4268, 0.9739,
    0.4133, 0.4363, 0.2979, 0.2684, 0.3347, 0.3124, 0.2563, 0.3193, 0.2997, 0.2516,
    0.3039, 0.2880, 0.3695, 0.2708, 0.3480, 0.3216, 0.2211, 0.1512, 0.2055, 0.1998,
    0.2856, 0.2288, 0.1920, 0.2195, 0.2874,
  ]

#### world_model_norm
  Points: 35
  Min: 3.9900, Max: 40.7538, Mean: 11.9641
  Data: [
    9.1028, 3.9900, 5.5424, 7.8162, 10.3722, 16.8097, 10.5849, 5.9631, 15.9496, 23.2495,
    17.1456, 13.4302, 5.8394, 8.0279, 11.1251, 6.0553, 15.8908, 10.1314, 7.6884, 15.2320,
    7.3239, 7.4396, 7.7260, 15.3489, 7.2155, 8.3857, 8.4300, 34.1148, 6.4973, 9.4682,
    7.2118, 9.2856, 8.5601, 40.7538, 21.0353,
  ]


### SPARSE_SIGNAL
#### advantage_nonzero_frac
  Points: 35
  Min: 0.5601, Max: 1.0000, Mean: 0.7575
  Data: [
    1.0000, 0.8196, 0.7100, 0.8431, 0.8615, 0.8038, 0.8726, 0.8551, 0.8173, 0.8854,
    0.8412, 0.8272, 0.7429, 0.6565, 0.7285, 0.7344, 0.7856, 0.6959, 0.7081, 0.7308,
    0.6676, 0.6742, 0.7663, 0.7949, 0.7069, 0.6959, 0.6802, 0.7581, 0.5601, 0.6014,
    0.7401, 0.7341, 0.7480, 0.6735, 0.7913,
  ]

#### advantage_significant_frac
  Points: 35
  Min: 0.0974, Max: 1.0000, Mean: 0.2194
  Data: [
    1.0000, 0.1794, 0.0974, 0.2629, 0.2671, 0.2679, 0.2676, 0.3254, 0.2416, 0.3427,
    0.2458, 0.2394, 0.1585, 0.1580, 0.1949, 0.1461, 0.1700, 0.1595, 0.1874, 0.1637,
    0.1721, 0.1397, 0.1869, 0.1941, 0.1254, 0.1599, 0.1161, 0.1550, 0.1141, 0.1496,
    0.2332, 0.2120, 0.1964, 0.2010, 0.2476,
  ]

#### event_rate_in_batch
  Points: 35
  Min: 0.0040, Max: 0.0242, Mean: 0.0109
  Data: [
    0.0060, 0.0060, 0.0040, 0.0202, 0.0101, 0.0101, 0.0121, 0.0081, 0.0161, 0.0141,
    0.0091, 0.0141, 0.0060, 0.0091, 0.0131, 0.0060, 0.0181, 0.0081, 0.0101, 0.0101,
    0.0121, 0.0242, 0.0161, 0.0121, 0.0101, 0.0050, 0.0050, 0.0060, 0.0081, 0.0161,
    0.0121, 0.0081, 0.0081, 0.0151, 0.0141,
  ]

#### lambda_return_abs_mean
  Points: 35
  Min: 0.9469, Max: 8.5320, Mean: 4.3535
  Data: [
    2.2120, 8.5320, 5.8888, 1.8982, 3.5666, 0.9472, 1.2873, 0.9469, 3.4861, 2.4854,
    3.9644, 5.0804, 4.8581, 5.1071, 4.9757, 4.7442, 4.6002, 4.5330, 4.4658, 4.7644,
    4.9761, 4.9086, 4.7442, 4.6864, 4.7829, 4.9206, 4.6449, 5.0010, 4.6341, 5.2189,
    4.9100, 5.0387, 5.0410, 5.3024, 5.2189,
  ]

#### lambda_return_nonzero_frac
  Points: 35
  Min: 0.8994, Max: 1.0000, Mean: 0.9924
  Data: [
    1.0000, 0.9996, 0.9965, 0.9708, 0.9889, 0.8994, 0.9767, 0.9266, 0.9912, 0.9963,
    0.9984, 0.9981, 0.9995, 0.9992, 0.9991, 0.9996, 0.9999, 0.9999, 0.9989, 0.9994,
    0.9992, 0.9999, 0.9997, 0.9996, 0.9999, 0.9999, 0.9997, 1.0000, 0.9997, 0.9998,
    0.9995, 1.0000, 0.9999, 1.0000, 0.9998,
  ]

#### lambda_return_significant_frac
  Points: 35
  Min: 0.2720, Max: 0.9998, Mean: 0.9132
  Data: [
    0.8571, 0.9903, 0.9232, 0.6874, 0.9159, 0.3242, 0.5685, 0.2720, 0.9106, 0.9158,
    0.9830, 0.9832, 0.9310, 0.9926, 0.9257, 0.9898, 0.9966, 0.9615, 0.9947, 0.9958,
    0.9947, 0.9633, 0.9677, 0.9973, 0.9968, 0.9991, 0.9682, 0.9996, 0.9697, 0.9969,
    0.9954, 0.9998, 0.9983, 0.9996, 0.9975,
  ]

#### nonsparse_pred_error
  Points: 35
  Min: 0.0071, Max: 0.2524, Mean: 0.0227
  Data: [
    0.2524, 0.0283, 0.0208, 0.0233, 0.0400, 0.0359, 0.0173, 0.0110, 0.0245, 0.0272,
    0.0096, 0.0173, 0.0141, 0.0096, 0.0170, 0.0116, 0.0156, 0.0175, 0.0143, 0.0093,
    0.0197, 0.0159, 0.0121, 0.0123, 0.0103, 0.0091, 0.0098, 0.0142, 0.0096, 0.0118,
    0.0073, 0.0168, 0.0071, 0.0093, 0.0114,
  ]

#### num_sparse_events
  Points: 35
  Min: 4.0000, Max: 24.0000, Mean: 10.8571
  Data: [
    6.0000, 6.0000, 4.0000, 20.0000, 10.0000, 10.0000, 12.0000, 8.0000, 16.0000, 14.0000,
    9.0000, 14.0000, 6.0000, 9.0000, 13.0000, 6.0000, 18.0000, 8.0000, 10.0000, 10.0000,
    12.0000, 24.0000, 16.0000, 12.0000, 10.0000, 5.0000, 5.0000, 6.0000, 8.0000, 16.0000,
    12.0000, 8.0000, 8.0000, 15.0000, 14.0000,
  ]

#### reward_max
  Points: 35
  Min: 0.0000, Max: 2.5000, Mean: 2.4286
  Data: [
    2.5000, 2.5000, 0.0000, 2.5000, 2.5000, 2.5000, 2.5000, 2.5000, 2.5000, 2.5000,
    2.5000, 2.5000, 2.5000, 2.5000, 2.5000, 2.5000, 2.5000, 2.5000, 2.5000, 2.5000,
    2.5000, 2.5000, 2.5000, 2.5000, 2.5000, 2.5000, 2.5000, 2.5000, 2.5000, 2.5000,
    2.5000, 2.5000, 2.5000, 2.5000, 2.5000,
  ]

#### reward_min
  Points: 35
  Min: -2.6238, Max: -0.1798, Mean: -2.5199
  Data: [
    -2.5607, -2.5901, -2.5955, -2.6070, -2.5912, -2.5988, -2.6139, -2.6143, -2.6238, -2.6081,
    -2.6136, -2.6042, -2.5462, -2.5987, -2.5815, -2.6196, -2.5806, -2.5764, -2.5956, -2.5892,
    -2.5987, -2.5942, -2.5797, -2.5657, -2.5946, -2.5593, -2.5403, -2.5743, -2.5580, -2.5852,
    -2.5927, -2.5848, -0.1798, -2.5831, -2.5971,
  ]

#### reward_range
  Points: 35
  Min: 2.5955, Max: 5.1238, Mean: 4.9485
  Data: [
    5.0607, 5.0901, 2.5955, 5.1070, 5.0912, 5.0988, 5.1139, 5.1143, 5.1238, 5.1081,
    5.1136, 5.1042, 5.0462, 5.0987, 5.0815, 5.1196, 5.0806, 5.0764, 5.0956, 5.0892,
    5.0987, 5.0942, 5.0797, 5.0657, 5.0946, 5.0593, 5.0403, 5.0743, 5.0580, 5.0852,
    5.0927, 5.0848, 2.6798, 5.0831, 5.0971,
  ]

#### reward_variance
  Points: 35
  Min: 0.0217, Max: 0.1074, Mean: 0.0502
  Data: [
    0.0309, 0.0318, 0.0217, 0.0911, 0.0480, 0.0477, 0.0604, 0.0394, 0.0776, 0.0658,
    0.0441, 0.0662, 0.0277, 0.0431, 0.0627, 0.0287, 0.0781, 0.0358, 0.0455, 0.0455,
    0.0548, 0.1074, 0.0685, 0.0515, 0.0455, 0.0252, 0.0242, 0.0269, 0.0341, 0.0723,
    0.0535, 0.0353, 0.0343, 0.0682, 0.0624,
  ]

#### sparse_actual_mean
  Points: 35
  Min: -1.9737, Max: 1.8750, Mean: -0.0931
  Data: [
    -0.6646, -0.6871, -1.9737, -1.5925, -0.4181, -0.4377, -1.4293, -0.0670, -1.5656, -0.3310,
    0.5231, -0.3307, 0.6065, 0.5234, 0.1496, -0.7108, 0.6039, -0.0409, -0.4274, -1.1946,
    -0.6869, -1.0015, 1.3948, 1.2375, -1.1953, 0.4721, 0.9919, 0.5950, 0.9203, -0.0445,
    -0.0438, 0.9125, 1.8750, 0.5546, 0.2233,
  ]

#### sparse_pred_error
  Points: 35
  Min: 0.0077, Max: 1.7977, Mean: 0.1485
  Data: [
    1.7977, 0.1931, 0.0158, 0.1074, 0.1616, 0.2472, 0.1324, 0.0391, 0.2131, 0.1858,
    0.1244, 0.0631, 0.0426, 0.0500, 0.0656, 0.0077, 0.1301, 0.1378, 0.0221, 0.1882,
    0.0131, 0.0779, 0.0244, 0.1067, 0.0080, 0.1014, 0.0326, 0.3938, 0.0139, 0.0722,
    0.0286, 0.0261, 0.0436, 0.1650, 0.1670,
  ]

#### sparse_pred_mean
  Points: 35
  Min: -1.9639, Max: 1.8337, Mean: -0.0606
  Data: [
    -0.3519, -0.7703, -1.9639, -1.6207, -0.4836, -0.2502, -1.5040, -0.0893, -1.4589, -0.1531,
    0.6222, -0.3811, 0.5766, 0.5617, 0.1923, -0.7107, 0.6048, 0.0591, -0.4426, -1.2290,
    -0.6912, -1.0048, 1.3715, 1.2329, -1.1917, 0.5345, 0.9881, 0.9879, 0.9136, -0.0882,
    -0.0313, 0.8869, 1.8337, 0.7131, 0.2159,
  ]

#### sparse_sign_accuracy
  Points: 35
  Min: 0.6667, Max: 1.0000, Mean: 0.9905
  Data: [
    0.6667, 1.0000, 1.0000, 1.0000, 1.0000, 1.0000, 1.0000, 1.0000, 1.0000, 1.0000,
    1.0000, 1.0000, 1.0000, 1.0000, 1.0000, 1.0000, 1.0000, 1.0000, 1.0000, 1.0000,
    1.0000, 1.0000, 1.0000, 1.0000, 1.0000, 1.0000, 1.0000, 1.0000, 1.0000, 1.0000,
    1.0000, 1.0000, 1.0000, 1.0000, 1.0000,
  ]

#### sparse_vs_nonsparse_error_ratio
  Points: 35
  Min: 0.6619, Max: 27.6500, Mean: 6.7173
  Data: [
    7.1229, 6.8297, 0.7593, 4.6041, 4.0401, 6.8939, 7.6408, 3.5505, 8.6792, 6.8248,
    13.0188, 3.6541, 3.0146, 5.1924, 3.8529, 0.6619, 8.3468, 7.8546, 1.5418, 20.3191,
    0.6647, 4.9148, 2.0172, 8.6733, 0.7778, 11.2016, 3.3156, 27.6500, 1.4432, 6.0962,
    3.9099, 1.5554, 6.1478, 17.6796, 14.6568,
  ]

#### sparse_weight_applied
  Points: 35
  Min: 40.3333, Max: 100.0000, Mean: 85.5350
  Data: [
    100.0000, 100.0000, 100.0000, 48.6000, 98.2000, 98.2000, 81.6667, 100.0000, 61.0000, 69.8571,
    100.0000, 69.8571, 100.0000, 100.0000, 75.3077, 100.0000, 54.1111, 100.0000, 98.2000, 98.2000,
    81.6667, 40.3333, 61.0000, 81.6667, 98.2000, 100.0000, 100.0000, 100.0000, 100.0000, 61.0000,
    81.6667, 100.0000, 100.0000, 65.1333, 69.8571,
  ]

#### unweighted_reward_loss
  Points: 35
  Min: 0.1605, Max: 1.9961, Mean: 0.3102
  Data: [
    1.9961, 0.4075, 0.4313, 0.4215, 0.4418, 0.3762, 0.3660, 0.2348, 0.3448, 0.3727,
    0.3019, 0.3044, 0.2745, 0.2174, 0.2524, 0.2174, 0.2436, 0.2106, 0.2357, 0.1712,
    0.2516, 0.2579, 0.2117, 0.1738, 0.2161, 0.1675, 0.1690, 0.2268, 0.1665, 0.2524,
    0.1628, 0.2042, 0.1605, 0.2290, 0.1837,
  ]

#### value_lambda_gap_abs_mean
  Points: 35
  Min: 0.1742, Max: 2.2033, Mean: 0.3697
  Data: [
    2.2033, 0.6945, 0.4258, 0.5531, 0.5408, 0.4131, 0.3391, 0.4270, 0.4031, 0.3994,
    0.3519, 0.4403, 0.3128, 0.3356, 0.3915, 0.2817, 0.2764, 0.3168, 0.2534, 0.2219,
    0.2702, 0.2744, 0.2930, 0.2255, 0.2054, 0.1997, 0.1778, 0.1963, 0.2008, 0.2295,
    0.2320, 0.2129, 0.1742, 0.2062, 0.2604,
  ]

#### value_lambda_gap_mean
  Points: 35
  Min: -2.2033, Max: 0.1359, Mean: -0.0571
  Data: [
    -2.2033, -0.3540, -0.0457, -0.1534, 0.0062, 0.1359, 0.0213, 0.0208, -0.0255, 0.0502,
    0.0687, 0.0501, 0.0569, -0.0190, 0.0389, -0.0125, 0.0469, -0.0326, 0.0220, 0.0001,
    0.0083, 0.0570, 0.0531, 0.0160, 0.0081, -0.0008, 0.0010, 0.0356, 0.0019, 0.0090,
    0.0351, 0.0544, 0.0229, 0.0296, -0.0030,
  ]

#### weighted_reward_loss
  Points: 35
  Min: 0.2099, Max: 2.2964, Mean: 0.4401
  Data: [
    2.2964, 0.4980, 0.4557, 0.5281, 0.5161, 0.5554, 0.4883, 0.3338, 0.5326, 0.5501,
    0.4040, 0.4030, 0.3108, 0.2995, 0.3487, 0.3116, 0.3714, 0.3724, 0.3298, 0.4174,
    0.3455, 0.3846, 0.2779, 0.3004, 0.3354, 0.2510, 0.2099, 0.6946, 0.2481, 0.3636,
    0.2899, 0.2794, 0.2393, 0.4305, 0.4286,
  ]


### AUX
#### goal_accuracy
  Points: 35
  Min: 1.0000, Max: 1.0000, Mean: 1.0000
  Data: [
    1.0000, 1.0000, 1.0000, 1.0000, 1.0000, 1.0000, 1.0000, 1.0000, 1.0000, 1.0000,
    1.0000, 1.0000, 1.0000, 1.0000, 1.0000, 1.0000, 1.0000, 1.0000, 1.0000, 1.0000,
    1.0000, 1.0000, 1.0000, 1.0000, 1.0000, 1.0000, 1.0000, 1.0000, 1.0000, 1.0000,
    1.0000, 1.0000, 1.0000, 1.0000, 1.0000,
  ]

#### goal_loss
  Points: 35
  Min: 0.0000, Max: 0.1413, Mean: 0.0040
  Data: [
    0.1413, 0.0000, 0.0000, 0.0000, 0.0000, 0.0000, 0.0000, 0.0000, 0.0000, 0.0000,
    0.0000, 0.0000, 0.0000, 0.0000, 0.0000, 0.0000, 0.0000, 0.0000, 0.0000, 0.0000,
    0.0000, 0.0000, 0.0000, 0.0000, 0.0000, 0.0000, 0.0000, 0.0000, 0.0000, 0.0000,
    0.0000, 0.0000, 0.0000, 0.0000, 0.0000,
  ]

#### goal_positive_rate
  Points: 35
  Min: 0.0000, Max: 0.0000, Mean: 0.0000
  Data: [
    0.0000, 0.0000, 0.0000, 0.0000, 0.0000, 0.0000, 0.0000, 0.0000, 0.0000, 0.0000,
    0.0000, 0.0000, 0.0000, 0.0000, 0.0000, 0.0000, 0.0000, 0.0000, 0.0000, 0.0000,
    0.0000, 0.0000, 0.0000, 0.0000, 0.0000, 0.0000, 0.0000, 0.0000, 0.0000, 0.0000,
    0.0000, 0.0000, 0.0000, 0.0000, 0.0000,
  ]

#### goal_pred_positive_rate
  Points: 35
  Min: 0.0000, Max: 0.0000, Mean: 0.0000
  Data: [
    0.0000, 0.0000, 0.0000, 0.0000, 0.0000, 0.0000, 0.0000, 0.0000, 0.0000, 0.0000,
    0.0000, 0.0000, 0.0000, 0.0000, 0.0000, 0.0000, 0.0000, 0.0000, 0.0000, 0.0000,
    0.0000, 0.0000, 0.0000, 0.0000, 0.0000, 0.0000, 0.0000, 0.0000, 0.0000, 0.0000,
    0.0000, 0.0000, 0.0000, 0.0000, 0.0000,
  ]

#### puck_goal_dist_actual_mean
  Points: 35
  Min: 2.0959, Max: 3.7954, Mean: 2.8092
  Data: [
    3.7954, 3.3891, 3.6737, 3.1852, 3.2738, 3.0988, 3.2276, 2.8423, 2.9949, 3.1445,
    3.1374, 3.1381, 2.9229, 2.5943, 2.5866, 2.7738, 2.5102, 2.9515, 2.7884, 2.4766,
    2.7319, 2.9342, 2.5223, 2.4472, 2.8981, 2.4225, 2.5466, 2.4638, 2.4859, 2.7461,
    2.2465, 2.4440, 2.2834, 2.5478, 2.0959,
  ]

#### puck_goal_dist_error
  Points: 35
  Min: 0.0981, Max: 1.1097, Mean: 0.1513
  Data: [
    1.1097, 0.1986, 0.1756, 0.1435, 0.1319, 0.1882, 0.1260, 0.1464, 0.1322, 0.1289,
    0.1733, 0.1201, 0.1202, 0.1252, 0.1201, 0.1214, 0.1058, 0.1138, 0.1144, 0.1065,
    0.1067, 0.1063, 0.1046, 0.1026, 0.1093, 0.1111, 0.1029, 0.1067, 0.1117, 0.0981,
    0.1016, 0.1087, 0.1010, 0.1130, 0.1080,
  ]

#### puck_goal_dist_loss
  Points: 35
  Min: 0.0197, Max: 2.1797, Mean: 0.0932
  Data: [
    2.1797, 0.0683, 0.0622, 0.0431, 0.0430, 0.0612, 0.0324, 0.0420, 0.0340, 0.0336,
    0.0582, 0.0291, 0.0270, 0.0296, 0.0276, 0.0341, 0.0276, 0.0256, 0.0248, 0.0238,
    0.0234, 0.0230, 0.0243, 0.0239, 0.0252, 0.0249, 0.0211, 0.0205, 0.0248, 0.0197,
    0.0198, 0.0253, 0.0213, 0.0254, 0.0321,
  ]

#### puck_goal_dist_pred_mean
  Points: 35
  Min: 2.0937, Max: 3.7801, Mean: 2.7994
  Data: [
    3.3303, 3.4211, 3.7801, 3.1784, 3.2589, 2.9523, 3.2729, 2.7772, 3.0594, 3.1917,
    3.0415, 3.1656, 2.9480, 2.6159, 2.5762, 2.7925, 2.5145, 2.9574, 2.8332, 2.4590,
    2.7378, 2.9340, 2.5168, 2.4299, 2.9177, 2.3930, 2.5625, 2.4561, 2.4296, 2.7451,
    2.2916, 2.4814, 2.3124, 2.5529, 2.0937,
  ]

#### shot_quality_actual_mean
  Points: 35
  Min: 0.0397, Max: 0.1885, Mean: 0.1261
  Data: [
    0.0462, 0.0766, 0.0397, 0.0929, 0.0774, 0.1145, 0.0980, 0.1253, 0.0991, 0.1069,
    0.0998, 0.0862, 0.1276, 0.1540, 0.1436, 0.1389, 0.1782, 0.1184, 0.1157, 0.1583,
    0.1428, 0.1118, 0.1780, 0.1586, 0.1207, 0.1307, 0.1201, 0.1544, 0.1509, 0.1192,
    0.1580, 0.1542, 0.1677, 0.1600, 0.1885,
  ]

#### shot_quality_loss
  Points: 35
  Min: 0.0008, Max: 0.0204, Mean: 0.0019
  Data: [
    0.0204, 0.0017, 0.0008, 0.0016, 0.0010, 0.0015, 0.0008, 0.0014, 0.0011, 0.0015,
    0.0012, 0.0015, 0.0015, 0.0018, 0.0018, 0.0013, 0.0017, 0.0013, 0.0012, 0.0013,
    0.0011, 0.0009, 0.0018, 0.0016, 0.0010, 0.0017, 0.0013, 0.0017, 0.0016, 0.0012,
    0.0010, 0.0017, 0.0011, 0.0011, 0.0018,
  ]

#### shot_quality_pred_mean
  Points: 35
  Min: 0.0394, Max: 0.1845, Mean: 0.1267
  Data: [
    0.0648, 0.0823, 0.0394, 0.0861, 0.0799, 0.1194, 0.0984, 0.1306, 0.0970, 0.1064,
    0.1005, 0.0850, 0.1269, 0.1511, 0.1460, 0.1361, 0.1800, 0.1200, 0.1121, 0.1576,
    0.1419, 0.1097, 0.1780, 0.1609, 0.1213, 0.1372, 0.1182, 0.1526, 0.1594, 0.1189,
    0.1555, 0.1519, 0.1608, 0.1637, 0.1845,
  ]

#### total_loss
  Points: 35
  Min: 0.0208, Max: 2.3414, Mean: 0.0991
  Data: [
    2.3414, 0.0700, 0.0630, 0.0447, 0.0440, 0.0626, 0.0332, 0.0434, 0.0351, 0.0350,
    0.0594, 0.0306, 0.0285, 0.0314, 0.0293, 0.0355, 0.0293, 0.0269, 0.0260, 0.0251,
    0.0245, 0.0239, 0.0261, 0.0256, 0.0262, 0.0266, 0.0224, 0.0222, 0.0264, 0.0209,
    0.0208, 0.0270, 0.0225, 0.0265, 0.0339,
  ]


### DIAGNOSTICS
#### advantage_contribution
  Points: 35
  Min: 1.0146, Max: 53.6306, Mean: 4.1642
  Data: [
    53.6306, 1.4776, 1.0146, 3.0112, 3.0240, 3.4904, 3.0679, 3.9015, 2.9288, 3.6559,
    2.7775, 3.1144, 2.0052, 2.2845, 2.7253, 2.1961, 2.6184, 2.6741, 2.4840, 2.4967,
    2.5698, 2.2056, 2.7890, 2.7137, 2.2488, 2.2301, 1.9861, 2.5512, 1.8754, 2.4676,
    3.6237, 3.4173, 2.8008, 3.0456, 4.6426,
  ]

#### entropy_advantage_ratio
  Points: 35
  Min: 0.0001, Max: 0.0039, Mean: 0.0016
  Data: [
    0.0001, 0.0025, 0.0039, 0.0013, 0.0013, 0.0011, 0.0013, 0.0010, 0.0014, 0.0011,
    0.0014, 0.0013, 0.0020, 0.0018, 0.0015, 0.0019, 0.0016, 0.0015, 0.0016, 0.0016,
    0.0016, 0.0019, 0.0015, 0.0015, 0.0018, 0.0018, 0.0021, 0.0016, 0.0022, 0.0017,
    0.0011, 0.0012, 0.0015, 0.0013, 0.0009,
  ]

#### entropy_contribution
  Points: 35
  Min: 0.0032, Max: 0.0041, Mean: 0.0040
  Data: [
    0.0032, 0.0037, 0.0039, 0.0038, 0.0039, 0.0040, 0.0040, 0.0040, 0.0040, 0.0040,
    0.0040, 0.0040, 0.0041, 0.0040, 0.0041, 0.0041, 0.0041, 0.0041, 0.0041, 0.0041,
    0.0041, 0.0041, 0.0041, 0.0041, 0.0041, 0.0041, 0.0041, 0.0041, 0.0041, 0.0041,
    0.0041, 0.0041, 0.0041, 0.0041, 0.0041,
  ]

#### return_range_S
  Points: 35
  Min: 0.2846, Max: 10.1815, Mean: 4.1228
  Data: [
    0.2846, 9.7026, 10.1815, 5.7982, 6.0342, 4.0650, 3.8706, 3.8787, 4.8001, 3.8375,
    4.4156, 4.8732, 5.3433, 5.1126, 5.1237, 4.5338, 3.7780, 4.3095, 3.6716, 3.2163,
    3.8700, 4.5793, 3.8790, 3.0670, 3.3828, 3.2467, 3.3415, 2.9013, 3.9581, 3.5217,
    2.3803, 2.3370, 2.3332, 2.5419, 2.1289,
  ]

#### return_range_at_floor
  Points: 35
  Min: 0.0000, Max: 1.0000, Mean: 0.0286
  Data: [
    1.0000, 0.0000, 0.0000, 0.0000, 0.0000, 0.0000, 0.0000, 0.0000, 0.0000, 0.0000,
    0.0000, 0.0000, 0.0000, 0.0000, 0.0000, 0.0000, 0.0000, 0.0000, 0.0000, 0.0000,
    0.0000, 0.0000, 0.0000, 0.0000, 0.0000, 0.0000, 0.0000, 0.0000, 0.0000, 0.0000,
    0.0000, 0.0000, 0.0000, 0.0000, 0.0000,
  ]

