================================================================================
W&B RUN DATA: weak-long-part-1-weak-TD3-Hockey-NORMAL-weak-lr0.0003-seed53
================================================================================

## RUN METADATA
Run ID: ivy3hf6s
Created: 2026-01-10T13:08:02Z
State: running
Duration: 19721.004097231 seconds

## CONFIGURATION
  algorithm: TD3
  mode: NORMAL
  opponent: weak
  learning_rate_actor: 0.0003
  learning_rate_critic: 0.0003
  batch_size: 512
  buffer_size: 1000000
  max_episodes: 100000
  random_seed: 53
  self_play_start: 50000
  self_play_pool_size: 25
  gamma: 0.99
  tau: 0.005

## FINAL SUMMARY

## NOTE: Data discretized to fit 100000 char limit
  Showing ~50 points per metric (of 483 total)

## METRICS DATA

### behavior/action_magnitude_avg
  Total points: 100
  Min: 0.7363, Max: 1.2360, Mean: 1.1039
  Data: [
    0.7976, 0.8721, 0.9435, 0.8042, 0.8425, 0.7810, 0.8918, 0.8434, 0.8683, 0.9109,
    0.7665, 0.9542, 0.8021, 0.7363, 0.8106, 0.8365, 1.1398, 1.1084, 1.1056, 1.0713,
    1.0499, 1.0712, 1.1434, 1.0060, 1.1353, 1.1003, 1.1332, 1.0893, 1.0417, 1.1985,
    1.0026, 1.1088, 1.0493, 1.1121, 1.1395, 1.1236, 1.1532, 1.0628, 1.0145, 1.1185,
    1.1597, 1.1262, 1.0675, 1.1021, 1.0276, 1.1322, 1.0572, 1.0856, 1.1930, 1.1168,
    1.1849, 1.1868, 1.1652, 1.1592, 1.1822, 1.1871, 1.1869, 1.2077, 1.1960, 1.1251,
    1.2145, 1.2062, 1.2001, 1.2038, 1.1878, 1.1673, 1.1542, 1.1999, 1.2112, 1.1482,
    1.2220, 1.2137, 1.1871, 1.2192, 1.1786, 1.1395, 1.2327, 1.2055, 1.1435, 1.2324,
    1.1978, 1.2166, 1.2095, 1.1926, 1.1871, 1.1719, 1.1958, 1.2297, 1.1700, 1.2235,
    1.2195, 1.1849, 1.1495, 1.1951, 1.1872, 1.2101, 1.1814, 1.2360, 1.1878, 1.1854,
  ]

### behavior/action_magnitude_max
  Total points: 100
  Min: 1.2705, Max: 1.4142, Mean: 1.3962
  Data: [
    1.3608, 1.3193, 1.4013, 1.2750, 1.3726, 1.2878, 1.3011, 1.3029, 1.4060, 1.3655,
    1.3502, 1.3627, 1.2705, 1.3435, 1.3008, 1.3476, 1.3960, 1.4053, 1.3691, 1.4066,
    1.4039, 1.3550, 1.4022, 1.4108, 1.4139, 1.4106, 1.4011, 1.3883, 1.3336, 1.4142,
    1.3790, 1.4006, 1.4067, 1.4077, 1.4142, 1.4142, 1.4142, 1.4024, 1.3915, 1.4040,
    1.4142, 1.4054, 1.4125, 1.4067, 1.4004, 1.4032, 1.4075, 1.4019, 1.4142, 1.4142,
    1.4129, 1.4139, 1.4115, 1.4101, 1.4135, 1.4142, 1.4142, 1.4142, 1.4142, 1.4070,
    1.4108, 1.4087, 1.4142, 1.4142, 1.4134, 1.4125, 1.4084, 1.4142, 1.4133, 1.4142,
    1.4142, 1.4132, 1.4142, 1.4142, 1.4073, 1.4142, 1.4142, 1.4142, 1.4068, 1.4142,
    1.4142, 1.4142, 1.4126, 1.4142, 1.4141, 1.4142, 1.4005, 1.4142, 1.4098, 1.4135,
    1.4119, 1.4135, 1.4142, 1.4142, 1.4142, 1.4142, 1.4082, 1.4142, 1.4134, 1.4080,
  ]

### behavior/dist_to_puck_avg
  Total points: 100
  Min: 2.3431, Max: 3.9659, Mean: 2.7886
  Data: [
    3.5470, 3.5009, 3.4671, 3.5844, 3.3024, 3.7639, 3.4962, 3.5770, 3.5625, 3.3105,
    3.7052, 3.4732, 3.4232, 3.3490, 3.5781, 3.9659, 3.4721, 2.6352, 2.6985, 2.8140,
    2.5567, 2.9539, 2.8079, 2.9238, 2.6586, 3.0934, 3.0528, 2.8002, 2.8212, 2.7970,
    2.8745, 2.6412, 2.9172, 2.9407, 2.7992, 2.7872, 2.9497, 2.7934, 2.7918, 2.8570,
    2.6760, 2.6977, 2.9296, 2.8301, 2.9349, 2.3741, 2.7031, 2.5950, 2.6920, 2.7409,
    2.4625, 2.3957, 2.6628, 2.4379, 2.5638, 2.5279, 2.6798, 2.3431, 2.5086, 2.5754,
    2.5795, 2.4433, 2.6220, 2.7676, 2.5008, 2.5074, 2.6017, 2.5696, 2.3909, 2.5960,
    2.5391, 2.4551, 2.6543, 2.4663, 2.5225, 2.6226, 2.5291, 2.5029, 2.7382, 2.4523,
    2.4509, 2.5872, 2.4335, 2.5410, 2.7719, 2.5325, 2.4132, 2.6829, 2.4429, 2.4986,
    2.4911, 2.5153, 2.4890, 2.6893, 2.4955, 2.4052, 2.4525, 2.5470, 2.5687, 2.4192,
  ]

### behavior/dist_to_puck_min
  Total points: 100
  Min: 0.2318, Max: 2.0084, Mean: 0.6060
  Data: [
    1.6858, 1.3588, 1.3433, 2.0084, 1.0986, 1.8132, 0.9291, 1.3649, 1.4175, 1.1769,
    1.4488, 1.3316, 1.3456, 1.1927, 1.7238, 1.7758, 1.6848, 0.8993, 0.7157, 0.6538,
    0.5738, 0.6023, 0.3675, 0.6781, 0.3401, 0.4400, 0.3748, 0.8238, 0.4677, 0.3403,
    0.6492, 0.3804, 0.5785, 0.5652, 0.5286, 0.4754, 0.3511, 0.5708, 0.3677, 0.6115,
    0.3823, 0.4859, 0.3446, 0.3278, 0.3937, 0.3257, 0.4305, 0.6009, 0.3715, 0.2861,
    0.2378, 0.3036, 0.4009, 0.3423, 0.3190, 0.3121, 0.3699, 0.3442, 0.3229, 0.2318,
    0.5354, 0.2492, 0.4208, 0.3966, 0.3503, 0.3143, 0.3271, 0.3533, 0.3936, 0.3092,
    0.4953, 0.2731, 0.4186, 0.3634, 0.4094, 0.2750, 0.3421, 0.4848, 0.5779, 0.3801,
    0.4040, 0.5438, 0.4221, 0.6034, 0.5412, 0.3003, 0.5517, 0.5592, 0.4622, 0.4381,
    0.4482, 0.4015, 0.3197, 0.4830, 0.4382, 0.4406, 0.2995, 0.3483, 0.3358, 0.3988,
  ]

### behavior/distance_traveled
  Total points: 100
  Min: 5.3939, Max: 15.8440, Mean: 9.2425
  Data: [
    6.9339, 6.9692, 7.9236, 5.9580, 9.2951, 7.8711, 5.8229, 9.9772, 8.2951, 5.3939,
    7.6561, 7.0255, 6.7991, 7.2456, 6.4341, 9.3440, 6.4716, 7.9208, 5.6570, 6.8924,
    6.5493, 10.1861, 8.2535, 9.5089, 8.7244, 7.6096, 8.1610, 5.7590, 8.2866, 9.9844,
    8.3767, 6.8855, 7.0735, 6.3545, 7.0315, 8.9674, 7.9644, 9.8626, 10.0665, 8.7946,
    7.2276, 9.7840, 9.8285, 11.1569, 8.6672, 6.5018, 8.8395, 7.6847, 6.2586, 10.5559,
    11.9666, 13.4974, 7.9885, 9.5055, 11.0667, 13.2798, 11.8120, 9.1933, 10.5080, 11.9601,
    7.5983, 13.1312, 11.2473, 8.9102, 8.4091, 13.7311, 12.1082, 11.2867, 8.1736, 11.1695,
    10.5686, 11.3958, 9.8287, 9.3393, 12.7236, 11.6941, 10.5335, 10.1465, 8.7018, 11.7630,
    10.3331, 8.9906, 11.5755, 10.0206, 12.0484, 15.8440, 7.0515, 8.1331, 8.7733, 11.1691,
    6.2762, 10.4007, 9.9982, 12.9264, 8.3842, 12.8252, 8.3893, 11.5822, 10.8882, 8.6154,
  ]

### behavior/lazy_action_ratio
  Total points: 100
  Min: 0.0000, Max: 0.0273, Mean: 0.0028
  Data: [
    0.0254, 0.0121, 0.0119, 0.0149, 0.0079, 0.0273, 0.0098, 0.0147, 0.0145, 0.0070,
    0.0273, 0.0048, 0.0164, 0.0204, 0.0176, 0.0068, 0.0000, 0.0004, 0.0000, 0.0020,
    0.0026, 0.0000, 0.0004, 0.0024, 0.0000, 0.0000, 0.0000, 0.0014, 0.0000, 0.0000,
    0.0029, 0.0015, 0.0039, 0.0000, 0.0000, 0.0008, 0.0000, 0.0013, 0.0008, 0.0012,
    0.0000, 0.0000, 0.0004, 0.0017, 0.0020, 0.0000, 0.0008, 0.0000, 0.0000, 0.0012,
    0.0000, 0.0000, 0.0019, 0.0013, 0.0000, 0.0000, 0.0000, 0.0000, 0.0000, 0.0000,
    0.0000, 0.0000, 0.0000, 0.0000, 0.0000, 0.0000, 0.0000, 0.0000, 0.0000, 0.0014,
    0.0000, 0.0000, 0.0000, 0.0004, 0.0017, 0.0006, 0.0000, 0.0008, 0.0006, 0.0000,
    0.0000, 0.0000, 0.0000, 0.0000, 0.0000, 0.0004, 0.0000, 0.0000, 0.0004, 0.0000,
    0.0000, 0.0000, 0.0004, 0.0000, 0.0000, 0.0004, 0.0000, 0.0000, 0.0000, 0.0000,
  ]

### behavior/puck_touches
  Total points: 100
  Min: 0.0000, Max: 5.4000, Mean: 1.8680
  Data: [
    0.2000, 1.3000, 0.7000, 0.0000, 0.3000, 0.0000, 2.4000, 0.2000, 2.0000, 1.3000,
    0.1000, 0.2000, 1.0000, 0.5000, 0.2000, 0.2000, 0.1000, 0.7000, 0.6000, 1.3000,
    1.6000, 1.3000, 2.2000, 1.7000, 1.5000, 0.9000, 2.1000, 2.5000, 1.6000, 2.1000,
    1.6000, 1.9000, 1.2000, 0.9000, 1.6000, 1.7000, 2.3000, 1.3000, 2.5000, 1.3000,
    1.5000, 2.0000, 2.2000, 2.3000, 2.1000, 1.6000, 1.6000, 0.9000, 1.4000, 2.2000,
    3.5000, 2.8000, 1.3000, 2.5000, 2.8000, 2.9000, 2.0000, 1.9000, 2.9000, 3.7000,
    1.4000, 5.4000, 3.2000, 1.8000, 2.5000, 4.3000, 2.7000, 3.2000, 1.6000, 2.0000,
    3.8000, 2.3000, 1.4000, 2.4000, 2.3000, 2.6000, 2.8000, 3.3000, 1.8000, 2.8000,
    2.4000, 2.2000, 1.8000, 2.4000, 2.2000, 3.3000, 1.2000, 1.5000, 2.2000, 2.5000,
    1.4000, 1.8000, 2.1000, 2.0000, 1.6000, 2.4000, 2.6000, 2.5000, 2.0000, 1.9000,
  ]

### behavior/time_near_puck
  Total points: 100
  Min: 0.0000, Max: 28.2000, Mean: 10.0040
  Data: [
    2.6000, 2.8000, 4.4000, 0.0000, 2.8000, 0.0000, 5.6000, 2.6000, 5.0000, 7.5000,
    1.3000, 1.7000, 4.4000, 5.6000, 3.0000, 2.6000, 0.0000, 1.6000, 0.2000, 1.2000,
    3.2000, 5.0000, 4.1000, 4.7000, 3.3000, 1.8000, 3.0000, 5.4000, 3.3000, 5.3000,
    3.1000, 2.8000, 4.9000, 1.3000, 2.6000, 3.1000, 4.4000, 2.0000, 5.1000, 1.4000,
    1.4000, 10.7000, 5.8000, 5.6000, 8.3000, 7.7000, 4.9000, 1.4000, 2.9000, 4.8000,
    17.9000, 24.3000, 7.2000, 12.6000, 16.2000, 20.7000, 15.5000, 10.1000, 21.8000, 20.7000,
    8.9000, 26.6000, 19.0000, 12.6000, 16.0000, 28.2000, 18.6000, 24.5000, 13.6000, 12.0000,
    19.2000, 18.4000, 10.8000, 17.1000, 19.0000, 23.2000, 21.9000, 14.5000, 11.5000, 24.4000,
    14.7000, 15.8000, 15.4000, 13.8000, 20.6000, 22.7000, 6.3000, 12.0000, 15.7000, 14.9000,
    9.6000, 13.6000, 15.2000, 17.4000, 7.0000, 21.3000, 17.1000, 14.6000, 13.1000, 14.4000,
  ]

### behavior/velocity_avg
  Total points: 100
  Min: 0.0510, Max: 0.1246, Mean: 0.0882
  Data: [
    0.0744, 0.0533, 0.0510, 0.0629, 0.0513, 0.0535, 0.0683, 0.0548, 0.0553, 0.0613,
    0.0607, 0.0525, 0.0691, 0.0691, 0.0548, 0.0511, 0.0721, 0.0866, 0.1064, 0.0819,
    0.0684, 0.0743, 0.0693, 0.0776, 0.0791, 0.0809, 0.0890, 0.0891, 0.0935, 0.0736,
    0.0880, 0.0837, 0.0879, 0.0964, 0.0870, 0.0811, 0.0773, 0.0846, 0.0848, 0.0951,
    0.0908, 0.0823, 0.0760, 0.0719, 0.0702, 0.0893, 0.0703, 0.0906, 0.0882, 0.0705,
    0.1025, 0.0963, 0.0971, 0.0987, 0.0965, 0.0983, 0.0902, 0.1101, 0.0913, 0.0943,
    0.1142, 0.1010, 0.0898, 0.0953, 0.0845, 0.1028, 0.0908, 0.0952, 0.1122, 0.0906,
    0.1003, 0.0985, 0.0957, 0.1162, 0.1087, 0.0801, 0.0926, 0.1024, 0.1010, 0.0987,
    0.1124, 0.1079, 0.1043, 0.1157, 0.1136, 0.0986, 0.1118, 0.1246, 0.1021, 0.0997,
    0.1021, 0.1176, 0.0927, 0.0959, 0.1067, 0.1049, 0.1001, 0.1046, 0.1068, 0.0987,
  ]

### behavior/velocity_max
  Total points: 100
  Min: 0.1986, Max: 0.2289, Mean: 0.2194
  Data: [
    0.2041, 0.1986, 0.2057, 0.2089, 0.2069, 0.2096, 0.2070, 0.2076, 0.2005, 0.2079,
    0.2087, 0.2101, 0.2077, 0.2063, 0.2003, 0.1995, 0.2218, 0.2231, 0.2168, 0.2200,
    0.2172, 0.2146, 0.2167, 0.2177, 0.2196, 0.2185, 0.2225, 0.2185, 0.2167, 0.2210,
    0.2227, 0.2157, 0.2227, 0.2203, 0.2207, 0.2267, 0.2271, 0.2186, 0.2181, 0.2195,
    0.2210, 0.2228, 0.2226, 0.2236, 0.2180, 0.2143, 0.2173, 0.2255, 0.2255, 0.2214,
    0.2232, 0.2243, 0.2236, 0.2257, 0.2283, 0.2270, 0.2229, 0.2232, 0.2247, 0.2229,
    0.2233, 0.2289, 0.2204, 0.2198, 0.2211, 0.2234, 0.2216, 0.2221, 0.2208, 0.2214,
    0.2263, 0.2243, 0.2221, 0.2212, 0.2238, 0.2226, 0.2184, 0.2237, 0.2203, 0.2228,
    0.2267, 0.2212, 0.2256, 0.2245, 0.2265, 0.2258, 0.2216, 0.2252, 0.2218, 0.2270,
    0.2223, 0.2280, 0.2176, 0.2252, 0.2188, 0.2265, 0.2167, 0.2223, 0.2237, 0.2210,
  ]

### eval/strong/avg_reward
  Total points: 14
  Min: -9.4498, Max: -2.7623, Mean: -6.5585
  Data: [
    -9.4498, -6.2704, -8.0932, -4.9358, -5.3714, -6.6216, -7.1901, -8.6514, -7.7669, -8.1228,
    -5.3161, -5.6790, -5.5881, -2.7623,
  ]

### eval/strong/loss_rate
  Total points: 14
  Min: 0.3800, Max: 0.6600, Mean: 0.5300
  Data: [
    0.6400, 0.4800, 0.6600, 0.4400, 0.4800, 0.3800, 0.5800, 0.6400, 0.5200, 0.6400,
    0.5400, 0.5200, 0.5000, 0.4000,
  ]

### eval/strong/losses
  Total points: 14
  Min: 19.0000, Max: 33.0000, Mean: 26.5000
  Data: [
    32.0000, 24.0000, 33.0000, 22.0000, 24.0000, 19.0000, 29.0000, 32.0000, 26.0000, 32.0000,
    27.0000, 26.0000, 25.0000, 20.0000,
  ]

### eval/strong/tie_rate
  Total points: 14
  Min: 0.1200, Max: 0.4000, Mean: 0.2200
  Data: [
    0.2000, 0.3000, 0.1200, 0.2400, 0.2200, 0.4000, 0.2200, 0.1800, 0.2000, 0.1400,
    0.1600, 0.2200, 0.2600, 0.2200,
  ]

### eval/strong/ties
  Total points: 14
  Min: 6.0000, Max: 20.0000, Mean: 11.0000
  Data: [
    10.0000, 15.0000, 6.0000, 12.0000, 11.0000, 20.0000, 11.0000, 9.0000, 10.0000, 7.0000,
    8.0000, 11.0000, 13.0000, 11.0000,
  ]

### eval/strong/win_rate
  Total points: 14
  Min: 0.1600, Max: 0.3800, Mean: 0.2500
  Data: [
    0.1600, 0.2200, 0.2200, 0.3200, 0.3000, 0.2200, 0.2000, 0.1800, 0.2800, 0.2200,
    0.3000, 0.2600, 0.2400, 0.3800,
  ]

### eval/strong/win_rate_decisive
  Total points: 14
  Min: 0.2000, Max: 0.4872, Mean: 0.3229
  Data: [
    0.2000, 0.3143, 0.2500, 0.4211, 0.3846, 0.3667, 0.2564, 0.2195, 0.3500, 0.2558,
    0.3571, 0.3333, 0.3243, 0.4872,
  ]

### eval/strong/wins
  Total points: 14
  Min: 8.0000, Max: 19.0000, Mean: 12.5000
  Data: [
    8.0000, 11.0000, 11.0000, 16.0000, 15.0000, 11.0000, 10.0000, 9.0000, 14.0000, 11.0000,
    15.0000, 13.0000, 12.0000, 19.0000,
  ]

### eval/weak/avg_reward
  Total points: 14
  Min: -6.5182, Max: -1.7111, Mean: -4.3368
  Data: [
    -6.3034, -5.4217, -5.1332, -2.3497, -4.3486, -2.6983, -1.7111, -2.3470, -3.6787, -4.2029,
    -6.5182, -5.7298, -5.4487, -4.8233,
  ]

### eval/weak/loss_rate
  Total points: 14
  Min: 0.2600, Max: 0.7000, Mean: 0.4871
  Data: [
    0.5800, 0.4600, 0.4600, 0.4000, 0.4200, 0.3400, 0.2600, 0.2600, 0.5000, 0.5800,
    0.7000, 0.6400, 0.6400, 0.5800,
  ]

### eval/weak/losses
  Total points: 14
  Min: 13.0000, Max: 35.0000, Mean: 24.3571
  Data: [
    29.0000, 23.0000, 23.0000, 20.0000, 21.0000, 17.0000, 13.0000, 13.0000, 25.0000, 29.0000,
    35.0000, 32.0000, 32.0000, 29.0000,
  ]

### eval/weak/tie_rate
  Total points: 14
  Min: 0.1000, Max: 0.5000, Mean: 0.2329
  Data: [
    0.2000, 0.3000, 0.3000, 0.1600, 0.2400, 0.2800, 0.4400, 0.5000, 0.2200, 0.1000,
    0.1000, 0.1200, 0.1200, 0.1800,
  ]

### eval/weak/ties
  Total points: 14
  Min: 5.0000, Max: 25.0000, Mean: 11.6429
  Data: [
    10.0000, 15.0000, 15.0000, 8.0000, 12.0000, 14.0000, 22.0000, 25.0000, 11.0000, 5.0000,
    5.0000, 6.0000, 6.0000, 9.0000,
  ]

### eval/weak/win_rate
  Total points: 14
  Min: 0.2000, Max: 0.4400, Mean: 0.2800
  Data: [
    0.2200, 0.2400, 0.2400, 0.4400, 0.3400, 0.3800, 0.3000, 0.2400, 0.2800, 0.3200,
    0.2000, 0.2400, 0.2400, 0.2400,
  ]

### eval/weak/win_rate_decisive
  Total points: 14
  Min: 0.2222, Max: 0.5357, Mean: 0.3750
  Data: [
    0.2750, 0.3429, 0.3429, 0.5238, 0.4474, 0.5278, 0.5357, 0.4800, 0.3590, 0.3556,
    0.2222, 0.2727, 0.2727, 0.2927,
  ]

### eval/weak/wins
  Total points: 14
  Min: 10.0000, Max: 22.0000, Mean: 14.0000
  Data: [
    11.0000, 12.0000, 12.0000, 22.0000, 17.0000, 19.0000, 15.0000, 12.0000, 14.0000, 16.0000,
    10.0000, 12.0000, 12.0000, 12.0000,
  ]

### losses/actor_loss
  Total points: 100
  Min: -1.7582, Max: 1.5239, Mean: -0.3526
  Data: [
    0.0000, 0.0000, 0.0000, 0.0000, 0.0000, 0.0000, 0.0000, 0.0000, 0.0000, 0.0000,
    0.0000, 0.0000, 0.0000, 0.0000, 0.0000, 0.0000, 0.2661, 0.6398, 0.6953, 0.7296,
    0.8260, 0.9150, 1.1351, 1.1143, 1.2027, 1.2552, 1.2600, 1.2997, 1.2357, 1.2126,
    1.1923, 1.1334, 1.2292, 1.1391, 1.0930, 1.2090, 1.2002, 1.1545, 1.1976, 1.3050,
    1.3234, 1.3299, 1.3492, 1.4854, 1.5239, 1.4121, 1.4365, 1.4608, 1.4529, 1.4431,
    -1.4798, -1.5200, -1.4602, -1.3837, -1.5445, -1.5005, -1.5804, -1.4901, -1.4027, -1.4480,
    -1.6054, -1.4820, -1.4857, -1.5585, -1.4863, -1.2556, -1.3748, -1.4267, -1.4305, -1.3610,
    -1.5304, -1.4346, -1.4384, -1.5362, -1.5729, -1.5170, -1.5341, -1.4456, -1.5401, -1.4100,
    -1.4182, -1.3793, -1.4980, -1.5236, -1.6914, -1.6010, -1.5181, -1.4209, -1.5071, -1.6673,
    -1.5569, -1.4491, -1.5593, -1.3959, -1.5462, -1.5981, -1.6263, -1.5350, -1.6273, -1.7582,
  ]

### losses/critic_loss
  Total points: 100
  Min: 0.0000, Max: 0.2251, Mean: 0.1296
  Data: [
    0.0000, 0.0000, 0.0000, 0.0000, 0.0000, 0.0000, 0.0000, 0.0000, 0.0000, 0.0000,
    0.0000, 0.0000, 0.0000, 0.0000, 0.0000, 0.0000, 0.0364, 0.0312, 0.0364, 0.0288,
    0.0367, 0.0374, 0.0421, 0.0410, 0.0451, 0.0425, 0.0486, 0.0552, 0.0693, 0.0760,
    0.0708, 0.0712, 0.0966, 0.0880, 0.0886, 0.1088, 0.1254, 0.1033, 0.1062, 0.1366,
    0.1292, 0.1325, 0.1460, 0.1705, 0.1731, 0.1669, 0.1765, 0.1522, 0.1572, 0.1652,
    0.2060, 0.2017, 0.2154, 0.1961, 0.2048, 0.1828, 0.1982, 0.2182, 0.2089, 0.2184,
    0.2251, 0.1947, 0.1862, 0.2124, 0.1883, 0.2121, 0.2008, 0.1961, 0.2014, 0.1837,
    0.1983, 0.1985, 0.1729, 0.2152, 0.1832, 0.1899, 0.1979, 0.1888, 0.1984, 0.1965,
    0.1789, 0.1891, 0.1973, 0.1961, 0.2074, 0.1962, 0.1973, 0.1793, 0.1885, 0.1787,
    0.1922, 0.1902, 0.1851, 0.1838, 0.1811, 0.1788, 0.2100, 0.1896, 0.1910, 0.1683,
  ]

### pbrs/avg_per_episode
  Total points: 100
  Min: 0.0033, Max: 0.0055, Mean: 0.0047
  Data: [
    0.0039, 0.0039, 0.0034, 0.0034, 0.0034, 0.0033, 0.0034, 0.0034, 0.0035, 0.0035,
    0.0034, 0.0034, 0.0034, 0.0034, 0.0034, 0.0034, 0.0034, 0.0035, 0.0036, 0.0036,
    0.0037, 0.0038, 0.0039, 0.0039, 0.0040, 0.0040, 0.0041, 0.0042, 0.0043, 0.0043,
    0.0043, 0.0044, 0.0044, 0.0044, 0.0045, 0.0046, 0.0046, 0.0046, 0.0046, 0.0046,
    0.0046, 0.0047, 0.0047, 0.0047, 0.0047, 0.0047, 0.0047, 0.0047, 0.0047, 0.0047,
    0.0054, 0.0054, 0.0054, 0.0054, 0.0054, 0.0054, 0.0054, 0.0054, 0.0054, 0.0054,
    0.0055, 0.0054, 0.0054, 0.0054, 0.0055, 0.0054, 0.0054, 0.0054, 0.0054, 0.0054,
    0.0055, 0.0055, 0.0055, 0.0055, 0.0055, 0.0055, 0.0055, 0.0055, 0.0055, 0.0055,
    0.0055, 0.0055, 0.0055, 0.0055, 0.0055, 0.0055, 0.0055, 0.0055, 0.0055, 0.0055,
    0.0055, 0.0055, 0.0055, 0.0055, 0.0055, 0.0055, 0.0055, 0.0055, 0.0055, 0.0055,
  ]

### performance/cumulative_win_rate
  Total points: 100
  Min: 0.0250, Max: 0.2394, Mean: 0.1618
  Data: [
    0.0500, 0.0250, 0.0375, 0.0333, 0.0400, 0.0375, 0.0500, 0.0574, 0.0589, 0.0561,
    0.0463, 0.0442, 0.0443, 0.0446, 0.0436, 0.0437, 0.0441, 0.0509, 0.0542, 0.0567,
    0.0651, 0.0705, 0.0778, 0.0788, 0.0800, 0.0829, 0.0910, 0.0930, 0.0962, 0.0978,
    0.1010, 0.1059, 0.1068, 0.1090, 0.1128, 0.1155, 0.1167, 0.1160, 0.1190, 0.1244,
    0.1265, 0.1317, 0.1346, 0.1362, 0.1370, 0.1386, 0.1383, 0.1388, 0.1413, 0.1424,
    0.2389, 0.2389, 0.2389, 0.2388, 0.2388, 0.2388, 0.2386, 0.2386, 0.2387, 0.2389,
    0.2389, 0.2388, 0.2388, 0.2389, 0.2390, 0.2390, 0.2389, 0.2391, 0.2391, 0.2391,
    0.2391, 0.2394, 0.2394, 0.2394, 0.2394, 0.2394, 0.2393, 0.2393, 0.2393, 0.2392,
    0.2392, 0.2391, 0.2390, 0.2389, 0.2388, 0.2385, 0.2386, 0.2386, 0.2386, 0.2385,
    0.2386, 0.2384, 0.2382, 0.2382, 0.2381, 0.2381, 0.2378, 0.2378, 0.2379, 0.2378,
  ]

### performance/losses
  Total points: 100
  Min: 10.0000, Max: 18078.0000, Mean: 8919.4700
  Data: [
    10.0000, 22.0000, 74.0000, 83.0000, 91.0000, 107.0000, 151.0000, 239.0000, 249.0000, 302.0000,
    374.0000, 390.0000, 401.0000, 421.0000, 432.0000, 439.0000, 462.0000, 532.0000, 553.0000, 567.0000,
    602.0000, 639.0000, 705.0000, 720.0000, 744.0000, 753.0000, 844.0000, 885.0000, 964.0000, 975.0000,
    1027.0000, 1071.0000, 1096.0000, 1138.0000, 1178.0000, 1268.0000, 1279.0000, 1306.0000, 1327.0000, 1416.0000,
    1447.0000, 1522.0000, 1560.0000, 1578.0000, 1588.0000, 1619.0000, 1634.0000, 1659.0000, 1703.0000, 1712.0000,
    16138.0000, 16147.0000, 16163.0000, 16177.0000, 16198.0000, 16227.0000, 16270.0000, 16296.0000, 16366.0000, 16372.0000,
    16396.0000, 16406.0000, 16458.0000, 16499.0000, 16532.0000, 16574.0000, 16606.0000, 16643.0000, 16654.0000, 16705.0000,
    16775.0000, 16830.0000, 16840.0000, 16938.0000, 16999.0000, 17011.0000, 17037.0000, 17061.0000, 17084.0000, 17111.0000,
    17135.0000, 17151.0000, 17238.0000, 17283.0000, 17296.0000, 17435.0000, 17524.0000, 17538.0000, 17563.0000, 17621.0000,
    17651.0000, 17706.0000, 17778.0000, 17800.0000, 17863.0000, 17876.0000, 17991.0000, 18015.0000, 18034.0000, 18078.0000,
  ]

### performance/ties
  Total points: 100
  Min: 9.0000, Max: 6770.0000, Mean: 3517.9500
  Data: [
    9.0000, 17.0000, 80.0000, 91.0000, 101.0000, 124.0000, 172.0000, 270.0000, 278.0000, 321.0000,
    408.0000, 432.0000, 440.0000, 458.0000, 467.0000, 479.0000, 513.0000, 550.0000, 563.0000, 565.0000,
    576.0000, 588.0000, 623.0000, 625.0000, 636.0000, 641.0000, 665.0000, 675.0000, 699.0000, 703.0000,
    717.0000, 735.0000, 744.0000, 751.0000, 756.0000, 784.0000, 788.0000, 798.0000, 805.0000, 843.0000,
    859.0000, 892.0000, 915.0000, 927.0000, 932.0000, 948.0000, 951.0000, 959.0000, 976.0000, 981.0000,
    6162.0000, 6167.0000, 6169.0000, 6171.0000, 6180.0000, 6184.0000, 6206.0000, 6212.0000, 6228.0000, 6233.0000,
    6240.0000, 6246.0000, 6270.0000, 6288.0000, 6299.0000, 6318.0000, 6333.0000, 6352.0000, 6356.0000, 6380.0000,
    6401.0000, 6414.0000, 6418.0000, 6442.0000, 6457.0000, 6462.0000, 6469.0000, 6476.0000, 6484.0000, 6490.0000,
    6497.0000, 6498.0000, 6521.0000, 6525.0000, 6529.0000, 6566.0000, 6581.0000, 6583.0000, 6590.0000, 6610.0000,
    6624.0000, 6635.0000, 6659.0000, 6669.0000, 6685.0000, 6689.0000, 6734.0000, 6742.0000, 6751.0000, 6770.0000,
  ]

### performance/wins
  Total points: 100
  Min: 1.0000, Max: 7752.0000, Mean: 3761.3800
  Data: [
    1.0000, 1.0000, 6.0000, 6.0000, 8.0000, 9.0000, 17.0000, 31.0000, 33.0000, 37.0000,
    38.0000, 38.0000, 39.0000, 41.0000, 41.0000, 42.0000, 45.0000, 58.0000, 64.0000, 68.0000,
    82.0000, 93.0000, 112.0000, 115.0000, 120.0000, 126.0000, 151.0000, 160.0000, 177.0000, 182.0000,
    196.0000, 214.0000, 220.0000, 231.0000, 246.0000, 268.0000, 273.0000, 276.0000, 288.0000, 321.0000,
    334.0000, 366.0000, 385.0000, 395.0000, 400.0000, 413.0000, 415.0000, 422.0000, 441.0000, 447.0000,
    7000.0000, 7006.0000, 7008.0000, 7012.0000, 7022.0000, 7029.0000, 7044.0000, 7052.0000, 7086.0000, 7095.0000,
    7104.0000, 7108.0000, 7132.0000, 7153.0000, 7169.0000, 7188.0000, 7201.0000, 7225.0000, 7230.0000, 7255.0000,
    7284.0000, 7316.0000, 7322.0000, 7360.0000, 7384.0000, 7387.0000, 7394.0000, 7403.0000, 7412.0000, 7419.0000,
    7428.0000, 7431.0000, 7461.0000, 7472.0000, 7475.0000, 7519.0000, 7555.0000, 7559.0000, 7567.0000, 7589.0000,
    7605.0000, 7619.0000, 7643.0000, 7651.0000, 7672.0000, 7675.0000, 7715.0000, 7723.0000, 7735.0000, 7752.0000,
  ]

### rewards/p1
  Total points: 100
  Min: -30.0947, Max: 19.1422, Mean: 1.9082
  Data: [
    -22.4763, -30.0947, -25.8899, -30.0162, -18.8840, -27.0670, -1.4066, -22.7263, -19.8739, -20.5503,
    -26.3421, -25.7288, -15.1795, -22.6311, -20.1665, -21.3130, -28.5092, -5.5393, -0.1935, -3.0711,
    -3.2695, 4.6030, -2.5774, 3.5403, 0.0346, 11.4683, 5.4729, -0.6923, 3.6779, 8.8596,
    3.2516, 0.0507, 5.0164, -1.6505, 2.6388, 3.4510, 5.1731, 0.2643, 6.0817, 4.2995,
    0.4340, 4.2442, 2.7347, 8.6751, 5.6829, 0.7292, -2.7253, 1.1921, 4.3686, 5.2750,
    11.5383, 15.8390, 0.6461, 6.5648, 6.9885, 10.1830, 13.9861, 4.5691, 11.2228, 19.1422,
    1.5365, 16.3238, 10.1005, 12.9345, 9.5940, 14.8525, 13.2179, 11.3459, 2.8830, 13.3664,
    11.4748, 15.9860, 4.6407, 15.8343, 11.3659, 16.2602, 12.4337, 7.7259, 6.4273, 17.8606,
    9.0895, 3.4347, 8.8997, 5.2363, 6.5729, 12.2990, 0.5032, 2.1425, 9.3596, 7.0935,
    11.0615, 11.4701, 14.8707, 11.9545, 2.7857, 9.3275, 9.9548, 11.2253, 10.2900, 3.7590,
  ]

### rewards/p2
  Total points: 100
  Min: 0.0000, Max: 0.0000, Mean: 0.0000
  Data: [
    0.0000, 0.0000, 0.0000, 0.0000, 0.0000, 0.0000, 0.0000, 0.0000, 0.0000, 0.0000,
    0.0000, 0.0000, 0.0000, 0.0000, 0.0000, 0.0000, 0.0000, 0.0000, 0.0000, 0.0000,
    0.0000, 0.0000, 0.0000, 0.0000, 0.0000, 0.0000, 0.0000, 0.0000, 0.0000, 0.0000,
    0.0000, 0.0000, 0.0000, 0.0000, 0.0000, 0.0000, 0.0000, 0.0000, 0.0000, 0.0000,
    0.0000, 0.0000, 0.0000, 0.0000, 0.0000, 0.0000, 0.0000, 0.0000, 0.0000, 0.0000,
    0.0000, 0.0000, 0.0000, 0.0000, 0.0000, 0.0000, 0.0000, 0.0000, 0.0000, 0.0000,
    0.0000, 0.0000, 0.0000, 0.0000, 0.0000, 0.0000, 0.0000, 0.0000, 0.0000, 0.0000,
    0.0000, 0.0000, 0.0000, 0.0000, 0.0000, 0.0000, 0.0000, 0.0000, 0.0000, 0.0000,
    0.0000, 0.0000, 0.0000, 0.0000, 0.0000, 0.0000, 0.0000, 0.0000, 0.0000, 0.0000,
    0.0000, 0.0000, 0.0000, 0.0000, 0.0000, 0.0000, 0.0000, 0.0000, 0.0000, 0.0000,
  ]

### rewards/sparse_only
  Total points: 100
  Min: 0.0000, Max: 0.0000, Mean: 0.0000
  Data: [
    0.0000, 0.0000, 0.0000, 0.0000, 0.0000, 0.0000, 0.0000, 0.0000, 0.0000, 0.0000,
    0.0000, 0.0000, 0.0000, 0.0000, 0.0000, 0.0000, 0.0000, 0.0000, 0.0000, 0.0000,
    0.0000, 0.0000, 0.0000, 0.0000, 0.0000, 0.0000, 0.0000, 0.0000, 0.0000, 0.0000,
    0.0000, 0.0000, 0.0000, 0.0000, 0.0000, 0.0000, 0.0000, 0.0000, 0.0000, 0.0000,
    0.0000, 0.0000, 0.0000, 0.0000, 0.0000, 0.0000, 0.0000, 0.0000, 0.0000, 0.0000,
    0.0000, 0.0000, 0.0000, 0.0000, 0.0000, 0.0000, 0.0000, 0.0000, 0.0000, 0.0000,
    0.0000, 0.0000, 0.0000, 0.0000, 0.0000, 0.0000, 0.0000, 0.0000, 0.0000, 0.0000,
    0.0000, 0.0000, 0.0000, 0.0000, 0.0000, 0.0000, 0.0000, 0.0000, 0.0000, 0.0000,
    0.0000, 0.0000, 0.0000, 0.0000, 0.0000, 0.0000, 0.0000, 0.0000, 0.0000, 0.0000,
    0.0000, 0.0000, 0.0000, 0.0000, 0.0000, 0.0000, 0.0000, 0.0000, 0.0000, 0.0000,
  ]

### rewards/sparse_ratio
  Total points: 100
  Min: 0.0000, Max: 0.0000, Mean: 0.0000
  Data: [
    0.0000, 0.0000, 0.0000, 0.0000, 0.0000, 0.0000, 0.0000, 0.0000, 0.0000, 0.0000,
    0.0000, 0.0000, 0.0000, 0.0000, 0.0000, 0.0000, 0.0000, 0.0000, 0.0000, 0.0000,
    0.0000, 0.0000, 0.0000, 0.0000, 0.0000, 0.0000, 0.0000, 0.0000, 0.0000, 0.0000,
    0.0000, 0.0000, 0.0000, 0.0000, 0.0000, 0.0000, 0.0000, 0.0000, 0.0000, 0.0000,
    0.0000, 0.0000, 0.0000, 0.0000, 0.0000, 0.0000, 0.0000, 0.0000, 0.0000, 0.0000,
    0.0000, 0.0000, 0.0000, 0.0000, 0.0000, 0.0000, 0.0000, 0.0000, 0.0000, 0.0000,
    0.0000, 0.0000, 0.0000, 0.0000, 0.0000, 0.0000, 0.0000, 0.0000, 0.0000, 0.0000,
    0.0000, 0.0000, 0.0000, 0.0000, 0.0000, 0.0000, 0.0000, 0.0000, 0.0000, 0.0000,
    0.0000, 0.0000, 0.0000, 0.0000, 0.0000, 0.0000, 0.0000, 0.0000, 0.0000, 0.0000,
    0.0000, 0.0000, 0.0000, 0.0000, 0.0000, 0.0000, 0.0000, 0.0000, 0.0000, 0.0000,
  ]

### scoring/goals_conceded
  Total points: 100
  Min: 10.0000, Max: 18078.0000, Mean: 8919.4700
  Data: [
    10.0000, 22.0000, 74.0000, 83.0000, 91.0000, 107.0000, 151.0000, 239.0000, 249.0000, 302.0000,
    374.0000, 390.0000, 401.0000, 421.0000, 432.0000, 439.0000, 462.0000, 532.0000, 553.0000, 567.0000,
    602.0000, 639.0000, 705.0000, 720.0000, 744.0000, 753.0000, 844.0000, 885.0000, 964.0000, 975.0000,
    1027.0000, 1071.0000, 1096.0000, 1138.0000, 1178.0000, 1268.0000, 1279.0000, 1306.0000, 1327.0000, 1416.0000,
    1447.0000, 1522.0000, 1560.0000, 1578.0000, 1588.0000, 1619.0000, 1634.0000, 1659.0000, 1703.0000, 1712.0000,
    16138.0000, 16147.0000, 16163.0000, 16177.0000, 16198.0000, 16227.0000, 16270.0000, 16296.0000, 16366.0000, 16372.0000,
    16396.0000, 16406.0000, 16458.0000, 16499.0000, 16532.0000, 16574.0000, 16606.0000, 16643.0000, 16654.0000, 16705.0000,
    16775.0000, 16830.0000, 16840.0000, 16938.0000, 16999.0000, 17011.0000, 17037.0000, 17061.0000, 17084.0000, 17111.0000,
    17135.0000, 17151.0000, 17238.0000, 17283.0000, 17296.0000, 17435.0000, 17524.0000, 17538.0000, 17563.0000, 17621.0000,
    17651.0000, 17706.0000, 17778.0000, 17800.0000, 17863.0000, 17876.0000, 17991.0000, 18015.0000, 18034.0000, 18078.0000,
  ]

### scoring/goals_scored
  Total points: 100
  Min: 1.0000, Max: 7752.0000, Mean: 3761.3800
  Data: [
    1.0000, 1.0000, 6.0000, 6.0000, 8.0000, 9.0000, 17.0000, 31.0000, 33.0000, 37.0000,
    38.0000, 38.0000, 39.0000, 41.0000, 41.0000, 42.0000, 45.0000, 58.0000, 64.0000, 68.0000,
    82.0000, 93.0000, 112.0000, 115.0000, 120.0000, 126.0000, 151.0000, 160.0000, 177.0000, 182.0000,
    196.0000, 214.0000, 220.0000, 231.0000, 246.0000, 268.0000, 273.0000, 276.0000, 288.0000, 321.0000,
    334.0000, 366.0000, 385.0000, 395.0000, 400.0000, 413.0000, 415.0000, 422.0000, 441.0000, 447.0000,
    7000.0000, 7006.0000, 7008.0000, 7012.0000, 7022.0000, 7029.0000, 7044.0000, 7052.0000, 7086.0000, 7095.0000,
    7104.0000, 7108.0000, 7132.0000, 7153.0000, 7169.0000, 7188.0000, 7201.0000, 7225.0000, 7230.0000, 7255.0000,
    7284.0000, 7316.0000, 7322.0000, 7360.0000, 7384.0000, 7387.0000, 7394.0000, 7403.0000, 7412.0000, 7419.0000,
    7428.0000, 7431.0000, 7461.0000, 7472.0000, 7475.0000, 7519.0000, 7555.0000, 7559.0000, 7567.0000, 7589.0000,
    7605.0000, 7619.0000, 7643.0000, 7651.0000, 7672.0000, 7675.0000, 7715.0000, 7723.0000, 7735.0000, 7752.0000,
  ]

### selfplay/active
  Total points: 100
  Min: 0.0000, Max: 0.0000, Mean: 0.0000
  Data: [
    0.0000, 0.0000, 0.0000, 0.0000, 0.0000, 0.0000, 0.0000, 0.0000, 0.0000, 0.0000,
    0.0000, 0.0000, 0.0000, 0.0000, 0.0000, 0.0000, 0.0000, 0.0000, 0.0000, 0.0000,
    0.0000, 0.0000, 0.0000, 0.0000, 0.0000, 0.0000, 0.0000, 0.0000, 0.0000, 0.0000,
    0.0000, 0.0000, 0.0000, 0.0000, 0.0000, 0.0000, 0.0000, 0.0000, 0.0000, 0.0000,
    0.0000, 0.0000, 0.0000, 0.0000, 0.0000, 0.0000, 0.0000, 0.0000, 0.0000, 0.0000,
    0.0000, 0.0000, 0.0000, 0.0000, 0.0000, 0.0000, 0.0000, 0.0000, 0.0000, 0.0000,
    0.0000, 0.0000, 0.0000, 0.0000, 0.0000, 0.0000, 0.0000, 0.0000, 0.0000, 0.0000,
    0.0000, 0.0000, 0.0000, 0.0000, 0.0000, 0.0000, 0.0000, 0.0000, 0.0000, 0.0000,
    0.0000, 0.0000, 0.0000, 0.0000, 0.0000, 0.0000, 0.0000, 0.0000, 0.0000, 0.0000,
    0.0000, 0.0000, 0.0000, 0.0000, 0.0000, 0.0000, 0.0000, 0.0000, 0.0000, 0.0000,
  ]

### selfplay/anchor_ratio_current
  Total points: 100
  Min: 0.5000, Max: 0.5000, Mean: 0.5000
  Data: [
    0.5000, 0.5000, 0.5000, 0.5000, 0.5000, 0.5000, 0.5000, 0.5000, 0.5000, 0.5000,
    0.5000, 0.5000, 0.5000, 0.5000, 0.5000, 0.5000, 0.5000, 0.5000, 0.5000, 0.5000,
    0.5000, 0.5000, 0.5000, 0.5000, 0.5000, 0.5000, 0.5000, 0.5000, 0.5000, 0.5000,
    0.5000, 0.5000, 0.5000, 0.5000, 0.5000, 0.5000, 0.5000, 0.5000, 0.5000, 0.5000,
    0.5000, 0.5000, 0.5000, 0.5000, 0.5000, 0.5000, 0.5000, 0.5000, 0.5000, 0.5000,
    0.5000, 0.5000, 0.5000, 0.5000, 0.5000, 0.5000, 0.5000, 0.5000, 0.5000, 0.5000,
    0.5000, 0.5000, 0.5000, 0.5000, 0.5000, 0.5000, 0.5000, 0.5000, 0.5000, 0.5000,
    0.5000, 0.5000, 0.5000, 0.5000, 0.5000, 0.5000, 0.5000, 0.5000, 0.5000, 0.5000,
    0.5000, 0.5000, 0.5000, 0.5000, 0.5000, 0.5000, 0.5000, 0.5000, 0.5000, 0.5000,
    0.5000, 0.5000, 0.5000, 0.5000, 0.5000, 0.5000, 0.5000, 0.5000, 0.5000, 0.5000,
  ]

### selfplay/best_eval_vs_weak
  Total points: 100
  Min: 0.0000, Max: 0.0000, Mean: 0.0000
  Data: [
    0.0000, 0.0000, 0.0000, 0.0000, 0.0000, 0.0000, 0.0000, 0.0000, 0.0000, 0.0000,
    0.0000, 0.0000, 0.0000, 0.0000, 0.0000, 0.0000, 0.0000, 0.0000, 0.0000, 0.0000,
    0.0000, 0.0000, 0.0000, 0.0000, 0.0000, 0.0000, 0.0000, 0.0000, 0.0000, 0.0000,
    0.0000, 0.0000, 0.0000, 0.0000, 0.0000, 0.0000, 0.0000, 0.0000, 0.0000, 0.0000,
    0.0000, 0.0000, 0.0000, 0.0000, 0.0000, 0.0000, 0.0000, 0.0000, 0.0000, 0.0000,
    0.0000, 0.0000, 0.0000, 0.0000, 0.0000, 0.0000, 0.0000, 0.0000, 0.0000, 0.0000,
    0.0000, 0.0000, 0.0000, 0.0000, 0.0000, 0.0000, 0.0000, 0.0000, 0.0000, 0.0000,
    0.0000, 0.0000, 0.0000, 0.0000, 0.0000, 0.0000, 0.0000, 0.0000, 0.0000, 0.0000,
    0.0000, 0.0000, 0.0000, 0.0000, 0.0000, 0.0000, 0.0000, 0.0000, 0.0000, 0.0000,
    0.0000, 0.0000, 0.0000, 0.0000, 0.0000, 0.0000, 0.0000, 0.0000, 0.0000, 0.0000,
  ]

### selfplay/consecutive_eval_drops
  Total points: 100
  Min: 0.0000, Max: 0.0000, Mean: 0.0000
  Data: [
    0.0000, 0.0000, 0.0000, 0.0000, 0.0000, 0.0000, 0.0000, 0.0000, 0.0000, 0.0000,
    0.0000, 0.0000, 0.0000, 0.0000, 0.0000, 0.0000, 0.0000, 0.0000, 0.0000, 0.0000,
    0.0000, 0.0000, 0.0000, 0.0000, 0.0000, 0.0000, 0.0000, 0.0000, 0.0000, 0.0000,
    0.0000, 0.0000, 0.0000, 0.0000, 0.0000, 0.0000, 0.0000, 0.0000, 0.0000, 0.0000,
    0.0000, 0.0000, 0.0000, 0.0000, 0.0000, 0.0000, 0.0000, 0.0000, 0.0000, 0.0000,
    0.0000, 0.0000, 0.0000, 0.0000, 0.0000, 0.0000, 0.0000, 0.0000, 0.0000, 0.0000,
    0.0000, 0.0000, 0.0000, 0.0000, 0.0000, 0.0000, 0.0000, 0.0000, 0.0000, 0.0000,
    0.0000, 0.0000, 0.0000, 0.0000, 0.0000, 0.0000, 0.0000, 0.0000, 0.0000, 0.0000,
    0.0000, 0.0000, 0.0000, 0.0000, 0.0000, 0.0000, 0.0000, 0.0000, 0.0000, 0.0000,
    0.0000, 0.0000, 0.0000, 0.0000, 0.0000, 0.0000, 0.0000, 0.0000, 0.0000, 0.0000,
  ]

### selfplay/episode_opponent_type_selfplay
  Total points: 100
  Min: 0.0000, Max: 0.0000, Mean: 0.0000
  Data: [
    0.0000, 0.0000, 0.0000, 0.0000, 0.0000, 0.0000, 0.0000, 0.0000, 0.0000, 0.0000,
    0.0000, 0.0000, 0.0000, 0.0000, 0.0000, 0.0000, 0.0000, 0.0000, 0.0000, 0.0000,
    0.0000, 0.0000, 0.0000, 0.0000, 0.0000, 0.0000, 0.0000, 0.0000, 0.0000, 0.0000,
    0.0000, 0.0000, 0.0000, 0.0000, 0.0000, 0.0000, 0.0000, 0.0000, 0.0000, 0.0000,
    0.0000, 0.0000, 0.0000, 0.0000, 0.0000, 0.0000, 0.0000, 0.0000, 0.0000, 0.0000,
    0.0000, 0.0000, 0.0000, 0.0000, 0.0000, 0.0000, 0.0000, 0.0000, 0.0000, 0.0000,
    0.0000, 0.0000, 0.0000, 0.0000, 0.0000, 0.0000, 0.0000, 0.0000, 0.0000, 0.0000,
    0.0000, 0.0000, 0.0000, 0.0000, 0.0000, 0.0000, 0.0000, 0.0000, 0.0000, 0.0000,
    0.0000, 0.0000, 0.0000, 0.0000, 0.0000, 0.0000, 0.0000, 0.0000, 0.0000, 0.0000,
    0.0000, 0.0000, 0.0000, 0.0000, 0.0000, 0.0000, 0.0000, 0.0000, 0.0000, 0.0000,
  ]

### selfplay/episode_opponent_type_strong
  Total points: 100
  Min: 0.0000, Max: 0.0000, Mean: 0.0000
  Data: [
    0.0000, 0.0000, 0.0000, 0.0000, 0.0000, 0.0000, 0.0000, 0.0000, 0.0000, 0.0000,
    0.0000, 0.0000, 0.0000, 0.0000, 0.0000, 0.0000, 0.0000, 0.0000, 0.0000, 0.0000,
    0.0000, 0.0000, 0.0000, 0.0000, 0.0000, 0.0000, 0.0000, 0.0000, 0.0000, 0.0000,
    0.0000, 0.0000, 0.0000, 0.0000, 0.0000, 0.0000, 0.0000, 0.0000, 0.0000, 0.0000,
    0.0000, 0.0000, 0.0000, 0.0000, 0.0000, 0.0000, 0.0000, 0.0000, 0.0000, 0.0000,
    0.0000, 0.0000, 0.0000, 0.0000, 0.0000, 0.0000, 0.0000, 0.0000, 0.0000, 0.0000,
    0.0000, 0.0000, 0.0000, 0.0000, 0.0000, 0.0000, 0.0000, 0.0000, 0.0000, 0.0000,
    0.0000, 0.0000, 0.0000, 0.0000, 0.0000, 0.0000, 0.0000, 0.0000, 0.0000, 0.0000,
    0.0000, 0.0000, 0.0000, 0.0000, 0.0000, 0.0000, 0.0000, 0.0000, 0.0000, 0.0000,
    0.0000, 0.0000, 0.0000, 0.0000, 0.0000, 0.0000, 0.0000, 0.0000, 0.0000, 0.0000,
  ]

### selfplay/episode_opponent_type_weak
  Total points: 100
  Min: 1.0000, Max: 1.0000, Mean: 1.0000
  Data: [
    1.0000, 1.0000, 1.0000, 1.0000, 1.0000, 1.0000, 1.0000, 1.0000, 1.0000, 1.0000,
    1.0000, 1.0000, 1.0000, 1.0000, 1.0000, 1.0000, 1.0000, 1.0000, 1.0000, 1.0000,
    1.0000, 1.0000, 1.0000, 1.0000, 1.0000, 1.0000, 1.0000, 1.0000, 1.0000, 1.0000,
    1.0000, 1.0000, 1.0000, 1.0000, 1.0000, 1.0000, 1.0000, 1.0000, 1.0000, 1.0000,
    1.0000, 1.0000, 1.0000, 1.0000, 1.0000, 1.0000, 1.0000, 1.0000, 1.0000, 1.0000,
    1.0000, 1.0000, 1.0000, 1.0000, 1.0000, 1.0000, 1.0000, 1.0000, 1.0000, 1.0000,
    1.0000, 1.0000, 1.0000, 1.0000, 1.0000, 1.0000, 1.0000, 1.0000, 1.0000, 1.0000,
    1.0000, 1.0000, 1.0000, 1.0000, 1.0000, 1.0000, 1.0000, 1.0000, 1.0000, 1.0000,
    1.0000, 1.0000, 1.0000, 1.0000, 1.0000, 1.0000, 1.0000, 1.0000, 1.0000, 1.0000,
    1.0000, 1.0000, 1.0000, 1.0000, 1.0000, 1.0000, 1.0000, 1.0000, 1.0000, 1.0000,
  ]

### selfplay/pool_size
  Total points: 100
  Min: 0.0000, Max: 0.0000, Mean: 0.0000
  Data: [
    0.0000, 0.0000, 0.0000, 0.0000, 0.0000, 0.0000, 0.0000, 0.0000, 0.0000, 0.0000,
    0.0000, 0.0000, 0.0000, 0.0000, 0.0000, 0.0000, 0.0000, 0.0000, 0.0000, 0.0000,
    0.0000, 0.0000, 0.0000, 0.0000, 0.0000, 0.0000, 0.0000, 0.0000, 0.0000, 0.0000,
    0.0000, 0.0000, 0.0000, 0.0000, 0.0000, 0.0000, 0.0000, 0.0000, 0.0000, 0.0000,
    0.0000, 0.0000, 0.0000, 0.0000, 0.0000, 0.0000, 0.0000, 0.0000, 0.0000, 0.0000,
    0.0000, 0.0000, 0.0000, 0.0000, 0.0000, 0.0000, 0.0000, 0.0000, 0.0000, 0.0000,
    0.0000, 0.0000, 0.0000, 0.0000, 0.0000, 0.0000, 0.0000, 0.0000, 0.0000, 0.0000,
    0.0000, 0.0000, 0.0000, 0.0000, 0.0000, 0.0000, 0.0000, 0.0000, 0.0000, 0.0000,
    0.0000, 0.0000, 0.0000, 0.0000, 0.0000, 0.0000, 0.0000, 0.0000, 0.0000, 0.0000,
    0.0000, 0.0000, 0.0000, 0.0000, 0.0000, 0.0000, 0.0000, 0.0000, 0.0000, 0.0000,
  ]

### selfplay/rollback_enabled
  Total points: 100
  Min: 1.0000, Max: 1.0000, Mean: 1.0000
  Data: [
    1.0000, 1.0000, 1.0000, 1.0000, 1.0000, 1.0000, 1.0000, 1.0000, 1.0000, 1.0000,
    1.0000, 1.0000, 1.0000, 1.0000, 1.0000, 1.0000, 1.0000, 1.0000, 1.0000, 1.0000,
    1.0000, 1.0000, 1.0000, 1.0000, 1.0000, 1.0000, 1.0000, 1.0000, 1.0000, 1.0000,
    1.0000, 1.0000, 1.0000, 1.0000, 1.0000, 1.0000, 1.0000, 1.0000, 1.0000, 1.0000,
    1.0000, 1.0000, 1.0000, 1.0000, 1.0000, 1.0000, 1.0000, 1.0000, 1.0000, 1.0000,
    1.0000, 1.0000, 1.0000, 1.0000, 1.0000, 1.0000, 1.0000, 1.0000, 1.0000, 1.0000,
    1.0000, 1.0000, 1.0000, 1.0000, 1.0000, 1.0000, 1.0000, 1.0000, 1.0000, 1.0000,
    1.0000, 1.0000, 1.0000, 1.0000, 1.0000, 1.0000, 1.0000, 1.0000, 1.0000, 1.0000,
    1.0000, 1.0000, 1.0000, 1.0000, 1.0000, 1.0000, 1.0000, 1.0000, 1.0000, 1.0000,
    1.0000, 1.0000, 1.0000, 1.0000, 1.0000, 1.0000, 1.0000, 1.0000, 1.0000, 1.0000,
  ]

### selfplay/weak_ratio_target
  Total points: 100
  Min: 0.5000, Max: 0.5000, Mean: 0.5000
  Data: [
    0.5000, 0.5000, 0.5000, 0.5000, 0.5000, 0.5000, 0.5000, 0.5000, 0.5000, 0.5000,
    0.5000, 0.5000, 0.5000, 0.5000, 0.5000, 0.5000, 0.5000, 0.5000, 0.5000, 0.5000,
    0.5000, 0.5000, 0.5000, 0.5000, 0.5000, 0.5000, 0.5000, 0.5000, 0.5000, 0.5000,
    0.5000, 0.5000, 0.5000, 0.5000, 0.5000, 0.5000, 0.5000, 0.5000, 0.5000, 0.5000,
    0.5000, 0.5000, 0.5000, 0.5000, 0.5000, 0.5000, 0.5000, 0.5000, 0.5000, 0.5000,
    0.5000, 0.5000, 0.5000, 0.5000, 0.5000, 0.5000, 0.5000, 0.5000, 0.5000, 0.5000,
    0.5000, 0.5000, 0.5000, 0.5000, 0.5000, 0.5000, 0.5000, 0.5000, 0.5000, 0.5000,
    0.5000, 0.5000, 0.5000, 0.5000, 0.5000, 0.5000, 0.5000, 0.5000, 0.5000, 0.5000,
    0.5000, 0.5000, 0.5000, 0.5000, 0.5000, 0.5000, 0.5000, 0.5000, 0.5000, 0.5000,
    0.5000, 0.5000, 0.5000, 0.5000, 0.5000, 0.5000, 0.5000, 0.5000, 0.5000, 0.5000,
  ]

### strategic/attack_diversity_bonus
  Total points: 100
  Min: 0.0000, Max: 3.0000, Mean: 0.5700
  Data: [
    0.0000, 0.0000, 0.0000, 0.0000, 0.0000, 0.0000, 0.0000, 0.0000, 0.0000, 2.0000,
    0.0000, 0.0000, 0.0000, 0.0000, 0.0000, 0.0000, 0.0000, 0.0000, 0.0000, 0.0000,
    0.0000, 0.0000, 0.0000, 0.0000, 0.0000, 0.0000, 0.0000, 0.0000, 0.0000, 0.0000,
    0.0000, 2.0000, 0.0000, 0.0000, 0.0000, 3.0000, 3.0000, 0.0000, 3.0000, 0.0000,
    0.0000, 0.0000, 0.0000, 0.0000, 0.0000, 0.0000, 0.0000, 0.0000, 0.0000, 0.0000,
    3.0000, 3.0000, 0.0000, 0.0000, 0.0000, 2.0000, 0.0000, 0.0000, 0.0000, 3.0000,
    0.0000, 2.0000, 0.0000, 0.0000, 3.0000, 3.0000, 0.0000, 2.0000, 0.0000, 0.0000,
    0.0000, 0.0000, 3.0000, 2.0000, 3.0000, 2.0000, 0.0000, 3.0000, 0.0000, 0.0000,
    3.0000, 0.0000, 0.0000, 0.0000, 0.0000, 2.0000, 0.0000, 0.0000, 0.0000, 0.0000,
    0.0000, 0.0000, 0.0000, 0.0000, 0.0000, 3.0000, 0.0000, 0.0000, 0.0000, 2.0000,
  ]

### strategic/attack_sides_unique
  Total points: 100
  Min: 0.0000, Max: 3.0000, Mean: 0.8600
  Data: [
    0.0000, 0.0000, 1.0000, 0.0000, 0.0000, 0.0000, 0.0000, 0.0000, 1.0000, 2.0000,
    0.0000, 0.0000, 0.0000, 1.0000, 0.0000, 0.0000, 0.0000, 0.0000, 0.0000, 0.0000,
    0.0000, 1.0000, 0.0000, 0.0000, 1.0000, 0.0000, 1.0000, 0.0000, 0.0000, 0.0000,
    1.0000, 2.0000, 0.0000, 0.0000, 0.0000, 3.0000, 3.0000, 1.0000, 3.0000, 0.0000,
    0.0000, 0.0000, 1.0000, 0.0000, 1.0000, 1.0000, 1.0000, 0.0000, 0.0000, 0.0000,
    3.0000, 3.0000, 0.0000, 1.0000, 0.0000, 2.0000, 0.0000, 0.0000, 0.0000, 3.0000,
    0.0000, 2.0000, 1.0000, 1.0000, 3.0000, 3.0000, 0.0000, 2.0000, 0.0000, 1.0000,
    1.0000, 1.0000, 3.0000, 2.0000, 3.0000, 2.0000, 0.0000, 3.0000, 1.0000, 1.0000,
    3.0000, 0.0000, 1.0000, 1.0000, 0.0000, 2.0000, 1.0000, 0.0000, 0.0000, 1.0000,
    0.0000, 0.0000, 1.0000, 1.0000, 1.0000, 3.0000, 1.0000, 0.0000, 1.0000, 2.0000,
  ]

### strategic/forcing_bonus
  Total points: 100
  Min: 0.0000, Max: 2.0000, Mean: 0.8941
  Data: [
    0.0000, 0.0000, 1.1294, 0.0000, 0.0000, 0.0000, 0.0000, 0.0000, 1.8218, 0.0000,
    1.0714, 0.0000, 0.0000, 1.4939, 1.8711, 1.6744, 1.7020, 0.0000, 1.0229, 0.0000,
    1.7762, 1.3514, 0.0000, 1.0500, 1.4594, 2.0000, 2.0000, 0.0000, 0.0000, 0.0000,
    1.6759, 2.0000, 0.0000, 0.0000, 0.0000, 2.0000, 1.9954, 2.0000, 2.0000, 2.0000,
    0.0000, 0.0000, 1.8495, 0.0000, 1.0798, 1.1677, 1.5904, 2.0000, 0.0000, 0.0000,
    1.3333, 1.9650, 0.0000, 1.1261, 0.0000, 2.0000, 0.0000, 0.0000, 0.0000, 2.0000,
    0.0000, 1.5368, 1.0513, 1.5466, 1.9289, 2.0000, 0.0000, 2.0000, 0.0000, 1.0940,
    1.5908, 1.7971, 2.0000, 1.1642, 1.1361, 0.0000, 0.0000, 1.5011, 1.0508, 0.0000,
    0.0000, 0.0000, 1.8360, 0.0000, 0.0000, 2.0000, 1.4910, 0.0000, 0.0000, 1.3657,
    0.0000, 0.0000, 1.5088, 1.6206, 1.1096, 1.8383, 1.0386, 0.0000, 1.2030, 1.7932,
  ]

### strategic/opponent_avg_movement
  Total points: 100
  Min: 0.0217, Max: 0.1042, Mean: 0.0539
  Data: [
    0.0754, 0.0543, 0.0491, 0.0564, 0.0549, 0.0612, 0.0786, 0.0729, 0.0432, 0.0479,
    0.0824, 0.0923, 0.0734, 0.0530, 0.0376, 0.0336, 0.0342, 0.0608, 0.0465, 0.0428,
    0.0535, 0.0528, 0.0600, 0.0404, 0.0427, 0.0422, 0.0456, 0.0589, 0.0474, 0.0439,
    0.0499, 0.0556, 0.0763, 0.0217, 0.1042, 0.0428, 0.0401, 0.0443, 0.0433, 0.0480,
    0.0466, 0.0643, 0.0371, 0.0457, 0.0397, 0.0460, 0.0382, 0.0511, 0.0594, 0.0592,
    0.0392, 0.0395, 0.0657, 0.0575, 0.0787, 0.0483, 0.0587, 0.0669, 0.0579, 0.0538,
    0.0599, 0.0309, 0.0469, 0.0766, 0.0477, 0.0444, 0.0574, 0.0568, 0.1005, 0.0468,
    0.0410, 0.0565, 0.0512, 0.0489, 0.0400, 0.0447, 0.0867, 0.0422, 0.0427, 0.0692,
    0.0247, 0.0863, 0.0446, 0.0380, 0.0613, 0.0560, 0.0378, 0.0620, 0.0747, 0.0529,
    0.0744, 0.0629, 0.0698, 0.0551, 0.0433, 0.0481, 0.0571, 0.0507, 0.0456, 0.0360,
  ]

### strategic/opponent_total_movement
  Total points: 100
  Min: 0.4333, Max: 14.1538, Mean: 6.2073
  Data: [
    4.8252, 2.7677, 5.6469, 2.7075, 4.7724, 3.1803, 4.4027, 3.1356, 9.1088, 2.8768,
    5.3568, 2.7690, 2.2033, 7.4694, 9.3553, 8.3718, 8.5099, 2.3097, 5.1147, 3.9356,
    8.8810, 6.7570, 4.6813, 5.2502, 7.2972, 10.5173, 11.3624, 3.0041, 3.8853, 3.3379,
    8.3794, 13.8323, 4.1989, 0.4333, 3.2309, 10.6212, 9.9768, 11.0203, 10.0441, 11.9402,
    4.0577, 3.3443, 9.2477, 4.2948, 5.3988, 5.8383, 7.9521, 12.7218, 4.3935, 3.4926,
    6.6665, 9.8249, 4.8600, 5.6305, 3.8574, 12.0329, 3.1697, 3.5433, 2.9528, 12.7970,
    1.7361, 7.6840, 5.2565, 7.7328, 9.6444, 11.0560, 3.1022, 14.1538, 3.1145, 5.4700,
    7.9541, 8.9855, 12.7552, 5.8211, 5.6806, 3.3946, 2.6892, 7.5055, 5.2538, 4.8468,
    4.1289, 2.8483, 9.1798, 3.1144, 1.8376, 13.0461, 7.4552, 1.8586, 2.2413, 6.8287,
    4.1669, 3.0823, 7.5438, 8.1031, 5.5479, 9.1917, 5.1931, 2.9938, 6.0150, 8.9661,
  ]

### strategic/shot_quality_ratio
  Total points: 100
  Min: 0.0000, Max: 1.0000, Mean: 0.4759
  Data: [
    0.0000, 0.0000, 0.8182, 0.0000, 0.0000, 0.0000, 0.0000, 0.0000, 0.9375, 0.5000,
    0.0000, 0.0000, 0.0000, 0.6923, 0.0000, 0.0000, 0.0000, 0.0000, 0.0000, 0.0000,
    0.0000, 0.7778, 0.0000, 0.0000, 1.0000, 0.0000, 1.0000, 0.0000, 0.0000, 0.0000,
    0.8571, 0.4545, 0.0000, 0.0000, 0.0000, 1.0000, 0.8750, 1.0000, 0.9000, 0.0000,
    0.0000, 0.0000, 1.0000, 0.0000, 1.0000, 1.0000, 1.0000, 0.0000, 0.0000, 0.0000,
    1.0000, 1.0000, 0.0000, 1.0000, 0.0000, 1.0000, 0.0000, 0.0000, 0.0000, 1.0000,
    0.0000, 0.9630, 1.0000, 1.0000, 1.0000, 0.8000, 0.0000, 0.8421, 0.0000, 1.0000,
    0.9412, 0.8889, 1.0000, 1.0000, 1.0000, 1.0000, 0.0000, 1.0000, 1.0000, 1.0000,
    1.0000, 0.0000, 1.0000, 1.0000, 0.0000, 0.9231, 1.0000, 0.0000, 0.0000, 1.0000,
    0.0000, 0.0000, 0.5000, 0.9231, 1.0000, 1.0000, 1.0000, 0.0000, 1.0000, 1.0000,
  ]

### strategic/shots_blocked
  Total points: 100
  Min: 0.0000, Max: 9.0000, Mean: 0.5200
  Data: [
    0.0000, 0.0000, 2.0000, 0.0000, 0.0000, 0.0000, 0.0000, 0.0000, 1.0000, 4.0000,
    0.0000, 0.0000, 0.0000, 4.0000, 0.0000, 0.0000, 0.0000, 0.0000, 0.0000, 0.0000,
    0.0000, 2.0000, 0.0000, 1.0000, 0.0000, 0.0000, 0.0000, 0.0000, 1.0000, 0.0000,
    1.0000, 6.0000, 0.0000, 0.0000, 0.0000, 0.0000, 1.0000, 0.0000, 1.0000, 0.0000,
    0.0000, 0.0000, 0.0000, 1.0000, 0.0000, 0.0000, 0.0000, 0.0000, 0.0000, 0.0000,
    0.0000, 0.0000, 0.0000, 0.0000, 0.0000, 0.0000, 0.0000, 0.0000, 0.0000, 0.0000,
    0.0000, 1.0000, 0.0000, 0.0000, 0.0000, 7.0000, 0.0000, 6.0000, 0.0000, 0.0000,
    1.0000, 1.0000, 0.0000, 0.0000, 0.0000, 0.0000, 0.0000, 0.0000, 0.0000, 0.0000,
    0.0000, 0.0000, 0.0000, 0.0000, 0.0000, 1.0000, 0.0000, 0.0000, 0.0000, 0.0000,
    0.0000, 0.0000, 9.0000, 1.0000, 0.0000, 0.0000, 0.0000, 0.0000, 0.0000, 0.0000,
  ]

### strategic/shots_clear
  Total points: 100
  Min: 0.0000, Max: 32.0000, Mean: 6.1400
  Data: [
    0.0000, 0.0000, 9.0000, 0.0000, 0.0000, 0.0000, 0.0000, 0.0000, 15.0000, 4.0000,
    0.0000, 0.0000, 0.0000, 9.0000, 0.0000, 0.0000, 0.0000, 0.0000, 0.0000, 0.0000,
    0.0000, 7.0000, 0.0000, 0.0000, 6.0000, 0.0000, 2.0000, 0.0000, 0.0000, 0.0000,
    6.0000, 5.0000, 0.0000, 0.0000, 0.0000, 11.0000, 7.0000, 1.0000, 9.0000, 0.0000,
    0.0000, 0.0000, 4.0000, 0.0000, 6.0000, 6.0000, 10.0000, 0.0000, 0.0000, 0.0000,
    17.0000, 28.0000, 0.0000, 3.0000, 0.0000, 27.0000, 0.0000, 0.0000, 0.0000, 24.0000,
    0.0000, 26.0000, 7.0000, 6.0000, 14.0000, 28.0000, 0.0000, 32.0000, 0.0000, 9.0000,
    16.0000, 8.0000, 27.0000, 9.0000, 9.0000, 8.0000, 0.0000, 28.0000, 11.0000, 1.0000,
    24.0000, 0.0000, 15.0000, 9.0000, 0.0000, 12.0000, 19.0000, 0.0000, 0.0000, 7.0000,
    0.0000, 0.0000, 9.0000, 12.0000, 5.0000, 16.0000, 2.0000, 0.0000, 4.0000, 25.0000,
  ]

### training/avg_episode_length
  Total points: 100
  Min: 69.6000, Max: 208.4000, Mean: 127.1340
  Data: [
    114.9000, 165.5000, 193.9000, 144.8000, 191.2000, 177.5000, 105.6000, 205.9000, 180.9000, 131.7000,
    165.3000, 189.1000, 134.7000, 153.6000, 156.0000, 208.4000, 145.3000, 113.2000, 69.6000, 97.5000,
    121.0000, 164.0000, 145.3000, 139.0000, 132.1000, 117.6000, 118.2000, 79.6000, 93.9000, 161.9000,
    109.3000, 92.1000, 102.2000, 79.3000, 104.5000, 135.4000, 133.2000, 139.7000, 133.2000, 109.2000,
    88.2000, 139.8000, 137.5000, 157.9000, 143.9000, 88.3000, 132.4000, 107.8000, 82.3000, 156.4000,
    132.7000, 150.2000, 90.8000, 106.3000, 123.4000, 144.6000, 153.3000, 88.1000, 133.0000, 147.1000,
    79.0000, 149.3000, 141.0000, 105.1000, 113.9000, 161.7000, 156.4000, 142.2000, 86.7000, 129.2000,
    125.2000, 131.3000, 113.0000, 95.7000, 139.8000, 158.5000, 135.0000, 120.7000, 107.9000, 143.6000,
    99.6000, 108.9000, 127.9000, 100.1000, 117.2000, 177.6000, 79.4000, 84.4000, 98.2000, 127.0000,
    77.4000, 95.6000, 127.9000, 153.4000, 82.4000, 132.2000, 96.7000, 129.1000, 110.6000, 93.3000,
  ]

### training/calls_per_episode
  Total points: 100
  Min: 0.0000, Max: 0.0000, Mean: 0.0000
  Data: [
    0.0000, 0.0000, 0.0000, 0.0000, 0.0000, 0.0000, 0.0000, 0.0000, 0.0000, 0.0000,
    0.0000, 0.0000, 0.0000, 0.0000, 0.0000, 0.0000, 0.0000, 0.0000, 0.0000, 0.0000,
    0.0000, 0.0000, 0.0000, 0.0000, 0.0000, 0.0000, 0.0000, 0.0000, 0.0000, 0.0000,
    0.0000, 0.0000, 0.0000, 0.0000, 0.0000, 0.0000, 0.0000, 0.0000, 0.0000, 0.0000,
    0.0000, 0.0000, 0.0000, 0.0000, 0.0000, 0.0000, 0.0000, 0.0000, 0.0000, 0.0000,
    0.0000, 0.0000, 0.0000, 0.0000, 0.0000, 0.0000, 0.0000, 0.0000, 0.0000, 0.0000,
    0.0000, 0.0000, 0.0000, 0.0000, 0.0000, 0.0000, 0.0000, 0.0000, 0.0000, 0.0000,
    0.0000, 0.0000, 0.0000, 0.0000, 0.0000, 0.0000, 0.0000, 0.0000, 0.0000, 0.0000,
    0.0000, 0.0000, 0.0000, 0.0000, 0.0000, 0.0000, 0.0000, 0.0000, 0.0000, 0.0000,
    0.0000, 0.0000, 0.0000, 0.0000, 0.0000, 0.0000, 0.0000, 0.0000, 0.0000, 0.0000,
  ]

### training/episode
  Total points: 100
  Min: 20.0000, Max: 32600.0000, Mean: 16198.8000
  Data: [
    20.0000, 40.0000, 160.0000, 180.0000, 200.0000, 240.0000, 340.0000, 540.0000, 560.0000, 660.0000,
    820.0000, 860.0000, 880.0000, 920.0000, 940.0000, 960.0000, 1020.0000, 1140.0000, 1180.0000, 1200.0000,
    1260.0000, 1320.0000, 1440.0000, 1460.0000, 1500.0000, 1520.0000, 1660.0000, 1720.0000, 1840.0000, 1860.0000,
    1940.0000, 2020.0000, 2060.0000, 2120.0000, 2180.0000, 2320.0000, 2340.0000, 2380.0000, 2420.0000, 2580.0000,
    2640.0000, 2780.0000, 2860.0000, 2900.0000, 2920.0000, 2980.0000, 3000.0000, 3040.0000, 3120.0000, 3140.0000,
    29300.0000, 29320.0000, 29340.0000, 29360.0000, 29400.0000, 29440.0000, 29520.0000, 29560.0000, 29680.0000, 29700.0000,
    29740.0000, 29760.0000, 29860.0000, 29940.0000, 30000.0000, 30080.0000, 30140.0000, 30220.0000, 30240.0000, 30340.0000,
    30460.0000, 30560.0000, 30580.0000, 30740.0000, 30840.0000, 30860.0000, 30900.0000, 30940.0000, 30980.0000, 31020.0000,
    31060.0000, 31080.0000, 31220.0000, 31280.0000, 31300.0000, 31520.0000, 31660.0000, 31680.0000, 31720.0000, 31820.0000,
    31880.0000, 31960.0000, 32080.0000, 32120.0000, 32220.0000, 32240.0000, 32440.0000, 32480.0000, 32520.0000, 32600.0000,
  ]

### training/episode_block_size
  Total points: 100
  Min: 20.0000, Max: 20.0000, Mean: 20.0000
  Data: [
    20.0000, 20.0000, 20.0000, 20.0000, 20.0000, 20.0000, 20.0000, 20.0000, 20.0000, 20.0000,
    20.0000, 20.0000, 20.0000, 20.0000, 20.0000, 20.0000, 20.0000, 20.0000, 20.0000, 20.0000,
    20.0000, 20.0000, 20.0000, 20.0000, 20.0000, 20.0000, 20.0000, 20.0000, 20.0000, 20.0000,
    20.0000, 20.0000, 20.0000, 20.0000, 20.0000, 20.0000, 20.0000, 20.0000, 20.0000, 20.0000,
    20.0000, 20.0000, 20.0000, 20.0000, 20.0000, 20.0000, 20.0000, 20.0000, 20.0000, 20.0000,
    20.0000, 20.0000, 20.0000, 20.0000, 20.0000, 20.0000, 20.0000, 20.0000, 20.0000, 20.0000,
    20.0000, 20.0000, 20.0000, 20.0000, 20.0000, 20.0000, 20.0000, 20.0000, 20.0000, 20.0000,
    20.0000, 20.0000, 20.0000, 20.0000, 20.0000, 20.0000, 20.0000, 20.0000, 20.0000, 20.0000,
    20.0000, 20.0000, 20.0000, 20.0000, 20.0000, 20.0000, 20.0000, 20.0000, 20.0000, 20.0000,
    20.0000, 20.0000, 20.0000, 20.0000, 20.0000, 20.0000, 20.0000, 20.0000, 20.0000, 20.0000,
  ]

### training/episodes_in_current_block
  Total points: 100
  Min: 19.0000, Max: 19.0000, Mean: 19.0000
  Data: [
    19.0000, 19.0000, 19.0000, 19.0000, 19.0000, 19.0000, 19.0000, 19.0000, 19.0000, 19.0000,
    19.0000, 19.0000, 19.0000, 19.0000, 19.0000, 19.0000, 19.0000, 19.0000, 19.0000, 19.0000,
    19.0000, 19.0000, 19.0000, 19.0000, 19.0000, 19.0000, 19.0000, 19.0000, 19.0000, 19.0000,
    19.0000, 19.0000, 19.0000, 19.0000, 19.0000, 19.0000, 19.0000, 19.0000, 19.0000, 19.0000,
    19.0000, 19.0000, 19.0000, 19.0000, 19.0000, 19.0000, 19.0000, 19.0000, 19.0000, 19.0000,
    19.0000, 19.0000, 19.0000, 19.0000, 19.0000, 19.0000, 19.0000, 19.0000, 19.0000, 19.0000,
    19.0000, 19.0000, 19.0000, 19.0000, 19.0000, 19.0000, 19.0000, 19.0000, 19.0000, 19.0000,
    19.0000, 19.0000, 19.0000, 19.0000, 19.0000, 19.0000, 19.0000, 19.0000, 19.0000, 19.0000,
    19.0000, 19.0000, 19.0000, 19.0000, 19.0000, 19.0000, 19.0000, 19.0000, 19.0000, 19.0000,
    19.0000, 19.0000, 19.0000, 19.0000, 19.0000, 19.0000, 19.0000, 19.0000, 19.0000, 19.0000,
  ]

### training/eps_per_sec
  Total points: 100
  Min: 0.2290, Max: 7.8163, Mean: 2.4768
  Data: [
    4.5701, 5.6781, 4.7728, 5.3489, 5.2749, 5.1082, 7.8163, 4.5573, 6.0849, 6.3245,
    4.7375, 4.6127, 6.3158, 6.5635, 5.7192, 4.8688, 0.2290, 2.1758, 2.6945, 3.1154,
    2.4739, 2.0816, 1.8443, 2.3221, 1.7784, 0.3478, 1.9284, 2.3052, 3.2686, 1.6917,
    2.5285, 0.2974, 2.4505, 2.2369, 2.5854, 1.8184, 2.1612, 1.6634, 1.9195, 2.0343,
    1.8262, 1.5601, 1.7830, 1.4987, 1.9752, 1.9016, 2.0648, 2.2338, 2.6511, 1.8792,
    1.7834, 1.7255, 2.1957, 2.2648, 1.6577, 1.7983, 0.3744, 1.7669, 1.8355, 1.6687,
    2.4030, 1.5266, 1.9268, 1.6625, 2.1265, 1.3494, 1.5799, 1.9241, 1.8683, 1.7264,
    2.2176, 2.0488, 1.7583, 2.3429, 1.8155, 1.7129, 1.6676, 2.0751, 1.9369, 0.2519,
    1.9437, 1.9122, 2.1863, 2.7282, 1.9870, 0.2454, 2.2804, 2.6316, 2.1753, 1.9542,
    2.8155, 2.4968, 2.1117, 1.8607, 2.2999, 1.6259, 1.8397, 2.0055, 0.2471, 1.6588,
  ]

### training/epsilon
  Total points: 100
  Min: 0.3195, Max: 0.9993, Mean: 0.6432
  Data: [
    0.9993, 0.9986, 0.9944, 0.9937, 0.9930, 0.9916, 0.9882, 0.9813, 0.9806, 0.9772,
    0.9717, 0.9703, 0.9697, 0.9683, 0.9676, 0.9670, 0.9649, 0.9609, 0.9595, 0.9589,
    0.9569, 0.9549, 0.9508, 0.9502, 0.9489, 0.9482, 0.9436, 0.9416, 0.9376, 0.9370,
    0.9344, 0.9317, 0.9304, 0.9285, 0.9265, 0.9220, 0.9214, 0.9201, 0.9188, 0.9137,
    0.9117, 0.9073, 0.9047, 0.9035, 0.9028, 0.9010, 0.9003, 0.8991, 0.8965, 0.8959,
    0.3586, 0.3584, 0.3581, 0.3579, 0.3574, 0.3569, 0.3559, 0.3554, 0.3539, 0.3536,
    0.3531, 0.3529, 0.3517, 0.3507, 0.3499, 0.3490, 0.3482, 0.3472, 0.3470, 0.3458,
    0.3443, 0.3431, 0.3429, 0.3410, 0.3398, 0.3396, 0.3391, 0.3386, 0.3381, 0.3377,
    0.3372, 0.3370, 0.3353, 0.3346, 0.3344, 0.3318, 0.3302, 0.3299, 0.3295, 0.3283,
    0.3276, 0.3267, 0.3254, 0.3249, 0.3238, 0.3235, 0.3213, 0.3208, 0.3204, 0.3195,
  ]

### training/lr_actor
  Total points: 100
  Min: 0.0002, Max: 0.0003, Mean: 0.0003
  Data: [
    0.0003, 0.0003, 0.0003, 0.0003, 0.0003, 0.0003, 0.0003, 0.0003, 0.0003, 0.0003,
    0.0003, 0.0003, 0.0003, 0.0003, 0.0003, 0.0003, 0.0003, 0.0003, 0.0003, 0.0003,
    0.0003, 0.0003, 0.0003, 0.0003, 0.0003, 0.0003, 0.0003, 0.0003, 0.0003, 0.0003,
    0.0003, 0.0003, 0.0003, 0.0003, 0.0003, 0.0003, 0.0003, 0.0003, 0.0003, 0.0003,
    0.0003, 0.0003, 0.0003, 0.0003, 0.0003, 0.0003, 0.0003, 0.0003, 0.0003, 0.0003,
    0.0002, 0.0002, 0.0002, 0.0002, 0.0002, 0.0002, 0.0002, 0.0002, 0.0002, 0.0002,
    0.0002, 0.0002, 0.0002, 0.0002, 0.0002, 0.0002, 0.0002, 0.0002, 0.0002, 0.0002,
    0.0002, 0.0002, 0.0002, 0.0002, 0.0002, 0.0002, 0.0002, 0.0002, 0.0002, 0.0002,
    0.0002, 0.0002, 0.0002, 0.0002, 0.0002, 0.0002, 0.0002, 0.0002, 0.0002, 0.0002,
    0.0002, 0.0002, 0.0002, 0.0002, 0.0002, 0.0002, 0.0002, 0.0002, 0.0002, 0.0002,
  ]

### training/lr_critic
  Total points: 100
  Min: 0.0002, Max: 0.0003, Mean: 0.0003
  Data: [
    0.0003, 0.0003, 0.0003, 0.0003, 0.0003, 0.0003, 0.0003, 0.0003, 0.0003, 0.0003,
    0.0003, 0.0003, 0.0003, 0.0003, 0.0003, 0.0003, 0.0003, 0.0003, 0.0003, 0.0003,
    0.0003, 0.0003, 0.0003, 0.0003, 0.0003, 0.0003, 0.0003, 0.0003, 0.0003, 0.0003,
    0.0003, 0.0003, 0.0003, 0.0003, 0.0003, 0.0003, 0.0003, 0.0003, 0.0003, 0.0003,
    0.0003, 0.0003, 0.0003, 0.0003, 0.0003, 0.0003, 0.0003, 0.0003, 0.0003, 0.0003,
    0.0002, 0.0002, 0.0002, 0.0002, 0.0002, 0.0002, 0.0002, 0.0002, 0.0002, 0.0002,
    0.0002, 0.0002, 0.0002, 0.0002, 0.0002, 0.0002, 0.0002, 0.0002, 0.0002, 0.0002,
    0.0002, 0.0002, 0.0002, 0.0002, 0.0002, 0.0002, 0.0002, 0.0002, 0.0002, 0.0002,
    0.0002, 0.0002, 0.0002, 0.0002, 0.0002, 0.0002, 0.0002, 0.0002, 0.0002, 0.0002,
    0.0002, 0.0002, 0.0002, 0.0002, 0.0002, 0.0002, 0.0002, 0.0002, 0.0002, 0.0002,
  ]

### training/pbrs_enabled
  Total points: 100
  Min: 1.0000, Max: 1.0000, Mean: 1.0000
  Data: [
    1.0000, 1.0000, 1.0000, 1.0000, 1.0000, 1.0000, 1.0000, 1.0000, 1.0000, 1.0000,
    1.0000, 1.0000, 1.0000, 1.0000, 1.0000, 1.0000, 1.0000, 1.0000, 1.0000, 1.0000,
    1.0000, 1.0000, 1.0000, 1.0000, 1.0000, 1.0000, 1.0000, 1.0000, 1.0000, 1.0000,
    1.0000, 1.0000, 1.0000, 1.0000, 1.0000, 1.0000, 1.0000, 1.0000, 1.0000, 1.0000,
    1.0000, 1.0000, 1.0000, 1.0000, 1.0000, 1.0000, 1.0000, 1.0000, 1.0000, 1.0000,
    1.0000, 1.0000, 1.0000, 1.0000, 1.0000, 1.0000, 1.0000, 1.0000, 1.0000, 1.0000,
    1.0000, 1.0000, 1.0000, 1.0000, 1.0000, 1.0000, 1.0000, 1.0000, 1.0000, 1.0000,
    1.0000, 1.0000, 1.0000, 1.0000, 1.0000, 1.0000, 1.0000, 1.0000, 1.0000, 1.0000,
    1.0000, 1.0000, 1.0000, 1.0000, 1.0000, 1.0000, 1.0000, 1.0000, 1.0000, 1.0000,
    1.0000, 1.0000, 1.0000, 1.0000, 1.0000, 1.0000, 1.0000, 1.0000, 1.0000, 1.0000,
  ]

### training/tie_penalty
  Total points: 100
  Min: -3.0000, Max: 0.0000, Mean: -0.5400
  Data: [
    0.0000, 0.0000, 0.0000, 0.0000, 0.0000, 0.0000, 0.0000, 0.0000, 0.0000, 0.0000,
    0.0000, 0.0000, 0.0000, 0.0000, -3.0000, -3.0000, -3.0000, 0.0000, 0.0000, 0.0000,
    0.0000, 0.0000, 0.0000, 0.0000, 0.0000, -3.0000, -3.0000, 0.0000, 0.0000, 0.0000,
    0.0000, -3.0000, 0.0000, 0.0000, 0.0000, 0.0000, -3.0000, -3.0000, 0.0000, -3.0000,
    0.0000, 0.0000, -3.0000, 0.0000, 0.0000, 0.0000, 0.0000, -3.0000, 0.0000, 0.0000,
    0.0000, -3.0000, 0.0000, 0.0000, 0.0000, -3.0000, 0.0000, 0.0000, 0.0000, 0.0000,
    0.0000, -3.0000, 0.0000, 0.0000, 0.0000, -3.0000, 0.0000, -3.0000, 0.0000, 0.0000,
    0.0000, 0.0000, -3.0000, 0.0000, 0.0000, 0.0000, 0.0000, 0.0000, 0.0000, 0.0000,
    0.0000, 0.0000, 0.0000, 0.0000, 0.0000, 0.0000, 0.0000, 0.0000, 0.0000, 0.0000,
    0.0000, 0.0000, 0.0000, 0.0000, 0.0000, 0.0000, 0.0000, 0.0000, 0.0000, -3.0000,
  ]

### values/Q_avg
  Total points: 50
  Min: -2.0525, Max: 2.9872, Mean: 0.3637
  Data: [
    -0.0226, -0.8102, -1.4512, -1.3839, -1.5811, -2.0525, -0.3713, -1.2240, -0.9604, -1.3586,
    -0.3631, -1.1257, -1.3167, -0.7726, -1.7697, -0.2421, -0.4361, -0.6033, 0.4069, 0.8052,
    0.1881, -1.2298, 0.0101, -0.8276, -0.5961, 0.7285, -0.2306, 0.3225, 1.5255, 1.4209,
    0.9857, 2.3318, 1.9153, 1.4077, 1.5951, 2.1959, 1.0591, 1.4235, 1.7262, 1.8124,
    1.0441, 2.9872, 1.8611, 2.1959, 1.5281, 1.4758, 1.8064, 1.1848, 1.3817, 1.5896,
  ]

### values/Q_max
  Total points: 50
  Min: 0.2853, Max: 25.0000, Mean: 13.9290
  Data: [
    0.2853, 1.6693, 3.3922, 12.2327, 8.9374, 11.7716, 15.6034, 16.4560, 9.5988, 15.5550,
    16.0590, 22.0928, 22.3694, 15.1347, 16.8747, 12.7030, 17.5687, 20.9286, 22.5889, 21.9017,
    25.0000, 17.2691, 11.1153, 12.6468, 16.6145, 10.0417, 15.8655, 10.6026, 17.8859, 10.9854,
    11.6520, 13.2534, 14.8621, 18.3600, 15.7912, 15.3013, 9.2828, 18.2995, 14.3457, 14.8308,
    13.3494, 16.0416, 12.0315, 11.9591, 13.6921, 10.2813, 10.4971, 8.9730, 13.8949, 8.0005,
  ]

### values/Q_min
  Total points: 50
  Min: -16.4968, Max: -0.3409, Mean: -11.7228
  Data: [
    -0.3409, -2.9902, -9.8282, -11.5903, -11.4223, -12.3867, -11.9644, -13.8669, -12.0638, -12.0146,
    -15.0240, -13.6427, -12.6343, -12.6034, -12.7380, -16.4968, -14.1939, -13.7600, -14.3544, -12.5593,
    -13.6528, -11.9607, -12.7638, -13.0862, -15.3957, -11.4372, -11.3218, -10.6470, -11.6781, -10.8666,
    -10.9756, -10.7894, -11.2228, -11.7582, -11.1971, -11.1147, -11.1642, -11.1872, -11.2722, -10.8343,
    -11.3126, -10.4498, -11.2346, -11.4835, -11.5614, -11.3257, -11.0096, -12.0759, -11.1698, -13.7188,
  ]

### values/Q_std
  Total points: 50
  Min: 0.1152, Max: 6.9574, Mean: 5.1631
  Data: [
    0.1152, 1.1131, 2.4757, 5.5941, 5.3548, 5.3922, 6.1043, 5.9992, 4.9093, 5.3459,
    6.1821, 6.0886, 5.7835, 5.3308, 5.6452, 5.9294, 6.0841, 6.5612, 6.9574, 6.4498,
    6.8110, 5.7637, 5.1496, 4.8349, 5.7131, 5.6162, 5.5775, 4.4950, 5.1042, 4.9527,
    5.2019, 4.4223, 5.0057, 5.6403, 5.0176, 5.2858, 4.4829, 5.9661, 5.2452, 5.0601,
    5.1517, 4.0904, 4.7913, 5.3462, 4.7980, 5.4141, 4.9571, 4.8841, 5.2029, 4.7583,
  ]
