================================================================================
W&B RUN DATA: DreamerV3-mixed-selfplay-seed42_weak_seed42_20260124_144802
================================================================================

## RUN METADATA
Run ID: 2514xfgo
Created: 2026-01-24T13:48:03Z
State: running
Duration: 55062.33330695 seconds

## CONFIGURATION
  [Environment]
    opponent: weak
  [Training]
    batch_size: 32
    batch_length: 32
    imagination_horizon: 15
    discount: 0.997
  [Entropy]
    entropy_scale: 0.0003
  [Self-Play]
    self_play_start: 1000
    self_play_pool_size: 15
    self_play_save_interval: 300
    self_play_weak_ratio: 0.3
    use_pfsp: True
    pfsp_mode: variance
  [Architecture]
    recurrent_size: 256
    latent_length: 16
    latent_classes: 16
  [Meta]
    seed: 42
    algorithm: DreamerV3

## FINAL SUMMARY
  runtime: 15.30 hours (55062 seconds)

## NOTE: Data reduced (fraction=0.1, max_points=100)

## METRICS DATA

### STATS
#### buffer_size
  Points: 34
  Min: 36919.0000, Max: 250000.0000, Mean: 208293.6176
  Data: [
    36919.0000, 53645.0000, 77114.0000, 93084.0000, 109450.0000, 123644.0000, 143743.0000, 161966.0000, 178438.0000, 192271.0000,
    208408.0000, 221839.0000, 233287.0000, 248175.0000, 250000.0000, 250000.0000, 250000.0000, 250000.0000, 250000.0000, 250000.0000,
    250000.0000, 250000.0000, 250000.0000, 250000.0000, 250000.0000, 250000.0000, 250000.0000, 250000.0000, 250000.0000, 250000.0000,
    250000.0000, 250000.0000, 250000.0000, 250000.0000,
  ]

#### draws
  Points: 34
  Min: 0.0000, Max: 793.0000, Mean: 429.9412
  Data: [
    0.0000, 42.0000, 93.0000, 124.0000, 149.0000, 178.0000, 212.0000, 240.0000, 261.0000, 276.0000,
    302.0000, 320.0000, 339.0000, 357.0000, 378.0000, 407.0000, 425.0000, 455.0000, 468.0000, 483.0000,
    496.0000, 510.0000, 533.0000, 558.0000, 585.0000, 610.0000, 647.0000, 670.0000, 700.0000, 721.0000,
    744.0000, 760.0000, 782.0000, 793.0000,
  ]

#### env_steps
  Points: 34
  Min: 151.0000, Max: 510685.0000, Mean: 262357.8235
  Data: [
    151.0000, 16877.0000, 40346.0000, 56316.0000, 72682.0000, 86876.0000, 106975.0000, 125198.0000, 141670.0000, 155503.0000,
    171640.0000, 185071.0000, 196519.0000, 211407.0000, 223927.0000, 240640.0000, 254644.0000, 272306.0000, 284869.0000, 297826.0000,
    311778.0000, 324520.0000, 341338.0000, 355597.0000, 371034.0000, 387717.0000, 405252.0000, 419654.0000, 441486.0000, 454789.0000,
    471715.0000, 484015.0000, 499143.0000, 510685.0000,
  ]

#### episodes
  Points: 34
  Min: 201.0000, Max: 4321.0000, Mean: 2310.1176
  Data: [
    201.0000, 321.0000, 491.0000, 611.0000, 741.0000, 851.0000, 1001.0000, 1161.0000, 1301.0000, 1431.0000,
    1561.0000, 1681.0000, 1781.0000, 1901.0000, 2011.0000, 2141.0000, 2261.0000, 2401.0000, 2501.0000, 2611.0000,
    2741.0000, 2861.0000, 3001.0000, 3111.0000, 3231.0000, 3351.0000, 3471.0000, 3591.0000, 3751.0000, 3851.0000,
    3991.0000, 4101.0000, 4211.0000, 4321.0000,
  ]

#### gradient_steps
  Points: 34
  Min: 32.0000, Max: 131872.0000, Mean: 67523.7647
  Data: [
    32.0000, 3872.0000, 9312.0000, 13152.0000, 17312.0000, 20832.0000, 25632.0000, 30752.0000, 35232.0000, 39392.0000,
    43552.0000, 47392.0000, 50592.0000, 54432.0000, 57952.0000, 62112.0000, 65952.0000, 70432.0000, 73632.0000, 77152.0000,
    81312.0000, 85152.0000, 89632.0000, 93152.0000, 96992.0000, 100832.0000, 104672.0000, 108512.0000, 113632.0000, 116832.0000,
    121312.0000, 124832.0000, 128352.0000, 131872.0000,
  ]

#### losses
  Points: 34
  Min: 0.0000, Max: 1247.0000, Mean: 761.2941
  Data: [
    0.0000, 67.0000, 163.0000, 227.0000, 290.0000, 340.0000, 408.0000, 474.0000, 527.0000, 575.0000,
    615.0000, 651.0000, 676.0000, 721.0000, 752.0000, 787.0000, 812.0000, 841.0000, 862.0000, 884.0000,
    917.0000, 941.0000, 970.0000, 995.0000, 1018.0000, 1047.0000, 1069.0000, 1095.0000, 1133.0000, 1152.0000,
    1184.0000, 1213.0000, 1231.0000, 1247.0000,
  ]

#### mean_reward
  Points: 34
  Min: -16.4325, Max: 5.3063, Mean: -0.5406
  Data: [
    5.3063, -16.4325, -10.2953, -8.0961, -5.9941, -4.5798, -3.8370, -3.1093, -1.6292, -0.8057,
    -0.7162, 0.0366, 0.6783, -1.6147, 0.3444, -0.0731, 2.0215, 0.9823, 2.1004, 2.7127,
    1.5907, 3.4761, 2.4048, 1.1198, 1.6698, 0.8814, 1.3171, 1.2513, 1.4261, 1.5899,
    0.5129, 1.3437, 2.0316, 4.0042,
  ]

#### opponent_selfplay_count
  Points: 34
  Min: 0.0000, Max: 2286.0000, Mean: 963.4706
  Data: [
    0.0000, 0.0000, 0.0000, 0.0000, 0.0000, 0.0000, 0.0000, 111.0000, 191.0000, 286.0000,
    365.0000, 451.0000, 529.0000, 620.0000, 698.0000, 790.0000, 871.0000, 975.0000, 1051.0000, 1132.0000,
    1224.0000, 1303.0000, 1401.0000, 1475.0000, 1558.0000, 1642.0000, 1715.0000, 1794.0000, 1905.0000, 1973.0000,
    2065.0000, 2136.0000, 2211.0000, 2286.0000,
  ]

#### opponent_strong_count
  Points: 34
  Min: 1.0000, Max: 1174.0000, Mean: 671.5882
  Data: [
    1.0000, 64.0000, 147.0000, 204.0000, 268.0000, 312.0000, 390.0000, 426.0000, 468.0000, 496.0000,
    536.0000, 566.0000, 582.0000, 604.0000, 625.0000, 654.0000, 682.0000, 709.0000, 726.0000, 746.0000,
    773.0000, 802.0000, 836.0000, 862.0000, 894.0000, 919.0000, 954.0000, 983.0000, 1023.0000, 1052.0000,
    1089.0000, 1119.0000, 1148.0000, 1174.0000,
  ]

#### opponent_weak_count
  Points: 34
  Min: 0.0000, Max: 661.0000, Mean: 475.0588
  Data: [
    0.0000, 57.0000, 144.0000, 207.0000, 273.0000, 339.0000, 411.0000, 424.0000, 442.0000, 449.0000,
    460.0000, 464.0000, 470.0000, 477.0000, 488.0000, 497.0000, 508.0000, 517.0000, 524.0000, 533.0000,
    544.0000, 556.0000, 564.0000, 574.0000, 579.0000, 590.0000, 602.0000, 614.0000, 623.0000, 626.0000,
    637.0000, 646.0000, 652.0000, 661.0000,
  ]

#### win_rate
  Points: 34
  Min: 0.1000, Max: 1.0000, Mean: 0.5353
  Data: [
    1.0000, 0.1000, 0.1500, 0.2300, 0.3100, 0.2900, 0.3500, 0.4500, 0.4700, 0.5400,
    0.5000, 0.5600, 0.5600, 0.4700, 0.5400, 0.5200, 0.6400, 0.5800, 0.6600, 0.6800,
    0.6300, 0.7100, 0.6400, 0.5600, 0.6000, 0.5700, 0.5500, 0.5800, 0.6100, 0.6000,
    0.5600, 0.6100, 0.6300, 0.7500,
  ]

#### wins
  Points: 34
  Min: 1.0000, Max: 2081.0000, Mean: 918.8824
  Data: [
    1.0000, 12.0000, 35.0000, 60.0000, 102.0000, 133.0000, 181.0000, 247.0000, 313.0000, 380.0000,
    444.0000, 510.0000, 566.0000, 623.0000, 681.0000, 747.0000, 824.0000, 905.0000, 971.0000, 1044.0000,
    1128.0000, 1210.0000, 1298.0000, 1358.0000, 1428.0000, 1494.0000, 1555.0000, 1626.0000, 1718.0000, 1778.0000,
    1863.0000, 1928.0000, 1998.0000, 2081.0000,
  ]


### EPISODE
#### draw_rate_100
  Points: 34
  Min: 0.0000, Max: 0.0100, Mean: 0.0015
  Data: [
    0.0000, 0.0000, 0.0100, 0.0000, 0.0000, 0.0000, 0.0000, 0.0000, 0.0000, 0.0000,
    0.0000, 0.0000, 0.0000, 0.0000, 0.0000, 0.0000, 0.0000, 0.0000, 0.0000, 0.0000,
    0.0000, 0.0000, 0.0000, 0.0100, 0.0000, 0.0000, 0.0100, 0.0000, 0.0000, 0.0000,
    0.0000, 0.0100, 0.0000, 0.0100,
  ]

#### length_max
  Points: 34
  Min: 151.0000, Max: 251.0000, Mean: 248.0588
  Data: [
    151.0000, 251.0000, 251.0000, 251.0000, 251.0000, 251.0000, 251.0000, 251.0000, 251.0000, 251.0000,
    251.0000, 251.0000, 251.0000, 251.0000, 251.0000, 251.0000, 251.0000, 251.0000, 251.0000, 251.0000,
    251.0000, 251.0000, 251.0000, 251.0000, 251.0000, 251.0000, 251.0000, 251.0000, 251.0000, 251.0000,
    251.0000, 251.0000, 251.0000, 251.0000,
  ]

#### length_mean
  Points: 34
  Min: 104.0900, Max: 151.0000, Mean: 124.6491
  Data: [
    151.0000, 139.8100, 144.5100, 131.0700, 127.0800, 129.0200, 132.8900, 107.5200, 120.5000, 104.0900,
    121.1200, 118.3300, 114.4800, 124.4300, 115.3000, 130.1900, 118.5200, 127.8000, 125.6300, 117.2800,
    105.5900, 108.3600, 121.0900, 125.6700, 120.6600, 139.1300, 147.1100, 122.1400, 142.1800, 133.0300,
    123.9600, 106.1100, 134.3000, 108.1700,
  ]

#### length_min
  Points: 34
  Min: 21.0000, Max: 151.0000, Mean: 28.5294
  Data: [
    151.0000, 21.0000, 22.0000, 23.0000, 23.0000, 24.0000, 25.0000, 24.0000, 23.0000, 23.0000,
    26.0000, 27.0000, 24.0000, 27.0000, 26.0000, 27.0000, 25.0000, 22.0000, 25.0000, 26.0000,
    27.0000, 23.0000, 28.0000, 24.0000, 26.0000, 24.0000, 28.0000, 27.0000, 27.0000, 22.0000,
    28.0000, 27.0000, 22.0000, 23.0000,
  ]

#### length_std
  Points: 34
  Min: 0.0000, Max: 91.0570, Mean: 79.6075
  Data: [
    0.0000, 91.0570, 90.3876, 88.1871, 84.2863, 86.9926, 79.6429, 78.9114, 83.5475, 78.1152,
    82.0182, 77.8175, 85.3321, 81.8947, 81.2996, 84.0359, 79.9059, 83.8779, 80.2017, 80.1385,
    72.1542, 76.7562, 82.2273, 83.4294, 85.0680, 80.9687, 90.4524, 79.4794, 80.1500, 80.7161,
    82.6649, 76.0590, 82.9654, 75.9140,
  ]

#### reward_mean
  Points: 34
  Min: -16.4325, Max: 5.3063, Mean: -0.5406
  Data: [
    5.3063, -16.4325, -10.2953, -8.0961, -5.9941, -4.5798, -3.8370, -3.1093, -1.6292, -0.8057,
    -0.7162, 0.0366, 0.6783, -1.6147, 0.3444, -0.0731, 2.0215, 0.9823, 2.1004, 2.7127,
    1.5907, 3.4761, 2.4048, 1.1198, 1.6698, 0.8814, 1.3171, 1.2513, 1.4261, 1.5899,
    0.5129, 1.3437, 2.0316, 4.0042,
  ]

#### reward_std
  Points: 34
  Min: 0.0000, Max: 14.1734, Mean: 9.1445
  Data: [
    0.0000, 14.1734, 8.6288, 9.7935, 9.8275, 8.9827, 10.0692, 10.2493, 9.7025, 10.2450,
    9.5947, 9.7791, 9.1743, 10.0625, 9.4131, 9.5996, 9.0986, 9.0223, 9.0251, 8.5524,
    9.5219, 8.5548, 8.9149, 9.1442, 9.2515, 9.1666, 8.5093, 9.2681, 9.0420, 8.8934,
    9.3316, 9.3238, 8.8311, 8.1681,
  ]

#### win_rate_100
  Points: 34
  Min: 0.1000, Max: 1.0000, Mean: 0.5353
  Data: [
    1.0000, 0.1000, 0.1500, 0.2300, 0.3100, 0.2900, 0.3500, 0.4500, 0.4700, 0.5400,
    0.5000, 0.5600, 0.5600, 0.4700, 0.5400, 0.5200, 0.6400, 0.5800, 0.6600, 0.6800,
    0.6300, 0.7100, 0.6400, 0.5600, 0.6000, 0.5700, 0.5500, 0.5800, 0.6100, 0.6000,
    0.5600, 0.6100, 0.6300, 0.7500,
  ]


### TIME
#### elapsed_hours
  Points: 34
  Min: 0.0035, Max: 15.2283, Mean: 7.8083
  Data: [
    0.0035, 0.4457, 1.0798, 1.5224, 2.0061, 2.4103, 2.9630, 3.5557, 4.0839, 4.5685,
    5.0495, 5.4833, 5.8530, 6.3044, 6.7020, 7.1799, 7.6185, 8.1535, 8.5312, 8.9283,
    9.4045, 9.8426, 10.3528, 10.7550, 11.2072, 11.6623, 12.0966, 12.5555, 13.1427, 13.5204,
    14.0190, 14.4284, 14.8254, 15.2283,
  ]

#### episodes_per_hour
  Points: 34
  Min: 283.7477, Max: 56945.3958, Mean: 1986.8727
  Data: [
    56945.3958, 720.2110, 454.7259, 401.3354, 369.3757, 353.0632, 337.8282, 326.5135, 318.5685, 313.2313,
    309.1374, 306.5675, 304.2898, 301.5360, 300.0598, 298.1946, 296.7758, 294.4737, 293.1599, 292.4417,
    291.4573, 290.6758, 289.8721, 289.2595, 288.2962, 287.3351, 286.9412, 286.0105, 285.4062, 284.8284,
    284.6854, 284.2308, 284.0403, 283.7477,
  ]

#### gradient_steps_per_second
  Points: 34
  Min: 2.3951, Max: 2.5183, Mean: 2.4050
  Data: [
    2.5183, 2.4132, 2.3956, 2.3997, 2.3971, 2.4008, 2.4029, 2.4024, 2.3964, 2.3951,
    2.3958, 2.4008, 2.4011, 2.3983, 2.4019, 2.4030, 2.4047, 2.3995, 2.3975, 2.4004,
    2.4017, 2.4032, 2.4049, 2.4059, 2.4040, 2.4017, 2.4036, 2.4007, 2.4017, 2.4003,
    2.4037, 2.4033, 2.4049, 2.4055,
  ]

#### steps_per_second
  Points: 34
  Min: 9.1585, Max: 11.8833, Mean: 9.5566
  Data: [
    11.8833, 10.5183, 10.3793, 10.2753, 10.0641, 10.0120, 10.0286, 9.7806, 9.6361, 9.4550,
    9.4420, 9.3755, 9.3266, 9.3148, 9.2811, 9.3100, 9.2845, 9.2770, 9.2754, 9.2660,
    9.2089, 9.1586, 9.1585, 9.1842, 9.1963, 9.2348, 9.3060, 9.2844, 9.3311, 9.3437,
    9.3468, 9.3183, 9.3523, 9.3153,
  ]


### EVAL
#### combined_win_rate
  Points: 15
  Min: 0.1000, Max: 0.8000, Mean: 0.4733
  Data: [
    0.2000, 0.1000, 0.3500, 0.1500, 0.3500, 0.6000, 0.3000, 0.6500, 0.6500, 0.8000,
    0.7500, 0.6000, 0.6000, 0.4500, 0.5500,
  ]

#### gif_strong
  Points: 15
  Error: float() argument must be a string or a real number, not 'dict'

#### gif_weak
  Points: 15
  Error: float() argument must be a string or a real number, not 'dict'

#### strong_draws
  Points: 15
  Min: 0.0000, Max: 5.0000, Mean: 2.6000
  Data: [
    2.0000, 3.0000, 0.0000, 5.0000, 4.0000, 3.0000, 5.0000, 4.0000, 3.0000, 1.0000,
    2.0000, 2.0000, 3.0000, 2.0000, 0.0000,
  ]

#### strong_losses
  Points: 15
  Min: 0.0000, Max: 6.0000, Mean: 2.8667
  Data: [
    6.0000, 6.0000, 6.0000, 4.0000, 5.0000, 3.0000, 2.0000, 0.0000, 2.0000, 1.0000,
    1.0000, 1.0000, 1.0000, 2.0000, 3.0000,
  ]

#### strong_mean_reward
  Points: 15
  Min: -16.4832, Max: 5.6357, Mean: -1.7641
  Data: [
    -16.4832, -10.8061, -4.2889, -7.4993, -7.0100, -2.1075, -1.5379, 3.7598, -0.0136, 5.6357,
    4.0928, 4.7847, 0.8440, 1.1166, 3.0510,
  ]

#### strong_win_rate
  Points: 15
  Min: 0.1000, Max: 0.8000, Mean: 0.4533
  Data: [
    0.2000, 0.1000, 0.4000, 0.1000, 0.1000, 0.4000, 0.3000, 0.6000, 0.5000, 0.8000,
    0.7000, 0.7000, 0.6000, 0.6000, 0.7000,
  ]

#### strong_wins
  Points: 15
  Min: 1.0000, Max: 8.0000, Mean: 4.5333
  Data: [
    2.0000, 1.0000, 4.0000, 1.0000, 1.0000, 4.0000, 3.0000, 6.0000, 5.0000, 8.0000,
    7.0000, 7.0000, 6.0000, 6.0000, 7.0000,
  ]

#### weak_draws
  Points: 15
  Min: 0.0000, Max: 5.0000, Mean: 2.1333
  Data: [
    5.0000, 4.0000, 2.0000, 2.0000, 3.0000, 1.0000, 2.0000, 2.0000, 1.0000, 0.0000,
    0.0000, 2.0000, 1.0000, 4.0000, 3.0000,
  ]

#### weak_losses
  Points: 15
  Min: 1.0000, Max: 6.0000, Mean: 2.9333
  Data: [
    3.0000, 5.0000, 5.0000, 6.0000, 1.0000, 1.0000, 5.0000, 1.0000, 1.0000, 2.0000,
    2.0000, 3.0000, 3.0000, 3.0000, 3.0000,
  ]

#### weak_mean_reward
  Points: 15
  Min: -19.4762, Max: 5.8698, Mean: -1.2833
  Data: [
    -19.4762, -9.7435, -6.3006, -6.6746, 3.3269, 5.5593, -3.9191, 4.5167, 5.8698, 4.6670,
    4.9128, 0.5550, 1.5274, -2.0437, -2.0272,
  ]

#### weak_win_rate
  Points: 15
  Min: 0.1000, Max: 0.8000, Mean: 0.4933
  Data: [
    0.2000, 0.1000, 0.3000, 0.2000, 0.6000, 0.8000, 0.3000, 0.7000, 0.8000, 0.8000,
    0.8000, 0.5000, 0.6000, 0.3000, 0.4000,
  ]

#### weak_wins
  Points: 15
  Min: 1.0000, Max: 8.0000, Mean: 4.9333
  Data: [
    2.0000, 1.0000, 3.0000, 2.0000, 6.0000, 8.0000, 3.0000, 7.0000, 8.0000, 8.0000,
    8.0000, 5.0000, 6.0000, 3.0000, 4.0000,
  ]


### SELFPLAY
#### active
  Points: 34
  Min: 0.0000, Max: 1.0000, Mean: 0.8235
  Data: [
    0.0000, 0.0000, 0.0000, 0.0000, 0.0000, 0.0000, 1.0000, 1.0000, 1.0000, 1.0000,
    1.0000, 1.0000, 1.0000, 1.0000, 1.0000, 1.0000, 1.0000, 1.0000, 1.0000, 1.0000,
    1.0000, 1.0000, 1.0000, 1.0000, 1.0000, 1.0000, 1.0000, 1.0000, 1.0000, 1.0000,
    1.0000, 1.0000, 1.0000, 1.0000,
  ]

#### anchor_ratio_actual
  Points: 28
  Min: 0.2970, Max: 1.0000, Mean: 0.3370
  Data: [
    1.0000, 0.3106, 0.3654, 0.3364, 0.3494, 0.3383, 0.3227, 0.3120, 0.3096, 0.3076,
    0.3093, 0.3041, 0.2998, 0.2973, 0.2970, 0.2998, 0.3004, 0.3013, 0.3017, 0.3016,
    0.3059, 0.3076, 0.3075, 0.3080, 0.3096, 0.3112, 0.3114, 0.3117,
  ]

#### anchor_strong_count
  Points: 28
  Min: 0.0000, Max: 518.0000, Mean: 260.0357
  Data: [
    0.0000, 25.0000, 55.0000, 72.0000, 98.0000, 114.0000, 126.0000, 139.0000, 157.0000, 175.0000,
    195.0000, 213.0000, 225.0000, 240.0000, 258.0000, 279.0000, 299.0000, 318.0000, 336.0000, 355.0000,
    378.0000, 399.0000, 423.0000, 439.0000, 463.0000, 482.0000, 500.0000, 518.0000,
  ]

#### anchor_weak_count
  Points: 28
  Min: 1.0000, Max: 517.0000, Mean: 260.0357
  Data: [
    1.0000, 25.0000, 55.0000, 73.0000, 98.0000, 113.0000, 126.0000, 139.0000, 156.0000, 176.0000,
    195.0000, 213.0000, 225.0000, 239.0000, 259.0000, 279.0000, 299.0000, 318.0000, 337.0000, 354.0000,
    378.0000, 398.0000, 423.0000, 439.0000, 463.0000, 483.0000, 500.0000, 517.0000,
  ]

#### anchor_weak_ratio
  Points: 28
  Min: 0.4978, Max: 1.0000, Mean: 0.5179
  Data: [
    1.0000, 0.5000, 0.5000, 0.5034, 0.5000, 0.4978, 0.5000, 0.5000, 0.4984, 0.5014,
    0.5000, 0.5000, 0.5000, 0.4990, 0.5010, 0.5000, 0.5000, 0.5000, 0.5007, 0.4993,
    0.5000, 0.4994, 0.5000, 0.5000, 0.5000, 0.5005, 0.5000, 0.4995,
  ]

#### current_opponent_episode
  Points: 28
  Min: 1000.0000, Max: 3600.0000, Mean: 1867.8571
  Data: [
    1000.0000, 1000.0000, 1000.0000, 1200.0000, 1200.0000, 1000.0000, 1000.0000, 1800.0000, 1500.0000, 1800.0000,
    1800.0000, 2400.0000, 1500.0000, 1500.0000, 2100.0000, 2100.0000, 1000.0000, 1200.0000, 1000.0000, 2100.0000,
    3300.0000, 3000.0000, 2700.0000, 3000.0000, 3600.0000, 3600.0000, 1800.0000, 2100.0000,
  ]

#### current_opponent_idx
  Points: 28
  Min: 0.0000, Max: 9.0000, Mean: 3.1429
  Data: [
    0.0000, 0.0000, 0.0000, 1.0000, 1.0000, 0.0000, 0.0000, 3.0000, 2.0000, 3.0000,
    3.0000, 5.0000, 2.0000, 2.0000, 4.0000, 4.0000, 0.0000, 1.0000, 0.0000, 4.0000,
    8.0000, 7.0000, 6.0000, 7.0000, 9.0000, 9.0000, 3.0000, 4.0000,
  ]

#### episodes_since_activation
  Points: 34
  Min: 0.0000, Max: 3321.0000, Mean: 1392.0000
  Data: [
    0.0000, 0.0000, 0.0000, 0.0000, 0.0000, 0.0000, 1.0000, 161.0000, 301.0000, 431.0000,
    561.0000, 681.0000, 781.0000, 901.0000, 1011.0000, 1141.0000, 1261.0000, 1401.0000, 1501.0000, 1611.0000,
    1741.0000, 1861.0000, 2001.0000, 2111.0000, 2231.0000, 2351.0000, 2471.0000, 2591.0000, 2751.0000, 2851.0000,
    2991.0000, 3101.0000, 3211.0000, 3321.0000,
  ]

#### pfsp_avg_winrate
  Points: 28
  Min: 0.4600, Max: 0.7143, Mean: 0.5535
  Data: [
    0.7143, 0.5000, 0.4600, 0.4960, 0.5300, 0.5670, 0.5854, 0.5227, 0.5353, 0.4799,
    0.5255, 0.5533, 0.5587, 0.5850, 0.5908, 0.6152, 0.6066, 0.5886, 0.5834, 0.5425,
    0.5419, 0.5405, 0.5399, 0.5315, 0.5507, 0.5513, 0.5388, 0.5635,
  ]

#### pfsp_max_winrate
  Points: 28
  Min: 0.5000, Max: 0.8300, Mean: 0.7130
  Data: [
    0.7143, 0.5000, 0.5200, 0.5100, 0.6000, 0.6000, 0.6800, 0.7100, 0.6900, 0.6800,
    0.6800, 0.6800, 0.6800, 0.7400, 0.7500, 0.7500, 0.7700, 0.7600, 0.7700, 0.7700,
    0.7700, 0.7700, 0.8100, 0.8100, 0.8200, 0.8000, 0.8000, 0.8300,
  ]

#### pfsp_min_winrate
  Points: 28
  Min: 0.2000, Max: 0.7143, Mean: 0.3845
  Data: [
    0.7143, 0.5000, 0.4000, 0.4819, 0.4700, 0.5400, 0.5362, 0.3333, 0.3611, 0.2222,
    0.3600, 0.3864, 0.4386, 0.4783, 0.4444, 0.4894, 0.4054, 0.3529, 0.3485, 0.2857,
    0.2353, 0.2000, 0.2222, 0.2105, 0.2708, 0.3571, 0.3333, 0.3871,
  ]

#### pfsp_num_tracked
  Points: 28
  Min: 1.0000, Max: 12.0000, Mean: 6.4286
  Data: [
    1.0000, 1.0000, 2.0000, 2.0000, 3.0000, 3.0000, 3.0000, 4.0000, 4.0000, 5.0000,
    5.0000, 5.0000, 6.0000, 6.0000, 7.0000, 7.0000, 7.0000, 8.0000, 8.0000, 9.0000,
    9.0000, 9.0000, 10.0000, 10.0000, 11.0000, 11.0000, 12.0000, 12.0000,
  ]

#### pfsp_std_winrate
  Points: 28
  Min: 0.0000, Max: 0.1882, Mean: 0.1131
  Data: [
    0.0000, 0.0000, 0.0600, 0.0140, 0.0535, 0.0249, 0.0669, 0.1335, 0.1167, 0.1605,
    0.1233, 0.1116, 0.0951, 0.0981, 0.1091, 0.0845, 0.1118, 0.1292, 0.1384, 0.1655,
    0.1798, 0.1850, 0.1852, 0.1882, 0.1699, 0.1526, 0.1560, 0.1536,
  ]

#### pool_size
  Points: 34
  Min: 0.0000, Max: 12.0000, Mean: 5.3529
  Data: [
    0.0000, 0.0000, 0.0000, 0.0000, 0.0000, 0.0000, 1.0000, 1.0000, 2.0000, 2.0000,
    3.0000, 3.0000, 3.0000, 4.0000, 4.0000, 5.0000, 5.0000, 6.0000, 6.0000, 6.0000,
    7.0000, 7.0000, 8.0000, 8.0000, 8.0000, 9.0000, 9.0000, 9.0000, 10.0000, 10.0000,
    11.0000, 11.0000, 12.0000, 12.0000,
  ]

#### selfplay_count
  Points: 28
  Min: 0.0000, Max: 2286.0000, Mean: 1169.1429
  Data: [
    0.0000, 111.0000, 191.0000, 286.0000, 365.0000, 444.0000, 529.0000, 613.0000, 698.0000, 790.0000,
    871.0000, 975.0000, 1051.0000, 1132.0000, 1224.0000, 1303.0000, 1393.0000, 1475.0000, 1558.0000, 1642.0000,
    1715.0000, 1794.0000, 1905.0000, 1973.0000, 2065.0000, 2136.0000, 2211.0000, 2286.0000,
  ]

#### selfplay_ratio_actual
  Points: 28
  Min: 0.0000, Max: 0.7030, Mean: 0.6630
  Data: [
    0.0000, 0.6894, 0.6346, 0.6636, 0.6506, 0.6617, 0.6773, 0.6880, 0.6904, 0.6924,
    0.6907, 0.6959, 0.7002, 0.7027, 0.7030, 0.7002, 0.6996, 0.6987, 0.6983, 0.6984,
    0.6941, 0.6924, 0.6925, 0.6920, 0.6904, 0.6888, 0.6886, 0.6883,
  ]

#### weak_ratio_target
  Points: 34
  Min: 0.3000, Max: 0.3000, Mean: 0.3000
  Data: [
    0.3000, 0.3000, 0.3000, 0.3000, 0.3000, 0.3000, 0.3000, 0.3000, 0.3000, 0.3000,
    0.3000, 0.3000, 0.3000, 0.3000, 0.3000, 0.3000, 0.3000, 0.3000, 0.3000, 0.3000,
    0.3000, 0.3000, 0.3000, 0.3000, 0.3000, 0.3000, 0.3000, 0.3000, 0.3000, 0.3000,
    0.3000, 0.3000, 0.3000, 0.3000,
  ]


### WORLD
#### continue_actual_mean
  Points: 34
  Min: 0.9869, Max: 0.9960, Mean: 0.9918
  Data: [
    0.9960, 0.9950, 0.9919, 0.9929, 0.9950, 0.9899, 0.9909, 0.9909, 0.9919, 0.9929,
    0.9919, 0.9909, 0.9940, 0.9919, 0.9940, 0.9929, 0.9960, 0.9899, 0.9929, 0.9899,
    0.9899, 0.9889, 0.9929, 0.9879, 0.9899, 0.9940, 0.9940, 0.9869, 0.9879, 0.9950,
    0.9919, 0.9919, 0.9899, 0.9889,
  ]

#### continue_loss
  Points: 34
  Min: 0.0005, Max: 0.0350, Mean: 0.0086
  Data: [
    0.0331, 0.0151, 0.0149, 0.0092, 0.0171, 0.0223, 0.0069, 0.0091, 0.0037, 0.0011,
    0.0056, 0.0137, 0.0022, 0.0047, 0.0017, 0.0047, 0.0013, 0.0168, 0.0028, 0.0056,
    0.0033, 0.0040, 0.0014, 0.0048, 0.0059, 0.0005, 0.0014, 0.0192, 0.0089, 0.0015,
    0.0350, 0.0031, 0.0015, 0.0085,
  ]

#### continue_pred_mean
  Points: 34
  Min: 0.9875, Max: 0.9977, Mean: 0.9920
  Data: [
    0.9977, 0.9962, 0.9932, 0.9893, 0.9946, 0.9901, 0.9915, 0.9900, 0.9915, 0.9926,
    0.9933, 0.9945, 0.9929, 0.9902, 0.9939, 0.9911, 0.9955, 0.9902, 0.9942, 0.9920,
    0.9905, 0.9897, 0.9928, 0.9880, 0.9922, 0.9938, 0.9933, 0.9891, 0.9894, 0.9942,
    0.9954, 0.9900, 0.9892, 0.9875,
  ]

#### kl_loss
  Points: 34
  Min: 0.4977, Max: 4.3558, Mean: 3.4470
  Data: [
    0.4977, 2.7819, 2.6645, 2.9709, 2.9084, 2.9332, 2.8367, 3.4820, 3.2643, 3.2129,
    3.1943, 3.9389, 3.2374, 3.7958, 3.3545, 3.2071, 3.8110, 4.0448, 3.6822, 3.6994,
    3.7598, 3.6574, 3.5853, 3.8827, 4.0840, 3.7297, 3.7682, 4.3558, 3.7353, 3.6372,
    4.1469, 3.6396, 3.7899, 3.9065,
  ]

#### latent_entropy
  Points: 34
  Min: 1.0824, Max: 2.6897, Mean: 1.3797
  Data: [
    2.6897, 1.0824, 1.1182, 1.1290, 1.1528, 1.1705, 1.1875, 1.2048, 1.2462, 1.2660,
    1.2947, 1.3077, 1.3421, 1.3373, 1.3841, 1.4095, 1.3672, 1.3632, 1.3977, 1.3920,
    1.3979, 1.3871, 1.4125, 1.4034, 1.4216, 1.4630, 1.4376, 1.4032, 1.4317, 1.4729,
    1.4491, 1.4643, 1.4618, 1.4625,
  ]

#### loss
  Points: 34
  Min: 20.3365, Max: 30.2571, Mean: 21.2497
  Data: [
    30.2571, 20.8690, 20.3365, 20.7345, 20.4158, 20.6312, 20.3745, 21.0970, 20.8237, 20.6666,
    20.5783, 21.4675, 20.5911, 21.3752, 20.6797, 20.5374, 21.1121, 21.6380, 21.0015, 21.1718,
    21.1869, 21.0540, 20.8667, 21.2175, 21.4056, 21.0076, 21.0153, 21.7389, 20.9433, 20.8436,
    21.3663, 20.9928, 21.1277, 21.3667,
  ]

#### prior_posterior_kl
  Points: 34
  Min: 0.0878, Max: 0.3096, Mean: 0.2573
  Data: [
    0.0878, 0.2173, 0.2104, 0.2289, 0.2260, 0.2268, 0.2210, 0.2592, 0.2465, 0.2435,
    0.2430, 0.2857, 0.2457, 0.2767, 0.2520, 0.2438, 0.2787, 0.2914, 0.2714, 0.2721,
    0.2758, 0.2697, 0.2657, 0.2827, 0.2942, 0.2742, 0.2762, 0.3096, 0.2745, 0.2688,
    0.2978, 0.2686, 0.2774, 0.2840,
  ]

#### recon_error_max
  Points: 34
  Min: 0.3895, Max: 2.3703, Mean: 0.8955
  Data: [
    2.3703, 0.9401, 0.5527, 0.6759, 0.6927, 1.0972, 0.5025, 0.9351, 0.4548, 1.1628,
    1.0918, 0.6405, 0.4923, 2.2337, 0.9938, 1.2824, 0.9804, 0.7862, 1.6118, 1.3922,
    0.6625, 0.4520, 0.5697, 0.8039, 0.5733, 0.6541, 0.6782, 0.8178, 0.4729, 0.3895,
    1.3264, 0.6709, 0.8751, 0.6130,
  ]

#### recon_error_mean
  Points: 34
  Min: 0.0314, Max: 0.9602, Mean: 0.0662
  Data: [
    0.9602, 0.0755, 0.0484, 0.0500, 0.0429, 0.0470, 0.0374, 0.0449, 0.0403, 0.0393,
    0.0386, 0.0436, 0.0350, 0.0413, 0.0370, 0.0347, 0.0370, 0.0376, 0.0367, 0.0376,
    0.0362, 0.0327, 0.0338, 0.0367, 0.0355, 0.0381, 0.0348, 0.0370, 0.0314, 0.0324,
    0.0378, 0.0332, 0.0358, 0.0316,
  ]

#### recon_error_std
  Points: 34
  Min: 0.0392, Max: 0.4991, Mean: 0.0722
  Data: [
    0.4991, 0.0992, 0.0673, 0.0662, 0.0608, 0.0760, 0.0524, 0.0691, 0.0485, 0.0743,
    0.0658, 0.0600, 0.0471, 0.0935, 0.0587, 0.0620, 0.0564, 0.0569, 0.0717, 0.0672,
    0.0557, 0.0407, 0.0484, 0.0608, 0.0471, 0.0505, 0.0458, 0.0602, 0.0414, 0.0392,
    0.0643, 0.0461, 0.0572, 0.0452,
  ]

#### recon_loss
  Points: 34
  Min: 16.8239, Max: 25.1823, Mean: 17.1370
  Data: [
    25.1823, 17.2205, 16.9767, 16.9906, 16.9270, 16.9642, 16.8776, 16.9448, 16.9038, 16.8946,
    16.8879, 16.9330, 16.8559, 16.9128, 16.8736, 16.8533, 16.8735, 16.8795, 16.8710, 16.8793,
    16.8666, 16.8348, 16.8454, 16.8710, 16.8602, 16.8836, 16.8542, 16.8738, 16.8239, 16.8328,
    16.8810, 16.8400, 16.8635, 16.8251,
  ]

#### reward_actual_mean
  Points: 34
  Min: -0.0870, Max: 0.0352, Mean: -0.0322
  Data: [
    -0.0826, -0.0693, -0.0850, -0.0797, -0.0693, -0.0755, -0.0870, -0.0596, -0.0559, -0.0570,
    -0.0488, -0.0389, -0.0206, -0.0442, -0.0091, -0.0242, -0.0338, -0.0126, -0.0079, -0.0036,
    -0.0377, -0.0055, -0.0045, -0.0135, -0.0291, 0.0039, -0.0211, -0.0156, 0.0352, -0.0234,
    -0.0078, 0.0050, -0.0110, -0.0039,
  ]

#### reward_loss
  Points: 34
  Min: 0.2225, Max: 2.1747, Mean: 0.4679
  Data: [
    2.1747, 0.6686, 0.5795, 0.6300, 0.4412, 0.6140, 0.5424, 0.4889, 0.4860, 0.4312,
    0.3844, 0.4539, 0.3727, 0.5331, 0.3178, 0.3719, 0.3220, 0.5881, 0.3089, 0.4748,
    0.4256, 0.3715, 0.3029, 0.3344, 0.3202, 0.2762, 0.3073, 0.3482, 0.2775, 0.2729,
    0.2225, 0.3988, 0.3216, 0.5439,
  ]

#### reward_pred_error_mean
  Points: 34
  Min: 0.0056, Max: 0.1549, Mean: 0.0218
  Data: [
    0.1549, 0.0354, 0.0238, 0.0262, 0.0195, 0.0298, 0.0186, 0.0302, 0.0232, 0.0284,
    0.0186, 0.0207, 0.0284, 0.0181, 0.0138, 0.0168, 0.0164, 0.0196, 0.0132, 0.0164,
    0.0149, 0.0183, 0.0111, 0.0149, 0.0105, 0.0092, 0.0099, 0.0148, 0.0090, 0.0107,
    0.0056, 0.0148, 0.0124, 0.0142,
  ]

#### reward_pred_error_std
  Points: 34
  Min: 0.0179, Max: 0.1548, Mean: 0.0856
  Data: [
    0.1510, 0.1374, 0.0915, 0.1022, 0.0715, 0.1220, 0.0683, 0.1548, 0.0973, 0.1258,
    0.0975, 0.1145, 0.1445, 0.0850, 0.0623, 0.0935, 0.0759, 0.1042, 0.0651, 0.0762,
    0.0861, 0.0953, 0.0629, 0.0738, 0.0564, 0.0451, 0.0524, 0.0753, 0.0351, 0.0552,
    0.0179, 0.0717, 0.0635, 0.0802,
  ]

#### reward_pred_mean
  Points: 34
  Min: -0.2063, Max: 0.0351, Mean: -0.0359
  Data: [
    -0.2063, -0.0795, -0.0846, -0.0820, -0.0665, -0.0840, -0.0893, -0.0666, -0.0596, -0.0734,
    -0.0397, -0.0362, -0.0173, -0.0446, -0.0114, -0.0192, -0.0381, -0.0157, -0.0076, -0.0020,
    -0.0348, 0.0031, -0.0039, -0.0169, -0.0287, 0.0061, -0.0181, -0.0131, 0.0351, -0.0181,
    -0.0082, 0.0092, -0.0093, -0.0003,
  ]


### BEHAVIOR
#### actor_loss
  Points: 34
  Min: -17.2536, Max: 0.0275, Mean: -0.5080
  Data: [
    -17.2536, -0.0446, -0.0282, -0.0131, 0.0190, -0.0030, -0.0083, -0.0189, -0.0072, -0.0197,
    -0.0070, 0.0061, -0.0069, 0.0117, -0.0005, 0.0117, -0.0046, 0.0037, 0.0032, 0.0231,
    -0.0035, 0.0173, 0.0032, -0.0010, 0.0019, 0.0110, -0.0054, -0.0129, -0.0062, 0.0016,
    0.0275, 0.0092, 0.0156, 0.0052,
  ]

#### actor_mean_abs
  Points: 34
  Min: 0.1170, Max: 0.3975, Mean: 0.3386
  Data: [
    0.1170, 0.2538, 0.2953, 0.3027, 0.2946, 0.3459, 0.3673, 0.3762, 0.3642, 0.3847,
    0.3334, 0.3697, 0.3384, 0.3975, 0.3193, 0.2929, 0.3388, 0.3127, 0.3275, 0.3769,
    0.3588, 0.3682, 0.3526, 0.3571, 0.3596, 0.3463, 0.3536, 0.3618, 0.3462, 0.3632,
    0.3438, 0.3750, 0.3416, 0.3751,
  ]

#### advantages_abs_mean
  Points: 34
  Min: 0.0558, Max: 6.4688, Mean: 0.2805
  Data: [
    6.4688, 0.0558, 0.0585, 0.0767, 0.0776, 0.0830, 0.0923, 0.0928, 0.0838, 0.0877,
    0.1172, 0.0974, 0.1160, 0.1139, 0.0839, 0.0660, 0.1175, 0.0845, 0.0779, 0.1199,
    0.1184, 0.1010, 0.0954, 0.1022, 0.1051, 0.0956, 0.0795, 0.1181, 0.0854, 0.0848,
    0.0921, 0.0917, 0.0899, 0.1049,
  ]

#### advantages_max
  Points: 34
  Min: -1.0610, Max: 2.3214, Mean: 1.3515
  Data: [
    -1.0610, 1.0065, 1.1246, 1.3381, 1.1646, 1.0499, 1.2055, 2.1285, 2.1555, 2.3214,
    1.8195, 1.1231, 1.6647, 2.1618, 0.8486, 0.8106, 1.1622, 0.8801, 0.8235, 1.3114,
    1.5978, 1.1225, 1.3622, 1.4778, 1.6246, 1.3953, 1.2758, 1.7446, 1.5528, 1.6482,
    1.2258, 1.5137, 1.6680, 1.7017,
  ]

#### advantages_mean
  Points: 34
  Min: -6.4688, Max: 0.0319, Mean: -0.1871
  Data: [
    -6.4688, -0.0290, -0.0234, -0.0061, 0.0078, -0.0175, -0.0178, 0.0183, 0.0131, 0.0075,
    0.0319, 0.0020, 0.0043, 0.0099, 0.0052, 0.0020, -0.0110, -0.0098, -0.0067, 0.0161,
    0.0052, 0.0136, 0.0023, 0.0229, 0.0096, 0.0075, 0.0036, 0.0116, 0.0081, 0.0051,
    0.0115, 0.0057, -0.0019, 0.0057,
  ]

#### advantages_min
  Points: 34
  Min: -10.8800, Max: -0.8260, Mean: -2.0336
  Data: [
    -10.8800, -1.0767, -1.0345, -0.8260, -0.9200, -0.9660, -1.5369, -1.7891, -1.4052, -2.2889,
    -1.0815, -1.1639, -2.1398, -1.6529, -1.2969, -1.1661, -1.3390, -1.4329, -1.7190, -1.7050,
    -2.2337, -1.8121, -2.3689, -1.5223, -2.1285, -2.5108, -2.3973, -2.2772, -1.3940, -2.2557,
    -2.4465, -2.6664, -2.7110, -2.9961,
  ]

#### advantages_std
  Points: 34
  Min: 0.1048, Max: 3.0336, Mean: 0.2563
  Data: [
    3.0336, 0.1124, 0.1048, 0.1336, 0.1356, 0.1389, 0.1604, 0.1799, 0.1575, 0.1823,
    0.2241, 0.1776, 0.2408, 0.2011, 0.1456, 0.1286, 0.2138, 0.1687, 0.1629, 0.2026,
    0.2150, 0.1711, 0.1750, 0.1759, 0.1788, 0.1818, 0.1486, 0.2042, 0.1345, 0.1772,
    0.1723, 0.1788, 0.1891, 0.2064,
  ]

#### critic_loss
  Points: 34
  Min: 0.8099, Max: 5.2504, Mean: 1.3866
  Data: [
    5.2504, 0.8099, 0.8600, 1.1012, 1.1628, 1.3524, 1.3519, 1.6460, 1.7982, 1.6311,
    1.8336, 1.6667, 1.7029, 1.7946, 1.4790, 1.4021, 1.6545, 1.3239, 1.2572, 1.3319,
    1.2111, 1.2240, 1.0993, 1.1373, 1.1170, 1.0027, 0.9645, 1.1535, 1.0123, 0.9411,
    1.0370, 0.9565, 0.9014, 0.9762,
  ]

#### entropy_max
  Points: 34
  Min: 4.4236, Max: 7.6193, Mean: 5.9888
  Data: [
    5.3853, 4.4236, 6.1686, 7.6193, 6.7567, 6.3192, 5.7781, 5.9701, 6.0698, 5.9690,
    6.0814, 6.0872, 5.6075, 5.8896, 6.1184, 6.1567, 6.1718, 6.5040, 6.1630, 6.1717,
    6.1542, 7.0291, 6.1751, 6.1696, 6.1653, 6.1208, 5.8600, 4.8599, 5.0669, 5.6163,
    5.6610, 5.2592, 6.0866, 5.9842,
  ]

#### entropy_mean
  Points: 34
  Min: 2.6169, Max: 5.2164, Mean: 3.2354
  Data: [
    5.2164, 3.7627, 3.6871, 4.1503, 3.8933, 3.1621, 3.0232, 2.8996, 3.1128, 2.6169,
    3.4283, 3.3238, 3.0003, 2.8856, 3.2676, 3.6573, 3.0752, 3.2925, 3.4496, 3.2041,
    2.8701, 2.8569, 3.0236, 3.0200, 3.2202, 3.0574, 2.9937, 2.8953, 2.9848, 2.9054,
    3.1853, 3.0285, 3.1014, 2.7507,
  ]

#### entropy_min
  Points: 34
  Min: 1.6758, Max: 4.8589, Mean: 1.8512
  Data: [
    4.8589, 3.0439, 2.9626, 1.7672, 1.7019, 1.6823, 1.6772, 1.6767, 1.6762, 1.6758,
    1.6758, 1.6758, 1.6758, 1.6758, 1.6758, 1.6758, 1.6758, 1.6758, 1.6758, 1.6758,
    1.6758, 1.6758, 1.6758, 1.6758, 1.6758, 1.6758, 1.6758, 1.6758, 1.6758, 1.6758,
    1.6758, 1.6758, 1.6758, 1.6758,
  ]

#### entropy_std
  Points: 34
  Min: 0.0487, Max: 1.4404, Mean: 0.9913
  Data: [
    0.0487, 0.1968, 0.6705, 1.4404, 1.1825, 0.4884, 0.5972, 0.6654, 0.9901, 0.8569,
    1.2130, 1.1501, 0.7521, 1.0506, 1.1521, 1.3047, 1.2254, 1.1676, 1.3097, 1.2384,
    0.9218, 0.9895, 1.3780, 1.1304, 1.2071, 1.0636, 1.0913, 0.9920, 0.9634, 1.0160,
    1.0286, 1.0655, 1.0278, 1.1302,
  ]

#### logprobs_mean
  Points: 34
  Min: -2.6677, Max: -0.4844, Mean: -0.7775
  Data: [
    -2.6677, -1.5153, -0.9858, -1.0489, -0.9723, -0.6641, -0.6082, -0.5138, -0.6833, -0.5315,
    -0.7932, -0.6721, -0.6751, -0.4844, -0.8116, -0.9476, -0.7035, -0.8375, -0.8053, -0.5939,
    -0.6171, -0.5997, -0.6978, -0.6415, -0.6821, -0.6619, -0.6350, -0.5621, -0.6798, -0.6074,
    -0.7021, -0.5731, -0.6771, -0.5851,
  ]

#### logprobs_std
  Points: 34
  Min: 0.4876, Max: 1.7179, Mean: 1.5520
  Data: [
    0.4876, 1.2305, 1.4956, 1.5906, 1.5864, 1.5640, 1.5998, 1.6845, 1.5895, 1.5796,
    1.6445, 1.7179, 1.5316, 1.6635, 1.5634, 1.5623, 1.5881, 1.5480, 1.5872, 1.7030,
    1.5790, 1.5553, 1.5612, 1.5958, 1.6243, 1.5629, 1.5754, 1.6321, 1.5665, 1.6351,
    1.5902, 1.6156, 1.5710, 1.5846,
  ]

#### mean_reg_loss
  Points: 34
  Min: 0.0002, Max: 0.0029, Mean: 0.0022
  Data: [
    0.0002, 0.0010, 0.0017, 0.0017, 0.0017, 0.0022, 0.0024, 0.0027, 0.0025, 0.0026,
    0.0022, 0.0026, 0.0021, 0.0029, 0.0019, 0.0017, 0.0021, 0.0018, 0.0020, 0.0026,
    0.0023, 0.0024, 0.0022, 0.0024, 0.0024, 0.0022, 0.0023, 0.0025, 0.0021, 0.0024,
    0.0022, 0.0025, 0.0022, 0.0026,
  ]


### VALUES
#### critic_slow_diff
  Points: 34
  Min: 0.0066, Max: 1.9147, Mean: 0.2207
  Data: [
    0.0066, 1.9147, 0.1614, 0.1519, 0.1530, 0.3975, 0.1995, 0.0980, 0.2900, 0.0851,
    0.5335, 0.1002, 0.4031, 0.1939, 0.2068, 0.1008, 0.1742, 0.1651, 0.2008, 0.1685,
    0.1426, 0.2613, 0.0926, 0.0840, 0.1084, 0.1052, 0.0799, 0.1524, 0.1674, 0.1119,
    0.1218, 0.1098, 0.0961, 0.1650,
  ]

#### lambda_returns_max
  Points: 34
  Min: -0.2202, Max: 11.6241, Mean: 7.1055
  Data: [
    -0.2202, 3.5167, 4.0833, 4.8715, 5.1698, 4.3740, 6.7917, 9.6133, 11.6241, 10.5356,
    7.0106, 6.9693, 6.2786, 10.2944, 6.8131, 5.4622, 8.8235, 7.6401, 7.2624, 8.0457,
    8.2662, 8.0620, 7.8689, 7.1037, 8.1234, 6.7115, 7.0827, 7.5250, 7.1970, 7.5160,
    7.5795, 8.5677, 7.4993, 7.5232,
  ]

#### lambda_returns_mean
  Points: 34
  Min: -15.9357, Max: 3.5803, Mean: 0.3761
  Data: [
    -1.3078, -15.9357, -7.1081, -5.9759, -5.3697, -2.8886, -2.1929, -0.7270, -0.0040, -0.0025,
    -0.0899, 0.5013, 0.0013, 0.8169, 1.1735, 0.7221, 1.2196, 1.5754, 1.7193, 2.7380,
    2.6561, 2.8735, 3.0492, 2.8763, 3.1685, 3.2932, 3.2613, 3.3353, 3.2092, 3.0119,
    2.9696, 3.4328, 3.2061, 3.5803,
  ]

#### lambda_returns_min
  Points: 34
  Min: -23.4238, Max: -2.1951, Mean: -7.7062
  Data: [
    -2.1951, -23.4238, -11.7865, -10.9083, -10.3490, -8.4845, -7.4670, -10.0822, -9.3296, -10.7771,
    -7.2726, -6.4978, -12.4215, -8.1197, -5.1947, -5.8224, -7.0738, -6.5480, -6.6090, -6.2213,
    -6.5360, -5.6822, -5.2884, -6.0166, -6.7623, -7.8172, -5.6769, -6.8349, -3.7190, -5.6532,
    -6.3370, -6.2242, -5.9216, -6.9587,
  ]

#### lambda_returns_std
  Points: 34
  Min: 0.6101, Max: 7.2026, Mean: 1.6082
  Data: [
    0.6101, 7.2026, 1.7503, 2.0525, 2.1720, 1.5606, 1.6046, 1.5079, 1.3385, 1.4490,
    1.4574, 1.6916, 1.6693, 1.6904, 1.3431, 1.2773, 1.8779, 1.5498, 1.2474, 1.8049,
    1.7778, 1.3076, 1.2938, 1.5109, 1.2682, 1.1403, 1.0401, 1.4266, 0.8165, 1.2903,
    1.2217, 1.1873, 1.1580, 1.3821,
  ]

#### max
  Points: 34
  Min: -0.0669, Max: 6.5219, Mean: 4.8578
  Data: [
    -0.0031, -0.0669, 1.1989, 2.1240, 2.9361, 3.2648, 4.0489, 4.4189, 4.5242, 4.3575,
    5.1483, 5.4800, 5.1368, 5.3357, 5.0381, 5.7886, 5.6328, 5.6849, 5.4806, 6.0750,
    5.5828, 6.0859, 6.5219, 5.7446, 6.1871, 6.1052, 5.8449, 6.3115, 6.3103, 5.4508,
    5.9006, 5.6901, 5.3736, 6.4517,
  ]

#### mean
  Points: 34
  Min: -15.5860, Max: 3.5718, Mean: 0.4234
  Data: [
    -0.0068, -15.5860, -6.9507, -5.9347, -5.4141, -2.7874, -2.0932, -0.7870, -0.0545, -0.0086,
    -0.1920, 0.5076, 0.0024, 0.7935, 1.1615, 0.7253, 1.2876, 1.6323, 1.7505, 2.6819,
    2.6568, 2.8264, 3.0445, 2.8063, 3.1451, 3.2787, 3.2551, 3.3061, 3.1861, 3.0088,
    2.9383, 3.4250, 3.2190, 3.5718,
  ]

#### min
  Points: 34
  Min: -22.1875, Max: -0.0071, Mean: -5.9725
  Data: [
    -0.0071, -22.1875, -10.2653, -10.0394, -9.7833, -7.0278, -6.3771, -5.3140, -5.7112, -5.5168,
    -5.4960, -5.5675, -6.0776, -5.5282, -4.6811, -5.2706, -5.1886, -5.0014, -5.4247, -5.5387,
    -4.7512, -5.0781, -4.7293, -4.6358, -5.1359, -5.2876, -4.4283, -5.3005, -3.2336, -4.7668,
    -4.9305, -4.3583, -5.0118, -5.4142,
  ]

#### norm_high
  Points: 34
  Min: -5.0411, Max: 5.1145, Mean: 2.9193
  Data: [
    -0.0225, -5.0411, -2.3768, -2.3953, -1.4576, -0.5403, 0.0710, 1.4082, 2.1181, 2.0706,
    2.4102, 3.2291, 2.6423, 3.1809, 3.2908, 3.8066, 4.2621, 4.4797, 4.3497, 5.0304,
    4.8363, 5.0427, 4.8144, 4.9353, 4.8926, 4.9864, 4.9133, 4.9799, 4.8275, 4.7672,
    4.9007, 4.8753, 4.8555, 5.1145,
  ]

#### norm_low
  Points: 34
  Min: -17.4251, Max: 2.0857, Mean: -1.3814
  Data: [
    -0.2236, -17.4251, -8.9240, -8.9127, -8.1407, -5.7865, -4.4427, -2.9007, -2.5968, -2.0451,
    -1.3487, -1.2641, -1.2157, -1.0914, -0.8733, -0.8217, -0.3561, -0.1312, 0.1843, 0.7602,
    1.1898, 1.0106, 1.2182, 1.0543, 1.3874, 1.6134, 1.4478, 1.4234, 1.4370, 1.5309,
    1.5667, 1.6873, 1.9371, 2.0857,
  ]

#### norm_scale
  Points: 34
  Min: 0.2011, Max: 12.3839, Mean: 4.3007
  Data: [
    0.2011, 12.3839, 6.5472, 6.5173, 6.6831, 5.2462, 4.5137, 4.3089, 4.7149, 4.1157,
    3.7589, 4.4933, 3.8580, 4.2723, 4.1641, 4.6283, 4.6182, 4.6108, 4.1654, 4.2701,
    3.6465, 4.0321, 3.5961, 3.8810, 3.5052, 3.3730, 3.4655, 3.5565, 3.3906, 3.2364,
    3.3340, 3.1881, 2.9184, 3.0288,
  ]

#### std
  Points: 34
  Min: 0.0003, Max: 7.1713, Mean: 1.3684
  Data: [
    0.0003, 7.1713, 1.6420, 1.9580, 2.0072, 1.4035, 1.3173, 1.1350, 1.0794, 1.0936,
    1.1034, 1.4151, 1.1928, 1.3677, 1.0988, 1.1137, 1.4041, 1.2035, 0.9700, 1.5467,
    1.5418, 1.0739, 1.1240, 1.3333, 1.1306, 0.8977, 0.8857, 1.1616, 0.7403, 1.1814,
    1.0625, 0.9670, 0.9519, 1.2496,
  ]


### IMAGINATION
#### continue_mean
  Points: 34
  Min: 0.9899, Max: 0.9995, Mean: 0.9934
  Data: [
    0.9995, 0.9975, 0.9947, 0.9916, 0.9918, 0.9914, 0.9899, 0.9928, 0.9936, 0.9936,
    0.9924, 0.9935, 0.9935, 0.9929, 0.9941, 0.9945, 0.9938, 0.9937, 0.9944, 0.9908,
    0.9937, 0.9916, 0.9922, 0.9907, 0.9942, 0.9950, 0.9948, 0.9926, 0.9951, 0.9946,
    0.9956, 0.9910, 0.9927, 0.9930,
  ]

#### continue_min
  Points: 34
  Min: 0.0000, Max: 0.9948, Mean: 0.0380
  Data: [
    0.9948, 0.2612, 0.0038, 0.0053, 0.0011, 0.0037, 0.0005, 0.0011, 0.0001, 0.0006,
    0.0001, 0.0008, 0.0017, 0.0023, 0.0002, 0.0071, 0.0009, 0.0004, 0.0010, 0.0001,
    0.0003, 0.0004, 0.0001, 0.0005, 0.0004, 0.0004, 0.0005, 0.0016, 0.0000, 0.0000,
    0.0001, 0.0001, 0.0000, 0.0004,
  ]

#### reward_abs_mean
  Points: 34
  Min: 0.0348, Max: 0.2137, Mean: 0.0667
  Data: [
    0.2137, 0.0836, 0.0853, 0.0789, 0.0811, 0.0790, 0.0966, 0.0798, 0.0604, 0.0779,
    0.0611, 0.0655, 0.0762, 0.0686, 0.0458, 0.0433, 0.0685, 0.0515, 0.0502, 0.0694,
    0.0602, 0.0686, 0.0480, 0.0667, 0.0491, 0.0429, 0.0386, 0.0547, 0.0384, 0.0463,
    0.0348, 0.0665, 0.0542, 0.0609,
  ]

#### reward_max
  Points: 34
  Min: -0.1656, Max: 2.5002, Mean: 2.3862
  Data: [
    -0.1656, 1.8417, 2.2453, 2.3981, 2.4605, 2.4789, 2.4836, 2.4855, 2.4792, 2.4929,
    2.4967, 2.4821, 2.4948, 2.4947, 2.4973, 2.4969, 2.4942, 2.4975, 2.4981, 2.4898,
    2.4988, 2.4990, 2.4997, 2.4998, 2.4998, 2.4999, 2.4993, 2.4938, 2.4997, 2.4997,
    2.4994, 2.4999, 2.5000, 2.5002,
  ]

#### reward_mean
  Points: 34
  Min: -0.2137, Max: 0.0153, Mean: -0.0254
  Data: [
    -0.2137, -0.0738, -0.0743, -0.0656, -0.0496, -0.0626, -0.0670, -0.0321, -0.0216, -0.0505,
    -0.0194, -0.0268, -0.0291, -0.0310, -0.0091, -0.0209, -0.0335, -0.0169, -0.0013, 0.0098,
    -0.0205, 0.0153, 0.0113, -0.0009, -0.0060, -0.0009, 0.0008, -0.0008, 0.0122, -0.0103,
    0.0021, 0.0129, 0.0027, 0.0088,
  ]

#### reward_min
  Points: 34
  Min: -2.6421, Max: -0.2144, Mean: -2.5160
  Data: [
    -0.2144, -2.3945, -2.5527, -2.5916, -2.6029, -2.6138, -2.6191, -2.5930, -2.6309, -2.5993,
    -2.5982, -2.6041, -2.5159, -2.6421, -2.5904, -2.5955, -2.6141, -2.6048, -2.5706, -2.6165,
    -2.5813, -2.5667, -2.5721, -2.5911, -2.5986, -2.6269, -2.5681, -2.5971, -2.5440, -2.5984,
    -2.6043, -2.5969, -2.5722, -2.5610,
  ]

#### reward_nonzero_frac
  Points: 34
  Min: 0.0447, Max: 1.0000, Mean: 0.1348
  Data: [
    1.0000, 0.3145, 0.2457, 0.1183, 0.2020, 0.2128, 0.1581, 0.1745, 0.0826, 0.1200,
    0.0770, 0.0911, 0.1516, 0.1038, 0.0773, 0.0804, 0.1198, 0.0516, 0.0871, 0.0951,
    0.1010, 0.1023, 0.0500, 0.0973, 0.0748, 0.0526, 0.0459, 0.0709, 0.0447, 0.0728,
    0.0599, 0.0943, 0.0622, 0.0910,
  ]

#### reward_significant_frac
  Points: 34
  Min: 0.0000, Max: 0.0256, Mean: 0.0169
  Data: [
    0.0000, 0.0076, 0.0113, 0.0183, 0.0130, 0.0136, 0.0253, 0.0203, 0.0172, 0.0210,
    0.0192, 0.0223, 0.0216, 0.0207, 0.0129, 0.0120, 0.0219, 0.0171, 0.0154, 0.0256,
    0.0191, 0.0240, 0.0175, 0.0220, 0.0148, 0.0138, 0.0121, 0.0194, 0.0119, 0.0140,
    0.0095, 0.0213, 0.0176, 0.0206,
  ]

#### reward_std
  Points: 34
  Min: 0.0021, Max: 0.3070, Mean: 0.2386
  Data: [
    0.0021, 0.1546, 0.1933, 0.2561, 0.2151, 0.2149, 0.3070, 0.2721, 0.2552, 0.2736,
    0.2699, 0.2745, 0.2753, 0.2704, 0.2169, 0.2080, 0.2675, 0.2493, 0.2318, 0.2881,
    0.2570, 0.2941, 0.2444, 0.2760, 0.2332, 0.2249, 0.2050, 0.2551, 0.2070, 0.2306,
    0.1820, 0.2845, 0.2549, 0.2691,
  ]


### ACTIONS
#### abs_mean
  Points: 34
  Min: 0.4438, Max: 0.5233, Mean: 0.4747
  Data: [
    0.5233, 0.4491, 0.4780, 0.4906, 0.4935, 0.4605, 0.4606, 0.4785, 0.4870, 0.4465,
    0.4803, 0.4916, 0.4502, 0.4700, 0.4927, 0.4720, 0.4438, 0.4714, 0.4848, 0.5108,
    0.4510, 0.4646, 0.4906, 0.4579, 0.4780, 0.4804, 0.4569, 0.4814, 0.4732, 0.4627,
    0.4990, 0.4822, 0.4770, 0.4495,
  ]

#### dim0_mean
  Points: 34
  Min: -0.0364, Max: 0.2937, Mean: 0.1238
  Data: [
    -0.0364, 0.2931, 0.1273, 0.1886, 0.1577, 0.0989, 0.1676, 0.1598, 0.2937, 0.1921,
    0.1480, 0.0595, 0.0550, 0.1786, 0.1479, 0.0693, 0.0752, 0.1084, 0.0800, 0.0881,
    0.0734, 0.1237, 0.1298, 0.1239, 0.1048, 0.0579, 0.0991, 0.1271, 0.0877, 0.1555,
    0.1089, 0.1146, 0.1258, 0.1258,
  ]

#### dim1_mean
  Points: 34
  Min: -0.0792, Max: 0.1155, Mean: 0.0357
  Data: [
    -0.0290, 0.0100, 0.0434, -0.0243, 0.0386, -0.0792, 0.1155, 0.0892, 0.0826, 0.0531,
    0.0407, 0.0955, 0.0821, -0.0111, 0.0067, -0.0057, 0.0334, 0.0420, 0.0439, 0.1116,
    0.0386, 0.0687, 0.0423, 0.0370, -0.0389, 0.0537, 0.1130, 0.0344, 0.0505, 0.0745,
    -0.0183, -0.0059, 0.0039, 0.0212,
  ]

#### dim2_mean
  Points: 34
  Min: -0.1521, Max: 0.1521, Mean: 0.0427
  Data: [
    -0.1521, 0.1125, -0.0068, 0.0974, 0.1049, 0.0568, 0.1334, 0.1222, 0.0402, 0.0928,
    0.0507, -0.0515, -0.0044, -0.0180, 0.0477, -0.0356, 0.0385, -0.0378, -0.0379, 0.0967,
    0.0678, 0.0272, 0.1521, 0.1098, 0.0135, 0.0259, 0.0275, 0.1005, 0.0469, 0.0433,
    0.0740, 0.0776, 0.0744, -0.0400,
  ]

#### dim3_mean
  Points: 34
  Min: -0.1234, Max: 0.2543, Mean: 0.0005
  Data: [
    -0.1005, 0.0296, -0.0086, 0.0507, 0.0286, 0.0742, 0.0726, 0.2543, 0.0670, 0.0716,
    0.0173, 0.0819, -0.0374, 0.0304, -0.0090, -0.0159, 0.0037, -0.0057, -0.1234, -0.0115,
    -0.0346, 0.0035, -0.0630, -0.0404, -0.0066, -0.0465, -0.0303, -0.0562, 0.0254, -0.0236,
    -0.0976, -0.0061, -0.0079, -0.0672,
  ]

#### max
  Points: 34
  Min: 0.9938, Max: 1.0000, Mean: 0.9997
  Data: [
    0.9938, 1.0000, 0.9999, 1.0000, 0.9999, 1.0000, 0.9998, 1.0000, 1.0000, 0.9998,
    0.9999, 0.9999, 1.0000, 1.0000, 0.9997, 1.0000, 0.9999, 0.9999, 0.9999, 1.0000,
    1.0000, 0.9999, 1.0000, 0.9996, 1.0000, 0.9998, 1.0000, 0.9999, 1.0000, 0.9999,
    0.9999, 1.0000, 0.9999, 0.9994,
  ]

#### mean
  Points: 34
  Min: -0.0795, Max: 0.1564, Mean: 0.0507
  Data: [
    -0.0795, 0.1113, 0.0388, 0.0781, 0.0825, 0.0377, 0.1223, 0.1564, 0.1209, 0.1024,
    0.0641, 0.0463, 0.0238, 0.0450, 0.0483, 0.0030, 0.0377, 0.0268, -0.0094, 0.0712,
    0.0363, 0.0558, 0.0653, 0.0576, 0.0182, 0.0227, 0.0523, 0.0514, 0.0526, 0.0624,
    0.0168, 0.0450, 0.0491, 0.0099,
  ]

#### min
  Points: 34
  Min: -1.0000, Max: -0.9956, Mean: -0.9998
  Data: [
    -0.9956, -0.9999, -0.9999, -0.9999, -0.9999, -1.0000, -0.9999, -1.0000, -1.0000, -0.9994,
    -1.0000, -1.0000, -0.9997, -1.0000, -1.0000, -1.0000, -0.9997, -0.9999, -1.0000, -0.9999,
    -0.9999, -1.0000, -0.9999, -1.0000, -0.9999, -1.0000, -0.9999, -1.0000, -0.9998, -0.9999,
    -0.9999, -0.9996, -0.9998, -1.0000,
  ]

#### std
  Points: 34
  Min: 0.5130, Max: 0.5912, Mean: 0.5518
  Data: [
    0.5912, 0.5173, 0.5623, 0.5719, 0.5738, 0.5424, 0.5291, 0.5352, 0.5524, 0.5130,
    0.5582, 0.5702, 0.5333, 0.5478, 0.5731, 0.5564, 0.5253, 0.5540, 0.5664, 0.5866,
    0.5320, 0.5411, 0.5649, 0.5343, 0.5612, 0.5589, 0.5347, 0.5592, 0.5514, 0.5403,
    0.5798, 0.5593, 0.5552, 0.5291,
  ]


### GRADIENTS
#### actor_norm
  Points: 34
  Min: 0.0220, Max: 1.1085, Mean: 0.1198
  Data: [
    1.1085, 0.0220, 0.0280, 0.0348, 0.0502, 0.0586, 0.0688, 0.0528, 0.0722, 0.1033,
    0.0990, 0.1133, 0.1025, 0.1163, 0.0875, 0.0676, 0.1097, 0.1171, 0.1292, 0.0908,
    0.1205, 0.0766, 0.0950, 0.1048, 0.0761, 0.1304, 0.0916, 0.1221, 0.0929, 0.0864,
    0.0895, 0.1050, 0.1056, 0.1447,
  ]

#### critic_norm
  Points: 34
  Min: 0.3475, Max: 3.6626, Mean: 0.6316
  Data: [
    3.6626, 0.7696, 0.6450, 0.4338, 0.7014, 0.5003, 0.6401, 0.6171, 0.8130, 0.4320,
    0.7853, 0.4523, 0.7130, 0.6098, 0.4190, 0.4959, 0.7964, 0.4414, 0.6753, 0.5200,
    0.4146, 0.5077, 0.4141, 0.4193, 0.4569, 0.4131, 0.3918, 0.5776, 0.5595, 0.3541,
    0.5153, 0.3475, 0.4877, 0.4916,
  ]

#### world_model_norm
  Points: 34
  Min: 4.3195, Max: 41.3960, Mean: 12.8457
  Data: [
    7.5589, 5.5726, 5.2291, 17.0936, 4.3195, 24.3820, 13.2831, 6.2149, 11.3823, 5.7258,
    6.3326, 10.5255, 10.0696, 19.9515, 11.9002, 16.0438, 8.7024, 9.3895, 21.4814, 29.4953,
    12.7428, 9.6941, 13.6799, 10.4304, 7.5548, 9.8377, 10.3456, 13.3128, 13.9538, 6.6941,
    7.5720, 26.8542, 8.0312, 41.3960,
  ]


### SPARSE_SIGNAL
#### advantage_nonzero_frac
  Points: 34
  Min: 0.7116, Max: 1.0000, Mean: 0.8435
  Data: [
    1.0000, 0.8090, 0.8268, 0.8345, 0.8367, 0.8322, 0.8522, 0.8466, 0.7679, 0.8151,
    0.8284, 0.7870, 0.7963, 0.8583, 0.8421, 0.7116, 0.8348, 0.8173, 0.7846, 0.8743,
    0.8782, 0.8690, 0.8495, 0.8571, 0.8842, 0.8784, 0.8419, 0.8922, 0.8738, 0.8425,
    0.8505, 0.8679, 0.8589, 0.8806,
  ]

#### advantage_significant_frac
  Points: 34
  Min: 0.1158, Max: 1.0000, Mean: 0.2835
  Data: [
    1.0000, 0.1158, 0.1269, 0.2319, 0.2164, 0.2516, 0.2794, 0.2484, 0.2539, 0.2184,
    0.3011, 0.2761, 0.2647, 0.3295, 0.2545, 0.1777, 0.3119, 0.2170, 0.2001, 0.3606,
    0.3242, 0.3164, 0.3024, 0.3095, 0.3314, 0.2813, 0.2251, 0.3636, 0.2832, 0.2180,
    0.2645, 0.2639, 0.2368, 0.2836,
  ]

#### event_rate_in_batch
  Points: 34
  Min: 0.0010, Max: 0.0202, Mean: 0.0121
  Data: [
    0.0060, 0.0060, 0.0101, 0.0121, 0.0010, 0.0091, 0.0161, 0.0161, 0.0141, 0.0121,
    0.0101, 0.0101, 0.0101, 0.0131, 0.0101, 0.0131, 0.0071, 0.0141, 0.0121, 0.0161,
    0.0151, 0.0202, 0.0121, 0.0181, 0.0101, 0.0121, 0.0101, 0.0141, 0.0202, 0.0081,
    0.0040, 0.0161, 0.0161, 0.0151,
  ]

#### lambda_return_abs_mean
  Points: 34
  Min: 0.8647, Max: 15.9396, Mean: 3.0838
  Data: [
    1.3078, 15.9396, 7.1225, 6.0012, 5.4629, 2.9661, 2.3766, 1.2740, 0.8647, 0.9069,
    0.8700, 1.0879, 0.9286, 1.2816, 1.3675, 1.0097, 1.7554, 1.9223, 1.8729, 3.0005,
    2.9742, 2.9836, 3.1111, 3.0295, 3.2586, 3.3907, 3.3150, 3.4793, 3.2136, 3.1490,
    3.0279, 3.5455, 3.3176, 3.7366,
  ]

#### lambda_return_nonzero_frac
  Points: 34
  Min: 0.8364, Max: 1.0000, Mean: 0.9716
  Data: [
    1.0000, 0.9999, 0.9996, 0.9998, 0.9988, 0.9880, 0.9862, 0.9627, 0.9150, 0.8854,
    0.8460, 0.8638, 0.8364, 0.8824, 0.9746, 0.9365, 0.9847, 0.9961, 0.9945, 0.9978,
    0.9977, 0.9990, 0.9981, 0.9988, 0.9994, 0.9996, 0.9991, 0.9987, 0.9994, 0.9994,
    0.9999, 0.9988, 0.9993, 0.9990,
  ]

#### lambda_return_significant_frac
  Points: 34
  Min: 0.2342, Max: 0.9995, Mean: 0.7795
  Data: [
    0.6429, 0.9995, 0.9979, 0.9938, 0.9821, 0.8709, 0.9041, 0.5172, 0.3041, 0.2658,
    0.2356, 0.3347, 0.2342, 0.4284, 0.5081, 0.3541, 0.6599, 0.8444, 0.8440, 0.9674,
    0.9611, 0.9873, 0.9735, 0.9325, 0.9868, 0.9915, 0.9862, 0.9829, 0.9945, 0.9411,
    0.9076, 0.9922, 0.9865, 0.9900,
  ]

#### nonsparse_pred_error
  Points: 34
  Min: 0.0055, Max: 0.1451, Mean: 0.0203
  Data: [
    0.1451, 0.0331, 0.0220, 0.0243, 0.0193, 0.0278, 0.0165, 0.0280, 0.0217, 0.0285,
    0.0186, 0.0193, 0.0280, 0.0153, 0.0132, 0.0149, 0.0161, 0.0171, 0.0119, 0.0124,
    0.0133, 0.0161, 0.0106, 0.0138, 0.0105, 0.0089, 0.0095, 0.0144, 0.0081, 0.0106,
    0.0055, 0.0131, 0.0117, 0.0108,
  ]

#### num_sparse_events
  Points: 34
  Min: 1.0000, Max: 20.0000, Mean: 11.9706
  Data: [
    6.0000, 6.0000, 10.0000, 12.0000, 1.0000, 9.0000, 16.0000, 16.0000, 14.0000, 12.0000,
    10.0000, 10.0000, 10.0000, 13.0000, 10.0000, 13.0000, 7.0000, 14.0000, 12.0000, 16.0000,
    15.0000, 20.0000, 12.0000, 18.0000, 10.0000, 12.0000, 10.0000, 14.0000, 20.0000, 8.0000,
    4.0000, 16.0000, 16.0000, 15.0000,
  ]

#### reward_max
  Points: 34
  Min: 0.0000, Max: 2.5000, Mean: 2.2794
  Data: [
    0.0000, 2.5000, 2.5000, 0.0000, 0.0000, 2.5000, 2.5000, 2.5000, 2.5000, 2.5000,
    2.5000, 2.5000, 2.5000, 2.5000, 2.5000, 2.5000, 2.5000, 2.5000, 2.5000, 2.5000,
    2.5000, 2.5000, 2.5000, 2.5000, 2.5000, 2.5000, 2.5000, 2.5000, 2.5000, 2.5000,
    2.5000, 2.5000, 2.5000, 2.5000,
  ]

#### reward_min
  Points: 34
  Min: -2.6397, Max: -0.1885, Mean: -2.4476
  Data: [
    -2.6397, -2.6050, -2.6007, -2.6036, -2.5770, -2.6043, -2.6363, -2.5762, -2.6184, -2.6028,
    -2.6140, -2.6109, -2.5960, -2.5970, -2.5730, -2.5908, -2.6007, -2.5935, -2.5395, -2.5901,
    -2.5779, -2.5682, -2.5786, -2.5604, -2.6124, -2.5530, -2.6086, -2.6029, -0.1885, -2.5413,
    -0.1894, -2.5372, -2.5615, -2.5676,
  ]

#### reward_range
  Points: 34
  Min: 2.5770, Max: 5.1363, Mean: 4.7270
  Data: [
    2.6397, 5.1050, 5.1007, 2.6036, 2.5770, 5.1043, 5.1363, 5.0762, 5.1184, 5.1028,
    5.1140, 5.1109, 5.0960, 5.0970, 5.0730, 5.0908, 5.1007, 5.0935, 5.0395, 5.0901,
    5.0779, 5.0682, 5.0786, 5.0604, 5.1124, 5.0530, 5.1086, 5.1029, 2.6885, 5.0413,
    2.6894, 5.0372, 5.0615, 5.0676,
  ]

#### reward_variance
  Points: 34
  Min: 0.0111, Max: 0.0879, Mean: 0.0550
  Data: [
    0.0311, 0.0298, 0.0475, 0.0562, 0.0111, 0.0456, 0.0752, 0.0737, 0.0640, 0.0571,
    0.0481, 0.0465, 0.0467, 0.0623, 0.0453, 0.0618, 0.0351, 0.0626, 0.0531, 0.0707,
    0.0698, 0.0879, 0.0530, 0.0792, 0.0465, 0.0526, 0.0444, 0.0626, 0.0834, 0.0405,
    0.0183, 0.0700, 0.0706, 0.0676,
  ]

#### sparse_actual_mean
  Points: 34
  Min: -2.5770, Max: 1.8750, Mean: -0.1651
  Data: [
    -1.9734, -0.7006, -1.1995, -1.9824, -2.5770, -1.1944, -1.5114, -0.0358, -1.4240, -0.6971,
    -1.2142, -1.1967, 1.1020, -0.8325, 1.1077, -0.2358, -0.9489, 0.2262, 0.6121, 0.9180,
    -0.6298, 0.7325, 0.5991, 0.1821, -0.4274, 1.2387, -0.4193, 0.2340, 1.8750, 0.1340,
    1.8750, 1.4010, 0.4482, 0.9004,
  ]

#### sparse_pred_error
  Points: 34
  Min: 0.0180, Max: 1.7600, Mean: 0.1724
  Data: [
    1.7600, 0.4169, 0.2035, 0.1836, 0.2122, 0.2460, 0.1447, 0.1608, 0.1309, 0.0239,
    0.0253, 0.1620, 0.0651, 0.2277, 0.0759, 0.1555, 0.0547, 0.1975, 0.1190, 0.2595,
    0.1188, 0.1227, 0.0589, 0.0766, 0.0198, 0.0311, 0.0462, 0.0465, 0.0533, 0.0342,
    0.0180, 0.1180, 0.0595, 0.2340,
  ]

#### sparse_pred_mean
  Points: 34
  Min: -2.3648, Max: 1.8860, Mean: -0.1030
  Data: [
    -0.2134, -0.5513, -1.1609, -2.0762, -2.3648, -1.2288, -1.6087, -0.0600, -1.3186, -0.7122,
    -1.2273, -1.2323, 1.1299, -0.6430, 1.1006, -0.2010, -0.9800, 0.2150, 0.5277, 0.7478,
    -0.5768, 0.7436, 0.5459, 0.1244, -0.4283, 1.2338, -0.4434, 0.2518, 1.8503, 0.1231,
    1.8860, 1.5109, 0.4773, 1.0555,
  ]

#### sparse_sign_accuracy
  Points: 34
  Min: 1.0000, Max: 1.0000, Mean: 1.0000
  Data: [
    1.0000, 1.0000, 1.0000, 1.0000, 1.0000, 1.0000, 1.0000, 1.0000, 1.0000, 1.0000,
    1.0000, 1.0000, 1.0000, 1.0000, 1.0000, 1.0000, 1.0000, 1.0000, 1.0000, 1.0000,
    1.0000, 1.0000, 1.0000, 1.0000, 1.0000, 1.0000, 1.0000, 1.0000, 1.0000, 1.0000,
    1.0000, 1.0000, 1.0000, 1.0000,
  ]

#### sparse_vs_nonsparse_error_ratio
  Points: 34
  Min: 0.8404, Max: 21.5794, Mean: 7.6962
  Data: [
    12.1268, 12.6105, 9.2555, 7.5601, 10.9786, 8.8473, 8.7720, 5.7372, 6.0322, 0.8404,
    1.3634, 8.4126, 2.3242, 14.8933, 5.7439, 10.4216, 3.3932, 11.5669, 9.9900, 20.8710,
    8.9555, 7.5970, 5.5724, 5.5597, 1.8900, 3.4893, 4.8438, 3.2297, 6.5978, 3.2350,
    3.2721, 9.0019, 5.1080, 21.5794,
  ]

#### sparse_weight_applied
  Points: 34
  Min: 48.6000, Max: 100.0000, Mean: 80.6617
  Data: [
    100.0000, 100.0000, 98.2000, 81.6667, 100.0000, 100.0000, 61.0000, 61.0000, 69.8571, 81.6667,
    98.2000, 98.2000, 98.2000, 75.3077, 98.2000, 75.3077, 100.0000, 69.8571, 81.6667, 61.0000,
    65.1333, 48.6000, 81.6667, 54.1111, 98.2000, 81.6667, 98.2000, 69.8571, 48.6000, 100.0000,
    100.0000, 61.0000, 61.0000, 65.1333,
  ]

#### unweighted_reward_loss
  Points: 34
  Min: 0.1835, Max: 1.8887, Mean: 0.3456
  Data: [
    1.8887, 0.5183, 0.4955, 0.4141, 0.4394, 0.4633, 0.3945, 0.4455, 0.3536, 0.4015,
    0.2718, 0.2775, 0.3360, 0.3089, 0.2287, 0.2061, 0.2549, 0.2739, 0.2034, 0.2502,
    0.2605, 0.2722, 0.2081, 0.2357, 0.2230, 0.2054, 0.1972, 0.2887, 0.2054, 0.2293,
    0.1835, 0.2980, 0.2563, 0.2601,
  ]

#### value_lambda_gap_abs_mean
  Points: 34
  Min: 0.2623, Max: 1.3010, Mean: 0.4220
  Data: [
    1.3010, 0.6916, 0.3831, 0.5002, 0.5186, 0.4353, 0.4165, 0.3998, 0.3951, 0.3609,
    0.4407, 0.4378, 0.4476, 0.4868, 0.3493, 0.3053, 0.5425, 0.3895, 0.3246, 0.5120,
    0.4318, 0.4071, 0.3431, 0.3965, 0.3686, 0.3225, 0.2756, 0.4200, 0.2896, 0.2744,
    0.3070, 0.2923, 0.2623, 0.3177,
  ]

#### value_lambda_gap_mean
  Points: 34
  Min: -1.3010, Max: 0.1201, Mean: -0.0365
  Data: [
    -1.3010, -0.3597, -0.1530, -0.0397, 0.0524, -0.0919, -0.0804, 0.0789, 0.0616, 0.0308,
    0.1201, 0.0089, 0.0164, 0.0423, 0.0218, 0.0091, -0.0506, -0.0450, -0.0279, 0.0689,
    0.0189, 0.0550, 0.0084, 0.0890, 0.0336, 0.0251, 0.0126, 0.0412, 0.0273, 0.0165,
    0.0382, 0.0183, -0.0056, 0.0173,
  ]

#### weighted_reward_loss
  Points: 34
  Min: 0.2225, Max: 2.1747, Mean: 0.4679
  Data: [
    2.1747, 0.6686, 0.5795, 0.6300, 0.4412, 0.6140, 0.5424, 0.4889, 0.4860, 0.4312,
    0.3844, 0.4539, 0.3727, 0.5331, 0.3178, 0.3719, 0.3220, 0.5881, 0.3089, 0.4748,
    0.4256, 0.3715, 0.3029, 0.3344, 0.3202, 0.2762, 0.3073, 0.3482, 0.2775, 0.2729,
    0.2225, 0.3988, 0.3216, 0.5439,
  ]


### AUX
#### goal_accuracy
  Points: 34
  Min: 0.9405, Max: 0.9889, Mean: 0.9663
  Data: [
    0.9597, 0.9556, 0.9748, 0.9637, 0.9516, 0.9829, 0.9748, 0.9456, 0.9415, 0.9647,
    0.9768, 0.9728, 0.9587, 0.9637, 0.9627, 0.9829, 0.9738, 0.9768, 0.9617, 0.9758,
    0.9556, 0.9405, 0.9617, 0.9667, 0.9647, 0.9677, 0.9889, 0.9546, 0.9738, 0.9728,
    0.9819, 0.9718, 0.9496, 0.9849,
  ]

#### goal_loss
  Points: 34
  Min: 0.0427, Max: 0.2161, Mean: 0.0885
  Data: [
    0.2161, 0.1208, 0.0539, 0.0812, 0.0899, 0.0553, 0.0673, 0.1348, 0.1327, 0.0801,
    0.0656, 0.0826, 0.0825, 0.0851, 0.0854, 0.0580, 0.0721, 0.0689, 0.0898, 0.0760,
    0.0938, 0.1557, 0.0996, 0.0903, 0.0995, 0.0787, 0.0427, 0.1086, 0.0667, 0.0747,
    0.0440, 0.0807, 0.1159, 0.0588,
  ]

#### goal_positive_rate
  Points: 34
  Min: 0.0010, Max: 0.1300, Mean: 0.0736
  Data: [
    0.0403, 0.0484, 0.0605, 0.0796, 0.0010, 0.0413, 0.1149, 0.0827, 0.0867, 0.0766,
    0.0635, 0.0726, 0.0534, 0.0786, 0.0585, 0.0786, 0.0423, 0.0796, 0.0716, 0.1099,
    0.0958, 0.1300, 0.0806, 0.1250, 0.0796, 0.0726, 0.0403, 0.0988, 0.1089, 0.0393,
    0.0202, 0.1058, 0.0897, 0.0746,
  ]

#### goal_pred_positive_rate
  Points: 34
  Min: 0.0000, Max: 0.1018, Mean: 0.0589
  Data: [
    0.0000, 0.0121, 0.0373, 0.0454, 0.0494, 0.0464, 0.0998, 0.0444, 0.0706, 0.0716,
    0.0645, 0.0554, 0.0504, 0.0605, 0.0575, 0.0675, 0.0343, 0.0685, 0.0494, 0.0877,
    0.0655, 0.0786, 0.0504, 0.1018, 0.0726, 0.0544, 0.0312, 0.0675, 0.0887, 0.0423,
    0.0262, 0.0958, 0.0736, 0.0817,
  ]

#### puck_goal_dist_actual_mean
  Points: 34
  Min: 2.7466, Max: 3.8072, Mean: 3.2066
  Data: [
    3.6097, 3.6473, 3.7268, 3.6379, 3.6182, 3.4974, 3.3800, 3.8072, 3.2957, 3.4362,
    3.1394, 2.9801, 3.2395, 3.1456, 3.0796, 2.7466, 3.0468, 3.2796, 2.8672, 2.9562,
    3.1907, 3.0784, 2.9197, 2.8000, 3.0971, 3.0060, 3.0026, 3.1258, 3.0323, 3.1648,
    3.1658, 3.2079, 3.1409, 2.9563,
  ]

#### puck_goal_dist_error
  Points: 34
  Min: 0.1098, Max: 1.0781, Mean: 0.1626
  Data: [
    1.0781, 0.1677, 0.1508, 0.1588, 0.1191, 0.1283, 0.1553, 0.1403, 0.1242, 0.1475,
    0.1272, 0.1484, 0.1461, 0.1402, 0.1432, 0.1442, 0.1246, 0.1417, 0.1563, 0.1315,
    0.1422, 0.1275, 0.1169, 0.1316, 0.1274, 0.1390, 0.1294, 0.1230, 0.1226, 0.1114,
    0.1261, 0.1181, 0.1315, 0.1098,
  ]

#### puck_goal_dist_loss
  Points: 34
  Min: 0.0233, Max: 2.1265, Mean: 0.0990
  Data: [
    2.1265, 0.0594, 0.0464, 0.0513, 0.0314, 0.0411, 0.0429, 0.0369, 0.0316, 0.0455,
    0.0396, 0.0440, 0.0394, 0.0424, 0.0452, 0.0407, 0.0308, 0.0391, 0.0455, 0.0354,
    0.0365, 0.0298, 0.0304, 0.0335, 0.0346, 0.0377, 0.0398, 0.0322, 0.0302, 0.0236,
    0.0361, 0.0299, 0.0334, 0.0233,
  ]

#### puck_goal_dist_pred_mean
  Points: 34
  Min: 2.7943, Max: 3.7828, Mean: 3.2039
  Data: [
    3.5548, 3.6119, 3.6796, 3.5819, 3.5890, 3.4884, 3.4488, 3.7828, 3.2853, 3.3873,
    3.1615, 2.9561, 3.1780, 3.1577, 3.1308, 2.7943, 3.0442, 3.2219, 2.9256, 2.9659,
    3.1277, 3.1260, 2.9190, 2.8018, 3.1070, 3.0647, 2.9903, 3.1260, 3.0718, 3.1613,
    3.1709, 3.2334, 3.1451, 2.9403,
  ]

#### shot_quality_actual_mean
  Points: 34
  Min: 0.0341, Max: 0.1344, Mean: 0.0913
  Data: [
    0.0585, 0.0561, 0.0341, 0.0697, 0.0523, 0.0761, 0.0782, 0.0445, 0.0822, 0.0735,
    0.0971, 0.1036, 0.0928, 0.0926, 0.1100, 0.1254, 0.1181, 0.0827, 0.1344, 0.1211,
    0.0788, 0.1134, 0.1106, 0.1048, 0.1064, 0.1135, 0.0993, 0.0801, 0.1059, 0.1038,
    0.0800, 0.0785, 0.1100, 0.1178,
  ]

#### shot_quality_loss
  Points: 34
  Min: 0.0005, Max: 0.0267, Mean: 0.0019
  Data: [
    0.0267, 0.0028, 0.0007, 0.0014, 0.0008, 0.0011, 0.0007, 0.0005, 0.0016, 0.0012,
    0.0008, 0.0014, 0.0010, 0.0014, 0.0014, 0.0016, 0.0015, 0.0008, 0.0012, 0.0013,
    0.0012, 0.0007, 0.0017, 0.0008, 0.0011, 0.0013, 0.0017, 0.0011, 0.0007, 0.0009,
    0.0007, 0.0008, 0.0018, 0.0007,
  ]

#### shot_quality_pred_mean
  Points: 34
  Min: 0.0326, Max: 0.1313, Mean: 0.0915
  Data: [
    0.0562, 0.0657, 0.0326, 0.0716, 0.0522, 0.0786, 0.0784, 0.0453, 0.0855, 0.0708,
    0.0966, 0.1031, 0.0921, 0.0916, 0.1091, 0.1268, 0.1180, 0.0825, 0.1313, 0.1228,
    0.0820, 0.1123, 0.1048, 0.1064, 0.1045, 0.1101, 0.0966, 0.0881, 0.1024, 0.1070,
    0.0806, 0.0788, 0.1107, 0.1154,
  ]

#### total_loss
  Points: 34
  Min: 0.0808, Max: 2.3693, Mean: 0.1894
  Data: [
    2.3693, 0.1829, 0.1009, 0.1339, 0.1221, 0.0974, 0.1108, 0.1723, 0.1659, 0.1268,
    0.1060, 0.1280, 0.1230, 0.1289, 0.1321, 0.1003, 0.1044, 0.1088, 0.1366, 0.1126,
    0.1315, 0.1863, 0.1316, 0.1246, 0.1353, 0.1176, 0.0842, 0.1419, 0.0976, 0.0992,
    0.0808, 0.1114, 0.1511, 0.0828,
  ]


### DIAGNOSTICS
#### advantage_contribution
  Points: 34
  Min: 0.0861, Max: 17.2522, Mean: 0.6318
  Data: [
    17.2522, 0.0905, 0.0861, 0.1142, 0.1168, 0.1122, 0.1298, 0.1376, 0.1154, 0.1202,
    0.1662, 0.1414, 0.1533, 0.1543, 0.1133, 0.0893, 0.1554, 0.1112, 0.1032, 0.1713,
    0.1566, 0.1307, 0.1243, 0.1424, 0.1449, 0.1308, 0.1084, 0.1633, 0.1153, 0.1163,
    0.1257, 0.1236, 0.1267, 0.1397,
  ]

#### entropy_advantage_ratio
  Points: 34
  Min: 0.0001, Max: 0.0128, Mean: 0.0075
  Data: [
    0.0001, 0.0125, 0.0128, 0.0109, 0.0100, 0.0085, 0.0070, 0.0063, 0.0081, 0.0065,
    0.0062, 0.0071, 0.0059, 0.0056, 0.0087, 0.0123, 0.0059, 0.0089, 0.0100, 0.0056,
    0.0055, 0.0066, 0.0073, 0.0064, 0.0067, 0.0070, 0.0083, 0.0053, 0.0078, 0.0075,
    0.0076, 0.0073, 0.0073, 0.0059,
  ]

#### entropy_contribution
  Points: 34
  Min: 0.0008, Max: 0.0016, Mean: 0.0010
  Data: [
    0.0016, 0.0011, 0.0011, 0.0012, 0.0012, 0.0009, 0.0009, 0.0009, 0.0009, 0.0008,
    0.0010, 0.0010, 0.0009, 0.0009, 0.0010, 0.0011, 0.0009, 0.0010, 0.0010, 0.0010,
    0.0009, 0.0009, 0.0009, 0.0009, 0.0010, 0.0009, 0.0009, 0.0009, 0.0009, 0.0009,
    0.0010, 0.0009, 0.0009, 0.0008,
  ]

#### return_range_S
  Points: 34
  Min: 0.2011, Max: 12.3839, Mean: 4.3007
  Data: [
    0.2011, 12.3839, 6.5472, 6.5173, 6.6831, 5.2462, 4.5137, 4.3089, 4.7149, 4.1157,
    3.7589, 4.4933, 3.8580, 4.2723, 4.1641, 4.6283, 4.6182, 4.6108, 4.1654, 4.2701,
    3.6465, 4.0321, 3.5961, 3.8810, 3.5052, 3.3730, 3.4655, 3.5565, 3.3906, 3.2364,
    3.3340, 3.1881, 2.9184, 3.0288,
  ]

#### return_range_at_floor
  Points: 34
  Min: 0.0000, Max: 1.0000, Mean: 0.0294
  Data: [
    1.0000, 0.0000, 0.0000, 0.0000, 0.0000, 0.0000, 0.0000, 0.0000, 0.0000, 0.0000,
    0.0000, 0.0000, 0.0000, 0.0000, 0.0000, 0.0000, 0.0000, 0.0000, 0.0000, 0.0000,
    0.0000, 0.0000, 0.0000, 0.0000, 0.0000, 0.0000, 0.0000, 0.0000, 0.0000, 0.0000,
    0.0000, 0.0000, 0.0000, 0.0000,
  ]

